0.0928,-0.1652,-0.10919999999999999,336.2652,43.4692,-44.826
0.04,-0.17,-0.09,176.43,122.17,-88.29
0.016,-0.0932,-0.09,150.7356,107.8852,-70.90440000000001
-0.007999999999999998,-0.016400000000000005,-0.09,125.0412,93.6004,-53.5188
-0.032,-0.01,-0.0504,61.273600000000016,90.93599999999999,-29.964400000000005
-0.055999999999999994,-0.01,-0.007200000000000006,-5.955199999999991,89.328,-5.849200000000004
-0.064,-0.013999999999999999,0.003999999999999999,-14.404,53.67200000000001,10.197999999999997
-0.0688,-0.0188,0.008799999999999999,-11.0968,11.20640000000001,24.631599999999995
-0.037600000000000064,-0.0811999999999999,-0.004399999999999977,-59.08959999999993,2.1019999999999976,13.99120000000002
0.005599999999999985,-0.16279999999999997,-0.023599999999999993,-124.18239999999997,4.117999999999999,-5.007199999999995
0.0008000000000000368,-0.21879999999999994,-0.010800000000000039,-140.51680000000002,9.43319999999999,-4.645600000000014
-0.02799999999999999,-0.262,0.017999999999999988,-132.472,16.397999999999996,5.395999999999996
-0.028799999999999992,-0.266,0.03,-111.34559999999999,20.7532,12.875600000000004
-0.00960000000000001,-0.24200000000000002,0.03,-80.87520000000002,23.2444,18.525199999999998
0.004799999999999987,-0.22760000000000002,0.027600000000000006,-49.908000000000044,28.33719999999999,22.0508
0.014399999999999996,-0.2228,0.0228,-18.444000000000017,36.0316,23.4524
0.014000000000000021,-0.21600000000000003,0.014000000000000021,7.311999999999973,39.68000000000001,23.258000000000003
-0.0003999999999999924,-0.20640000000000003,-0.0003999999999999924,25.07679999999999,37.664,20.8292
-0.011599999999999984,-0.19360000000000008,-0.013199999999999969,38.655999999999985,34.660800000000016,18.038800000000013
-0.016399999999999988,-0.17440000000000005,-0.022799999999999977,43.86399999999999,29.683200000000014,14.525200000000009
-0.024799999999999975,-0.15520000000000003,-0.027600000000000013,47.9536,23.550000000000015,11.648800000000001
-0.043999999999999984,-0.136,-0.018000000000000006,48.688,13.950000000000006,10.684000000000001
-0.059199999999999996,-0.11839999999999999,-0.0092,47.768,4.374799999999999,9.612
-0.0544,-0.1088,-0.004399999999999995,38.575999999999986,-5.07640000000001,8.004
-0.04920000000000002,-0.10039999999999999,-0.00039999999999999064,29.16960000000002,-14.22319999999999,6.317600000000005
-0.03960000000000001,-0.1052,-0.005199999999999995,17.40480000000001,-20.021599999999996,3.7688000000000024
-0.03,-0.11,-0.01,5.64,-25.82,1.22
-0.01560000000000004,-0.11479999999999999,-0.01,-9.902399999999957,-25.82,-1.674399999999992
-0.0012000000000000277,-0.11959999999999998,-0.01,-25.44479999999997,-25.82,-4.568799999999994
0.00879999999999999,-0.12,0.0031999999999999876,-33.392799999999994,-20.478400000000008,-4.114800000000001
0.018399999999999965,-0.12,0.017599999999999946,-40.65039999999997,-14.651200000000022,-3.356400000000003
0.03199999999999996,-0.13999999999999993,0.03199999999999996,-40.736000000000004,-11.972000000000005,-1.9860000000000042
0.04639999999999997,-0.16399999999999995,0.04639999999999997,-39.3872,-9.922400000000005,-0.4932000000000031
0.060799999999999986,-0.1772,0.03560000000000002,-32.81840000000001,-6.537200000000005,-0.9767999999999988
0.07519999999999989,-0.18679999999999994,0.016400000000000147,-24.509600000000063,-2.7068000000000296,-2.1191999999999913
0.08319999999999997,-0.18360000000000007,0.0004000000000000982,-20.549600000000012,4.931599999999936,-2.1864000000000035
0.08799999999999997,-0.17400000000000007,-0.013999999999999915,-18.76400000000001,14.473999999999943,-1.7160000000000029
0.07600000000000012,-0.1588000000000001,-0.02,-20.853599999999975,15.120800000000028,-0.1872000000000109
0.0520000000000001,-0.13960000000000009,-0.02,-25.71119999999998,9.413600000000024,2.097599999999991
0.04,-0.12760000000000002,-0.012800000000000046,-32.98319999999997,2.799200000000024,5.068799999999988
0.04,-0.1228,0.001599999999999966,-42.669599999999974,-4.722399999999982,8.726399999999991
0.041999999999999996,-0.12599999999999997,0.013999999999999988,-50.75999999999999,-9.573999999999998,11.749999999999996
0.0468,-0.1404,0.023599999999999996,-56.616,-10.6876,13.886
0.046799999999999994,-0.15159999999999998,0.026799999999999997,-62.10080000000001,-10.034799999999997,17.0956
0.03719999999999999,-0.1564,0.017199999999999986,-66.84320000000001,-5.849199999999994,22.452400000000004
0.03,-0.1588,0.01120000000000001,-72.26600000000002,-2.072799999999995,27.420400000000008
0.03,-0.15399999999999997,0.016000000000000014,-79.73000000000003,0.47600000000000753,31.222000000000012
0.03159999999999996,-0.14840000000000003,0.02,-88.04679999999996,2.7263999999999973,34.4732
0.04119999999999997,-0.13880000000000003,0.02,-100.62759999999997,3.484799999999998,34.9724
0.048800000000000024,-0.12880000000000003,0.02039999999999999,-113.29919999999997,4.3875999999999955,35.3448
0.034400000000000014,-0.11440000000000002,0.025199999999999993,-126.96959999999999,6.878799999999997,34.3224
0.02,-0.1,0.03,-140.64,9.37,33.3
0.005599999999999987,-0.1048,0.034800000000000005,-152.376,8.227599999999999,32.008799999999994
-0.008799999999999919,-0.10959999999999998,0.039599999999999975,-164.11199999999994,7.085200000000007,30.717600000000008
-0.03640000000000008,-0.11440000000000002,0.044400000000000016,-172.03760000000003,4.279599999999992,28.088799999999992
-0.0651999999999999,-0.11919999999999997,0.04919999999999999,-179.61679999999996,1.3228000000000113,25.33840000000001
-0.09400000000000014,-0.10399999999999991,0.04599999999999998,-190.24800000000005,6.146000000000028,26.320000000000007
-0.12279999999999995,-0.08480000000000004,0.041200000000000014,-201.4896,12.525199999999986,28.048
-0.16239999999999996,-0.07640000000000001,0.04719999999999999,-215.84519999999998,14.8004,31.575999999999993
-0.20559999999999967,-0.07160000000000004,0.05679999999999993,-231.23879999999988,15.707599999999994,35.703999999999965
-0.2232,-0.060399999999999995,0.050399999999999986,-250.20360000000002,21.98120000000001,41.918400000000005
-0.22799999999999998,-0.04600000000000009,0.03600000000000009,-270.9539999999999,30.93799999999995,49.17599999999996
-0.24680000000000007,-0.04840000000000004,0.03280000000000001,-289.4700000000001,40.08240000000002,53.275200000000005
-0.27559999999999985,-0.06279999999999994,0.03759999999999998,-306.38999999999993,49.36079999999996,55.118399999999994
-0.28519999999999995,-0.07480000000000005,0.03519999999999996,-324.4644000000001,62.51760000000007,54.95759999999999
-0.2756,-0.08439999999999998,0.025600000000000022,-343.6932,79.55279999999996,52.79280000000001
-0.27800000000000014,-0.09600000000000009,0.028000000000000115,-354.982,92.27000000000004,49.821999999999974
-0.2971999999999997,-0.11039999999999978,0.0471999999999997,-355.15479999999997,98.9419999999999,45.72280000000006
-0.3004000000000002,-0.11680000000000007,0.06319999999999992,-353.09560000000005,104.98999999999997,43.1372
-0.2716000000000004,-0.10720000000000013,0.07279999999999986,-346.5724000000001,109.78999999999994,43.578799999999994
-0.25,-0.10479999999999991,0.08119999999999998,-338.20360000000005,117.67039999999992,42.76040000000002
-0.25,-0.12399999999999978,0.08599999999999994,-324.2980000000002,134.7919999999998,38.16200000000005
-0.2516,-0.14319999999999994,0.08600000000000008,-312.0908,153.06479999999993,33.28120000000002
-0.26119999999999993,-0.16239999999999982,0.062000000000000235,-308.3756,177.09359999999975,26.988400000000063
-0.2708,-0.17760000000000004,0.04119999999999997,-304.992,199.976,20.71280000000001
-0.2803999999999999,-0.14880000000000024,0.055599999999999886,-305.25600000000003,210.24799999999993,14.62640000000005
-0.29,-0.12,0.07,-305.52,220.52,8.54
-0.24680000000000027,-0.12,0.07,-313.65599999999995,230.03359999999995,-7.031199999999899
-0.20359999999999992,-0.12,0.07,-321.79200000000003,239.54720000000003,-22.602400000000028
-0.1824000000000001,-0.12879999999999997,0.09639999999999987,-329.65959999999995,259.79239999999993,-38.76319999999993
-0.16319999999999993,-0.13840000000000005,0.12520000000000012,-337.50280000000004,281.0132000000001,-54.97760000000006
-0.16799999999999998,-0.15199999999999997,0.14199999999999996,-333.762,300.98999999999995,-67.97199999999997
-0.1775999999999999,-0.16639999999999988,0.15639999999999987,-327.7044000000001,320.7179999999998,-80.32239999999987
-0.20159999999999995,-0.18439999999999998,0.17799999999999996,-320.5704,336.71279999999996,-92.69439999999999
-0.23039999999999977,-0.20359999999999984,0.20199999999999982,-313.0776,351.46319999999986,-105.07359999999991
-0.2432,-0.21,0.2228,-304.0616,373.99920000000003,-111.27040000000001
-0.24799999999999997,-0.21,0.24199999999999988,-294.28400000000005,400.4279999999998,-114.37599999999998
-0.2584,-0.19879999999999995,0.2528,-286.64279999999997,425.08160000000004,-110.58239999999998
-0.2728,-0.1796000000000001,0.2576,-280.52760000000006,448.46719999999993,-101.86080000000004
-0.2703999999999999,-0.16039999999999993,0.26,-280.90920000000006,469.4672000000001,-95.08559999999999
-0.25120000000000003,-0.14120000000000005,0.26,-287.7876,488.0816,-90.25680000000001
-0.2480000000000001,-0.12599999999999995,0.26600000000000007,-296.08000000000004,508.0380000000001,-90.31800000000004
-0.2672,-0.1164,0.2804,-306.352,529.8732,-97.2252
-0.28319999999999995,-0.10840000000000004,0.29159999999999997,-316.9855999999999,546.3899999999999,-102.99959999999997
-0.2927999999999999,-0.10360000000000007,0.29639999999999994,-328.3423999999998,552.2699999999999,-106.50839999999995
-0.2916000000000002,-0.09880000000000003,0.3047999999999999,-340.3723999999999,558.5532,-110.23079999999997
-0.2580000000000004,-0.09400000000000006,0.3239999999999998,-354.42199999999985,566.0459999999998,-114.59399999999995
-0.22520000000000012,-0.09239999999999994,0.34479999999999994,-366.90999999999997,575.0899999999999,-119.22519999999999
-0.1964000000000003,-0.10679999999999985,0.3735999999999997,-371.59,591.8899999999998,-125.19639999999994
-0.17159999999999997,-0.12199999999999996,0.40040000000000003,-375.7532,608.8851999999999,-131.15279999999998
-0.19079999999999983,-0.1459999999999998,0.40519999999999995,-374.2316,628.0275999999998,-136.94639999999995
-0.21,-0.17,0.41,-372.71,647.17,-142.74
-0.24839999999999973,-0.19399999999999984,0.43399999999999983,-363.31640000000004,657.4707999999999,-139.49040000000002
-0.28680000000000005,-0.21800000000000005,0.4580000000000001,-353.9228,667.7716,-136.2408
-0.2724000000000001,-0.24199999999999988,0.5127999999999997,-333.6348000000001,658.4924000000001,-128.99600000000004
-0.2532000000000002,-0.26599999999999974,0.5703999999999994,-312.35640000000024,647.4332000000002,-121.38800000000009
-0.2180000000000001,-0.266,0.6079999999999999,-290.6380000000001,647.15,-122.87599999999999
-0.17959999999999982,-0.2612,0.6416000000000002,-268.83159999999987,649.022,-126.18320000000003
-0.17,-0.23480000000000054,0.65,-250.23280000000028,669.2467999999996,-130.39039999999994
-0.17,-0.20120000000000027,0.65,-232.70320000000015,695.5891999999998,-134.89759999999998
-0.19560000000000002,-0.16759999999999997,0.6532,-229.2024,717.0708,-130.8192
-0.23400000000000035,-0.1339999999999997,0.658,-232.71600000000004,736.1220000000001,-122.44799999999992
-0.26679999999999965,-0.11160000000000017,0.66,-252.7215999999996,745.4767999999999,-116.29720000000006
-0.29559999999999986,-0.09720000000000005,0.66,-284.50719999999984,747.9055999999999,-111.73240000000001
-0.31,-0.10920000000000016,0.6672,-317.18560000000014,747.3344,-112.74280000000003
-0.31,-0.14759999999999993,0.6816,-350.7567999999999,743.7632,-119.32839999999999
-0.3159999999999999,-0.18399999999999972,0.6979999999999997,-375.72999999999985,738.912,-121.52400000000003
-0.3303999999999998,-0.2175999999999995,0.7171999999999997,-388.6659999999998,732.2688,-117.57360000000006
-0.3463999999999999,-0.2527999999999997,0.7363999999999998,-397.6804,730.5136,-111.54480000000007
-0.36560000000000004,-0.29120000000000007,0.7556,-398.8516,738.5344,-101.35919999999999
-0.391999999999999,-0.32839999999999936,0.77,-395.75680000000034,748.4055999999996,-90.52920000000026
-0.4399999999999994,-0.3619999999999996,0.77,-379.8640000000002,763.8279999999997,-77.76600000000015
-0.48079999999999995,-0.3939999999999999,0.7747999999999999,-361.6880000000001,776.0752,-64.70040000000004
-0.48560000000000003,-0.41800000000000015,0.8036000000000001,-332.0959999999999,772.4463999999999,-50.12279999999993
-0.4872000000000005,-0.43880000000000025,0.8327999999999994,-302.84800000000047,768.8860000000001,-36.90159999999997
-0.4536000000000003,-0.4244000000000001,0.8663999999999997,-277.38400000000024,766.078,-38.600799999999985
-0.42,-0.41,0.9,-251.92,763.27,-40.3
-0.4296000000000001,-0.4003999999999999,0.9240000000000002,-233.04159999999985,769.5916000000001,-35.792799999999964
-0.43919999999999987,-0.39080000000000015,0.9479999999999996,-214.16320000000024,775.9132,-31.28560000000006
-0.48399999999999976,-0.37240000000000006,0.9412,-217.57959999999997,784.9452,-10.414800000000104
-0.5319999999999995,-0.3532000000000002,0.9316000000000001,-223.02279999999993,794.2235999999999,11.943599999999748
-0.572,-0.35,0.95,-234.76199999999997,797.038,28.209999999999958
-0.6104000000000002,-0.35,0.9740000000000001,-247.76040000000006,798.5596,43.25800000000008
-0.6451999999999989,-0.3571999999999997,1.0087999999999988,-255.5747999999998,797.4460000000001,46.24960000000004
-0.6788000000000002,-0.36680000000000007,1.0472000000000004,-261.66120000000006,795.454,45.22239999999999
-0.7027999999999996,-0.3731999999999999,1.0695999999999999,-268.6051999999999,792.0988,47.16479999999996
-0.7219999999999999,-0.37799999999999995,1.084,-275.97799999999995,788.062,50.591999999999985
-0.73,-0.37720000000000015,1.1011999999999995,-280.26239999999996,788.2755999999999,57.14119999999976
-0.73,-0.37240000000000006,1.1203999999999996,-282.34079999999994,791.5251999999999,65.92039999999983
-0.7252000000000001,-0.3747999999999999,1.1395999999999997,-289.5719999999999,793.1356,72.27079999999997
-0.7156,-0.38439999999999996,1.1587999999999998,-301.95599999999996,793.1068,76.19239999999999
-0.727999999999999,-0.39,1.1739999999999997,-309.72799999999995,791.1020000000001,81.9319999999998
-0.7711999999999993,-0.39,1.1835999999999998,-311.0432,786.3308000000001,90.21679999999986
-0.8127999999999997,-0.4027999999999997,1.2043999999999997,-313.80319999999995,774.7596000000002,98.75439999999993
-0.8512000000000001,-0.44120000000000004,1.2476,-319.4528,749.5884,107.7976
-0.8740000000000004,-0.4771999999999994,1.2835999999999999,-321.2684000000002,728.1780000000002,115.12839999999996
-0.8500000000000003,-0.5059999999999997,1.2979999999999998,-311.5820000000001,718.0500000000002,117.32199999999997
-0.8363999999999998,-0.5331999999999999,1.31,-300.14360000000005,709.6196,119.4964
-0.8748000000000001,-0.5524000000000001,1.31,-279.9451999999999,709.6772,121.57480000000001
-0.9123999999999995,-0.5719999999999995,1.3131999999999995,-260.18880000000024,707.8860000000004,123.88239999999992
-0.9411999999999998,-0.5959999999999998,1.3515999999999997,-245.29440000000014,685.7580000000002,128.71119999999996
-0.97,-0.62,1.39,-230.4,663.63,133.54
-0.97,-0.6440000000000002,1.4140000000000001,-211.55039999999985,639.1067999999998,122.73999999999991
-0.97,-0.6679999999999997,1.4379999999999997,-192.70080000000024,614.5836000000003,111.94000000000014
-0.9963999999999998,-0.6524000000000001,1.3916000000000002,-173.45080000000007,624.3452,115.76119999999997
-1.0252000000000001,-0.6332,1.3387999999999998,-154.16439999999992,637.2236,120.91160000000002
-1.0780000000000007,-0.5939999999999995,1.3500000000000003,-167.31400000000022,632.5379999999999,124.69800000000004
-1.1355999999999993,-0.5508000000000004,1.3739999999999997,-186.95079999999982,624.3396,128.21159999999998
-1.1356,-0.5184000000000001,1.398,-214.75599999999997,599.5272,119.36640000000001
-1.1163999999999998,-0.4895999999999998,1.4220000000000002,-245.28400000000022,569.1767999999997,106.4015999999999
-1.1004000000000003,-0.4831999999999999,1.4268,-291.86959999999925,551.7448000000002,99.71840000000005
-1.086,-0.48799999999999993,1.422,-346.4839999999997,540.772,96.17600000000002
-1.1191999999999982,-0.5347999999999979,1.4311999999999994,-398.9983999999986,522.3680000000007,93.06200000000008
-1.1863999999999988,-0.6115999999999986,1.4503999999999997,-450.012799999999,498.65600000000046,90.25400000000005
-1.2391999999999996,-0.6859999999999993,1.4480000000000002,-488.5135999999997,493.6351999999998,98.15719999999979
-1.2775999999999998,-0.7579999999999999,1.424,-514.5007999999999,507.30559999999997,116.77159999999995
-1.3019999999999998,-0.8299999999999983,1.4159999999999995,-526.4040000000001,516.4259999999999,130.9099999999998
-1.3068,-0.9019999999999989,1.4303999999999997,-518.5896000000001,519.1764,138.78199999999987
-1.3243999999999998,-0.9547999999999999,1.44,-499.50800000000027,520.4644,147.20119999999994
-1.3676,-0.9692,1.44,-457.89199999999994,518.8276,156.7148
-1.4059999999999995,-0.9752000000000004,1.4364000000000003,-421.41080000000045,510.5824000000006,164.47159999999994
-1.4299999999999997,-0.9560000000000002,1.4220000000000002,-400.33400000000023,482.51200000000034,166.95799999999997
-1.4547999999999999,-0.9439999999999998,1.4116,-380.3804,452.9832000000001,169.4252
-1.4836,-0.9680000000000001,1.4212,-366.0427999999999,416.1623999999998,171.7964
-1.505200000000001,-0.9979999999999984,1.4323999999999995,-350.1460000000005,381.7468000000002,173.5164000000001
-1.4476000000000004,-1.0939999999999992,1.4611999999999998,-317.0980000000003,373.7884000000001,168.07320000000004
-1.39,-1.19,1.49,-284.05,365.83,162.63
-1.3563999999999996,-1.19,1.5236000000000003,-209.9139999999994,366.502,159.67319999999998
-1.3228000000000004,-1.19,1.5571999999999997,-135.77800000000096,367.17400000000004,156.71640000000005
-1.3419999999999999,-1.1592000000000002,1.5951999999999997,-75.29960000000028,354.99800000000005,139.67520000000007
-1.366,-1.1256,1.6336,-16.06279999999979,341.65399999999994,121.35359999999993
-1.4540000000000013,-1.1360000000000003,1.6920000000000006,7.1260000000001895,302.01399999999944,98.90799999999972
-1.554799999999999,-1.1551999999999998,1.7543999999999995,23.10519999999985,257.1148000000004,75.63760000000022
-1.5764,-1.1312,1.8203999999999998,17.927200000000017,229.18600000000004,84.81399999999996
-1.5716,-1.0928000000000009,1.8875999999999984,5.696800000000275,206.9140000000005,104.80599999999954
-1.5444000000000007,-1.1055999999999995,1.8940000000000003,-19.631199999999545,201.28519999999997,99.15640000000026
-1.5060000000000002,-1.1439999999999997,1.87,-51.50799999999982,203.97799999999998,80.6860000000001
-1.4872,-1.2103999999999977,1.8488000000000007,-85.39519999999905,200.54160000000022,57.79440000000071
-1.4824000000000002,-1.2967999999999984,1.8296000000000003,-120.71839999999932,192.72720000000015,31.74480000000049
-1.5087999999999995,-1.3496,1.8056000000000003,-133.2584000000001,182.26320000000013,17.31600000000003
-1.5664,-1.3687999999999998,1.7768000000000002,-123.01520000000002,169.14960000000002,14.508000000000006
-1.6139999999999992,-1.3680000000000005,1.7560000000000002,-118.38199999999993,154.79200000000037,11.834000000000058
-1.6475999999999995,-1.3392000000000004,1.7464000000000002,-121.60279999999995,138.69280000000023,9.347600000000039
-1.6779999999999997,-1.3296,1.7416,-124.18839999999999,109.56960000000039,2.811600000000105
-1.702,-1.3584,1.7464,-125.50359999999999,54.39839999999994,-11.823600000000017
-1.743999999999998,-1.38,1.7607999999999993,-122.02000000000035,8.571600000000355,-18.38760000000036
-1.8399999999999987,-1.38,1.8039999999999996,-104.14000000000021,-9.22199999999979,-0.7380000000002092
-1.9048000000000003,-1.3776,1.8519999999999999,-83.59600000000012,-28.366799999999905,12.15000000000004
-1.8135999999999994,-1.3632,1.9240000000000004,-49.73199999999984,-54.26760000000013,1.229999999999949
-1.724800000000001,-1.3436000000000012,1.9860000000000009,-16.726400000000396,-74.64440000000067,-8.570000000000041
-1.6624000000000005,-1.2668000000000006,1.9380000000000004,6.836799999999801,-34.25720000000033,-6.05000000000002
-1.6,-1.19,1.89,30.4,6.13,-3.53
-1.6576000000000004,-1.2044000000000001,1.8275999999999994,43.1584000000001,28.258000000000184,-16.322000000000106
-1.7151999999999992,-1.2187999999999999,1.7652000000000008,55.91679999999983,50.38599999999971,-29.113999999999834
-1.7683999999999997,-1.2683999999999997,1.7644,80.32199999999987,9.27720000000022,-49.4431999999999
-1.8212000000000002,-1.3212000000000002,1.7692,105.78600000000009,-37.58040000000017,-70.45760000000007
-1.8139999999999998,-1.3099999999999998,1.7940000000000005,135.59000000000037,-77.63400000000046,-62.93599999999984
-1.7948000000000002,-1.2860000000000003,1.8227999999999998,166.26199999999972,-116.32679999999964,-49.70720000000012
-1.7684,-1.2296,1.8479999999999999,166.99280000000002,-130.2156,-45.608000000000004
-1.7396000000000007,-1.1624000000000014,1.8719999999999994,157.7432000000002,-135.83639999999988,-44.55200000000003
-1.7076000000000005,-1.1431999999999998,1.8672000000000002,148.5736000000001,-151.0955999999997,-53.7807999999998
-1.6740000000000002,-1.148,1.848,139.44400000000005,-171.17399999999986,-68.15199999999992
-1.6320000000000012,-1.127600000000001,1.8316000000000006,126.40280000000043,-178.89040000000003,-73.85160000000002
-1.5839999999999994,-1.0891999999999997,1.8172,110.56759999999983,-177.77679999999998,-73.35719999999999
-1.5432000000000003,-1.0580000000000003,1.7980000000000003,90.25640000000027,-169.53760000000017,-77.82119999999989
-1.5096000000000012,-1.0340000000000007,1.7740000000000007,65.4692000000008,-154.1728000000005,-87.2435999999997
-1.4980000000000002,-1.026,1.7439999999999998,45.069999999999915,-144.746,-93.68
-1.5171999999999997,-1.0403999999999998,1.7056000000000004,30.81400000000022,-143.63240000000002,-95.93599999999996
-1.5427999999999986,-1.0563999999999993,1.6656000000000015,24.041199999999698,-148.1187999999994,-97.58559999999999
-1.5812000000000002,-1.0756000000000001,1.6224,32.23480000000001,-163.8052,-98.02239999999999
-1.6076000000000004,-1.0888000000000002,1.5876000000000003,45.47799999999943,-181.7391999999995,-96.86440000000012
-1.5979999999999999,-1.084,1.5779999999999998,73.8700000000005,-206.41600000000042,-90.9219999999999
-1.5812000000000002,-1.0824,1.5708,101.25159999999993,-231.3599999999999,-88.03319999999995
-1.5284000000000013,-1.0967999999999998,1.5756,123.58119999999946,-257.63999999999936,-100.41239999999969
-1.4808000000000001,-1.1071999999999997,1.5824000000000005,145.40160000000023,-283.0032000000002,-111.37239999999994
-1.4904,-1.0736000000000003,1.6111999999999997,161.62079999999986,-298.2815999999999,-106.72120000000004
-1.4999999999999998,-1.040000000000001,1.639999999999999,177.83999999999952,-313.55999999999955,-102.07000000000014
-1.4904,-0.9583999999999994,1.6303999999999998,174.38399999999996,-291.0815999999998,-93.46359999999993
-1.4808000000000001,-0.876800000000001,1.6208000000000002,170.92800000000003,-268.6032000000003,-84.8572000000001
-1.4975999999999998,-0.8480000000000001,1.6112000000000002,164.20280000000002,-270.8352,-105.98159999999989
-1.5168000000000001,-0.8239999999999998,1.6016000000000001,157.18039999999996,-275.3136,-129.80880000000008
-1.4960000000000004,-0.8439999999999994,1.5680000000000007,150.1780000000001,-295.61999999999955,-151.85199999999963
-1.4672000000000003,-0.8727999999999997,1.5296000000000003,143.17960000000008,-319.09199999999976,-173.5383999999998
-1.4240000000000015,-0.8548000000000011,1.5092000000000005,150.80439999999962,-325.57559999999995,-166.60120000000052
-1.3760000000000012,-0.8212000000000008,1.4948000000000004,163.30359999999973,-326.39639999999997,-150.12280000000038
-1.3440000000000005,-0.7972000000000004,1.4868000000000001,169.51799999999994,-311.0988000000003,-137.54840000000016
-1.320000000000001,-0.7780000000000007,1.4820000000000002,172.5899999999999,-287.7420000000008,-126.92600000000037
-1.324,-0.7952000000000001,1.4687999999999999,177.4036,-277.0552,-126.57960000000001
-1.3479999999999996,-0.8383999999999991,1.4496000000000002,183.4611999999999,-275.4184,-133.57319999999987
-1.371999999999999,-0.8791999999999984,1.4495999999999991,198.59319999999903,-288.4575999999989,-142.63079999999954
-1.396,-0.9175999999999999,1.4687999999999999,222.79959999999994,-316.17279999999994,-153.75239999999997
-1.390000000000001,-0.9260000000000007,1.4760000000000002,248.80999999999932,-339.1079999999996,-158.3020000000001
-1.3419999999999994,-0.8923999999999995,1.4664,277.3460000000004,-355.35120000000023,-153.65079999999995
-1.2956000000000003,-0.8332000000000008,1.4631999999999998,299.83399999999995,-362.8344000000001,-144.95000000000013
-1.2524000000000013,-0.7228000000000031,1.4727999999999997,310.2259999999997,-352.7976000000003,-128.1500000000005
-1.2127999999999997,-0.6231999999999994,1.4764,308.5807999999996,-341.8595999999999,-115.18399999999998
-1.1840000000000004,-0.5560000000000008,1.4620000000000002,270.82400000000047,-328.2180000000002,-113.72000000000001
-1.1671999999999985,-0.5,1.4531999999999994,230.36480000000182,-318.9139999999996,-113.31919999999984
-1.2104000000000001,-0.5,1.4724000000000002,176.39359999999976,-331.29800000000006,-118.23440000000002
-1.2492,-0.505199999999999,1.4896,124.39800000000051,-345.1107999999995,-124.13999999999972
-1.2395999999999998,-0.5676000000000013,1.4848,94.13399999999936,-374.6404000000006,-140.94000000000037
-1.23,-0.63,1.48,63.87,-404.17,-157.74
-1.1916000000000007,-0.6539999999999995,1.4512000000000005,63.87,-420.29799999999966,-158.46959999999999
-1.1531999999999993,-0.6780000000000005,1.4223999999999994,63.87,-436.4260000000003,-159.1992
-1.1016000000000001,-0.68,1.3936000000000002,68.43279999999997,-439.354,-156.41760000000002
-1.0488000000000015,-0.68,1.364800000000001,73.41039999999987,-441.08199999999994,-153.3168000000001
-1.036,-0.6280000000000011,1.3719999999999997,72.99600000000002,-434.66200000000015,-144.14000000000019
-1.0312000000000001,-0.5656000000000007,1.3863999999999999,71.5032,-426.6124000000001,-133.7480000000001
-1.0444,-0.5248,1.3684,63.732000000000006,-430.198,-127.39880000000001
-1.0635999999999997,-0.49120000000000075,1.3396000000000008,53.86800000000022,-437.6619999999998,-122.39720000000011
-1.0668000000000002,-0.5151999999999992,1.3076000000000005,51.751199999999976,-458.8219999999996,-118.09640000000006
-1.062,-0.5679999999999996,1.2740000000000002,53.50799999999999,-486.8299999999998,-114.14600000000003
-1.0376000000000012,-0.654399999999997,1.26,60.46999999999971,-521.683999999999,-119.70439999999967
-0.9991999999999996,-0.7648000000000011,1.26,71.1500000000001,-561.4280000000003,-132.0548000000001
-0.9632000000000004,-0.82,1.2504000000000002,102.86119999999943,-579.3392,-141.22999999999993
-0.9296000000000011,-0.82,1.2312000000000005,155.60359999999832,-575.4176000000001,-147.2299999999998
-0.9239999999999993,-0.7800000000000022,1.2180000000000002,212.16399999999854,-566.0940000000004,-143.7420000000004
-0.9576000000000005,-0.6839999999999986,1.2131999999999998,274.06960000000083,-549.2075999999998,-126.97079999999977
-0.9879999999999998,-0.6024000000000004,1.2084,318.4903999999999,-542.75,-111.5068000000001
-1.0119999999999993,-0.5496000000000015,1.2036,327.9415999999997,-557.1499999999996,-98.65720000000036
-1.0227999999999997,-0.5148000000000001,1.2012,328.92799999999977,-577.0964000000004,-89.3644
-0.9940000000000003,-0.5339999999999998,1.206,304.52000000000027,-613.6819999999996,-90.74199999999998
-0.9540000000000032,-0.5484000000000003,1.21,282.59920000000034,-645.2091999999998,-92.10439999999996
-0.8580000000000052,-0.5388000000000006,1.21,273.1144000000005,-651.4443999999996,-93.39079999999993
-0.7684000000000003,-0.5232000000000014,1.2072000000000005,265.8663999999997,-654.7868000000004,-94.19920000000006
-0.7492000000000008,-0.4416000000000031,1.1736000000000013,283.22319999999934,-626.308400000001,-89.74960000000016
-0.7300000000000011,-0.3600000000000048,1.140000000000002,300.57999999999896,-597.8300000000017,-85.30000000000027
-0.7779999999999989,-0.3024000000000012,1.1112000000000006,287.5240000000003,-574.2668000000006,-67.06480000000039
-0.825999999999998,-0.24480000000000246,1.0824000000000014,274.46800000000053,-550.703600000001,-48.82960000000078
-0.8124000000000001,-0.25759999999999994,1.0844,246.50040000000013,-579.0867999999998,-45.27280000000001
-0.7932000000000006,-0.27679999999999955,1.0892,217.17720000000077,-612.1923999999992,-43.05040000000006
-0.7180000000000041,-0.3519999999999959,1.0820000000000005,196.75400000000087,-643.9299999999985,-50.06799999999958
-0.6316000000000008,-0.4383999999999992,1.0724000000000002,178.11080000000015,-675.3939999999997,-58.93359999999991
-0.5956000000000006,-0.4671999999999997,1.0592000000000006,188.1343999999994,-665.3248000000008,-58.88920000000009
-0.5764000000000009,-0.4767999999999995,1.0448000000000008,207.713599999999,-641.4112000000013,-55.87480000000016
-0.5955999999999995,-0.4352000000000009,1.001600000000001,226.94079999999974,-610.7456000000005,-47.88760000000015
-0.6339999999999987,-0.3680000000000024,0.9440000000000021,245.99199999999934,-576.7040000000012,-37.41400000000037
-0.6584000000000001,-0.32319999999999993,0.9032,254.6636,-566.4148,-31.871199999999995
-0.6727999999999997,-0.29440000000000055,0.8744000000000005,255.9212,-573.0915999999999,-29.850400000000036
-0.6608000000000016,-0.3063999999999979,0.8791999999999984,246.08840000000086,-591.0195999999988,-32.41119999999971
-0.6224000000000001,-0.3591999999999999,0.9175999999999999,225.16520000000006,-620.1987999999999,-39.55359999999998
-0.566000000000002,-0.3919999999999999,0.9519999999999993,217.25199999999975,-634.8540000000002,-41.366000000000135
-0.48439999999999883,-0.3968000000000001,0.9808000000000003,227.55280000000013,-629.1755999999999,-35.71639999999992
-0.4156000000000003,-0.37440000000000057,0.9824000000000004,247.8839999999997,-612.9804000000003,-30.50520000000003
-0.37240000000000123,-0.2976000000000022,0.9296000000000015,288.2759999999988,-575.7516000000011,-26.170800000000124
-0.35080000000000044,-0.23279999999999973,0.8731999999999994,320.9040000000001,-542.5175999999998,-21.896399999999964
-0.3939999999999995,-0.20400000000000035,0.8060000000000008,330.2399999999999,-521.2680000000003,-17.80200000000005
-0.4339999999999992,-0.18879999999999825,0.75,335.66400000000044,-508.35039999999907,-13.58520000000016
-0.4580000000000001,-0.24160000000000023,0.75,321.5279999999999,-537.0928000000001,-8.756399999999978
-0.47760000000000047,-0.29519999999999896,0.7539999999999992,307.20160000000027,-565.7275999999996,-4.927199999999882
-0.44879999999999937,-0.3576000000000013,0.802000000000001,290.78079999999966,-593.1788000000006,-12.093600000000155
-0.42,-0.42,0.85,274.36,-620.63,-19.26
-0.3432000000000016,-0.3816000000000008,0.8547999999999999,291.86079999999964,-586.7708000000007,-15.045600000000091
-0.26639999999999875,-0.3431999999999994,0.8596,309.3616000000003,-552.9115999999995,-10.83119999999993
-0.26439999999999997,-0.27400000000000035,0.8160000000000003,336.2035999999999,-520.7904000000002,-12.143199999999991
-0.2691999999999999,-0.20200000000000187,0.7680000000000012,363.8947999999993,-488.82720000000086,-13.957599999999953
-0.30200000000000043,-0.1619999999999996,0.7399999999999997,367.11799999999994,-479.71999999999997,-16.872000000000035
-0.3403999999999996,-0.12840000000000032,0.7160000000000002,365.44759999999997,-475.184,-20.00639999999997
-0.3788000000000011,-0.14520000000000094,0.6919999999999993,354.05359999999956,-487.3304000000005,-12.62519999999969
-0.41720000000000024,-0.17880000000000024,0.6679999999999998,339.4183999999999,-505.0376000000001,-1.7387999999999229
-0.4172000000000003,-0.20599999999999966,0.6344000000000005,335.964,-526.8407999999997,10.027599999999826
-0.3979999999999996,-0.23000000000000057,0.5959999999999991,338.1000000000001,-550.6920000000006,22.23400000000029
-0.3591999999999999,-0.2456,0.5856,337.1812,-562.9876,25.698799999999995
-0.306400000000001,-0.2551999999999998,0.5951999999999998,334.08040000000005,-567.0291999999998,22.919600000000052
-0.24639999999999873,-0.2359999999999991,0.6096000000000004,335.5444000000001,-557.6643999999995,24.016400000000097
-0.1792000000000002,-0.1880000000000001,0.6287999999999999,341.5732,-534.8932000000001,28.98919999999999
-0.15199999999999933,-0.1320000000000016,0.6260000000000008,341.9440000000002,-507.78000000000077,33.927999999999884
-0.18080000000000043,-0.06479999999999905,0.5923999999999995,334.3935999999999,-474.5879999999995,38.819200000000066
-0.22079999999999955,-0.007200000000000276,0.5572000000000003,316.0528000000003,-448.61680000000007,43.69919999999996
-0.28319999999999823,0.031199999999998906,0.518800000000001,276.1312000000011,-437.08720000000034,48.55679999999986
-0.3335999999999993,0.05520000000000096,0.4792000000000021,230.22400000000317,-430.06479999999965,52.924799999999856
-0.3479999999999998,0.036000000000000226,0.4360000000000005,166.36000000000075,-436.5639999999999,55.82399999999997
-0.35360000000000125,0.0160000000000008,0.39920000000000017,106.23760000000138,-443.2431999999998,58.33679999999998
-0.3152000000000021,-0.007999999999998689,0.3944000000000003,64.82320000000226,-450.82239999999956,58.91759999999997
-0.27680000000000066,-0.031599999999999684,0.38720000000000054,25.947600000000183,-457.2308000000001,59.355200000000025
-0.23840000000000147,-0.050799999999999276,0.3536000000000013,14.998800000000415,-450.76040000000023,58.21760000000005
-0.2000000000000023,-0.06999999999999887,0.320000000000002,4.050000000000648,-444.2900000000004,57.08000000000006
-0.18560000000000032,-0.0843999999999997,0.3152000000000001,20.52839999999965,-446.7476,59.65279999999994
-0.17120000000000063,-0.09879999999999939,0.3104000000000002,37.0067999999993,-449.20519999999993,62.225599999999886
-0.16560000000000002,-0.10879999999999995,0.28800000000000014,73.39519999999982,-447.88320000000004,78.02919999999992
-0.16080000000000014,-0.11839999999999974,0.2640000000000006,111.593599999999,-446.21760000000006,95.03559999999956
-0.16399999999999978,-0.13999999999999888,0.2560000000000002,130.2279999999993,-451.49999999999966,94.72200000000018
-0.16879999999999998,-0.16399999999999978,0.25120000000000003,144.94959999999986,-458.1719999999999,90.94440000000003
-0.16640000000000016,-0.19519999999999899,0.23200000000000073,170.8887999999991,-457.9320000000001,85.25880000000019
-0.16160000000000024,-0.22879999999999825,0.20800000000000127,200.56719999999845,-455.38800000000015,78.93720000000033
-0.16639999999999985,-0.24319999999999992,0.20319999999999994,235.19919999999948,-459.0071999999999,77.1052
-0.17599999999999966,-0.24799999999999983,0.20799999999999982,272.3079999999987,-465.70799999999974,77.51799999999999
-0.15479999999999988,-0.24439999999999998,0.19319999999999993,307.8488000000001,-455.52479999999997,78.6952
-0.11160000000000081,-0.23480000000000018,0.16440000000000055,342.26959999999934,-433.2816000000004,80.41839999999996
-0.10199999999999904,-0.21320000000000136,0.13800000000000096,371.29039999999907,-413.78880000000066,84.80799999999972
-0.12599999999999995,-0.1796000000000001,0.11400000000000006,394.91119999999995,-397.0464,91.86399999999999
-0.13400000000000034,-0.1460000000000008,0.09000000000000058,408.14200000000005,-385.2060000000001,100.06599999999978
-0.1195999999999998,-0.11239999999999953,0.06599999999999967,406.8268,-380.22839999999997,109.87240000000014
-0.1147999999999999,-0.0852000000000001,0.05,399.56920000000014,-374.23800000000006,116.64359999999999
-0.1291999999999996,-0.0708000000000004,0.05,380.4268000000005,-366.2220000000002,117.34439999999998
-0.14600000000000024,-0.06480000000000019,0.05120000000000005,363.5379999999999,-359.47079999999994,118.28760000000003
-0.1699999999999997,-0.08399999999999977,0.055999999999999946,353.41000000000014,-356.514,119.95799999999998
-0.19079999999999983,-0.1039999999999992,0.05680000000000063,342.9356000000004,-352.7276000000003,121.26680000000002
-0.19560000000000002,-0.1280000000000001,0.03759999999999991,330.7292,-344.79319999999996,120.7676
-0.19960000000000008,-0.15039999999999992,0.02,319.6328,-336.56160000000017,120.42199999999998
-0.19479999999999992,-0.15520000000000012,0.02,320.74640000000005,-325.06079999999974,121.76600000000003
-0.19,-0.16,0.02,321.86,-313.56,123.11
-0.2283999999999992,-0.1504000000000002,0.0247999999999999,325.66639999999995,-295.4736000000004,127.26679999999992
-0.26680000000000065,-0.14079999999999984,0.029600000000000078,329.47280000000006,-277.3871999999997,131.42360000000008
-0.27,-0.14,0.025600000000000022,330.2432,-263.56440000000003,132.7644
-0.27,-0.14,0.020800000000000124,330.7376,-250.12920000000034,133.84919999999997
-0.2539999999999998,-0.13599999999999995,0.003999999999999771,328.52799999999996,-235.3059999999998,132.78599999999997
-0.2348000000000002,-0.13120000000000004,-0.015199999999999818,325.7776,-220.20520000000016,131.2932
-0.21199999999999933,-0.10479999999999905,-0.02,323.2251999999999,-204.44199999999955,126.92399999999984
-0.18799999999999983,-0.07119999999999976,-0.02,320.7388,-188.45799999999988,121.59599999999996
-0.1608000000000004,-0.04720000000000027,-0.023199999999999932,317.58680000000004,-175.30600000000015,111.31440000000018
-0.1319999999999993,-0.027999999999999546,-0.02800000000000011,314.1019999999999,-163.56999999999974,98.5559999999997
-0.10319999999999993,-0.031200000000000047,-0.027199999999999988,311.4208,-151.5792,82.21079999999995
-0.07440000000000055,-0.05039999999999964,-0.02240000000000009,309.3136,-139.40640000000022,63.30360000000036
-0.05519999999999982,-0.06720000000000027,-0.010399999999999635,315.8992000000003,-129.05999999999983,43.66439999999962
-0.04560000000000002,-0.08159999999999996,0.008799999999999955,331.1775999999999,-120.54000000000002,23.29320000000005
-0.03200000000000046,-0.09799999999999955,0.02,351.17599999999936,-113.21600000000012,3.4820000000004505
-0.012800000000000865,-0.11719999999999914,0.02,377.7823999999988,-107.56640000000024,-15.545199999999143
0.01439999999999969,-0.13159999999999997,0.0247999999999999,406.75839999999977,-101.78080000000004,-34.53239999999987
0.05759999999999877,-0.13639999999999988,0.039199999999999596,440.473599999999,-95.72320000000018,-53.439599999999466
0.10079999999999785,-0.1304000000000019,0.0440000000000012,470.1651999999991,-87.27280000000079,-71.95199999999915
0.1439999999999995,-0.09200000000000046,0.020000000000000285,487.78599999999983,-71.64400000000019,-89.2799999999998
0.1839999999999992,-0.048000000000002374,0.0007999999999998408,493.7676000000017,-57.79600000000016,-105.7295999999996
0.20799999999999869,0.02399999999999608,0.005599999999999739,441.55320000000285,-52.85200000000027,-117.78719999999934
0.22560000000000088,0.0860000000000008,0.010399999999999921,392.0264000000003,-48.76639999999991,-130.41079999999968
0.172800000000002,0.03800000000000181,0.015199999999999818,372.0632000000008,-54.1231999999998,-149.2603999999993
0.12000000000000312,-0.009999999999997159,0.019999999999999716,352.1000000000012,-59.47999999999968,-168.1099999999989
0.1343999999999997,-0.03879999999999939,-0.023199999999999082,322.57040000000063,-57.54560000000004,-161.20280000000017
0.14879999999999938,-0.06759999999999877,-0.06639999999999817,293.04080000000124,-55.61120000000008,-154.2956000000003
0.0928000000000003,-0.07,-0.08759999999999991,273.0592000000001,-67.14959999999995,-132.33600000000013
0.030400000000001627,-0.07,-0.1067999999999995,253.9456000000005,-79.91279999999968,-109.0080000000006
-0.05599999999999569,0.0059999999999956755,-0.06200000000000273,176.34800000000422,-88.33199999999964,-98.53200000000038
-0.14719999999999914,0.09719999999999913,-0.004400000000000544,87.05360000000084,-95.88239999999992,-90.62640000000007
-0.06560000000000432,0.07680000000000177,0.0028000000000002953,22.034000000001747,-75.27000000000092,-95.19479999999973
0.07359999999999273,0.019200000000003,-0.0067999999999995,-34.893999999997035,-45.270000000001566,-103.92119999999954
0.09760000000000048,-0.07039999999999849,0.02839999999999919,-47.55000000000013,-2.3324000000007032,-106.20280000000001
0.0640000000000012,-0.17599999999999624,0.08599999999999795,-38.070000000000334,47.073999999998236,-105.26200000000004
0.06960000000000008,-0.11639999999999959,0.0399999999999997,-40.879200000000026,73.00240000000002,-83.01879999999991
0.10319999999999936,0.06119999999999663,-0.07999999999999774,-52.46639999999978,82.16079999999982,-45.559600000000714
0.045600000000006,0.08520000000000524,-0.08240000000000464,-61.40639999999975,83.80000000000024,-23.58040000000026
-0.10319999999999965,-0.04439999999999969,0.03279999999999973,-67.69919999999999,77.92000000000002,-17.081200000000013
-0.1919999999999999,-0.12199999999999989,0.09800000000000011,-55.944000000000884,51.452000000001306,-11.302000000000113
-0.19680000000000009,-0.12680000000000008,0.09319999999999994,-18.92159999999948,-3.839200000000787,-6.530799999999932
-0.19360000000000016,-0.11240000000000037,0.09159999999999996,13.076799999999842,-60.37679999999959,0.3571999999999207
-0.17440000000000055,-0.0596000000000015,0.09639999999999986,35.027199999999375,-119.40719999999833,11.478799999999683
-0.13119999999999887,-0.046400000000000996,0.1,76.85920000000095,-172.82640000000035,19.205599999999976
-0.01600000000000136,-0.15199999999999875,0.1,178.3359999999988,-209.41199999999958,16.74800000000003
0.08879999999999826,-0.24559999999999887,0.09920000000000016,281.10959999999636,-236.57840000000067,12.968000000000345
0.14160000000000025,-0.27920000000000017,0.09439999999999998,390.3672000000005,-216.6487999999999,2.57599999999995
0.18840000000000032,-0.30400000000000116,0.08120000000000174,491.27599999999984,-192.11640000000125,-6.5816000000000745
