0.20204999999999995,0.14384999999999998,-0.4517,101.29919999999993,97.42819999999999,-0.7383499999999996
0.45,0.27,-0.53,430.02,148.01,-6.65
0.11069999999999997,0.36135,-0.23854999999999998,338.58735,111.5396,-11.2958
-0.22860000000000008,0.4527,0.052900000000000086,247.1547,75.0692,-15.9416
-0.21409999999999996,0.42815,0.09119999999999998,142.87544999999997,13.341749999999976,-21.234
-0.04879999999999991,0.35419999999999996,0.021599999999999963,33.120599999999946,-59.15100000000004,-26.802
0.05,0.26099999999999995,-0.03050000000000002,-62.849500000000035,-87.91474999999998,-29.744999999999997
0.05,0.13919999999999993,-0.056600000000000025,-138.33940000000007,-51.70969999999998,-28.788
0.049100000000000005,0.02460000000000001,-0.07415000000000001,-204.8212,-20.07845,-27.66405
0.04039999999999999,-0.027600000000000048,-0.01759999999999995,-193.2328,-28.086800000000004,-25.093199999999996
0.03169999999999998,-0.07980000000000011,0.03895000000000012,-181.64439999999996,-36.09515000000001,-22.522349999999996
0.05450000000000004,-0.11100000000000003,0.06050000000000002,-159.33899999999997,-27.908999999999985,-15.852999999999989
0.08495000000000001,-0.1371,0.07355,-134.4309,-15.789899999999996,-8.188299999999998
0.08899999999999997,-0.15,0.06019999999999994,-105.43299999999995,-0.6237999999999708,2.69720000000002
0.06724999999999999,-0.15,0.02104999999999998,-72.43824999999998,17.520050000000012,16.730300000000007
0.0518,-0.1401,-0.008200000000000004,-39.44800000000002,31.7624,28.205599999999997
0.06050000000000001,-0.09224999999999996,0.0005000000000000074,-6.47499999999998,31.049,29.876
0.06920000000000003,-0.044399999999999905,0.009200000000000017,26.498000000000065,30.3356,31.546400000000002
0.0779,-0.00445000000000003,0.025799999999999986,42.00409999999999,34.53205,29.96595
0.08660000000000004,0.03470000000000017,0.04320000000000008,55.741400000000056,39.225700000000025,28.05629999999999
0.10325000000000004,0.07120000000000004,0.04469999999999999,56.05379999999999,43.87165000000001,25.062799999999996
0.12500000000000006,0.1060000000000001,0.035999999999999976,47.75399999999998,48.487000000000016,21.373999999999988
0.13325000000000004,0.13135,0.028650000000000002,34.40655000000001,51.1921,16.229900000000004
0.11149999999999999,0.13570000000000002,0.024299999999999995,9.842099999999983,49.6522,7.851799999999994
0.08974999999999995,0.13984999999999997,0.02005000000000001,-14.807650000000052,48.09005,-0.4773000000000067
0.06799999999999994,0.12679999999999997,0.024400000000000012,-46.79320000000009,44.61439999999999,-4.592400000000012
0.04625,0.11375,0.028749999999999998,-78.77875,41.13875,-8.7075
0.024499999999999973,0.08829999999999996,0.03620000000000001,-106.36230000000003,40.6329,-9.5676
0.002750000000000039,0.057850000000000054,0.04489999999999999,-132.17084999999997,41.324549999999995,-9.115200000000002
-0.020799999999999985,0.029200000000000014,0.05,-152.7216,42.59759999999999,-6.753000000000003
-0.04690000000000012,0.0030999999999998806,0.05,-165.82380000000006,44.694300000000005,-1.6852499999999768
-0.07250000000000004,-0.019499999999999993,0.05050000000000001,-178.039,46.989000000000004,3.3365000000000062
-0.09424999999999997,-0.015150000000000007,0.054849999999999996,-183.4243,50.808299999999996,8.004049999999992
-0.11600000000000008,-0.010799999999999983,0.059200000000000016,-188.80960000000002,54.627600000000015,12.671600000000018
-0.14485000000000003,0.004200000000000016,0.05644999999999999,-191.33715,59.700050000000005,16.604300000000002
-0.17530000000000007,0.021600000000000036,0.052099999999999994,-193.2207,65.05490000000002,20.37140000000001
-0.19675000000000004,0.03900000000000006,0.05,-199.04175000000004,68.58725000000001,22.217000000000002
-0.20980000000000013,0.05640000000000015,0.05,-208.5378000000001,70.41860000000001,22.2692
-0.21904999999999997,0.07,0.05,-218.46230000000008,73.37950000000004,22.3385
-0.21469999999999997,0.07,0.05,-229.92020000000005,80.38300000000001,22.469
-0.21034999999999998,0.07,0.05,-241.37810000000002,87.3865,22.5995
-0.21800000000000005,0.061999999999999965,0.058000000000000045,-251.86000000000004,97.77800000000005,22.246
-0.2267,0.053299999999999986,0.06670000000000002,-262.2565,108.46595000000002,21.85015
-0.2327,0.04730000000000001,0.0727,-266.15139999999997,117.67429999999999,21.7999
-0.23704999999999998,0.042950000000000016,0.07704999999999998,-266.0731,125.97844999999998,21.96085
-0.2414,0.04,0.08,-266.42179999999996,132.4206,21.453999999999997
-0.24575,0.04,0.08,-267.67025,134.93925000000002,19.540000000000003
-0.25,0.04010000000000002,0.08,-268.8845,137.54690000000002,17.647499999999997
-0.25,0.04445,0.08,-268.64525,143.93705,16.66875
-0.25,0.04880000000000003,0.08,-268.40599999999995,150.32720000000003,15.689999999999994
-0.23739999999999994,0.05,0.09260000000000004,-264.91909999999996,158.27660000000003,13.980449999999994
-0.22,0.05,0.11,-260.195,166.82,11.9925
-0.2025999999999999,0.05185000000000002,0.11814999999999998,-255.74285,175.89250000000004,9.416249999999982
-0.18519999999999998,0.05620000000000001,0.11379999999999998,-251.6582,185.68,6.044999999999993
-0.16505000000000003,0.06,0.11329999999999998,-246.96030000000002,194.95434999999998,1.9296000000000078
-0.12590000000000015,0.06,0.1393999999999999,-238.02540000000005,200.68329999999997,-7.327199999999966
-0.08674999999999994,0.06,0.16550000000000006,-229.0905,206.41225,-16.584000000000014
-0.06200000000000003,0.049200000000000015,0.17,-220.89720000000003,216.39999999999998,-29.987999999999982
-0.04024999999999991,0.036149999999999946,0.17,-212.85839999999996,227.27500000000003,-44.25600000000006
-0.03690000000000011,0.03,0.17,-205.57859999999994,234.11120000000003,-56.787500000000094
-0.049949999999999974,0.03,0.17,-198.9753,237.3476,-67.77124999999998
-0.06400000000000006,0.02499999999999993,0.1770000000000001,-192.914,239.559,-78.41300000000004
-0.08140000000000015,0.0032499999999998155,0.20745000000000025,-188.66839999999996,238.33665,-87.90905000000008
-0.09879999999999996,-0.018499999999999944,0.23789999999999992,-184.4228,237.11430000000001,-97.40509999999998
-0.12430000000000008,-0.05240000000000009,0.24810000000000001,-178.1522,240.78435000000002,-100.652
-0.1504000000000002,-0.08720000000000028,0.2568000000000001,-171.73159999999996,244.81680000000003,-103.43600000000002
-0.17374999999999993,-0.1,0.26,-164.30725000000004,249.58624999999998,-96.79575000000004
-0.19550000000000003,-0.1,0.26,-156.2989,254.7845,-84.67229999999998
-0.21289999999999998,-0.08695000000000004,0.2658,-149.78405,259.62025,-72.66485000000002
-0.22160000000000005,-0.04779999999999984,0.28320000000000006,-146.25619999999998,263.731,-60.88939999999995
-0.2303000000000001,-0.009399999999999839,0.30060000000000014,-143.32295000000013,267.6955,-49.25749999999993
-0.239,0.007999999999999969,0.31799999999999995,-157.03849999999997,267.565,-41.64500000000002
-0.24770000000000003,0.02540000000000006,0.3354000000000001,-170.75405000000003,267.43449999999996,-34.03249999999998
-0.24359999999999984,0.03960000000000022,0.34960000000000024,-189.22800000000035,270.48160000000007,-26.791199999999883
-0.2349000000000001,0.052649999999999864,0.36264999999999986,-209.41199999999978,274.6706499999999,-19.683300000000074
-0.22809999999999997,0.05239999999999981,0.37,-225.65730000000013,280.30940000000004,-14.52099999999997
-0.22375,0.034999999999999996,0.37,-236.82375,287.8175,-11.8675
-0.21939999999999998,0.01819999999999993,0.37360000000000015,-246.31079999999997,295.3070000000001,-8.899599999999975
-0.21504999999999996,0.005149999999999863,0.3997000000000003,-245.30159999999998,302.6802500000001,-3.966699999999949
-0.2107,-0.007899999999999992,0.42579999999999996,-244.2924,310.0535,0.9661999999999968
-0.1953999999999999,-0.01,0.44460000000000005,-232.86974999999993,318.09470000000005,2.1834000000000024
-0.17799999999999983,-0.01,0.46200000000000013,-219.44999999999987,326.26400000000007,2.688000000000005
-0.17235,-0.007650000000000006,0.47235,-210.94410000000002,336.03835,2.560450000000001
-0.17670000000000002,-0.003299999999999983,0.4767,-206.62019999999998,347.17870000000005,1.8948999999999971
-0.18315000000000012,-0.004200000000000162,0.48420000000000013,-201.96974999999995,357.08950000000004,2.805400000000054
-0.19619999999999996,-0.021599999999999966,0.5015999999999999,-196.293,363.13599999999997,8.66919999999999
-0.20925000000000005,-0.039000000000000055,0.5190000000000001,-190.61624999999998,369.1825,14.533000000000019
-0.20590000000000003,-0.0522999999999999,0.5322999999999999,-183.98830000000004,374.20809999999994,22.446799999999936
-0.20155,-0.06534999999999998,0.54535,-177.30235000000002,379.17145,30.48559999999998
-0.1972,-0.07,0.5612,-169.90239999999997,390.22760000000005,36.11360000000001
-0.19285000000000005,-0.07,0.5785999999999999,-162.10720000000006,404.65654999999987,40.40704999999996
-0.19599999999999995,-0.06700000000000003,0.593,-156.268,418.9475,45.964999999999975
-0.21340000000000003,-0.05829999999999999,0.6017,-154.1452,432.97625000000005,53.925500000000014
-0.23,-0.049199999999999876,0.6091999999999999,-152.5908000000001,446.8504000000001,61.929600000000065
-0.23,-0.03179999999999979,0.5917999999999998,-162.83070000000012,457.51660000000015,70.8384000000001
-0.23,-0.014399999999999979,0.5743999999999999,-173.0706,468.1828,79.7472
-0.22349999999999995,0.009500000000000168,0.56675,-190.72050000000013,477.65625000000006,81.68475
-0.21479999999999988,0.03560000000000031,0.5624,-210.87840000000023,486.7260000000001,81.2628
-0.21585,0.042199999999999994,0.5736500000000001,-233.65125,494.60625000000005,79.8522
-0.22890000000000008,0.0247999999999999,0.6041000000000002,-259.64250000000015,501.02250000000004,77.22479999999999
-0.23934999999999995,0.006749999999999763,0.6319500000000001,-283.85080000000016,507.9035000000001,75.0576
-0.235,-0.015,0.645,-297.90999999999997,517.4300000000001,75.50999999999999
-0.23065,-0.036750000000000116,0.6580500000000001,-311.96920000000006,526.9565,75.9624
-0.25590000000000035,-0.06590000000000032,0.6822000000000003,-308.3386999999999,537.3118000000001,81.17300000000006
-0.28635,-0.09634999999999998,0.7082999999999999,-301.60055,547.8127,87.2195
-0.3048,-0.11240000000000001,0.7224,-294.64399999999995,561.316,91.87640000000002
-0.31349999999999995,-0.11674999999999996,0.7267499999999999,-287.51000000000005,577.2587499999998,95.40424999999999
-0.3222,-0.12219999999999999,0.7343999999999999,-278.63800000000003,590.4438,99.6768
-0.3309,-0.13090000000000004,0.7518,-264.631,595.4811,106.14960000000004
-0.33959999999999996,-0.13959999999999995,0.7691999999999999,-250.62400000000008,600.5183999999999,112.62239999999996
-0.3483,-0.12755000000000002,0.78245,-242.5432,610.544,116.1321
-0.35700000000000004,-0.11449999999999996,0.7955000000000001,-234.74799999999996,620.8100000000001,119.49900000000001
-0.37139999999999984,-0.11,0.8028500000000001,-228.75685000000004,628.43405,123.47579999999996
-0.3888,-0.11,0.8072,-223.7152,634.6676,127.77359999999999
-0.39535,-0.10689999999999998,0.8069000000000001,-222.68185000000003,640.4005,131.81565
-0.3822999999999999,-0.09819999999999993,0.7982,-228.88930000000005,645.229,135.39570000000003
-0.36925,-0.09049999999999997,0.7909999999999999,-235.86049999999994,649.98725,138.45000000000002
-0.3561999999999998,-0.09920000000000016,0.8084000000000003,-255.35720000000038,653.5934000000001,132.8819999999999
-0.34314999999999996,-0.10790000000000007,0.8258000000000001,-274.8539000000001,657.19955,127.31399999999996
-0.33670000000000005,-0.11989999999999995,0.8497999999999999,-285.65509999999995,658.3703,124.3794
-0.3323499999999999,-0.13295000000000023,0.8759000000000005,-293.6895500000001,658.76615,122.28269999999996
-0.3420000000000002,-0.15800000000000025,0.892,-298.41999999999996,660.566,119.64999999999998
-0.36809999999999987,-0.19714999999999983,0.89635,-299.26825,664.01555,116.38750000000002
-0.3956000000000006,-0.23770000000000083,0.9035000000000004,-298.9390999999999,666.6328,114.13650000000005
-0.4304000000000002,-0.2855500000000003,0.9252500000000001,-292.47065,664.9102,117.15975000000002
-0.4651999999999998,-0.33339999999999975,0.9469999999999998,-286.0022000000001,663.1876000000001,120.18299999999998
-0.4812500000000002,-0.3662500000000005,0.9687500000000003,-277.21999999999986,669.1900000000002,127.00500000000012
-0.4943000000000001,-0.39670000000000016,0.9905000000000002,-268.06759999999997,676.4284000000001,134.43480000000005
-0.50735,-0.40755,1.00735,-255.46560000000008,678.8746,140.17409999999998
-0.5204000000000002,-0.40319999999999995,1.0204000000000002,-240.18839999999975,677.6043999999999,144.60240000000007
-0.5277,-0.3953999999999999,1.0334500000000002,-226.81789999999995,674.1733499999999,147.37585
-0.5190000000000001,-0.3780000000000001,1.0465,-218.75300000000004,664.7295,145.54450000000003
-0.5103,-0.36060000000000003,1.05955,-210.68810000000002,655.28565,143.71315
-0.5184000000000001,-0.37260000000000004,1.0516,-212.51,655.9848000000001,141.5752
-0.5271000000000001,-0.3856500000000001,1.0429,-214.685,657.0462,139.4263
-0.5416,-0.3871,1.0574,-223.7736,656.8171,139.2233
-0.5590000000000003,-0.3827499999999999,1.0835000000000006,-236.31900000000024,655.9427499999999,139.99325000000002
-0.5828000000000002,-0.3832000000000001,1.1032000000000002,-250.85480000000015,655.5452,140.27519999999998
-0.6175999999999999,-0.39189999999999997,1.1119,-268.81159999999994,655.96715,139.7184
-0.6521000000000006,-0.40120000000000033,1.1187999999999998,-287.1473000000004,655.9540999999999,139.275
-0.6825500000000002,-0.41860000000000014,1.1014,-310.59815000000015,650.06855,140.3625
-0.7129999999999999,-0.43599999999999994,1.084,-334.0489999999999,644.1830000000001,141.45
-0.7267000000000001,-0.4567500000000004,1.0900500000000004,-351.81825000000026,638.3141999999999,141.82395
-0.7354,-0.47850000000000015,1.1031000000000002,-367.8915000000001,632.4504,141.98489999999998
-0.7441,-0.5043499999999999,1.12025,-379.68845,625.8383500000001,140.1184
-0.7528000000000001,-0.5348000000000006,1.1420000000000003,-386.68760000000015,618.3867999999999,135.97719999999993
-0.7652500000000002,-0.5652500000000003,1.16225,-392.6675,612.3205,132.23499999999999
-0.7956999999999993,-0.5956999999999993,1.1752999999999996,-393.755,612.9033999999999,130.40800000000004
-0.8261500000000005,-0.6261500000000005,1.1883500000000002,-394.84250000000003,613.4862999999999,128.58099999999996
-0.8832000000000013,-0.6566000000000006,1.19,-391.8069999999999,611.3598,127.30499999999996
-0.9440999999999996,-0.6870499999999998,1.19,-388.17475,608.84115,126.10875
-0.975,-0.705,1.21,-378.7025,605.605,126.3175
-0.9837,-0.7137,1.2448000000000001,-364.90864999999997,601.8379,127.56595
-0.9779999999999995,-0.7175999999999999,1.2675999999999998,-351.17359999999985,599.3656,131.0524000000001
-0.9345000000000008,-0.7089000000000001,1.2589000000000001,-337.5929000000002,600.29215,140.41359999999986
-0.8909999999999991,-0.7001999999999998,1.2501999999999998,-324.0121999999997,601.2187,149.7748000000002
-0.9324999999999997,-0.7042499999999999,1.2372500000000002,-319.08875000000006,605.9575,154.37175
-0.976,-0.7086,1.2242,-314.369,610.7860000000001,158.85660000000001
-1.0342500000000001,-0.7011499999999999,1.2259,-317.02425000000005,604.10065,161.30595000000002
-1.0995000000000006,-0.6880999999999999,1.2346000000000001,-323.1795000000001,591.9510999999999,162.78930000000003
-1.1367,-0.6898999999999995,1.2334000000000003,-325.95390000000003,580.1546500000002,164.84684999999996
-1.128,-0.7160000000000005,1.2159999999999995,-323.19599999999997,568.9359999999998,167.84400000000005
-1.11965,-0.7431499999999996,1.2013999999999998,-319.7314500000001,557.1367000000001,170.14535000000004
-1.1153000000000002,-0.7822999999999999,1.2187999999999999,-308.19090000000006,538.7014,164.49470000000002
-1.11095,-0.82145,1.2362,-296.65034999999995,520.2660999999999,158.84405
-1.1066,-0.8368,1.2468000000000001,-270.08179999999976,502.05859999999984,150.39519999999993
-1.10225,-0.8455000000000001,1.2555,-239.3142499999996,483.91474999999974,141.16449999999986
-1.125200000000001,-0.8521000000000001,1.283100000000001,-213.39979999999963,458.9479999999994,132.53649999999985
-1.1774000000000013,-0.85645,1.3309500000000012,-192.68509999999952,426.6709999999992,124.55424999999981
-1.2231999999999998,-0.8623999999999999,1.3724,-173.54080000000005,398.15400000000005,118.0984
-1.2406,-0.8754500000000001,1.38545,-161.36514999999997,386.322,118.41595
-1.2580000000000002,-0.8885000000000001,1.3985,-149.18949999999992,374.4899999999999,118.73349999999999
-1.2715500000000002,-0.9362000000000006,1.4192500000000001,-137.81079999999986,374.84325,116.07114999999996
-1.2845999999999997,-0.9883999999999992,1.4409999999999996,-126.53560000000017,376.77899999999994,113.02180000000006
-1.2823499999999997,-1.0202000000000004,1.4423499999999996,-114.53109999999973,380.7675000000001,108.55719999999988
-1.2693,-1.0375999999999999,1.4293,-102.01180000000006,386.2049999999999,103.09360000000004
-1.25875,-1.0425,1.4224999999999999,-92.63375,390.60625,101.8525
-1.2544,-1.0164,1.4312,-91.04599999999999,392.43760000000003,111.08320000000005
-1.2500499999999999,-0.9902999999999997,1.4399,-89.45824999999998,394.26895,120.3139000000001
-1.25,-0.9599000000000005,1.4228000000000003,-108.75989999999967,389.1515000000001,128.44379999999987
-1.25,-0.9294499999999994,1.4053999999999995,-128.3044500000004,383.95324999999985,136.56090000000017
-1.3309999999999993,-0.923,1.3880000000000001,-160.40099999999975,372.97400000000005,143.83499999999998
-1.4484499999999998,-0.92735,1.3706,-198.14594999999994,359.3933,150.72975
-1.5404000000000002,-0.9487000000000002,1.3583,-231.5576000000001,337.3856999999999,155.47910000000002
-1.5926000000000005,-0.9965500000000005,1.35395,-258.21440000000024,302.24204999999967,156.88415
-1.6331999999999989,-1.0432000000000006,1.3520000000000003,-282.02759999999995,269.1467999999998,158.48920000000004
-1.5592499999999985,-1.0780000000000007,1.3737500000000005,-277.7602499999999,256.27949999999976,162.06925000000007
-1.485299999999998,-1.112800000000001,1.3955000000000004,-273.4928999999999,243.41219999999967,165.64930000000007
-1.4424000000000001,-1.13725,1.4413999999999998,-249.2155500000001,227.53995000000003,160.37665
-1.4075999999999997,-1.159,1.4936,-219.71819999999994,210.88379999999995,152.79459999999997
-1.4093500000000003,-1.1915000000000002,1.5479500000000004,-181.42519999999962,201.51614999999998,146.27249999999998
-1.4485000000000006,-1.2350000000000005,1.6045000000000007,-134.13199999999938,199.60649999999998,140.83499999999992
-1.47915,-1.2666000000000002,1.65085,-86.10270000000074,197.48435000000003,137.40774999999994
-1.4747999999999999,-1.2491999999999996,1.6552,-35.04239999999879,194.48719999999992,142.25800000000012
-1.47045,-1.2318,1.6595499999999999,16.017899999999802,191.49005000000002,147.10825
-1.5402,-1.2144,1.6717,25.508100000000006,183.47359999999998,143.3083
-1.6185000000000005,-1.1969999999999998,1.68475,30.201750000000033,174.87799999999993,138.51024999999998
-1.6526,-1.1639999999999995,1.6795999999999998,24.939999999999863,170.69199999999998,133.53539999999995
-1.65695,-1.1205000000000007,1.6622000000000001,12.97750000000019,169.47400000000002,128.4415500000001
-1.66,-1.0965000000000005,1.6473999999999998,-1.5616000000004604,166.62969999999984,117.67189999999947
-1.66,-1.11825,1.6387,-22.14579999999989,159.96985000000004,93.58595000000012
-1.66,-1.14,1.63,-42.73,153.31,69.5
-1.66435,-1.2096000000000002,1.6778500000000003,-36.44424999999997,130.28979999999987,42.86929999999986
-1.6687,-1.2792000000000008,1.7257000000000005,-30.158499999999936,107.26959999999976,16.23859999999972
-1.6547499999999997,-1.348800000000001,1.7461000000000002,-2.092699999999418,85.80794999999966,-3.6943000000002684
-1.6329999999999996,-1.4184000000000014,1.7548000000000001,35.25640000000078,65.01059999999956,-20.77240000000036
-1.6235000000000004,-1.4670000000000005,1.7617500000000001,77.78900000000131,45.20724999999952,-33.84125000000019
-1.6321999999999999,-1.4844,1.7661,128.02279999999993,26.880700000000022,-40.95349999999999
-1.6359499999999998,-1.4936999999999998,1.77135,174.35825000000006,8.155899999999917,-48.26015000000004
-1.5967999999999996,-1.4327999999999994,1.7844000000000002,186.90800000000013,-14.020400000000201,-57.25160000000008
-1.5576499999999995,-1.3718999999999992,1.7974500000000002,199.45775000000017,-36.19670000000032,-66.24305000000012
-1.5395000000000003,-1.2760000000000016,1.7965000000000002,174.99850000000043,-47.1659999999999,-73.31299999999992
-1.5264499999999996,-1.1715999999999975,1.79215,141.55134999999916,-55.41360000000021,-79.91630000000016
-1.5441999999999998,-1.1068000000000002,1.7614,95.11760000000014,-66.72139999999996,-92.36939999999996
-1.59205,-1.0807,1.7048499999999998,35.99239999999984,-81.01985000000003,-110.53935000000006
-1.6281999999999999,-1.0690000000000004,1.6545999999999996,-19.10980000000032,-100.91000000000032,-129.31770000000017
-1.6195,-1.1125000000000005,1.6284999999999996,-58.79050000000052,-142.23500000000055,-150.42825000000028
-1.6108000000000002,-1.1559999999999993,1.6024000000000005,-98.47119999999943,-183.5599999999994,-171.5387999999997
-1.5902499999999995,-1.1955500000000008,1.6079000000000003,-91.28119999999973,-206.2647000000005,-171.52869999999993
-1.5685000000000002,-1.2347,1.6166,-79.34480000000005,-227.0837999999999,-169.3798
-1.55205,-1.2394,1.6147,-56.906449999999964,-241.71515000000002,-160.4946
-1.539,-1.2219999999999998,1.606,-27.73099999999981,-252.3770000000001,-147.28799999999993
-1.5218999999999998,-1.1937999999999993,1.5932499999999998,-0.810049999999741,-258.43805,-134.9278499999999
-1.4958000000000005,-1.1416000000000008,1.5715000000000003,21.100899999999655,-254.27510000000007,-124.44870000000017
-1.4701000000000002,-1.0900500000000002,1.5501000000000003,42.944750000000354,-250.34140000000036,-114.20830000000024
-1.4788,-1.0944,1.5588,59.017999999999915,-266.12319999999994,-124.50039999999994
-1.4875,-1.0987500000000001,1.5675000000000001,75.09124999999999,-281.905,-134.7925
-1.4931,-1.1031000000000002,1.5545,90.06710000000007,-291.5054,-137.4679
-1.49745,-1.10745,1.5327499999999998,104.60045000000015,-298.61330000000004,-137.07205
-1.4891999999999996,-1.1009999999999998,1.52,118.10420000000019,-300.9367999999999,-134.2281999999999
-1.4631000000000003,-1.0792500000000003,1.52,130.14934999999986,-296.48240000000004,-127.91635000000008
-1.4330000000000003,-1.0560000000000003,1.5185000000000002,142.06599999999992,-293.43949999999995,-121.72300000000003
-1.3721,-1.0212,1.50545,152.9932,-301.26515,-116.44210000000001
-1.3111999999999977,-0.9863999999999987,1.4923999999999995,163.9204000000004,-309.0908000000003,-111.16119999999981
-1.2893500000000004,-0.9870999999999998,1.4829,157.27155000000025,-324.61994999999956,-112.16024999999993
-1.2762999999999998,-0.9958000000000001,1.4742,146.66189999999983,-341.88510000000025,-114.57450000000003
-1.294750000000001,-1.0225000000000009,1.4677499999999999,136.24349999999978,-356.47725000000025,-116.89200000000004
-1.3425999999999996,-1.0659999999999996,1.4634,126.00360000000008,-368.5745999999999,-119.11919999999998
-1.37145,-1.09525,1.4495500000000001,123.63634999999994,-379.13579999999996,-118.25320000000004
-1.3322999999999985,-1.0734999999999992,1.4016999999999984,149.44490000000093,-384.1992000000002,-106.31679999999957
-1.2931499999999998,-1.05175,1.3538499999999998,175.2534500000002,-389.2626000000001,-94.38039999999991
-1.2579999999999996,-0.9979999999999993,1.35,176.10999999999999,-398.18200000000013,-89.73999999999995
-1.2231999999999994,-0.941449999999999,1.35,174.78324999999998,-407.4388000000002,-85.73799999999993
-1.2261999999999997,-0.8795000000000006,1.3554,153.2902000000003,-412.4647,-89.32299999999992
-1.2523,-0.8142500000000003,1.3641,119.47330000000014,-414.90504999999996,-97.54449999999997
-1.2784000000000009,-0.7615999999999992,1.3671999999999997,84.79399999999876,-421.1534000000005,-102.92399999999998
-1.3045000000000002,-0.7354999999999998,1.3585,48.297499999999765,-435.4257500000001,-102.315
-1.3293999999999997,-0.7108000000000003,1.3496,12.249699999999798,-450.08650000000034,-101.7053
-1.3032999999999997,-0.7456000000000006,1.3321999999999998,-4.728350000000287,-481.2542500000005,-101.06584999999998
-1.2772000000000003,-0.7803999999999996,1.3148000000000002,-21.706399999999825,-512.4219999999997,-100.4264
-1.2763000000000002,-0.8246500000000013,1.31,-30.941750000000177,-531.9473500000004,-107.85725000000029
-1.2850000000000004,-0.8725000000000016,1.31,-37.227500000000205,-547.0375000000005,-118.36250000000035
-1.29,-0.9129500000000002,1.3192500000000003,-27.642099999999843,-557.7746000000001,-126.65515000000003
-1.29,-0.9434000000000003,1.3410000000000004,3.390800000000322,-562.6292000000001,-131.95780000000005
-1.280649999999999,-0.9644999999999992,1.3578,36.69795000000077,-566.75945,-135.0675999999998
-1.206700000000001,-0.9210000000000005,1.3404000000000003,85.71809999999942,-565.8851,-123.02680000000014
-1.1327499999999981,-0.8774999999999988,1.3229999999999995,134.73825000000127,-565.01075,-110.98599999999968
-1.0767999999999984,-0.8303999999999985,1.3272000000000004,166.01760000000087,-563.564,-106.2963999999999
-1.0245999999999997,-0.7825499999999999,1.3359,193.6009500000001,-561.9979999999999,-103.13829999999999
-1.0,-0.7484999999999998,1.3192999999999997,210.77910000000008,-561.6096,-105.52090000000007
-1.0,-0.7267500000000003,1.2801500000000008,218.68304999999987,-562.2708,-112.84194999999987
-1.0019999999999998,-0.7080000000000001,1.2460000000000002,227.22699999999986,-564.0059999999999,-120.2119999999999
-1.0107000000000002,-0.6992999999999997,1.2285999999999995,237.91495000000026,-569.3391000000001,-127.7462000000002
-1.0194,-0.6906,1.2112,248.60289999999998,-574.6722,-135.2804
-0.9956999999999999,-0.6657,1.1614,256.23310000000004,-559.01415,-140.81390000000002
-0.9695999999999998,-0.6395999999999998,1.1091999999999997,263.63680000000005,-541.8011999999999,-146.19920000000005
-0.95725,-0.6107500000000006,1.1009999999999998,261.6630000000002,-536.5755,-147.894
-0.9528999999999999,-0.5802999999999995,1.1184000000000003,254.23319999999987,-538.3242,-147.4416
-0.9470999999999997,-0.5527499999999995,1.1256499999999996,243.46259999999958,-542.2218000000003,-145.7073999999999
-0.9384,-0.5310000000000001,1.1126,226.01040000000006,-550.4172,-141.4096
-0.9294,-0.5106,1.09985,208.74929999999998,-558.5706,-137.4613
-0.9119999999999994,-0.5280000000000007,1.0955,196.83899999999954,-565.5480000000003,-143.29900000000023
-0.8946000000000004,-0.5453999999999997,1.09115,184.92870000000025,-572.5253999999999,-149.13669999999988
-0.8547999999999992,-0.5724000000000006,1.0932000000000002,190.8360000000002,-582.4852000000002,-161.09920000000025
-0.806949999999999,-0.6028500000000007,1.0975500000000002,203.1465000000003,-593.5168000000002,-175.2628000000003
-0.7534000000000003,-0.6256999999999999,1.0962,221.1208999999999,-598.191,-189.39219999999995
-0.6925,-0.63875,1.0875000000000001,246.39875,-594.6675,-203.47750000000002
-0.6460000000000017,-0.6469999999999992,1.08,271.4312000000009,-588.8489999999993,-214.1529999999996
-0.689499999999999,-0.6252500000000005,1.08,294.92989999999946,-568.6867500000004,-203.51725000000022
-0.7330000000000007,-0.6034999999999996,1.08,318.42860000000036,-548.5244999999996,-192.88149999999982
-0.7582500000000004,-0.5780999999999995,1.08,321.85229999999996,-547.77295,-172.96379999999954
-0.7799999999999999,-0.5520000000000002,1.08,321.426,-550.744,-151.26600000000013
-0.7618000000000001,-0.5165000000000001,1.0612000000000001,315.8297,-552.8996,-137.2198
-0.7095999999999981,-0.4729999999999984,1.0263999999999986,305.83339999999964,-554.3612,-129.6855999999997
-0.6647499999999998,-0.43579999999999985,1.0021,291.96889999999973,-560.4375500000002,-126.5309500000001
-0.6429999999999997,-0.41839999999999977,1.0108000000000001,265.9471999999996,-581.0174000000003,-137.14060000000015
-0.6212499999999995,-0.4009999999999997,1.0195000000000003,239.9254999999995,-601.5972500000004,-147.75025000000022
-0.5954000000000003,-0.4204999999999999,1.0527999999999997,212.0055000000002,-620.0573999999998,-160.7624999999999
-0.5693000000000001,-0.44225,1.0876,183.96975000000006,-638.3883,-173.92125
-0.5375999999999989,-0.42759999999999876,1.0972,172.76759999999993,-632.7287999999993,-173.89759999999976
-0.5027999999999997,-0.3927999999999997,1.09285,170.88404999999997,-613.7888999999998,-166.57654999999994
-0.4830000000000001,-0.35349999999999937,1.059999999999999,169.2105,-592.2059999999997,-154.15099999999973
-0.49170000000000014,-0.30564999999999914,0.9729999999999984,167.93595,-565.6013999999996,-132.02689999999959
-0.5007999999999992,-0.26059999999999944,0.8884000000000014,165.42980000000117,-540.6101999999996,-110.62860000000026
-0.5182000000000005,-0.2736500000000004,0.853599999999999,137.36794999999918,-549.0970500000003,-104.29064999999981
-0.5356000000000006,-0.2867000000000004,0.8187999999999989,109.30609999999903,-557.5839000000003,-97.95269999999978
-0.5367500000000002,-0.3549999999999977,0.8229999999999996,71.71200000000105,-588.804499999999,-103.98099999999972
-0.5323999999999999,-0.44200000000000383,0.8404000000000008,30.891599999998185,-627.7196000000017,-114.19480000000046
-0.5163500000000005,-0.5055999999999994,0.8655999999999995,13.102649999999834,-651.29405,-121.85019999999993
-0.48590000000000033,-0.5403999999999995,0.9003999999999996,23.66009999999989,-655.9877,-126.35679999999995
-0.4489500000000004,-0.5654500000000001,0.9241500000000002,41.93824999999967,-658.8464,-129.24685000000002
-0.375,-0.5349999999999999,0.885,104.16499999999999,-651.26,-122.935
-0.3010499999999996,-0.5045499999999998,0.8458499999999998,166.39175000000031,-643.6736,-116.62314999999997
-0.31220000000000026,-0.46669999999999956,0.7844999999999993,222.66150000000056,-615.8037999999997,-106.06739999999988
-0.3383000000000004,-0.4275499999999994,0.719249999999999,277.88475000000085,-584.3706999999995,-94.76609999999982
-0.38120000000000115,-0.40039999999999965,0.6755999999999994,313.9656000000004,-574.3336000000002,-87.1391999999999
-0.43775000000000147,-0.3829999999999995,0.6494999999999993,334.4932500000005,-581.6807500000001,-82.49774999999988
-0.47670000000000046,-0.3721999999999997,0.63,346.14830000000046,-596.2383999999987,-77.40090000000022
-0.4636499999999995,-0.38090000000000035,0.63,331.58884999999947,-632.0998000000013,-70.95854999999976
-0.45059999999999945,-0.3896000000000004,0.63,317.0293999999994,-667.9612000000016,-64.51619999999973
-0.37530000000000147,-0.3982999999999998,0.6507499999999996,315.34740000000005,-690.2603999999997,-63.232300000000016
-0.29700000000000104,-0.40699999999999986,0.6724999999999998,314.286,-711.9059999999997,-62.19700000000002
-0.2528999999999985,-0.39004999999999823,0.68,327.6313500000012,-706.2314999999988,-58.468449999999706
-0.22680000000000006,-0.3596000000000001,0.68,348.5591999999999,-686.178,-53.322400000000016
-0.2255000000000001,-0.32604999999999995,0.6629499999999999,364.9409,-664.8395499999999,-47.43854999999998
-0.26900000000000035,-0.2868999999999997,0.6150999999999996,373.1102000000001,-641.1798999999999,-40.22189999999994
-0.31250000000000056,-0.24824999999999958,0.5684999999999996,379.09499999999963,-618.80075,-32.74174999999985
-0.35600000000000076,-0.21779999999999944,0.5423999999999995,349.25399999999945,-617.4218,-20.940199999999784
-0.399500000000001,-0.18734999999999927,0.5162999999999994,319.4129999999993,-616.04285,-9.138649999999723
-0.3572000000000025,-0.18329999999999982,0.49680000000000063,285.64830000000126,-633.1768999999991,-3.3530000000001423
-0.28759999999999764,-0.18765000000000015,0.4793999999999994,250.63514999999882,-656.2014500000008,0.5185000000001314
-0.20399999999999607,-0.18799999999999983,0.4539999999999986,224.31799999999936,-670.1640000000001,2.7440000000000113
-0.1039500000000021,-0.1836500000000001,0.41920000000000074,208.21865000000034,-673.4786999999999,3.0354499999999938
-0.016500000000000348,-0.18559999999999943,0.38860000000000017,195.48699999999994,-675.3808000000001,2.2006000000001045
0.005250000000001191,-0.22040000000000193,0.3798999999999995,200.31550000000027,-669.9171999999998,-4.507100000000369
0.026999999999999885,-0.2551999999999998,0.37120000000000003,205.14399999999998,-664.4536,-11.214799999999965
0.01125,-0.2975,0.3775,221.35750000000002,-643.37125,-12.4625
-0.010500000000000113,-0.3410000000000002,0.38620000000000004,239.3926000000001,-619.7898999999999,-12.836600000000002
-0.049400000000000555,-0.3820500000000004,0.38509999999999994,256.8764500000002,-599.3175999999999,-10.400549999999951
-0.10160000000000083,-0.42120000000000063,0.37639999999999985,273.93280000000027,-581.2563999999998,-5.785199999999928
-0.13884999999999992,-0.4534500000000003,0.3653999999999996,298.35145000000097,-569.1683000000002,-1.9759999999999676
-0.1344999999999999,-0.46650000000000036,0.34799999999999953,343.25650000000115,-573.7010000000001,-0.40999999999995906
-0.13014999999999988,-0.47955000000000036,0.33059999999999945,388.1615500000014,-578.2337000000001,1.156000000000049
-0.09639999999999874,-0.46739999999999954,0.3089999999999992,444.38560000000206,-578.033,5.515000000000164
-0.06160000000000082,-0.4543500000000003,0.28725000000000056,501.01389999999867,-577.66325,9.973749999999896
-0.026799999999998367,-0.4006999999999965,0.27129999999999943,549.5628000000021,-570.1826999999994,17.82550000000045
0.008000000000001818,-0.32674999999999615,0.2582499999999993,594.0720000000024,-559.1467499999994,27.3737500000005
0.03639999999999986,-0.24960000000000068,0.24360000000000015,623.986,-546.6484,36.629199999999926
0.05379999999999996,-0.1669500000000002,0.22620000000000004,628.8145,-531.63655,45.38139999999998
0.05079999999999918,-0.07769999999999955,0.20519999999999977,631.3908999999999,-515.9424999999999,53.72560000000001
-0.2276000000000022,0.10065000000000138,0.13559999999999944,603.5639499999997,-491.0387499999998,56.56180000000002
-0.5060000000000036,0.27900000000000236,0.06599999999999909,575.7369999999996,-466.1349999999997,59.39800000000003
-0.37234999999999524,0.23624999999999802,0.039949999999999763,524.158549999999,-475.7496500000004,62.74675000000006
-0.11569999999999396,0.12749999999999745,0.026899999999999695,465.4900999999986,-495.66830000000044,66.24850000000008
-0.01895000000000238,0.043349999999998376,0.03845000000000112,393.76929999999754,-495.0131499999993,54.475699999999165
-0.10159999999999741,-0.01319999999999822,0.07759999999999878,307.40440000000274,-471.2752000000007,25.565600000000906
-0.17,-0.06749999999999887,0.10175000000000126,232.87075000000047,-448.66150000000044,0.6935000000001441
-0.17,-0.11100000000000193,0.05389999999999787,215.12709999999922,-431.4441999999992,-4.796200000000244
-0.17,-0.15449999999999933,0.00605000000000075,197.38345000000027,-414.2269000000003,-10.285899999999915
-0.17379999999999995,-0.16379999999999997,-0.030399999999999636,206.33099999999985,-381.32700000000034,-8.665800000000027
-0.17814999999999998,-0.16815,-0.06519999999999981,219.14174999999994,-346.1572500000002,-6.016650000000014
-0.18,-0.17,-0.085,238.31,-318.06,2.0474999999999994
-0.18,-0.17,-0.09370000000000005,262.18280000000016,-295.19639999999987,14.118750000000063
-0.17159999999999967,-0.17120000000000005,-0.10120000000000005,288.8648000000004,-275.8883999999999,24.11040000000005
-0.14114999999999953,-0.17555000000000007,-0.10555000000000007,322.9209500000005,-265.91384999999985,28.64310000000007
-0.11069999999999937,-0.1799000000000001,-0.1099000000000001,356.9771000000007,-255.9392999999998,33.175800000000095
-0.11,-0.22250000000000114,-0.09724999999999966,404.14875000000126,-254.54549999999998,12.65474999999945
-0.11,-0.26599999999999857,-0.08420000000000044,451.6289999999984,-253.35360000000003,-8.455799999999282
-0.10409999999999968,-0.2593499999999989,-0.08,508.53155000000226,-234.99859999999904,-15.60990000000002
-0.09539999999999964,-0.22889999999999872,-0.08,569.9057000000025,-208.4983999999989,-16.14060000000002
-0.09989999999999952,-0.2017500000000004,-0.06515000000000072,615.2137999999997,-192.78425,-16.791749999999983
-0.12599999999999967,-0.18000000000000027,-0.02600000000000051,634.2319999999997,-194.71999999999997,-17.63999999999999
-0.1563000000000045,-0.155799999999997,0.007899999999998499,651.9205500000002,-195.44159999999926,-18.439250000000015
-0.2345999999999998,-0.10360000000000014,-0.01819999999999993,654.4131,-182.28720000000004,-18.6785
-0.31290000000000023,-0.05139999999999986,-0.04430000000000007,656.90565,-169.13279999999995,-18.917749999999998
-0.31299999999999983,-0.01619999999999977,-0.07040000000000021,633.9423999999998,-157.2839999999999,-15.382999999999964
-0.29124999999999973,0.014250000000000394,-0.09650000000000034,603.8664999999996,-145.79999999999987,-10.793749999999939
-0.2547999999999991,0.036300000000000235,-0.10159999999999969,570.2667999999993,-137.24759999999992,-9.163400000000028
-0.20259999999999878,0.0493500000000003,-0.0841999999999996,532.8915999999991,-131.83619999999988,-10.703300000000036
-0.1567999999999995,0.06,-0.06439999999999912,496.117199999999,-127.45920000000001,-13.725600000000277
-0.1393999999999994,0.06,-0.03394999999999897,462.00884999999886,-127.67235000000001,-23.32605000000033
-0.12199999999999932,0.06,-0.0034999999999988066,427.90049999999866,-127.88550000000001,-32.92650000000038
-0.13539999999999963,0.04845000000000027,0.019249999999999545,403.1553500000005,-130.39709999999994,-34.90009999999998
-0.15280000000000088,0.03539999999999935,0.041000000000001084,379.62619999999885,-133.20720000000014,-35.883200000000045
-0.17785000000000167,0.019799999999999048,0.04744999999999976,361.1995999999992,-137.12145000000027,-33.77059999999976
-0.20829999999999985,0.0024000000000000913,0.04310000000000003,346.37480000000005,-141.81509999999997,-29.47280000000002
-0.22625,-0.01125,0.0325,330.8625,-142.64499999999998,-23.2775
-0.21319999999999995,-0.015600000000000024,0.006399999999999861,313.64519999999993,-133.89279999999997,-12.376399999999942
-0.20014999999999988,-0.019950000000000048,-0.019700000000000273,296.42789999999985,-125.14059999999992,-1.4752999999998861
-0.1741999999999996,-0.0027999999999997263,-0.011399999999999863,253.81049999999934,-107.47449999999972,-5.099600000000059
-0.14809999999999945,0.014600000000000364,-0.002699999999999818,210.89774999999912,-89.70474999999962,-8.89280000000008
-0.12199999999999933,0.04400000000000091,-0.018000000000000682,161.24999999999864,-72.17199999999954,-9.868999999999993
-0.09589999999999918,0.07880000000000109,-0.04410000000000082,108.57149999999835,-54.74589999999945,-9.577549999999992
-0.06810000000000088,0.0932000000000005,-0.0667999999999995,60.06990000000121,-39.53660000000034,-9.731499999999976
-0.03765000000000072,0.07580000000000041,-0.0841999999999996,18.07935000000099,-27.782900000000275,-10.57974999999998
-0.007199999999998569,0.05439999999999716,-0.10200000000000103,-21.359600000000675,-16.502799999999688,-12.201200000000437
0.023249999999999604,-0.006499999999999201,-0.12374999999999972,-35.60149999999982,-9.899500000000087,-21.45799999999988
0.05369999999999976,-0.06739999999999952,-0.14549999999999982,-49.84339999999989,-3.2962000000000518,-30.71479999999993
0.06689999999999997,-0.10069999999999993,-0.13965000000000002,-44.43755000000003,-2.099049999999999,-37.23574999999998
0.07560000000000003,-0.12680000000000008,-0.12659999999999996,-33.90619999999997,-2.3122000000000007,-43.04300000000001
0.08,-0.13354999999999992,-0.11569999999999993,-19.193099999999852,-3.0349000000000097,-43.305399999999956
0.08,-0.12049999999999983,-0.10699999999999989,-0.20099999999975005,-4.279000000000016,-37.89399999999993
0.0757499999999996,-0.10234999999999929,-0.1,13.726799999999873,-7.560550000000216,-32.31684999999989
0.05399999999999949,-0.06319999999999908,-0.1,6.801599999999837,-19.231600000000277,-26.057199999999852
0.032249999999999376,-0.024049999999998874,-0.1,-0.1236000000001991,-30.902650000000335,-19.79754999999982
0.03,-0.004400000000000546,-0.12339999999999918,-35.319899999998796,-37.93659999999979,-22.102299999999897
0.03,0.013000000000000681,-0.14950000000000102,-73.7782500000015,-44.43550000000025,-25.39525000000013
0.027399999999999806,-0.0008000000000015425,-0.17820000000000136,-114.99780000000192,-38.58439999999937,-29.66840000000022
0.023050000000000067,-0.03559999999999945,-0.20864999999999953,-158.07584999999932,-24.42080000000022,-34.601299999999924
0.0018000000000006344,-0.05480000000000018,-0.24559999999999946,-206.1393999999994,-8.48140000000021,-32.21000000000021
