0.0952,-0.0644,-0.1688,314.0476,66.85040000000001,-19.7444
0.06,-0.06,-0.16,254.41,75.14,-13.36
0.016000000000000007,0.010399999999999993,-0.1116,248.8264,68.65,-1.2600000000000016
-0.02799999999999999,0.08079999999999998,-0.06320000000000002,243.2428,62.160000000000004,10.839999999999998
-0.04960000000000001,0.15120000000000006,-0.027599999999999982,212.88159999999996,25.813999999999965,15.116000000000001
-0.0628,0.22159999999999996,0.003199999999999984,173.2288,-21.727999999999973,16.458000000000002
-0.030000000000000054,0.24800000000000003,0.006000000000000019,122.17400000000004,-46.879999999999995,15.422000000000004
0.058000000000000024,0.2216,-0.02480000000000001,57.43679999999998,-45.163999999999994,11.532399999999999
0.12279999999999999,0.19440000000000002,-0.046,-3.827600000000004,-42.755199999999995,7.739599999999999
0.08320000000000004,0.16360000000000002,-0.02400000000000002,-49.464399999999955,-37.22880000000001,4.382400000000003
0.04360000000000008,0.13280000000000006,-0.0020000000000000464,-95.1011999999999,-31.70240000000001,1.025200000000007
0.05199999999999999,0.09400000000000006,0.023999999999999966,-122.90999999999997,-36.395999999999994,-0.9119999999999977
0.06520000000000001,0.05440000000000001,0.050399999999999986,-148.936,-42.111599999999996,-2.7071999999999994
0.05879999999999999,0.011999999999999983,0.05159999999999999,-160.7044,-39.953599999999994,-1.7219999999999978
0.041200000000000014,-0.03199999999999997,0.038400000000000004,-164.3256,-33.296400000000006,0.8519999999999988
0.02520000000000002,-0.06959999999999995,0.02840000000000001,-158.79640000000003,-25.216800000000017,4.71399999999999
0.011999999999999983,-0.09600000000000003,0.023999999999999994,-137.25399999999996,-14.647999999999985,10.830000000000009
-0.0007999999999999813,-0.11800000000000004,0.022399999999999955,-114.95280000000005,-4.381600000000015,16.77559999999999
-0.00960000000000001,-0.09599999999999997,0.048800000000000024,-85.06359999999998,2.8608000000000064,21.017200000000006
-0.018399999999999965,-0.0740000000000001,0.07519999999999989,-55.17440000000013,10.103199999999969,25.258799999999983
-0.016400000000000005,-0.030400000000000073,0.07280000000000002,-40.63200000000002,24.725599999999982,28.708399999999997
-0.01200000000000001,0.01799999999999988,0.06400000000000002,-29.50000000000003,40.987999999999964,31.981999999999992
-0.02440000000000002,0.06160000000000003,0.05279999999999999,-29.472800000000007,49.1096,31.9484
-0.050799999999999984,0.10119999999999998,0.03960000000000001,-38.69959999999999,50.4472,29.1588
-0.07359999999999998,0.13359999999999997,0.025200000000000028,-55.60999999999993,51.003600000000006,26.010400000000004
-0.08680000000000002,0.1468,0.00759999999999998,-93.01000000000005,49.4768,21.905199999999994
-0.1,0.16,-0.01,-130.41,47.95,17.8
-0.10439999999999999,0.15560000000000002,-0.00120000000000001,-172.74679999999995,42.555600000000005,13.048000000000005
-0.10880000000000001,0.1512,0.007600000000000016,-215.08360000000008,37.16119999999999,8.295999999999992
-0.11959999999999996,0.12440000000000012,0.029199999999999914,-243.7627999999999,32.41320000000001,0.6992000000000278
-0.1328,0.08920000000000003,0.0556,-267.3204,27.907600000000002,-7.964399999999996
-0.15200000000000008,0.049999999999999906,0.06799999999999999,-281.48600000000005,28.77800000000002,-14.42200000000001
-0.17839999999999995,0.006000000000000123,0.06360000000000002,-284.3812,36.09959999999998,-18.23239999999999
-0.2072,-0.0316,0.0608,-286.506,44.4564,-20.6036
-0.24679999999999996,-0.04039999999999999,0.0652,-285.164,57.47159999999999,-16.498400000000004
-0.2863999999999999,-0.04919999999999999,0.0696,-283.822,70.48679999999997,-12.393200000000009
-0.30199999999999994,-0.03800000000000005,0.05800000000000005,-281.336,81.03399999999996,-7.288000000000017
-0.31519999999999987,-0.024800000000000114,0.04480000000000011,-278.73560000000003,91.33439999999992,-2.0828000000000437
-0.32280000000000003,0.0024000000000000896,0.03719999999999999,-282.92800000000005,101.22600000000003,2.7808000000000126
-0.3272,0.03759999999999991,0.03280000000000001,-291.00199999999995,110.88399999999997,7.449199999999988
-0.3284,0.0632,0.03,-300.716,120.1916,10.0488
-0.324,0.07199999999999995,0.03,-313.29999999999995,128.88599999999997,9.028000000000004
-0.31920000000000004,0.07920000000000002,0.03159999999999997,-325.5496,136.5996,7.641600000000009
-0.3104,0.07039999999999999,0.04920000000000002,-334.45520000000005,134.5052,2.599199999999995
-0.3016,0.06159999999999997,0.06680000000000007,-343.36080000000004,132.4108,-2.4432000000000196
-0.3,0.045600000000000016,0.07,-345.8584,134.97119999999998,-3.2736
-0.3,0.028000000000000115,0.07,-346.932,138.56599999999997,-3.1680000000000006
-0.2952,0.017600000000000015,0.07719999999999996,-340.0160000000001,144.35679999999996,-2.5344000000000038
-0.28640000000000004,0.013200000000000003,0.0904,-326.442,151.9776,-1.4608000000000008
-0.27159999999999995,0.012400000000000022,0.10360000000000004,-312.01839999999993,160.51280000000003,-0.18199999999999594
-0.2408000000000001,0.021199999999999976,0.11679999999999996,-295.3292,171.48639999999997,1.6439999999999948
-0.21,0.03,0.13,-278.64,182.46,3.47
-0.1880000000000001,0.04319999999999993,0.13879999999999995,-271.1292,196.94919999999993,-3.561199999999964
-0.16600000000000006,0.05639999999999997,0.14759999999999998,-263.6184,211.43839999999994,-10.592399999999984
-0.1568,0.0632,0.15,-259.2084,218.68599999999998,-18.129200000000004
-0.15239999999999998,0.06760000000000002,0.15,-255.9612,223.21800000000002,-25.855600000000027
-0.152,0.072,0.15,-256.52,228.57999999999998,-33.691999999999986
-0.15639999999999998,0.07639999999999997,0.15,-261.64599999999996,234.93799999999996,-41.660399999999946
-0.16639999999999988,0.07360000000000014,0.15,-267.5863999999999,240.63759999999996,-49.40879999999997
-0.20159999999999995,0.03840000000000004,0.15,-277.1916,243.3744,-56.167199999999994
-0.23680000000000007,0.003199999999999932,0.15,-286.7968,246.11120000000003,-62.92560000000001
-0.24400000000000002,-0.016000000000000087,0.15400000000000003,-291.838,251.77600000000004,-60.835999999999984
-0.24839999999999995,-0.03359999999999985,0.15839999999999996,-296.42279999999994,257.7335999999999,-57.861600000000024
-0.25559999999999994,-0.04559999999999995,0.15720000000000003,-291.8768,265.7715999999999,-54.422400000000025
-0.26439999999999997,-0.054399999999999976,0.15280000000000002,-282.1132,274.99839999999995,-50.71760000000001
-0.27,-0.0632,0.1564,-274.1928,284.6764,-46.886399999999995
-0.27,-0.07199999999999995,0.1739999999999999,-269.49800000000005,295.14399999999995,-42.83400000000002
-0.2684,-0.07840000000000004,0.19199999999999995,-265.5252,305.9184,-38.67200000000001
-0.2508,-0.06079999999999998,0.21400000000000002,-268.7724,319.7608,-33.413999999999994
-0.23320000000000007,-0.04320000000000007,0.2359999999999999,-272.0196,333.60319999999996,-28.15600000000002
-0.18680000000000008,-0.025600000000000022,0.26519999999999994,-271.6632,344.5044,-25.7528
-0.13399999999999992,-0.007999999999999972,0.29600000000000004,-270.50600000000003,354.752,-23.983999999999998
-0.10279999999999995,-0.0,0.3124,-269.0152,373.1236000000001,-22.887199999999996
-0.08960000000000022,-0.0,0.3167999999999999,-267.2464,398.2651999999996,-22.35040000000001
-0.08599999999999988,-0.0,0.32359999999999994,-268.09719999999993,418.48799999999994,-21.140400000000017
-0.10800000000000012,-0.0,0.33680000000000004,-275.9336,425.59400000000005,-18.135199999999983
-0.13,-0.0,0.35,-283.77,432.7,-15.13
-0.13879999999999995,-0.021999999999999888,0.35879999999999995,-288.57039999999995,438.44199999999995,-9.25600000000003
-0.1475999999999999,-0.043999999999999775,0.3675999999999999,-293.3708,444.1839999999999,-3.382000000000061
-0.1596,-0.06280000000000001,0.3892,-293.0032,452.6588,3.061600000000004
-0.17279999999999993,-0.08039999999999992,0.41559999999999986,-290.6976,462.1583999999999,9.71879999999997
-0.17400000000000013,-0.09199999999999996,0.4419999999999997,-285.4020000000001,468.53399999999993,15.531999999999954
-0.16079999999999997,-0.09640000000000001,0.46840000000000004,-276.5184,471.1608,20.332400000000007
-0.15,-0.09760000000000006,0.4939999999999999,-265.5572000000001,475.53479999999996,24.884799999999988
-0.15,-0.08440000000000013,0.5159999999999998,-245.24680000000018,487.7711999999999,28.32119999999997
-0.15,-0.07119999999999999,0.538,-224.93639999999996,500.0076,31.757600000000007
-0.15399999999999997,-0.062000000000000034,0.536,-213.99400000000003,513.5079999999999,33.94599999999999
-0.15840000000000004,-0.053199999999999935,0.5316,-203.98839999999993,527.1348000000002,36.00960000000001
-0.16839999999999983,-0.055599999999999886,0.5383999999999999,-203.67919999999992,538.8183999999999,39.90159999999993
-0.18159999999999996,-0.06439999999999999,0.5516,-208.9108,549.3916,44.838399999999986
-0.1851999999999999,-0.07,0.5664000000000002,-214.01600000000005,561.0464000000001,48.67280000000002
-0.17200000000000018,-0.07,0.5839999999999997,-218.89999999999995,574.5939999999998,50.577999999999975
-0.16159999999999997,-0.07199999999999997,0.602,-223.6352,587.6003999999999,52.1392
-0.1791999999999999,-0.09399999999999985,0.6239999999999999,-226.8824,595.1947999999999,50.26040000000001
-0.19680000000000009,-0.11600000000000008,0.6460000000000001,-230.1296,602.7891999999999,48.38159999999999
-0.2108,-0.13079999999999997,0.6608,-225.86720000000003,607.9896,50.718399999999995
-0.22399999999999992,-0.1439999999999999,0.6739999999999999,-219.93600000000004,612.6579999999999,53.991999999999976
-0.23720000000000008,-0.15720000000000006,0.6920000000000002,-216.2752,616.1552,55.5976
-0.2504,-0.1704,0.714,-214.5064,618.6764,55.813199999999995
-0.26359999999999995,-0.18,0.7371999999999999,-212.51680000000002,619.946,57.14719999999998
-0.27680000000000005,-0.18,0.7636000000000002,-209.9384,617.8779999999999,61.46360000000002
-0.29,-0.18,0.79,-207.36,615.81,65.78
-0.29,-0.1580000000000001,0.7944,-215.91799999999995,617.4467999999999,75.81639999999994
-0.29,-0.13600000000000023,0.7988,-224.4759999999999,619.0835999999999,85.8527999999999
-0.28359999999999996,-0.1268,0.7904,-237.50440000000003,627.6484,97.09880000000001
-0.27480000000000004,-0.12240000000000002,0.7772000000000001,-252.20919999999995,638.8111999999999,108.79839999999996
-0.2759999999999999,-0.12799999999999984,0.7759999999999999,-268.5219999999998,646.4359999999999,116.49599999999998
-0.2892,-0.14560000000000003,0.7892,-286.7644,649.8152,119.39120000000001
-0.29680000000000006,-0.16799999999999982,0.8024,-303.84119999999996,652.5168,120.76480000000002
-0.2791999999999999,-0.21200000000000033,0.8156000000000001,-315.67280000000005,652.1692,115.29119999999996
-0.2616000000000003,-0.2559999999999994,0.8287999999999998,-327.5043999999998,651.8216,109.81760000000007
-0.256,-0.2839999999999999,0.8499999999999999,-331.532,663.2539999999999,111.076
-0.2516,-0.31040000000000023,0.8720000000000002,-334.7792,675.8644000000002,113.00760000000001
-0.2835999999999993,-0.3228,0.8911999999999998,-318.66440000000034,686.4923999999999,119.48079999999987
-0.33639999999999987,-0.3272,0.9087999999999999,-291.4856000000001,695.9875999999999,128.54919999999996
-0.3891999999999996,-0.33799999999999986,0.92,-268.5116000000001,700.2748,137.45119999999991
-0.44200000000000017,-0.3600000000000001,0.92,-252.89599999999993,695.448,146.062
-0.49,-0.38079999999999997,0.9224,-237.8,690.438,154.71959999999996
-0.49,-0.3896000000000001,0.9488000000000002,-227.8999999999999,683.5959999999999,163.84520000000006
-0.49,-0.39840000000000003,0.9752000000000001,-217.99999999999994,676.7539999999999,172.97080000000003
-0.47920000000000024,-0.4035999999999999,1.0015999999999996,-211.98800000000008,672.2376,175.09079999999997
-0.46599999999999986,-0.40800000000000003,1.0280000000000002,-206.83999999999995,668.2379999999999,175.654
-0.4743999999999997,-0.41719999999999985,1.0543999999999998,-202.71440000000004,664.8696,177.31399999999996
-0.5007999999999996,-0.4303999999999998,1.0807999999999995,-199.44080000000005,662.0272000000001,179.88799999999995
-0.5236000000000002,-0.4339999999999998,1.1036000000000001,-198.80120000000008,659.528,183.50120000000007
-0.5367999999999999,-0.41200000000000025,1.1167999999999998,-205.18559999999994,657.9440000000001,189.88559999999993
-0.5499999999999998,-0.39000000000000035,1.1299999999999997,-211.56999999999988,656.36,196.2699999999999
-0.5851999999999998,-0.3768000000000001,1.1256,-239.04359999999986,657.2752,201.3696
-0.6203999999999996,-0.36360000000000015,1.1212000000000002,-266.5171999999997,658.1904000000001,206.46919999999997
-0.6524,-0.3952,1.1296000000000002,-300.74280000000005,651.6080000000001,199.86
-0.6831999999999998,-0.4435999999999998,1.1427999999999998,-337.50039999999984,642.214,188.86000000000007
-0.702,-0.47399999999999987,1.154,-364.4279999999999,633.6640000000001,183.12800000000001
-0.7063999999999999,-0.4828,1.1627999999999998,-379.55960000000005,626.1268,183.7176
-0.7084,-0.4916,1.1707999999999998,-393.82239999999996,618.9504000000001,185.01439999999997
-0.6996,-0.5004,1.1751999999999998,-404.1755999999999,613.3976000000001,189.49359999999996
-0.6908,-0.5092,1.1796,-414.52880000000005,607.8448000000001,193.9728
-0.7099999999999999,-0.5299999999999999,1.2199999999999998,-422.78999999999996,582.8760000000001,194.308
-0.7319999999999998,-0.5519999999999998,1.2639999999999996,-430.8419999999999,555.9656000000002,194.22879999999998
-0.7456,-0.5768000000000001,1.28,-430.28679999999997,532.7259999999999,196.062
-0.7544,-0.6032,1.28,-424.8132,511.58400000000006,198.98799999999997
-0.7632000000000001,-0.6280000000000002,1.2816,-421.202,499.2916,200.7428
-0.772,-0.6500000000000001,1.286,-420.84999999999997,502.486,200.448
-0.7811999999999998,-0.6727999999999995,1.2908,-418.79600000000033,506.3143999999998,200.2408
-0.7944000000000001,-0.7036000000000003,1.2996,-399.7219999999998,516.4828000000001,200.9096
-0.8076000000000001,-0.7344000000000002,1.3084,-380.6479999999999,526.6512,201.5784
-0.8279999999999993,-0.7507999999999996,1.2812000000000012,-352.836800000001,525.0080000000002,209.82159999999965
-0.8500000000000005,-0.7640000000000003,1.245999999999999,-323.0839999999992,520.7399999999999,219.74800000000025
-0.8983999999999992,-0.7771999999999999,1.2467999999999997,-304.5248000000001,511.9960000000001,224.2312
-0.9687999999999988,-0.7903999999999998,1.2775999999999994,-295.29360000000014,499.52200000000016,224.17839999999998
-1.0224000000000002,-0.8084000000000003,1.3,-285.8799999999999,487.39119999999986,224.9224
-1.0312000000000001,-0.8392000000000002,1.3,-275.9799999999999,476.1755999999999,227.7912
-1.04,-0.87,1.3,-266.08,464.96,230.66
-1.0532,-0.9007999999999998,1.3175999999999999,-253.25840000000005,470.48639999999995,230.8756
-1.0664,-0.9315999999999997,1.3352,-240.43680000000012,476.0127999999999,231.09120000000001
-1.0892000000000004,-0.94,1.3464000000000003,-216.56879999999953,474.63359999999994,234.8588000000001
-1.1155999999999995,-0.94,1.3552,-188.55840000000057,470.66480000000007,239.9583999999999
-1.145999999999999,-0.94,1.3739999999999992,-167.28000000000034,464.4140000000002,242.862
-1.1812,-0.94,1.4048,-154.07999999999998,455.4248,243.1304
-1.2155999999999998,-0.9384,1.426,-143.5528,448.7772,243.92039999999997
-1.2463999999999997,-0.9296000000000001,1.4040000000000001,-145.05319999999998,452.66679999999997,247.05759999999995
-1.2771999999999997,-0.9208000000000002,1.3820000000000001,-146.5536,456.5564,250.19479999999996
-1.3119999999999994,-0.9120000000000003,1.3440000000000007,-164.86199999999963,476.5459999999996,255.1639999999999
-1.3472000000000004,-0.9032,1.3043999999999998,-184.85120000000015,498.1456000000002,260.31640000000004
-1.3628,-0.8859999999999999,1.29,-210.01200000000006,512.0592,259.628
-1.3672000000000002,-0.8640000000000001,1.29,-238.12799999999993,521.5808,255.602
-1.3811999999999998,-0.8627999999999997,1.3075999999999997,-262.8695999999998,515.2704000000002,248.56160000000008
-1.4119999999999997,-0.8979999999999996,1.3559999999999994,-281.70599999999973,481.2540000000004,236.24600000000015
-1.4376000000000004,-0.9355999999999989,1.4015999999999995,-298.642,448.1616000000004,224.31120000000016
-1.4111999999999998,-0.9972000000000006,1.4192,-296.57399999999996,424.3091999999998,216.18439999999993
-1.3847999999999998,-1.0588000000000004,1.4368,-294.506,400.45679999999993,208.05759999999998
-1.38,-1.0952,1.4472,-262.45360000000005,398.66519999999997,209.16840000000002
-1.38,-1.1259999999999997,1.456,-223.73800000000023,401.77599999999995,212.332
-1.368,-1.1639999999999995,1.4647999999999999,-181.14640000000054,403.118,206.98040000000015
-1.3459999999999996,-1.2080000000000006,1.4736,-135.3247999999993,402.986,194.5327999999998
-1.3360000000000003,-1.2532000000000005,1.4896000000000003,-84.63599999999933,392.6527999999996,179.01919999999973
-1.3579999999999994,-1.3015999999999988,1.524799999999999,-20.968000000001716,355.116400000001,155.32960000000062
-1.38,-1.35,1.56,42.7,317.58,131.64
-1.4151999999999998,-1.3236,1.5864,77.76359999999983,292.5748000000001,122.76080000000003
-1.4503999999999997,-1.2972000000000004,1.6127999999999998,112.82719999999964,267.56960000000026,113.88160000000009
-1.4824000000000006,-1.2547999999999992,1.62,111.98999999999975,263.21080000000006,112.0648
-1.5131999999999994,-1.206400000000001,1.62,97.6900000000003,266.59439999999995,112.89639999999997
-1.5439999999999992,-1.1520000000000015,1.5980000000000014,68.75600000000121,271.03599999999983,113.06800000000001
-1.5748000000000002,-1.0903999999999998,1.5496,22.26119999999994,276.7472,112.4476
-1.604,-1.0432,1.5108,-25.721599999999796,273.73760000000016,109.01840000000007
-1.626,-1.0608,1.5151999999999999,-80.40039999999951,231.4844000000004,92.94960000000015
-1.6479999999999997,-1.0783999999999998,1.5196,-135.07919999999925,189.2312000000006,76.88080000000024
-1.6260000000000006,-1.084,1.4760000000000009,-176.19399999999922,172.51000000000028,77.56399999999995
-1.5996,-1.0884,1.4275999999999995,-215.9524000000003,158.3419999999999,79.92240000000002
-1.5844,-1.1404000000000003,1.4183999999999999,-242.27640000000005,134.85279999999992,67.53319999999994
-1.5756000000000001,-1.2195999999999998,1.4316,-260.92359999999996,106.03720000000007,46.71680000000005
-1.5620000000000003,-1.2971999999999995,1.4368,-256.44920000000036,79.44720000000018,28.620400000000103
-1.5400000000000003,-1.371999999999999,1.4280000000000002,-211.5120000000006,56.752000000000294,15.284000000000171
-1.525199999999999,-1.4407999999999999,1.4215999999999995,-165.43560000000105,35.22000000000018,2.8236000000000665
-1.5824000000000005,-1.4496,1.4392,-107.96719999999948,25.319999999999908,-0.8768000000000331
-1.6396000000000002,-1.4584,1.4568,-50.498799999999775,15.41999999999996,-4.577200000000015
-1.7075999999999998,-1.4168,1.496,-28.810800000000015,3.4140000000000157,-1.0344000000000069
-1.7779999999999996,-1.3640000000000003,1.5399999999999998,-15.074000000000089,-9.05999999999992,4.117999999999967
-1.8076,-1.3208000000000004,1.5528000000000002,-14.990799999999869,-20.115599999999887,5.874400000000012
-1.8032,-1.2855999999999994,1.5395999999999999,-26.285600000000173,-29.989200000000153,4.800799999999983
-1.7903999999999998,-1.2660000000000002,1.5252,-38.28960000000014,-38.02680000000004,2.146799999999928
-1.755200000000001,-1.2879999999999994,1.5076000000000005,-52.184799999999626,-41.16839999999992,-4.721599999999814
-1.72,-1.31,1.49,-66.08,-44.31,-11.59
-1.6672000000000002,-1.3407999999999998,1.4768000000000001,-49.580000000000084,-48.38879999999998,-15.426799999999979
-1.6144000000000007,-1.3715999999999995,1.4636,-33.08000000000017,-52.467599999999955,-19.263599999999958
-1.6159999999999997,-1.3640000000000003,1.4664,-9.575200000000404,-63.0039999999998,-24.46679999999991
-1.6379999999999995,-1.3420000000000005,1.4751999999999998,16.556399999999456,-75.96199999999973,-30.18239999999988
-1.656,-1.3119999999999998,1.478,35.554000000000066,-93.65200000000016,-36.47000000000004
-1.6692,-1.2724,1.4736,45.990800000000014,-117.02040000000002,-43.44400000000001
-1.6696000000000002,-1.24,1.47,54.97399999999999,-138.13999999999993,-49.784399999999984
-1.6124000000000005,-1.24,1.47,57.415999999999976,-149.13999999999987,-53.273599999999966
-1.5552000000000008,-1.24,1.47,59.85799999999996,-160.13999999999982,-56.76279999999995
-1.5380000000000003,-1.2519999999999998,1.5019999999999993,68.19999999999982,-161.7,-60.275999999999925
-1.5248,-1.2652,1.5372000000000003,77.13200000000006,-162.316,-63.791600000000024
-1.5144,-1.2616,1.55,88.20040000000003,-164.6232,-70.29480000000002
-1.5056,-1.2484,1.55,100.48959999999997,-167.89679999999998,-78.50519999999997
-1.5159999999999996,-1.2336,1.5404000000000002,109.02199999999999,-171.56079999999997,-85.82759999999996
-1.5599999999999994,-1.2160000000000002,1.5140000000000005,110.97999999999998,-175.90799999999996,-91.59599999999993
-1.5992,-1.2012,1.4871999999999996,113.80160000000016,-181.8380000000003,-97.80560000000015
-1.5904,-1.2144000000000001,1.4563999999999997,125.2592000000001,-203.5960000000002,-108.4272000000001
-1.5816000000000003,-1.2275999999999996,1.4256000000000009,136.7167999999997,-225.3539999999994,-119.0487999999997
-1.562,-1.2227999999999999,1.4236,151.6412,-242.1512,-125.17399999999999
-1.5400000000000003,-1.214,1.428,167.3359999999999,-257.8459999999999,-130.29999999999995
-1.5036000000000005,-1.2052,1.4276,181.49239999999986,-270.7735999999999,-131.54760000000002
-1.4551999999999992,-1.1964,1.4231999999999998,194.36680000000018,-281.39520000000016,-129.56319999999997
-1.4116000000000006,-1.1840000000000004,1.4223999999999997,207.05999999999972,-290.6931999999999,-126.50960000000013
-1.380800000000001,-1.1620000000000006,1.4311999999999998,219.26999999999967,-296.46159999999986,-120.60480000000017
-1.35,-1.14,1.44,231.48,-302.23,-114.7
-1.394,-1.1136000000000001,1.4268,224.02200000000005,-297.6716,-116.4468
-1.4379999999999995,-1.0872000000000004,1.4136,216.56400000000008,-293.11320000000006,-118.19359999999999
-1.4404000000000001,-1.0640000000000005,1.4163999999999999,213.22120000000004,-316.7659999999995,-122.27959999999992
-1.4271999999999998,-1.0419999999999998,1.4252,211.42159999999998,-350.9980000000004,-127.24280000000005
-1.3999999999999997,-1.0219999999999998,1.424,207.02599999999995,-381.0620000000002,-135.04600000000005
-1.3559999999999999,-1.0044,1.4107999999999998,199.5152,-406.12440000000004,-146.2572
-1.3248,-0.9836000000000001,1.3992,192.15000000000003,-426.3468,-155.1868
-1.3511999999999988,-0.9484000000000015,1.3948,185.44000000000028,-424.78920000000005,-153.84920000000005
-1.3776000000000004,-0.9131999999999993,1.3903999999999999,178.72999999999988,-423.23159999999996,-152.51159999999996
-1.3920000000000001,-0.8859999999999997,1.4020000000000001,165.24399999999983,-409.2619999999998,-142.38999999999984
-1.4052,-0.8595999999999998,1.4152,151.08039999999988,-394.0511999999999,-131.3899999999999
-1.4127999999999998,-0.8472,1.4312,135.34319999999997,-390.62,-130.0696
-1.4171999999999998,-0.8428000000000001,1.4487999999999994,118.70680000000058,-393.91999999999985,-134.28039999999987
-1.4040000000000017,-0.8384000000000001,1.4536000000000007,111.52639999999963,-406.03919999999886,-143.34079999999932
-1.3599999999999992,-0.8339999999999999,1.4359999999999995,120.89400000000018,-433.5920000000005,-160.88800000000035
-1.3139999999999992,-0.8316000000000002,1.4187999999999998,130.7440000000002,-460.14240000000024,-178.0496000000002
-1.2480000000000016,-0.8491999999999995,1.4056000000000002,145.41799999999967,-476.6687999999996,-191.35519999999968
-1.1820000000000017,-0.8667999999999995,1.3924000000000003,160.0919999999996,-493.19519999999955,-204.66079999999963
-1.1520000000000008,-0.8484000000000009,1.4043999999999994,180.47559999999928,-484.36680000000047,-203.01920000000018
-1.1299999999999994,-0.8219999999999994,1.4220000000000004,202.12800000000055,-469.9039999999996,-198.05599999999987
-1.1127999999999998,-0.7883999999999992,1.4251999999999998,216.9596000000002,-462.43719999999996,-191.73199999999986
-1.0996000000000004,-0.7488000000000007,1.4164,226.10719999999984,-460.8004,-184.27400000000011
-1.0936,-0.7283999999999993,1.4028000000000005,233.00119999999998,-467.06679999999943,-179.9251999999999
-1.1067999999999998,-0.7591999999999992,1.3764000000000007,233.88559999999998,-494.4083999999993,-183.8675999999999
-1.1199999999999997,-0.789999999999999,1.350000000000001,234.76999999999998,-521.7499999999991,-187.8099999999999
-1.0848000000000002,-0.8383999999999998,1.3192000000000002,229.32280000000003,-554.3715999999998,-198.75719999999995
-1.0496000000000003,-0.8867999999999995,1.2884000000000004,223.87560000000005,-586.9931999999997,-209.70439999999988
-1.04,-0.8776000000000005,1.3023999999999996,235.30839999999972,-592.5364000000001,-208.9044000000001
-1.04,-0.8468000000000007,1.3331999999999995,253.07119999999964,-587.9252,-203.6992000000001
-1.0380000000000003,-0.7820000000000027,1.35,261.77200000000005,-584.604,-187.45800000000077
-1.0336,-0.6763999999999999,1.35,259.59839999999997,-582.8308,-157.97359999999998
-1.0204000000000002,-0.5860000000000001,1.3436000000000001,251.43920000000014,-585.3559999999999,-131.67400000000004
-0.9676000000000005,-0.5640000000000002,1.3084000000000005,216.3448000000003,-607.2239999999998,-119.7060000000001
-0.9148000000000008,-0.5420000000000004,1.2732000000000006,181.2504000000005,-629.0919999999998,-107.73800000000017
-0.8580000000000011,-0.6119999999999984,1.2500000000000004,154.4280000000005,-669.1039999999992,-129.04199999999952
-0.8008000000000014,-0.691199999999998,1.2280000000000004,128.43280000000064,-710.9303999999989,-153.67319999999938
-0.7604,-0.7256,1.2116,118.434,-719.294,-175.36720000000005
-0.7296,-0.7343999999999999,1.1984,117.57600000000001,-708.5360000000001,-195.38279999999995
-0.7179999999999997,-0.7048000000000008,1.1836,121.7515999999999,-691.2900000000003,-204.08960000000008
-0.7399999999999997,-0.6080000000000012,1.1660000000000001,134.73599999999982,-662.6900000000004,-193.00600000000014
-0.76,-0.514800000000001,1.1468000000000005,143.83040000000054,-637.3484,-181.5108000000003
-0.76,-0.4575999999999995,1.1115999999999997,114.02479999999971,-644.5908000000001,-165.89959999999985
-0.76,-0.4003999999999998,1.0764,84.21919999999989,-651.8332,-150.28839999999994
-0.7492,-0.3972,1.0376,47.321600000000046,-668.6048,-149.68919999999997
-0.7360000000000001,-0.4059999999999999,0.9980000000000002,8.848000000000248,-687.4939999999999,-152.42599999999996
-0.7156000000000003,-0.43639999999999946,0.9704000000000002,-16.879199999999823,-705.7231999999998,-161.61639999999983
-0.6892000000000005,-0.4847999999999992,0.9528000000000002,-31.984399999999745,-723.4023999999997,-176.18479999999974
-0.6531999999999994,-0.5284000000000003,0.9363999999999998,-34.36599999999967,-736.1496,-190.18200000000013
-0.5915999999999997,-0.5592000000000001,0.9231999999999999,-2.817999999999838,-735.7448,-202.65600000000006
-0.53,-0.59,0.91,28.73,-735.34,-215.13
-0.5124000000000001,-0.6032,0.8792000000000002,82.76639999999972,-734.9132000000001,-214.8088
-0.4948000000000002,-0.6163999999999998,0.8484000000000003,136.80279999999942,-734.4864,-214.48760000000001
-0.5188000000000006,-0.6328000000000003,0.8239999999999996,174.0360000000005,-713.4931999999995,-206.31999999999982
-0.5584000000000005,-0.6504000000000002,0.8019999999999997,204.96800000000036,-684.7875999999997,-195.20999999999987
-0.5699999999999998,-0.6439999999999998,0.794,236.43800000000022,-670.702,-185.28399999999993
-0.5479999999999999,-0.6087999999999999,0.8028000000000001,268.5536,-674.1604,-176.7788
-0.515600000000003,-0.5744000000000011,0.8036000000000013,298.84999999999917,-679.1315999999996,-169.66400000000002
-0.4364000000000033,-0.5436000000000013,0.7684000000000015,320.95999999999907,-690.9103999999995,-168.80600000000004
-0.3571999999999986,-0.5127999999999995,0.7331999999999993,343.0700000000004,-702.6892000000003,-167.94799999999998
-0.35,-0.5180000000000001,0.7380000000000001,364.15200000000027,-709.7120000000001,-173.5540000000001
-0.35,-0.5268,0.7468,385.13120000000015,-716.2592000000001,-179.80640000000005
-0.37239999999999895,-0.5048000000000012,0.7583999999999996,396.48119999999983,-706.6364000000005,-177.7792000000002
-0.40759999999999874,-0.4652000000000014,0.7715999999999995,402.3287999999998,-687.7736000000007,-171.02080000000024
-0.44280000000000197,-0.40959999999999525,0.7623999999999973,402.29479999999944,-664.0819999999982,-159.95839999999893
-0.4780000000000018,-0.3259999999999957,0.7139999999999975,391.96799999999945,-631.9399999999983,-141.36399999999904
-0.5131999999999993,-0.24480000000000102,0.6612000000000018,380.18480000000045,-602.1248000000002,-123.21840000000024
-0.5483999999999992,-0.18760000000000132,0.5644000000000022,353.8376000000006,-595.5776000000002,-109.56080000000031
-0.583599999999999,-0.13040000000000163,0.4676000000000028,327.49040000000076,-589.0304000000002,-95.9032000000004
-0.5612000000000011,-0.14519999999999897,0.4320000000000008,293.8784000000012,-612.294799999999,-96.2099999999999
-0.5259999999999991,-0.1760000000000008,0.4099999999999995,258.6519999999991,-642.1840000000008,-99.62000000000009
-0.44039999999999735,-0.22120000000000117,0.4672000000000026,226.57199999999938,-675.3060000000007,-106.71640000000022
-0.312799999999998,-0.27840000000000087,0.5904000000000019,197.11399999999955,-711.1220000000005,-116.88480000000015
-0.19239999999999896,-0.3308000000000004,0.6980000000000007,178.8868000000001,-730.1391999999997,-126.9068000000001
-0.09119999999999949,-0.3704000000000002,0.7640000000000003,190.60840000000007,-704.3595999999999,-136.53840000000005
0.01,-0.41,0.83,202.33,-678.58,-146.17
-0.051599999999999674,-0.3836000000000001,0.8124000000000001,249.87199999999976,-611.7220000000003,-130.84920000000008
-0.11319999999999937,-0.35720000000000024,0.7948000000000002,297.41399999999953,-544.8640000000007,-115.52840000000015
-0.20679999999999837,-0.2924000000000012,0.697200000000002,349.61839999999916,-504.1692000000005,-88.85080000000048
-0.3123999999999978,-0.21320000000000164,0.5696000000000027,403.5711999999989,-473.2856000000006,-57.91440000000064
-0.39199999999999874,-0.1719999999999999,0.4740000000000015,413.87800000000107,-475.26999999999896,-44.783999999999786
-0.4404000000000016,-0.17640000000000014,0.41679999999999806,371.80959999999857,-516.6960000000014,-53.02080000000028
-0.45999999999999686,-0.18080000000000013,0.3643999999999991,331.9219999999991,-555.0388000000007,-59.940800000000024
-0.35000000000000453,-0.1851999999999998,0.3336000000000013,301.84800000000126,-579.507199999999,-60.93519999999996
-0.24000000000000513,-0.1895999999999998,0.3028000000000014,271.7740000000014,-603.975599999999,-61.92959999999996
-0.1860000000000025,-0.22599999999999798,0.3319999999999982,262.57600000000036,-594.7600000000007,-74.72799999999928
-0.1375999999999996,-0.26560000000000034,0.36720000000000025,255.46559999999994,-582.1759999999999,-88.70680000000011
-0.14800000000000013,-0.28280000000000005,0.3940000000000001,277.9596000000001,-574.254,-97.88640000000002
-0.1919999999999999,-0.28719999999999996,0.4159999999999999,317.3703999999999,-568.996,-104.32359999999998
-0.21840000000000004,-0.2772000000000002,0.42680000000000007,352.9971999999998,-564.4692,-103.33680000000011
-0.21400000000000005,-0.24200000000000044,0.4180000000000001,382.0019999999996,-561.222,-89.35800000000019
-0.21199999999999958,-0.20720000000000055,0.40720000000000056,409.4527999999998,-556.5556000000004,-76.08680000000012
-0.2340000000000009,-0.17639999999999872,0.37639999999999874,421.3636000000005,-537.6971999999992,-69.89159999999974
-0.2559999999999994,-0.1456000000000009,0.3456000000000009,433.2743999999997,-518.8388000000006,-63.696400000000175
-0.27079999999999954,-0.12200000000000075,0.34719999999999973,430.65560000000016,-510.0316000000002,-54.97400000000031
-0.2839999999999995,-0.10000000000000085,0.35599999999999965,424.8080000000002,-503.45800000000025,-45.69000000000036
-0.28040000000000076,-0.07560000000000117,0.34320000000000134,418.56440000000026,-498.8308000000001,-33.113200000000674
-0.2627999999999997,-0.04919999999999959,0.3123999999999995,411.99079999999987,-495.82559999999995,-17.792399999999763
-0.23079999999999928,-0.02519999999999982,0.2912,400.77799999999974,-494.2472,-8.406800000000066
-0.16039999999999965,-0.007599999999999911,0.29560000000000003,377.1939999999999,-496.4736,-14.848400000000034
-0.09,0.01,0.3,353.61,-498.7,-21.29
-0.1075999999999999,0.03199999999999989,0.26480000000000015,342.47800000000007,-493.3056,-23.32719999999999
-0.1251999999999998,0.05399999999999977,0.22960000000000036,331.3460000000001,-487.91120000000006,-25.364399999999982
-0.14279999999999973,0.07279999999999973,0.18800000000000067,311.47160000000036,-485.54400000000004,-29.433599999999927
-0.16039999999999965,0.09039999999999965,0.1440000000000009,288.31880000000046,-484.312,-34.2647999999999
-0.1859999999999991,0.09200000000000046,0.12,265.25000000000057,-481.05400000000014,-36.62000000000001
-0.2211999999999989,0.07440000000000055,0.12,242.28200000000072,-475.3648000000002,-36.00400000000002
-0.25079999999999986,0.05360000000000127,0.12,221.11480000000049,-469.0124000000003,-34.41200000000022
-0.2552000000000001,0.018399999999999184,0.12,208.0511999999997,-459.6755999999998,-28.427999999999862
-0.2596000000000001,-0.016800000000000637,0.12,194.9875999999998,-450.3387999999998,-22.44399999999989
-0.2239999999999995,-0.08400000000000091,0.16800000000000068,200.5040000000001,-448.418,-28.584000000000096
-0.1843999999999997,-0.15440000000000054,0.2208000000000004,207.87840000000006,-447.23879999999997,-35.936400000000056
-0.1728,-0.16879999999999995,0.20639999999999986,237.0424000000001,-433.90199999999993,-34.81879999999998
-0.1772,-0.15120000000000006,0.15360000000000013,278.6575999999999,-413.61800000000005,-28.861200000000014
-0.18,-0.14,0.09760000000000046,318.7495999999997,-392.93400000000014,-24.377200000000016
-0.18,-0.14,0.036000000000000795,356.1759999999995,-371.5500000000003,-22.472000000000023
-0.17960000000000007,-0.13840000000000033,-0.021999999999999603,392.2463999999996,-349.9904000000004,-20.203200000000106
-0.1752000000000001,-0.12080000000000042,-0.0439999999999995,414.7567999999995,-326.6748000000006,-14.298400000000136
-0.17080000000000015,-0.10320000000000051,-0.06599999999999938,437.2671999999994,-303.35920000000067,-8.393600000000168
-0.18080000000000043,-0.06759999999999877,-0.09160000000000082,443.7504000000001,-287.1139999999995,-6.837599999999982
-0.19400000000000034,-0.027999999999998977,-0.11800000000000069,446.6720000000001,-272.4399999999996,-6.247999999999985
-0.19519999999999982,0.004400000000000542,-0.1324000000000001,444.3423999999999,-254.76599999999956,-4.751199999999954
-0.18639999999999987,0.03080000000000041,-0.1368000000000001,437.6367999999999,-234.59199999999967,-2.498399999999965
-0.17880000000000024,0.0440000000000012,-0.13520000000000096,431.0764000000003,-217.3736000000005,-2.754799999999623
-0.17440000000000028,0.02200000000000131,-0.11760000000000105,424.90320000000037,-208.03680000000054,-9.702399999999585
-0.17,0.0,-0.1,418.73,-198.7,-16.65
-0.17439999999999997,-0.004399999999999978,-0.0824000000000001,421.6032,-190.46320000000003,-18.26039999999999
-0.17879999999999996,-0.008799999999999955,-0.06480000000000018,424.47639999999996,-182.22640000000007,-19.87079999999998
-0.1608000000000004,0.00919999999999959,-0.07599999999999965,429.9031999999999,-162.06640000000039,-14.71000000000012
-0.13440000000000055,0.03559999999999946,-0.09799999999999955,436.2875999999998,-137.43520000000052,-7.01000000000016
-0.12200000000000016,0.054000000000000346,-0.10799999999999983,431.6979999999993,-112.255999999999,-2.1039999999999397
-0.12640000000000015,0.0628000000000003,-0.10359999999999986,413.9395999999994,-86.41919999999914,-0.550799999999948
-0.12840000000000032,0.06920000000000016,-0.1,396.84840000000054,-62.788000000000494,1.081599999999928
-0.11960000000000037,0.06480000000000019,-0.1,382.7596000000006,-49.08200000000057,3.0703999999999176
-0.11080000000000041,0.060400000000000204,-0.1,368.67080000000067,-35.37600000000064,5.059199999999907
-0.09400000000000092,0.04000000000000113,-0.07200000000000159,359.49000000000046,-36.493999999999865,-5.907999999999365
-0.07639999999999987,0.01799999999999983,-0.041199999999999765,350.7999999999999,-39.09440000000002,-18.170800000000096
-0.07280000000000002,0.01,-0.024399999999999977,354.7772,-42.00280000000001,-19.163599999999985
-0.07719999999999999,0.01,-0.015600000000000022,365.9928,-45.08719999999999,-13.716400000000014
-0.06560000000000031,0.02119999999999976,-0.019599999999999798,368.3972000000001,-39.53800000000016,-10.542799999999994
-0.02600000000000051,0.0519999999999996,-0.045999999999999666,355.3820000000002,-18.880000000000265,-11.34799999999999
0.006800000000000625,0.08119999999999976,-0.06960000000000008,341.5720000000004,0.8683999999998058,-11.172800000000182
-0.02839999999999919,0.09439999999999969,-0.0652000000000001,319.81400000000053,11.52079999999975,-1.1936000000002327
-0.063599999999999,0.10759999999999963,-0.060800000000000125,298.05600000000067,22.173199999999696,8.785599999999716
-0.05920000000000045,0.11719999999999971,-0.04200000000000074,269.14120000000105,14.296400000000402,10.423600000000008
-0.04600000000000051,0.12599999999999967,-0.02000000000000085,238.6360000000012,2.3020000000004646,10.208000000000007
-0.02560000000000116,0.12040000000000078,-0.01,205.63000000000156,-8.960399999999531,4.213200000000473
0.0008000000000004115,0.10279999999999972,-0.01,170.53999999999945,-19.612800000000163,-6.597600000000169
0.03200000000000046,0.08879999999999995,-0.011200000000000045,137.92199999999974,-24.271199999999883,-15.484800000000039
0.07600000000000023,0.08439999999999998,-0.015600000000000024,111.89599999999987,-12.945599999999942,-19.24240000000002
0.12,0.08,-0.02,85.87,-1.62,-23.0
0.13759999999999992,0.04920000000000017,-0.028799999999999958,69.0752000000001,-3.58239999999999,-23.963599999999996
0.1551999999999998,0.01840000000000032,-0.03759999999999991,52.28040000000018,-5.54479999999998,-24.927199999999992
0.16319999999999993,-0.005999999999999658,-0.05919999999999959,48.07119999999999,-10.079999999999915,-22.732400000000055
0.16759999999999992,-0.027999999999999546,-0.08559999999999945,48.58159999999999,-15.579999999999885,-19.353200000000072
0.16600000000000023,-0.010000000000001702,-0.12399999999999864,17.250000000001805,-18.446000000000005,-15.998000000000086
0.15720000000000028,0.055999999999997954,-0.17679999999999838,-52.291999999997834,-18.15120000000001,-12.671600000000103
0.14200000000000157,0.09960000000000208,-0.21440000000000112,-117.97559999999825,-25.17319999999856,-11.383599999999714
0.09799999999999898,0.042399999999998675,-0.1835999999999993,-166.2964000000011,-65.12080000000093,-19.268400000000184
0.05399999999999921,-0.014800000000001035,-0.15279999999999944,-214.61720000000088,-105.06840000000072,-27.153200000000144
0.0780000000000004,0.032000000000000736,-0.19400000000000062,-288.718000000001,-104.25999999999993,-33.01800000000007
0.10880000000000023,0.08920000000000045,-0.2424000000000004,-365.39680000000055,-99.37599999999996,-38.68080000000005
0.0472000000000071,0.09600000000000136,-0.23200000000000273,-390.0012000000003,-102.6203999999995,-33.27800000000073
-0.06719999999999972,0.07400000000000005,-0.1880000000000001,-384.8488,-110.50959999999998,-21.55200000000003
-0.1304000000000002,0.03920000000000044,-0.14880000000000024,-370.38920000000024,-121.38279999999988,-12.256400000000038
-0.10400000000000034,-0.017999999999999267,-0.1180000000000004,-339.6420000000004,-137.4779999999998,-7.214000000000065
-0.07640000000000072,-0.07879999999999826,-0.09239999999999951,-303.96080000000154,-149.96880000000044,-2.161600000000094
-0.036800000000000915,-0.17559999999999776,-0.11879999999999938,-218.93960000000197,-126.41560000000055,2.99079999999988
0.0027999999999988746,-0.27239999999999726,-0.14519999999999925,-133.9184000000024,-102.86240000000066,8.143199999999853
0.024400000000000546,-0.3116000000000008,-0.15,-38.932399999996974,-62.27039999999862,13.162400000000154
0.042000000000000454,-0.33800000000000063,-0.15,58.268000000002516,-17.891999999998852,18.15200000000013
0.05960000000000036,-0.31159999999999854,-0.1475999999999999,150.83160000000183,15.3768000000005,18.04879999999991
0.07719999999999913,-0.24120000000000347,-0.14320000000000022,239.53119999999564,39.38759999999883,13.701600000000212
0.09599999999999881,-0.17560000000000286,-0.14479999999999904,314.34919999999795,56.78400000000001,5.930800000000911
