40.3487,-43.275400000000005,-5.728950000000001
26.42,-13.33,13.05
7.588850000000001,6.697400000000005,15.755700000000001
-11.242300000000004,26.724800000000005,18.4614
-32.82760000000001,35.4611,21.298250000000003
-55.58680000000001,39.3848,24.191000000000003
-72.0915,41.250499999999995,26.261250000000004
-79.3038,40.0586,27.1095
-85.16069999999999,38.226800000000004,27.576600000000003
-79.2708,30.849199999999996,24.740399999999998
-73.3809,23.471599999999984,21.904199999999996
-72.27550000000001,25.446000000000005,22.694000000000003
-72.33205,29.6916,24.364400000000003
-71.8892,29.22699999999999,23.619199999999996
-70.9583,24.159249999999997,20.5133
-71.3729,15.574300000000012,16.881800000000002
-76.94525,-6.4932500000000175,11.235499999999995
-82.51760000000002,-28.560800000000043,5.589199999999989
-94.29934999999999,-53.06154999999998,1.5268500000000045
-106.70990000000006,-77.8087000000001,-2.3751000000000166
-122.56545000000003,-98.09590000000003,-6.550000000000006
-140.63100000000006,-115.52200000000005,-10.900000000000011
-152.19225,-131.4577,-15.093399999999999
-149.2995,-144.0814,-18.9388
-146.29764999999998,-156.78655000000003,-22.711349999999996
-133.91319999999996,-176.49640000000005,-20.21879999999999
-121.52875,-196.20625,-17.72625
-120.31360000000001,-221.01870000000002,-16.535700000000002
-123.6022,-247.88864999999996,-15.870150000000002
-129.2938,-273.04499999999996,-20.100599999999993
-138.38965000000005,-295.77375000000006,-31.26705000000005
-148.96150000000003,-317.96950000000004,-42.79050000000002
-170.89854999999997,-336.06115,-57.062849999999976
-192.83560000000008,-354.15280000000007,-71.33520000000004
-229.92405000000005,-366.4828,-81.40435000000001
-270.4269000000001,-377.5144,-90.52630000000002
-316.3770000000002,-389.329,-99.76075000000003
-367.41120000000046,-401.8744000000001,-109.10020000000009
-415.5080000000002,-414.0493000000001,-121.93755000000014
-453.0920000000001,-424.89820000000003,-147.29370000000006
-490.676,-435.7471,-172.64985
-537.9440000000002,-456.0600000000001,-204.37400000000017
-586.05935,-477.2010000000001,-236.65535000000006
-634.4527999999999,-491.7081,-267.86479999999995
-683.0161999999998,-502.16114999999996,-298.4191999999999
-728.7558000000001,-513.219,-324.47540000000004
-768.5452499999999,-525.55125,-341.05325
-807.3657,-537.9860000000001,-357.2232
-805.00365,-554.777,-356.0574
-802.6416,-571.5680000000001,-354.8916
-769.8379499999999,-581.53925,-344.19704999999993
-725.4375,-588.9125,-329.8725
-666.1685999999995,-590.3417,-316.24909999999994
-586.8071999999999,-583.7384,-303.5732
-508.91155000000003,-575.69245,-292.1205
-441.1429000000003,-557.6791000000001,-289.119
-373.3742499999999,-539.6657499999999,-286.1175
-321.89200000000005,-521.8324,-281.0568
-273.8027499999998,-504.0365499999999,-275.5671
-255.15120000000005,-491.8342999999999,-271.77479999999997
-262.7376,-484.61765,-269.4954
-271.226,-481.658,-268.709
-282.7361000000001,-492.9593000000001,-272.92415000000005
-294.2462,-504.2606,-277.1393
-303.36275,-520.2275000000001,-281.9741
-312.3020000000001,-536.5400000000001,-286.8548
-314.5505,-541.3657499999999,-285.834
-312.9062,-539.5083,-281.3796
-313.6312,-543.98155,-276.2611
-319.0948,-561.1162,-269.8144
-324.6782500000001,-578.6560000000003,-263.2716999999999
-333.6175,-607.54,-254.041
-342.55675,-636.4240000000001,-244.81029999999996
-369.7776000000006,-653.9928000000002,-224.6931999999996
-403.56839999999966,-667.4951999999998,-200.66380000000024
-449.1430000000007,-669.4569999999999,-172.01169999999962
-509.91249999999997,-656.5375,-137.39875
-569.1448000000003,-643.9258,-101.64399999999978
-618.7696000000005,-633.2378499999999,-58.75299999999955
-668.3943999999999,-622.5499000000001,-15.862000000000029
-679.9205000000001,-581.0157999999998,32.83615000000023
-684.1400000000001,-533.5659999999996,82.64800000000048
-682.11085,-490.9854,121.97179999999996
-674.7637,-452.54879999999986,152.36960000000013
-660.7574499999997,-416.9177999999997,176.57030000000006
-625.8226000000001,-390.10440000000006,181.2944
-590.8877499999999,-363.29099999999994,186.01850000000002
-581.1310000000001,-354.30030000000005,180.28760000000005
-572.9095,-346.39635,173.91920000000002
-583.98,-340.864,166.28799999999998
-605.7299999999998,-336.64450000000005,157.95775000000006
-633.6164999999999,-334.7485,149.25400000000002
-673.1623500000001,-337.26715,139.8406
-712.3608000000002,-340.3188000000001,130.55379999999997
-744.3507000000004,-354.4302000000002,123.89394999999992
-776.3406,-368.5416,117.23409999999998
-793.8225000000001,-375.89625000000007,106.59299999999992
-806.3940000000001,-380.96400000000006,94.60439999999986
-811.5711,-378.00554999999997,79.14479999999998
-807.6474,-365.16869999999994,59.41319999999988
-804.3535499999999,-350.81344999999976,40.117099999999816
-804.645,-327.815,23.3
-804.93645,-304.8165499999999,6.482899999999912
-798.7529,-295.6708999999999,-3.363400000000089
-791.4318499999999,-288.95885,-11.985099999999994
-777.3787999999998,-280.17079999999993,-18.982000000000028
-757.8560000000001,-269.6960000000001,-24.658749999999962
-739.2726,-260.8635,-30.31459999999999
-723.4646999999999,-256.88325,-35.90870000000002
-707.6568000000001,-252.90300000000002,-41.50279999999996
-694.78295,-254.51695,-44.84759999999999
-682.0504999999999,-256.4005,-48.08400000000001
-669.9108500000001,-259.81449999999995,-52.31219999999996
-658.0832,-264.034,-57.06239999999999
-647.8706500000001,-266.2292,-60.64855
-640.5757,-264.76759999999996,-62.13190000000001
-633.5400000000001,-262.951,-63.40950000000001
-630.756,-255.31239999999985,-61.31279999999996
-627.972,-247.67379999999994,-59.21609999999998
-633.2532,-243.6982,-55.14930000000002
-641.1006000000001,-240.88809999999995,-50.45564999999992
-644.5600000000001,-242.54000000000005,-46.40799999999998
-642.8635,-249.43474999999998,-43.11940000000001
-638.3795999999998,-254.37089999999992,-40.63300000000003
-619.3613999999999,-249.09434999999996,-42.32950000000001
-600.3432000000001,-243.81780000000003,-44.02599999999999
-591.0449999999998,-236.9362499999999,-47.875000000000064
-583.3019999999999,-229.79789999999997,-52.06840000000002
-588.2989999999999,-224.52890000000002,-56.09519999999998
-603.1760000000003,-220.70959999999994,-59.99280000000006
-618.8327,-215.40449999999996,-63.210750000000004
-636.6589999999999,-205.96500000000006,-64.5375
-654.4853,-196.5255,-65.86425
-662.0678,-189.97559999999996,-67.3716
-669.2844500000001,-183.52889999999994,-68.88540000000002
-661.9982000000001,-180.4433,-68.9637
-647.4604999999997,-179.03824999999998,-68.32424999999999
-626.2699999999998,-170.26679999999982,-69.82240000000004
-593.6450000000001,-148.83435000000006,-74.99454999999999
-561.2632999999994,-128.9439,-80.34070000000014
-532.1661499999998,-129.87045,-88.03585000000007
-503.0690000000001,-130.797,-95.73099999999998
-480.2430499999996,-126.49754999999989,-95.43639999999995
-459.28909999999985,-120.63809999999997,-92.75679999999998
-443.21005,-121.96389999999997,-88.60120000000003
-432.6003999999998,-131.35120000000018,-82.78959999999991
-419.86449999999985,-139.29850000000002,-77.10699999999997
-396.92260000000044,-140.33379999999997,-72.04360000000011
-373.9806999999996,-141.36910000000003,-66.98019999999991
-347.6985999999994,-149.9360000000002,-60.75399999999986
-320.93305000000015,-159.59299999999993,-54.35950000000003
-305.3875,-166.64249999999998,-44.8725
-298.14474999999993,-171.76245000000003,-33.09704999999994
-294.23920000000004,-177.51840000000007,-24.5556
-299.09379999999993,-184.94384999999986,-24.5034
-303.9484000000001,-192.36930000000015,-24.451199999999996
-298.30975,-197.04924999999997,-27.45474999999998
-292.4242,-201.6646,-30.530199999999997
-283.98099999999994,-204.40965,-33.85935000000001
-274.3239999999999,-206.2671,-37.30890000000004
-266.55955000000006,-203.62665000000018,-37.83960000000008
-261.89199999999994,-193.6259999999998,-33.593999999999916
-257.93495,-184.60289999999998,-29.141550000000052
-262.0979,-186.7518,-22.32510000000002
-266.26085,-188.9007,-15.508649999999982
-259.41799999999995,-183.06639999999993,-14.910800000000009
-249.4999999999999,-175.0014999999999,-16.050500000000014
-230.84809999999948,-166.66779999999986,-20.468300000000145
-202.83844999999934,-158.0460999999998,-28.398350000000185
-176.88720000000006,-149.7564,-34.962799999999994
-160.07009999999997,-142.93994999999998,-35.4674
-143.25299999999987,-136.12349999999995,-35.972
-140.9196,-130.13094999999993,-33.14249999999996
-140.46720000000002,-124.24540000000009,-29.880000000000052
-137.4341999999999,-117.71979999999985,-28.871700000000015
-132.57960000000003,-110.74240000000003,-29.4546
-120.7825,-100.9525,-30.723750000000003
-91.76799999999986,-84.18759999999992,-33.694800000000015
-62.7534999999997,-67.42269999999984,-36.665850000000034
-37.48430000000043,-53.93870000000023,-39.24559999999995
-12.258649999999474,-40.49284999999972,-41.820800000000055
3.7299999999999223,-26.021000000000093,-39.71000000000003
15.561999999999983,-11.08745000000002,-35.490500000000004
25.86910000000003,3.410900000000055,-28.328299999999956
33.79915000000007,17.230850000000128,-16.578949999999892
42.32440000000021,30.65800000000014,-4.829599999999832
56.72725000000028,40.20625000000018,6.919750000000231
71.13010000000035,49.754500000000235,18.66910000000029
90.43194999999994,65.44719999999995,30.50469999999997
111.01180000000005,82.74280000000005,42.36280000000003
127.21640000000009,95.17295000000006,52.71160000000007
138.94400000000016,102.6245000000001,61.51600000000011
150.56704999999982,109.36629999999995,70.61109999999985
161.75960000000026,113.1856000000001,80.90320000000024
172.95214999999996,117.00489999999999,91.19529999999996
183.02540000000002,123.34360000000001,100.36810000000001
192.96950000000007,129.97300000000004,109.41175000000005
210.19360000000026,131.29319999999996,113.98600000000002
232.31769999999966,129.03990000000002,115.55199999999998
253.87760000000046,129.90140000000017,116.78520000000002
274.1137999999999,138.07069999999996,117.2376
294.35,146.24,117.69
304.42895000000004,153.87860000000006,115.19744999999999
314.5079000000001,161.5172000000001,112.70489999999997
317.8372,167.4264500000001,111.67939999999999
318.2896,172.59860000000012,111.27919999999999
317.4504999999999,177.58000000000013,111.23250000000002
314.6926,182.278,111.711
312.89770000000004,186.77530000000002,112.08239999999999
319.44880000000006,189.53320000000002,111.5256
325.9999000000001,192.29110000000006,110.96879999999999
339.5719999999998,190.54450000000006,105.97400000000007
354.84920000000034,187.70394999999994,99.90139999999985
371.1185999999999,182.76020000000003,93.33160000000002
388.35765000000004,175.76104999999998,86.2759
403.2378,170.96150000000003,79.27509999999995
409.07550000000003,174.59375000000006,72.4847499999999
414.9131999999999,178.22599999999994,65.69440000000009
407.9331499999998,169.21429999999975,54.54324999999972
399.65510000000006,158.92220000000003,42.95050000000005
392.59075,149.40654999999998,30.907249999999983
386.305,140.38899999999992,18.574999999999918
381.69865,131.7494499999999,6.496549999999864
380.8243,123.94990000000011,-5.017899999999818
380.05820000000017,116.17079999999986,-16.489600000000173
388.60159999999996,110.15040000000003,-24.284799999999958
397.14500000000004,104.13000000000001,-32.08
413.0385000000001,97.26019999999997,-39.10330000000003
431.8957500000002,90.04789999999993,-45.81535000000007
455.19900000000047,85.04059999999997,-53.009800000000126
484.80074999999965,83.15705000000001,-60.88764999999991
514.5274999999998,81.508,-68.49399999999997
545.2167499999999,81.6646,-74.0098
575.9060000000011,81.8212,-79.52560000000021
598.2385499999995,82.69489999999998,-83.44034999999992
618.6879000000002,83.73020000000001,-86.99430000000005
641.7450000000005,92.84525000000033,-87.11924999999994
667.2359999999998,109.50139999999988,-84.04380000000002
690.0384999999999,125.25409999999997,-75.82410000000007
703.2190000000005,137.77340000000044,-49.19339999999906
716.3995000000001,150.2927000000001,-22.562699999999793
708.608,170.8640000000003,12.580000000000467
698.9814499999999,192.1398500000004,48.467500000000655
684.0845000000002,195.53360000000006,75.2505999999998
665.96675,187.9994,96.46989999999991
655.3110000000001,182.66739999999996,114.50560000000038
660.3787500000001,181.97575,125.83300000000008
665.0158999999999,181.17559999999995,137.14320000000012
651.3525499999997,175.76419999999993,147.7224000000002
637.6892000000001,170.35280000000006,158.3015999999999
605.2833499999989,172.77860000000015,166.5624000000002
565.7374999999987,178.1900000000002,173.94000000000025
530.4651499999999,188.30595000000008,177.5806
500.96779999999967,204.77940000000018,176.1712
473.96964999999983,222.03055000000035,173.2971499999998
464.2387000000001,244.65489999999974,160.30370000000016
454.5077499999997,267.2792500000006,147.31024999999966
459.9400000000003,277.48000000000025,131.65639999999948
468.53125,285.09250000000003,115.44829999999993
485.1472000000002,298.9173000000002,99.25399999999985
508.9155999999996,318.2791499999996,83.0720000000003
535.2439999999996,338.2759999999997,67.61700000000016
570.148400000001,360.4001000000006,54.597449999999675
605.0527999999999,382.52419999999995,41.577900000000035
639.1188500000001,397.08695000000006,35.02214999999998
673.1228000000003,411.08960000000013,28.945199999999954
697.0837499999997,419.0422499999999,25.032500000000052
715.2015000000004,423.4749000000001,22.37899999999995
731.1529500000003,427.34060000000005,18.78879999999987
742.7718,430.07239999999996,13.325200000000022
754.3054500000001,432.82054999999997,7.984149999999998
763.4535000000003,436.0265000000001,6.074499999999926
772.6015499999997,439.2324499999999,4.16485000000004
788.5048000000003,447.47520000000014,5.183200000000035
806.8357000000004,457.52805000000023,7.253800000000046
824.2602999999999,460.10820000000007,7.747400000000008
840.51625,453.0525,6.2075
857.9764000000009,444.8813999999995,4.946000000000018
882.9627999999994,429.73905000000036,5.424499999999989
907.9492000000004,414.59669999999977,5.903000000000008
934.7825000000006,412.53595,9.808850000000096
961.9699999999998,412.984,14.37199999999997
987.8697,422.1905,13.588900000000006
1012.6734000000009,438.8510000000006,8.255799999999805
1036.1950500000003,453.5259500000001,-0.7712000000001851
1055.6874000000003,461.9606000000001,-21.407600000000294
1075.1797500000002,470.39525000000015,-42.0440000000004
1072.4009,428.40400000000034,-33.55400000000008
1068.26405,383.3380000000001,-23.288000000000025
1047.531599999999,352.18799999999914,18.648800000002097
1017.6122999999998,328.7414999999998,78.11765000000045
982.5614999999993,325.17750000000046,139.31450000000083
937.7608499999992,359.3902500000006,203.79455000000118
892.0858000000027,394.5203999999977,265.71859999999964
828.2669499999981,448.68660000000153,274.60565000000025
764.4480999999978,502.8528000000018,283.4927000000003
700.0767500000017,548.3934999999989,259.97725000000094
635.5183999999971,591.0148000000019,225.49479999999846
565.1919500000013,609.5965000000001,192.73615000000046
487.7663000000008,598.5910000000001,162.0991000000003
410.4992500000004,584.9933000000002,136.1037
334.135,556.64,136.53
257.7707499999996,528.2866999999998,136.9563
208.23149999999953,491.02009999999956,166.03170000000037
163.4047499999993,452.18764999999934,200.14005000000054
141.80279999999993,429.33679999999976,233.6940000000007
139.07099999999994,419.4709999999998,266.79750000000087
144.24049999999903,411.0869000000001,292.19439999999986
172.75475000000105,407.08054999999985,294.82180000000005
201.2690000000012,403.0741999999998,297.4492000000001
241.07124999999925,387.9085000000003,275.22225000000043
281.41749999999945,372.2050000000002,251.7975000000003
311.75170000000145,348.1623999999984,230.70404999999886
336.81639999999993,319.7308000000001,210.83760000000007
352.44005,294.41624999999993,191.49194999999997
351.0089,274.73249999999985,173.08709999999985
348.5044999999998,255.6449999999999,154.92599999999982
328.39879999999965,246.33599999999984,140.76239999999976
308.2930999999995,237.0269999999998,126.59879999999967
276.4757000000013,247.09559999999942,116.37870000000034
240.93184999999878,263.32980000000055,107.4133499999997
225.63200000000032,266.36799999999954,98.87399999999968
234.11884999999984,253.90090000000026,90.83520000000017
243.2202999999998,245.5140999999998,83.74420000000003
255.52645000000066,258.4031500000007,81.59529999999988
267.8325999999999,271.2921999999999,79.44640000000001
292.8325,275.17375,67.69375000000001
319.8634000000001,277.6141,54.404499999999935
334.83785000000006,273.84124999999995,47.49504999999998
340.4624000000001,265.2499999999999,45.53319999999997
336.59829999999937,256.71394999999984,43.53569999999996
306.3309999999992,248.33149999999978,41.43899999999995
276.063699999999,239.94904999999974,39.34229999999994
233.50719999999842,234.6115999999998,35.17499999999985
190.51180000000102,229.38290000000012,30.9337500000001
158.49579999999875,215.29759999999914,30.421900000000065
131.96949999999862,196.78399999999903,31.774750000000072
111.02560000000008,183.05120000000005,32.25880000000001
99.67645000000003,177.5354,31.249600000000004
89.035,170.84149999999994,29.966199999999986
87.94749999999999,148.24324999999982,24.981099999999962
86.85999999999999,125.64499999999971,19.995999999999935
82.4224999999999,111.74669999999979,24.364100000000132
76.98499999999987,100.44539999999974,31.52420000000017
72.18504999999988,89.4823499999997,36.78395000000009
68.10040000000012,78.89880000000034,39.9115999999999
61.898500000000425,70.67099999999992,43.73524999999981
45.533799999999275,73.75080000000014,50.899700000000315
29.169100000000256,76.83059999999995,58.064149999999884
14.005200000000158,75.47960000000002,61.00679999999998
-0.9848999999999215,73.4873,63.338399999999986
-7.6475,70.2025,63.019999999999996
-8.147750000000002,65.96124999999998,60.740599999999986
-6.38119999999992,64.03120000000004,59.1116
1.335700000000121,68.16805000000006,59.1899
9.052600000000162,72.30490000000009,59.26820000000001
19.260000000000268,74.05750000000005,58.90874999999999
29.525999999999648,75.75399999999993,58.539000000000016
25.05969999999958,79.23230000000015,56.11604999999987
13.601799999999521,83.55620000000017,52.718699999999856
0.8552500000002716,84.42995000000008,49.87575000000003
-13.999999999999806,79.65800000000006,47.940000000000026
-27.593849999999954,75.02674999999982,45.93389999999984
-26.771700000000003,72.0035,43.12380000000001
-25.94955,68.98024999999998,40.3137
-15.838599999999902,64.81459999999996,37.48319999999998
-3.1322499999998343,60.32974999999994,34.64699999999996
11.558600000000308,56.79409999999995,31.758299999999945
28.375700000000396,54.27544999999994,28.81334999999993
43.29440000000019,51.5759999999999,26.185199999999966
49.78895000000022,48.07424999999988,24.96284999999996
56.28350000000025,44.57249999999986,23.740499999999955
52.47545000000011,48.277949999999905,23.788649999999997
47.329399999999744,52.91940000000023,24.00180000000001
39.34009999999945,53.02184999999983,23.12609999999991
29.34380000000005,49.92030000000002,21.481800000000007
22.34875,47.48125,19.494999999999997
22.7968,46.685199999999995,16.658799999999985
23.244850000000003,45.889149999999994,13.82259999999997
23.1726,57.09870000000018,12.843999999999985
23.094299999999997,68.44785000000023,11.88699999999998
20.4539999999999,76.34400000000016,8.277999999999874
16.66079999999988,82.6863000000002,3.475599999999849
8.711100000000418,85.30560000000008,-0.2778999999999394
-5.717849999999661,82.12140000000008,-2.3963499999999502
-20.673600000000945,78.6179999999997,-4.403200000000043
-40.831499999999735,71.96250000000009,-5.307999999999988
-60.98939999999984,65.30700000000006,-6.212799999999993
-65.919,46.97325000000006,-9.974199999999989
-66.876,25.592999999999943,-14.480800000000013
-61.86674999999991,-3.2327000000002784,-17.979050000000022
-50.752499999999856,-39.677000000000476,-20.44550000000003
-37.92294999999964,-72.20280000000031,-22.611900000000016
-18.03039999999953,-88.5936000000004,-23.54280000000002
1.8621500000005717,-104.98440000000048,-24.473700000000026
26.988499999999192,-116.93309999999964,-26.85149999999992
52.71875000000101,-128.36925000000045,-29.3962500000001
63.0856,-132.08079999999993,-29.801199999999955
63.1117,-130.59310000000002,-28.765900000000016
62.52030000000002,-123.39060000000023,-28.31039999999999
