97.18137500000002,-28.5352,-47.754475
-33.2,16.77,-50.29
-29.995975,15.74815,-49.70745
-26.79195,14.7263,-49.1249
-49.51197500000001,10.8586,-54.238375000000005
-74.92930000000001,6.694799999999999,-59.944500000000005
-86.598125,-0.16212500000000318,-62.201875
-95.07374999999999,-7.644549999999996,-63.658249999999995
-87.23610000000002,-19.61714999999998,-63.381575
-72.96839999999999,-33.35960000000001,-62.4218
-60.188199999999995,-48.37237500000001,-63.437425000000005
-48.30799999999999,-64.15375000000002,-65.64825
-41.69495,-80.19520000000001,-68.508
-39.7754,-96.46839999999999,-71.946
-43.37119999999999,-109.934125,-75.8239
-54.14359999999999,-119.74674999999999,-80.2742
-68.65187499999999,-127.87424999999999,-86.48112499999999
-90.40200000000002,-132.73520000000002,-96.09320000000001
-111.04057499999999,-137.359975,-106.499575
-128.27355,-141.26115000000001,-119.33955000000002
-146.17497499999996,-144.592475,-132.79359999999997
-167.81050000000002,-144.7405,-149.67800000000003
-189.465825,-145.25895,-166.48705
-211.44515,-151.8389,-182.06310000000002
-233.42447499999997,-158.41885,-197.63915
-248.78899999999996,-168.36599999999999,-213.15999999999997
-263.901875,-178.44125,-228.67875
-284.45539999999994,-186.31285,-244.93204999999998
-305.8282999999999,-193.85257499999997,-261.29597499999994
-333.8315999999999,-200.3341,-279.3286
-363.7612999999999,-206.50817499999997,-297.84604999999993
-397.7339999999999,-213.53374999999997,-313.9455
-433.60379999999986,-220.95887499999998,-328.91035
-469.2020000000001,-224.4724,-339.89920000000006
-504.6086250000001,-225.22685,-348.08355
-534.58205,-223.6031,-352.2541
-558.9488749999999,-219.52525,-352.28275
-578.3130000000001,-213.41059999999996,-347.05219999999997
-590.10725,-204.21394999999998,-333.86365
-602.8382,-194.26330000000002,-320.04725
-617.7171,-182.58365000000003,-304.7911250000001
-637.8150000000002,-171.09399999999997,-291.407
-677.614625,-160.3216,-285.089675
-717.59575,-151.02485,-279.54675
-758.9711250000003,-153.06377500000002,-279.952625
-799.6379000000001,-155.22590000000002,-280.57740000000007
-807.1776249999999,-163.14762499999995,-291.4357499999999
-814.71735,-171.06935000000001,-302.29409999999996
-798.512525,-169.46405000000001,-304.89982499999996
-780.4296,-167.10520000000002,-306.8528
-755.7322750000001,-165.35055,-315.20154999999994
-729.70375,-163.7175,-324.83750000000003
-695.8074250000001,-178.76827499999996,-332.883675
-659.1211000000001,-199.7352999999999,-340.36609999999996
-634.8485499999999,-225.34865000000005,-351.655375
-617.4389000000001,-253.53069999999983,-365.04924999999986
-624.260625,-280.97774999999996,-380.36462499999993
-650.929,-307.8227999999999,-397.25379999999996
-672.69275,-319.523325,-416.09177500000004
-688.5935,-313.12005000000005,-437.2593499999998
-701.063225,-299.247525,-452.11514999999997
-707.4665,-272.16850000000005,-455.811
-711.23435,-250.84227499999997,-455.3631
-707.7677,-245.30805000000004,-443.5402000000001
-705.448625,-241.53519999999997,-428.40245000000004
-708.6239999999999,-246.19559999999998,-397.39360000000005
-713.089,-250.7255,-366.1218749999999
-732.6856,-253.7242,-331.76574999999997
-752.2822,-256.7229,-297.409625
-752.6746,-247.8306,-253.88380000000012
-752.76055,-238.7485499999999,-210.21164999999954
-732.3232500000001,-237.33350000000002,-152.20850000000036
-709.3507249999998,-236.86555,-92.43504999999958
-684.8011999999999,-237.09300000000002,-52.170799999999815
-659.8470500000003,-237.498875,-16.9122000000004
-621.0272499999999,-254.69830000000005,9.56605000000004
-576.309375,-279.04125,32.309375
-536.8579000000001,-292.4019,50.02699999999997
-500.8114250000001,-298.66192499999994,64.49524999999996
-486.84434999999996,-288.44325000000015,77.53024999999994
-493.83017499999994,-262.5866250000002,89.20512499999991
-497.842,-230.33999999999975,101.68600000000008
-497.7274,-189.22725000000045,115.28519999999985
-492.98139999999995,-151.81124999999994,123.5338
-478.59909999999996,-122.08687499999998,120.6497
-457.28790000000004,-95.62840000000001,114.54700000000003
-412.8278750000001,-80.08100000000005,97.69125000000005
-372.43424999999985,-64.04999999999981,80.82704999999982
-357.84662500000013,-44.95000000000013,63.909225000000106
-345.03940000000017,-26.07799999999991,47.212199999999925
-372.9588250000001,-12.421499999999934,35.565974999999945
-400.87824999999964,1.2349999999998373,23.91975000000014
-434.48560000000003,6.642425000000006,27.364400000000007
-468.4072,11.594099999999997,31.6428
-492.03942499999994,20.543349999999975,33.23985
-513.9041499999998,30.17929999999996,34.37629999999999
-504.9128750000001,32.721125,31.358500000000024
-486.13280000000015,33.0124,27.022800000000032
-486.1138,35.354725000000016,18.870749999999948
-495.5491999999999,38.73064999999996,8.795500000000114
-503.30600000000004,28.999324999999963,-5.282775000000033
-509.80000000000007,9.4075,-22.372500000000002
-512.214925,-9.797574999999966,-34.40034999999999
-510.14735,-28.577649999999934,-40.865699999999975
-507.87902499999996,-35.87482499999989,-39.319299999999856
-505.2862,-24.61060000000008,-24.8224000000001
-504.579875,-12.002999999999904,-8.63837499999988
-508.53835000000004,3.9264000000000667,11.717450000000085
-508.16042500000026,15.213225000000099,28.259499999999992
-489.7337000000003,7.176900000000114,28.92799999999999
-470.929825,-2.854899999999965,26.64532500000004
-448.71175000000005,-30.950999999999915,-2.3532499999999104
-426.5281500000001,-59.0042749999999,-31.29084999999992
-410.8948000000001,-78.92079999999987,-48.643199999999894
-395.2614499999999,-98.83732500000013,-65.99555000000012
-425.03340000000014,-105.75605000000003,-58.63119999999996
-459.2414999999996,-111.40487499999993,-48.85200000000012
-491.0978999999996,-124.99799999999979,-39.18590000000013
-522.4266750000005,-140.3735000000002,-29.545174999999865
-529.1224500000001,-153.28569999999996,-24.492950000000008
-526.3577250000001,-165.25184999999993,-21.202975000000013
-522.807,-169.553,-29.87699999999991
-518.7912249999999,-169.319025,-45.629725000000114
-512.5977499999999,-165.08919999999998,-61.492100000000086
-504.504125,-157.37279999999998,-77.45015000000006
-503.48959999999994,-146.2628000000002,-87.10609999999998
-511.4924999999999,-130.83000000000024,-88.73437499999997
-517.8982,-119.54365000000001,-88.71265
-521.2788999999999,-116.11042500000002,-85.56592500000001
-518.4172000000001,-113.30600000000001,-83.3792
-496.9583500000001,-112.37487500000002,-84.052475
-475.93824999999987,-111.93275000000001,-85.59875000000004
-457.2727749999999,-114.11492500000001,-91.83012500000002
-439.21119999999996,-116.2497,-98.13620000000002
-430.1578000000001,-117.67742499999999,-105.55654999999989
-421.1044,-119.10515000000001,-112.97689999999999
-409.76624999999984,-108.71599999999988,-121.2482500000001
-398.35400000000004,-97.94360000000006,-129.54719999999998
-374.5921000000005,-93.40447500000008,-132.47292499999995
-349.05539999999945,-89.76114999999992,-134.62645000000003
-329.5643749999999,-89.008425,-132.94322499999998
-311.7775000000002,-89.0705,-130.17850000000004
-297.101875,-94.50030000000001,-123.1792
-283.8512499999998,-102.38860000000011,-114.24039999999988
-273.256125,-108.74574999999999,-103.64897500000004
-264.4939999999999,-114.04600000000005,-91.91679999999987
-257.527375,-119.22987499999996,-78.25850000000008
-252.3751500000001,-124.29614999999988,-62.65380000000035
-246.52800000000008,-124.11487500000007,-47.293575000000146
-239.652,-116.16449999999998,-32.29529999999995
-233.60495000000006,-110.588875,-18.990325000000123
-229.4125,-110.32625,-9.473749999999999
-224.3641749999999,-112.33912500000014,0.2191250000001368
-216.18460000000005,-122.67699999999996,10.556999999999963
-207.44727499999988,-132.22597500000003,19.895525000000017
-194.6359500000001,-136.01254999999998,21.934449999999984
-181.7239999999999,-139.61612499999998,23.892499999999995
-165.06880000000018,-136.41210000000004,22.842000000000013
-148.41359999999997,-133.208075,21.791499999999996
-135.9414000000002,-123.40915000000015,24.625849999999954
-123.77470000000001,-113.12857500000001,27.743924999999997
-125.62800000000006,-96.85199999999979,27.297999999999988
-130.19767499999998,-79.41370000000008,26.161550000000005
-136.30449999999988,-60.17555000000043,22.4300500000001
-142.94174999999996,-40.31632500000016,17.80307500000004
-151.37700000000007,-21.405699999999914,12.05699999999997
-160.78374999999988,-3.0076250000002194,5.706250000000075
-169.18615,9.49420000000001,-1.2725500000000096
-176.7831749999999,17.26789999999988,-8.754974999999884
-182.6378,21.996799999999997,-16.034999999999982
-186.45302500000005,23.16190000000001,-23.078125000000075
-189.62775,21.99075000000003,-29.237499999999972
-191.69532499999994,16.781225000000116,-33.869249999999894
-190.94059999999982,12.521999999999966,-39.08730000000014
-182.64164999999997,10.802999999999994,-45.872575000000026
-174.66400000000007,7.979850000000103,-52.31529999999994
-168.17,0.05812499999999954,-57.17625
-160.70559999999978,-7.234000000000005,-61.776400000000024
-142.62745000000007,-7.639874999999999,-63.524049999999995
-124.54929999999983,-8.045750000000005,-65.27170000000002
-109.0888000000001,-12.48677499999997,-65.2333
-93.65600000000038,-16.970499999999895,-65.176
-80.46757500000014,-21.79194999999995,-65.69154999999999
-67.54164999999998,-26.652900000000013,-66.2741
-49.80770000000027,-32.332399999999915,-65.82772500000002
-30.87960000000002,-38.21519999999999,-65.1258
-19.076124999999895,-46.99712500000012,-61.17374999999994
-10.228050000000042,-56.98164999999995,-55.87350000000003
-2.982875000000133,-65.39837499999985,-49.48807500000015
3.248499999999948,-72.82349999999994,-42.41630000000006
10.898050000000042,-79.32792500000004,-33.39422499999995
19.865499999999894,-84.97674999999994,-22.55975000000013
29.179225000000013,-89.98365000000001,-14.776949999999996
38.96319999999985,-94.11879999999994,-11.138400000000056
51.397899999999964,-95.15120000000002,-8.844899999999999
69.2182000000002,-89.87959999999994,-9.284200000000004
87.31974999999989,-83.28500000000005,-10.251124999999984
106.33379999999957,-72.39800000000024,-12.92989999999994
124.92327499999985,-59.987525000000204,-16.390324999999923
140.93385000000006,-38.32334999999992,-24.59855000000003
157.16559999999973,-16.708675000000273,-33.33642499999975
177.87,3.9049999999999976,-52.785000000000004
198.57439999999966,24.518674999999654,-72.23357499999968
211.06149999999997,22.40965000000001,-98.20229999999991
223.1422500000001,19.176974999999967,-124.49345000000025
200.0491000000002,2.217500000000136,-140.2352999999999
171.1651250000007,-17.001874999999544,-154.24037499999966
125.85979999999904,-21.10659999999999,-154.75869999999992
75.49309999999988,-20.552699999999998,-151.12014999999997
39.07520000000042,-12.270800000000172,-142.60480000000015
9.522725000000035,-0.18527500000001407,-131.68915
2.5890000000001177,4.301999999999987,-120.25099999999986
12.310899999999954,3.1942000000000057,-108.42810000000006
24.769800000000128,0.5453999999999635,-97.50449999999992
40.17394999999987,-3.7616499999999644,-87.54862500000009
57.607549999999485,-6.660849999999983,-81.94579999999996
78.24987499999976,-7.334124999999992,-83.22549999999998
101.0943999999992,-8.099799999999972,-87.34019999999968
129.2478000000004,-9.088225000000014,-98.28927500000016
156.70674999999994,-9.601650000000005,-108.0157
181.36962500000027,-8.202574999999985,-112.81935000000006
204.18149999999994,-6.871000000000005,-116.67800000000003
211.16732500000006,-6.116549999999995,-112.45689999999998
218.05380000000002,-5.455349999999925,-108.25530000000002
215.55170000000007,-13.606274999999787,-105.89645000000006
213.04960000000003,-21.757199999999894,-103.53760000000004
221.8831250000003,-27.003125000000146,-109.6093750000002
231.75305000000012,-31.98345000000006,-116.4519500000001
249.88117499999993,-22.865175000000043,-125.49252499999997
269.7977000000002,-10.693699999999884,-135.00910000000007
266.4456250000001,-7.442549999999999,-132.28325000000004
254.3887500000003,-7.5284999999999975,-124.97750000000018
227.0979750000004,-6.731150000000014,-111.82442500000018
190.994200000001,-5.422800000000036,-95.28860000000046
164.0934750000003,-1.413275000000091,-82.28310000000015
145.05554999999947,4.904050000000181,-72.29379999999972
140.30612500000018,10.977000000000068,-67.164375
153.37529999999995,16.745199999999972,-68.0955
174.74912500000033,19.211974999999967,-68.557625
211.4927499999997,15.56865000000003,-68.15175
245.42132499999934,13.652574999999922,-66.22197500000016
271.19199999999967,16.741999999999962,-59.876000000000076
293.3937999999999,20.378574999999813,-51.90872500000047
297.17560000000003,26.839150000000092,-35.57344999999977
301.24924999999996,33.20709999999999,-20.229100000000006
309.3190000000001,38.30680000000005,-18.452799999999982
317.38874999999996,43.406499999999966,-16.676500000000008
325.33760000000007,40.587249999999976,-25.134850000000064
333.2831999999999,37.555125000000025,-33.86832499999992
352.85859999999946,34.88840000000007,-51.48899999999951
374.02617499999974,32.27170000000004,-70.32637499999976
388.54124999999965,38.81999999999973,-82.67249999999969
401.2379750000002,47.87340000000012,-93.24435000000014
391.4551000000001,55.76189999999997,-99.50639999999999
371.62452499999984,63.129725000000064,-103.84210000000004
357.87870000000004,60.556750000000065,-112.05664999999993
348.2427500000002,51.26937500000022,-122.89112499999975
352.5363999999998,40.97160000000012,-132.31679999999992
370.6145499999995,29.673950000000307,-140.34834999999978
387.4115499999998,23.547699999999978,-149.02534999999986
402.35252500000047,24.91335000000004,-158.63742500000026
418.68100000000027,30.58850000000018,-165.99800000000002
438.0388499999999,45.67272499999993,-168.44279999999998
457.03970000000015,61.87625000000017,-165.0485499999998
474.7740499999998,82.05062499999983,-140.9395750000002
491.35939999999977,99.96479999999994,-114.70900000000103
499.94962499999986,102.15174999999996,-73.71562500000049
508.8378999999995,104.33764999999994,-33.40265000000055
526.9160500000003,106.49117500000003,-14.068674999999722
544.9942,108.6447,5.265299999999955
604.8509499999989,120.62084999999976,-5.9604999999997474
667.5085000000015,133.2555000000003,-19.235000000000316
733.9696750000005,156.7898500000002,-46.552725000000216
801.1395999999993,182.35519999999977,-76.48719999999972
834.2397749999994,217.79469999999898,-93.03329999999968
855.9039499999991,256.5485999999983,-105.08539999999948
840.9806249999999,279.315,-99.41875
806.7390999999985,293.6400000000006,-84.39659999999937
759.7913249999984,298.1932249999999,-62.06634999999926
702.8685499999995,295.07515,-33.998899999999736
666.7450750000002,298.95914999999997,-4.88570000000022
654.4590000000003,310.86799999999977,25.425999999999277
660.2690499999985,319.5410249999999,50.996674999999286
696.6641000000001,322.74505,68.55435000000004
743.288149999999,319.6712250000003,81.384425
816.546200000002,300.25129999999945,81.90490000000001
885.9673750000006,276.76524999999947,83.59525000000008
938.2870499999998,235.1559000000002,90.49989999999997
989.2930499999992,196.44675000000018,100.1249749999992
1026.8532000000007,187.4219999999998,137.5944000000008
1064.41335,178.39724999999996,175.06382500000018
1069.5927499999998,225.21349999999944,203.06649999999968
1074.6017249999998,272.3236499999986,231.0193499999992
1069.2778000000003,313.27189999999814,231.43930000000012
1062.81245,353.53947499999987,228.817825
1050.7838500000003,385.4024999999994,217.88805000000025
1037.4186249999996,415.2462500000007,204.9621249999997
1011.2013999999997,435.9270000000001,200.3254
979.7866750000003,452.90212499999984,199.04092500000002
934.1588500000014,454.5874000000002,210.4237499999995
879.7381750000022,446.8137000000003,229.6431249999992
825.3199999999999,437.9125,253.0075
770.9040999999977,427.98527499999955,280.1438250000012
731.1005999999995,418.7816999999998,305.4536000000006
710.7208999999998,410.5400499999999,328.3354000000002
702.1251999999998,406.66959999999995,352.8091999999998
716.9133749999996,411.4732499999999,380.44212499999935
728.7219,416.1791500000001,410.0588000000007
731.13805,420.576925,445.9286000000001
730.5750000000003,421.98640000000023,479.39529999999974
712.6687500000006,405.9997000000005,498.8725249999994
694.7702499999998,390.2692499999999,516.5419999999999
677.0120250000001,379.17692500000004,501.4912000000001
659.2538000000004,368.08460000000025,486.44040000000035
617.5042749999991,403.5246000000008,444.35592499999905
574.7059499999998,440.9988000000002,401.0896499999998
530.9753750000006,451.5573749999999,365.9496250000004
487.09790000000123,457.8746999999998,332.090100000001
460.98905000000093,462.8028749999998,309.99057500000083
440.19870000000003,467.31525,291.41105000000005
435.4946499999999,462.0139500000002,278.6171750000002
438.5220000000001,451.99599999999975,268.60399999999976
446.6942000000001,440.7292999999999,256.99797499999994
458.5743999999999,428.5626000000001,244.24395000000013
462.9262500000001,413.91280000000046,229.19282500000045
459.34500000000014,396.64640000000077,211.72110000000075
456.495,369.8325,193.05125
454.776,328.2518000000007,172.52830000000034
445.6541249999993,285.3515499999988,155.31419999999974
419.12899999999973,239.34919999999957,145.8787999999999
392.1641500000002,200.76660000000007,141.91899999999987
363.4855000000007,191.10200000000023,159.29999999999959
332.68112499999904,180.8866749999997,175.69190000000017
284.6684999999999,166.21309999999997,184.07680000000002
237.2115500000002,151.70460000000008,192.16950000000017
224.5769000000004,147.54080000000013,181.95100000000033
211.94224999999983,143.37699999999995,171.73249999999987
234.04999999999987,124.8032000000001,154.5092000000001
259.11874999999947,105.00127500000042,136.6889000000004
244.8059999999995,90.69379999999971,119.97854999999966
222.2679999999999,77.53389999999993,103.50002499999992
204.1085000000002,81.29999999999987,99.33449999999999
187.5440250000005,91.23199999999972,99.65442499999999
164.26345000000123,85.55715000000066,96.59190000000022
137.18442500000006,71.05547500000003,91.61635000000001
124.96180000000001,65.35480000000007,85.59299999999972
125.167125,67.01650000000005,78.69312499999984
127.36335000000004,66.99905,71.76529999999995
131.99032499999996,64.93147500000002,64.80335000000007
132.5339000000002,76.43159999999905,56.836700000000256
125.69132500000029,112.47329999999846,47.05272500000042
135.89249999999998,142.495,39.86125
194.15704999999903,155.5402999999998,39.980624999999996
243.72800000000015,160.01999999999902,41.43120000000021
250.10262500000005,121.93937499999964,49.49617500000008
253.30380000000025,84.7162500000002,57.38824999999996
216.38350000000088,58.334375000000634,63.094374999999864
179.4631999999993,31.952499999999496,68.80050000000011
127.95222499999987,45.19592500000003,72.53845000000001
76.12915000000073,59.2869499999998,76.23429999999995
45.06772500000088,112.4634499999982,79.03022499999992
16.70900000000135,170.72799999999722,81.70899999999988
32.819774999999865,149.0456000000002,80.522175
60.71054999999941,106.18520000000092,78.31135000000005
100.01605000000094,52.964099999998766,77.6001
144.2994000000002,-4.775200000000275,77.5428
150.5091250000002,-40.89737499999974,80.32312499999995
131.55715000000055,-62.73344999999938,84.97874999999986
94.97785000000243,-72.78402500000007,92.72624999999951
41.31640000000013,-71.4136,103.46999999999997
-11.175850000002058,-66.4545999999996,106.89242499999972
-62.01050000000121,-56.40799999999976,99.93524999999984
-99.92077500000008,-39.57514999999978,96.48252500000004
-110.2872999999999,-8.279800000000298,100.49829999999996
-113.9608750000005,19.641124999999573,102.18132500000016
-94.59825000000083,35.9477499999993,95.83535000000026
-77.560625,45.764374999999994,90.61375
-75.96100000000003,12.487400000000555,92.85799999999996
-75.87652499999868,-17.856400000001557,94.75207500000025
-115.61885000000038,28.900400000000445,87.44154999999992
-155.36117499999972,75.65719999999966,80.13102500000005
-119.48100000000096,132.51649999999864,58.96500000000052
-78.97944999999923,189.9931750000011,36.95224999999958
-69.20119999999999,153.33164999999985,28.377399999999987
-64.92280000000005,99.81822500000077,22.20810000000009
-60.51120000000014,90.51279999999984,18.77840000000008
-56.05612500000021,95.63637499999976,16.242875000000122
-56.82689999999998,100.62449999999997,19.89394999999997
-60.29355000000013,105.5427500000002,26.736525000000263
-64.68090000000011,56.18289999999807,36.427600000000254
-69.77582500000003,-34.89067500000043,48.30780000000006
-60.4910000000003,-100.85874999999955,52.22975000000007
-35.068900000000724,-138.65287499999891,47.220775000000145
-12.260400000000836,-166.40299999999948,42.28920000000022
6.228399999999954,-177.55262499999998,37.48555000000001
32.23264999999914,-183.44265000000016,31.62890000000016
77.30387500000107,-175.98887499999984,23.100749999999795
119.48790000000021,-170.2469,13.062399999999883
149.24092499999972,-171.87517499999998,-3.478199999999843
179.0546999999992,-169.06420000000116,-19.653399999999667
