72.58812500000002,130.67,-69.361875
205.31,49.93,-73.26
160.12062500000002,-73.82,-114.80562499999999
77.97875,-91.81625,-116.24125
-10.383125000000092,-14.150000000000091,-77.33187500000005
146.9924999999999,138.8599999999999,30.777499999999932
103.11375000000001,125.37937500000001,42.081250000000004
-36.97124999999993,31.000000000000036,7.654999999999989
-92.47312499999992,0.6950000000000394,16.372499999999988
-116.96999999999998,9.134999999999973,17.195000000000004
-115.83562500000005,27.131874999999994,15.788124999999999
-77.35625000000005,31.86874999999999,16.33125
-37.875625,40.858125,18.42125
-6.527500000000041,46.190000000000005,20.534999999999997
10.199375,43.4675,22.08875
15.644999999999989,35.75125000000002,24.092499999999994
11.959375,27.401249999999997,24.581875
-1.3299999999999657,18.890000000000022,23.200000000000003
-15.293125,13.946874999999999,28.15
-30.44124999999996,7.788750000000018,32.29749999999999
-45.918125,0.203125,35.925
-54.807499999999976,-11.53249999999997,41.039999999999985
-59.16,-24.178124999999966,45.59499999999999
-61.27125,-36.87125,50.57625
-64.963125,-47.438125,58.915625
-72.30999999999996,-56.41499999999996,68.87499999999994
-84.1606249999999,-64.51062499999996,79.04062499999995
-104.36625000000001,-71.84625000000001,88.13625
-129.06625,-85.04875,88.38375
-155.76999999999984,-99.44749999999993,86.33000000000001
-184.23249999999985,-113.65812499999993,83.69000000000001
-222.26375,-125.88749999999999,81.96249999999999
-269.7674999999997,-139.9562499999999,84.34812499999995
-327.4899999999997,-156.4699999999999,91.55999999999996
-384.586875,-193.155,89.085
-451.655,-215.15875,88.75874999999999
-525.4543749999997,-222.0962500000001,90.22375
-583.4724999999997,-200.71500000000012,91.695
-629.5381249999998,-190.77875,96.49562499999998
-664.05625,-191.82625000000002,102.69625
-677.345625,-212.87062500000002,106.63562499999999
-679.08,-232.29999999999993,107.375
-678.5606250000001,-244.35500000000002,106.75500000000001
-683.58625,-238.36000000000004,105.71000000000001
-706.5218749999998,-214.59562500000015,95.46812500000007
-738.01,-189.5075,82.4525
-777.4999999999998,-169.01312500000012,68.15937500000007
-792.1775,-176.40625,71.05375
-797.876875,-188.288125,80.048125
-795.78,-202.20999999999987,94.29999999999986
-801.61,-188.625,113.831875
-806.88875,-167.31125000000029,128.1549999999999
-811.0643749999999,-139.88875000000002,137.431875
-808.8025,-115.785,139.6525
-783.4362500000004,-88.8025000000003,146.1124999999999
-740.28,-57.300000000000004,156.345
-676.48,-12.860000000000001,172.6525
-612.8900000000007,46.20999999999933,186.30999999999986
-552.271875,108.536875,199.465
-499.36875000000055,164.91874999999942,213.92999999999986
-449.2443750000005,215.5406249999995,220.39624999999995
-411.7475,257.4125,238.03
-395.26812500000017,286.2118749999997,278.3174999999996
-312.5575000000009,328.61749999999955,363.7674999999991
-229.87687499999998,386.54,388.543125
-155.18000000000077,461.4499999999992,335.09000000000054
-124.44875,401.754375,169.92499999999998
-91.13375,304.99375,60.75499999999999
-66.03562499999919,185.72250000000037,11.700624999999121
-144.6375,150.22,97.1775
-274.03312499999834,148.4312499999998,160.77937499999948
-413.6887499999994,160.45875000000012,196.09625000000037
-468.90187499999996,147.966875,160.38062499999998
-391.4600000000013,82.91500000000087,118.47500000000045
-267.59875000000113,-25.445624999998216,90.04874999999986
-152.60750000000118,-196.73624999999822,103.75749999999987
-84.298125,-316.164375,146.65437500000002
-37.5225,-383.3975,172.51500000000001
-10.276875000000281,-379.45812500000005,157.21125000000015
-32.68125,-410.65,132.345
4.924374999999998,-446.195625,121.71000000000001
120.4999999999988,-482.7499999999996,129.29999999999993
102.63875000000019,-631.5318749999984,23.2806250000011
120.95374999999999,-706.04125,-93.3475
210.07437499999492,-687.6931250000034,-177.99687500000334
705.7824999999948,-359.7075000000034,145.54749999999666
844.744375,-162.543125,441.826875
815.9724999999986,-36.566250000001446,619.843750000003
949.7462499999987,105.46437499999853,335.7893750000029
483.12,125.05,89.265
-239.2862499999917,77.46750000000108,-86.14624999999977
-1043.3724999999918,-26.784999999998924,-109.45249999999976
-1316.543125,-58.846250000000005,-123.5
-1314.4,-27.102500000000006,-172.9275
-1036.925,88.225625,-287.870625
-709.60625,142.535,-151.13875000000002
-376.11875000000003,164.789375,-51.036249999999995
-41.21000000000692,155.90000000000018,-25.090000000000536
7.499375000000001,149.6575,-187.869375
-51.577500000000015,148.3275,-255.02375
-190.35499999999922,152.79499999999956,-242.23125000000033
-227.91999999999922,174.29999999999956,-226.8450000000003
-191.985,166.755,-246.30124999999998
-112.04624999999999,142.37375,-278.12874999999997
-23.090625000001836,116.92937500000052,-276.031875
18.365000000000002,96.33,-266.31
21.497500000000002,72.06125,-253.05562500000002
-30.064999999998932,33.162500000000804,-238.00625000000034
-146.8325,-32.2525,-256.639375
-270.8025,-78.10249999999999,-277.4375
-382.0193749999977,-79.40187499999998,-288.9256249999998
-236.79250000000002,-44.53875,-240.88250000000002
-37.30250000000001,-50.340624999999996,-200.14875
196.52999999999517,-109.27999999999878,-175.33000000000052
329.12812499999995,-157.44625,-104.400625
394.0875,-193.58625,-92.42125
398.56125000000077,-217.76062499999992,-123.9487500000005
361.8350000000008,-222.49749999999992,-99.29500000000051
291.206875,-263.56875,-79.26125
237.79874999999768,-301.1262500000015,-61.86625000000036
349.05687499999766,-229.4406250000015,-44.46562500000036
396.775,-176.05,-18.715
364.4868750000038,-169.28312499999794,11.846874999999272
182.38875000000377,-268.551249999998,46.88874999999928
23.471249999999998,-260.494375,75.59125
-173.43499999999437,-263.52999999999867,68.78250000000136
-445.8362499999944,-327.71499999999867,2.2943750000013736
-522.7375,-342.76875,-82.25625000000001
-409.82937499999997,-220.40624999999997,-96.56625000000001
-92.61000000000655,60.95999999999418,-24.420000000001494
163.394375,84.73375,109.51875000000001
328.99,13.977500000000006,122.79375
393.28500000000406,-123.2443749999997,36.853125000001505
197.98000000000002,-137.3725,-35.7125
3.497499999999974,-121.0375,-20.830625000000005
-122.03125000000378,-105.03749999999869,43.448749999998725
60.61687499999623,-168.87874999999866,105.15187499999873
360.98,-270.04,176.4
683.7062499999945,-378.32624999999814,269.72624999999704
948.3524999999945,-468.29249999999814,412.38249999999704
1124.43875,-580.44375,590.09375
1232.4149999999995,-702.0374999999974,764.0699999999968
1255.6387499999996,-831.5281249999973,917.8774999999969
1333.70625,-945.5875,881.32875
1242.483125000006,-977.1787500000014,866.8818749999992
941.5300000000062,-911.6600000000013,901.7999999999993
529.160625,-799.9825,991.2575
226.40750000000438,-738.4725000000004,1074.2237499999985
14.410000000004516,-737.964999999996,1150.9037499999986
-203.4999999999955,-929.419999999996,1218.8149999999987
-383.01499999999675,-1065.382499999998,1143.2043750000032
-540.95,-1162.8375,1025.825
-700.505,-1229.7037500000001,1089.5425
-628.285,-1242.51,1142.745
-416.35312500000725,-1191.4181250000033,1201.5499999999981
-63.631250000007284,-1023.9912500000034,1285.8099999999984
288.06124999999275,-940.4893750000014,1334.8462499999991
417.5725,-902.2375,1344.8799999999999
158.666875,-910.535625,1300.3574999999998
62.223749999999995,-949.05875,1314.52875
24.292499999999734,-979.9512499999996,1332.2631249999997
37.079999999999735,-998.0599999999996,1347.2299999999998
-10.123749999999024,-927.0068750000015,1217.9456250000028
-52.52374999999921,-874.2650000000008,1135.420000000001
-82.64750000000001,-839.8587500000001,1092.794375
-30.040000000000003,-836.215,1059.5125
67.46812499999746,-812.6956250000007,1017.240000000001
172.8737499999995,-778.9000000000005,962.3975000000019
198.3593749999995,-749.9700000000006,874.1087500000018
225.18999999999943,-711.9000000000009,756.3700000000026
186.77249999999998,-681.24,636.323125
-26.985,-679.48,539.57125
-148.40249999999793,-638.170625000001,448.34312500000186
-189.9425000000013,-579.8725000000015,374.9875000000009
-127.60687500000128,-507.2243750000015,330.7606250000009
64.90999999999575,-371.35125000000295,272.01500000000124
182.88875000000002,-237.04625000000004,194.895625
195.8,-112.21,97.47
34.533125000000005,-54.77625,38.317499999999995
-106.52124999999744,-28.21250000000002,-22.52624999999871
-210.89250000000195,-13.841250000003072,-83.03749999999911
-116.87000000000195,135.8549999999969,-126.12999999999911
-27.323125000003593,261.2787499999954,-206.3312499999958
32.843750000000014,371.895,-300.6875
-27.690625,478.2925,-363.31874999999997
-98.86499999999845,549.2599999999989,-425.4899999999987
-151.7,608.86125,-485.8425
-144.99,673.5825,-541.8050000000001
-147.13374999999982,705.4874999999989,-595.2306249999979
-164.5825,735.92,-640.2574999999999
-205.37187500000002,776.5375,-671.573125
-250.08625,823.59875,-687.11375
-296.905625,862.77,-693.776875
-345.7799999999979,891.6999999999988,-691.6800000000001
-370.01437499999895,940.450624999998,-686.8125000000002
-388.21125,982.3199999999999,-684.4425
-403.533125,1016.545625,-685.82625
-440.4175,1031.6775,-703.935
-443.85499999999996,1045.4793750000001,-704.810625
-417.653750000003,1055.6387500000003,-697.7212499999999
-344.08437500000304,1052.8268750000002,-699.103125
-273.10500000000286,1039.6200000000008,-726.7649999999984
-236.115625,1034.944375,-761.2425
-287.17625,1063.41375,-787.615
-320.945625,1074.591875,-837.753125
-325.325,1076.9575,-887.18
-284.9962500000017,1070.6256250000001,-926.1199999999984
-150.65500000000594,1098.5562499999987,-941.5162499999994
-76.11875,1135.62875,-954.17375
-84.63,1179.56,-966.37
-142.978125,1213.391875,-970.5225
-181.9875,1241.325,-999.04625
-213.64937499999508,1265.5462499999985,-1044.0537499999998
-332.99249999999506,1301.8049999999985,-1050.8049999999998
-380.17874999999975,1310.4006250000002,-1048.1368750000004
-375.4925,1288.66875,-1036.84
-322.92625,1201.596875,-1010.935
-366.15,986.5699999999999,-975.975
-435.07437499999827,729.5281250000099,-905.7556250000065
-476.7437499999983,488.40125000000995,-750.5662500000064
-342.46312500000715,281.8456250000082,-585.8368750000069
-105.77249999999998,150.915,-396.46000000000004
241.71062500000002,138.88375,-167.66000000000003
688.0875,209.515,58.13374999999999
946.4506249999991,211.18125000000376,180.46125000000006
967.3299999999991,120.17000000000377,178.99000000000007
600.1018750000152,-115.75937499999024,42.87875000000564
170.42875000000004,-236.35375,-54.77625
-293.03875,-243.18687500000001,-115.864375
-574.075,-73.5325,-131.7525
-532.590625,73.126875,-73.5325
-287.9050000000136,171.17250000000257,18.70374999999774
41.84749999998637,109.58625000000255,73.44937499999773
140.86499999999947,68.92000000000135,91.39999999999982
113.959375,60.186875,98.3425
-18.00625,115.68875,112.72500000000001
-127.269375,198.52812500000002,77.16312500000001
-199.39749999999935,280.91749999999706,52.05749999999948
-215.36812499999934,351.88812499999705,64.67312499999947
-199.52000000000078,359.17749999999995,52.40750000000061
-183.82437499999997,355.605,51.35375
-172.13,346.64,66.74
-148.651875,290.96625,106.98625
-185.4962499999964,235.91125000000227,127.26749999999986
-266.3931249999992,188.68124999999895,132.69124999999906
-285.1274999999992,214.54499999999894,155.91499999999905
-250.19375,227.550625,167.51000000000002
-176.80125,229.9625,179.22
-68.34812500000001,217.76625,221.35
102.049999999992,206.69500000000045,290.2449999999967
306.39124999999035,161.05062500000574,356.7174999999986
539.3024999999903,22.086250000005744,389.9649999999986
647.1981249999967,-43.03874999999799,448.0412499999974
682.9825,-1.0349999999999966,489.3175
641.1893749999999,199.72875,491.53812500000004
597.64,226.0925,342.765
402.5431250000156,245.0631249999987,207.42062500000418
25.800000000015576,276.08999999999867,106.31000000000418
-161.33062499999227,206.28812500000288,138.0037499999987
-279.09,171.08375,159.8875
-332.1875,168.19437499999998,159.87625
-316.76,200.14249999999998,22.664999999999996
-238.16187500000473,199.00687500000083,-83.16874999999636
-104.29750000000911,184.11124999999967,-149.25875000000133
115.82624999999092,192.36812499999965,-117.18687500000132
332.17,302.45500000000004,-88.715
499.833125,440.57687500000003,-87.74
541.46125,551.6287500000001,-156.49
515.4881250000017,546.9181250000013,-278.3006249999945
358.7750000000148,541.3449999999984,-334.54000000000326
-0.4437499999851511,579.2812499999984,-255.39500000000325
-354.63124999998536,491.99250000000416,-115.04375000000604
-575.846875,462.9875,60.02812500000002
-638.1,518.95,269.42
-539.5056250000041,674.7718749999935,400.1274999999946
-361.3812500000101,792.7712499999964,480.41624999999846
-110.83875000001291,871.4549999999999,523.2706249999964
201.1349999999871,872.17,611.9374999999964
714.20125,818.99375,799.0899999999999
1325.88,677.6375,973.8924999999999
1864.22,278.04875,839.87125
1972.690000000002,67.85500000000576,745.9150000000033
1819.3462500000173,-2.3775000000047157,631.0131250000087
1397.7025000000174,111.2249999999953,420.1912500000087
894.87875,170.67000000000002,313.80875000000003
433.78749999999997,250.215,262.5575
77.298125,385.99625,267.170625
85.24624999999816,620.3337499999899,332.83374999999705
276.8568749999848,893.0674999999873,476.8581249999905
645.1299999999848,1200.0499999999872,707.5899999999905
1401.3387499999687,1526.0281249999866,802.7949999999961
1844.80875,1797.85625,789.06625
2011.04,2003.95,678.8499999999999
2011.04,2003.95,511.5400000000069
2011.04,2003.95,327.48250000000803
2011.04,2003.95,133.48750000000808
2011.04,2003.95,-62.16124999999191
2008.45,2003.95,-208.10999999999473
1943.0025000000094,2003.95,-315.2199999999978
1712.5250000000094,2003.95,-368.45999999999776
1396.193125,2003.95,-392.61312499999997
1056.5625,2003.95,-410.03
709.546875,2003.95,-426.96999999999997
321.70624999999995,2003.95,-540.5475
-53.444999999999936,2003.95,-669.223125
-408.47,2003.95,-804.42
-654.5399999999898,1965.3400000000015,-825.8424999999992
-817.9524999999961,1826.7625000000091,-784.3362500000039
-897.0837500000031,1606.1931250000084,-684.6125000000064
-822.2150000000031,1398.7675000000086,-527.1200000000065
-673.343125000008,1216.419375000007,-384.16125000000557
-479.74500000000853,1062.8987500000037,-255.74375000000416
-275.1725000000085,974.6168750000036,-155.38937500000415
-88.225,901.3299999999999,-80.03
70.3125,844.14,-18.755624999999995
170.715,814.88,29.953750000000003
192.77812500000002,841.425625,58.565000000000005
165.465,907.1700000000001,72.88000000000001
82.20875000000345,1019.8099999999953,69.99250000000012
0.17750000000338417,1144.4937499999949,31.655000000001735
-78.57187499999691,1208.0162500000006,-1.2681249999990847
-153.5299999999969,1196.7000000000005,-23.439999999999085
-304.5256249999938,1016.3137500000075,25.104374999997994
-437.27749999999514,764.0137500000129,53.27499999999954
-550.717499999997,460.74187500000886,62.07375000000063
-623.069999999997,247.03250000000884,46.93500000000063
-643.4037500000001,121.11625,34.364375
-619.50875,43.209999999999994,26.65125
-530.346875,-44.405,34.193125
-377.525,-188.15,32.775
-201.51500000000001,-361.76937499999997,24.62375
-27.330000000007203,-558.9237499999919,7.47750000000071
124.69249999999393,-698.6918749999948,-1.1637499999997205
267.9349999999944,-791.0749999999987,-12.454999999999206
404.43124999999435,-822.8512499999987,-31.691249999999204
499.76499999999623,-842.7399999999992,-57.033749999998925
556.8356249999993,-869.5181249999986,-72.94312499999984
572.9299999999993,-905.9899999999985,-76.79999999999984
560.946875000001,-990.373749999993,-88.831249999999
537.2075,-1092.0225,-100.36
505.00875,-1210.898125,-112.90625
486.185,-1358.1675,-139.815
426.625625,-1577.48875,-197.274375
357.82875000000024,-1815.802499999994,-259.7362499999997
352.21187500000025,-1954.3062499999942,-266.1506249999997
576.6849999999872,-1992.08,-232.470000000002
786.6962500000025,-1992.08,-156.6600000000061
728.0525000000024,-1992.08,-8.60000000000612
652.9725000000033,-1992.08,180.3481249999918
552.2775000000057,-1992.08,332.727499999997
413.14812500000573,-1992.08,405.21062499999704
267.15,-1992.08,546.7875
218.561875,-1992.08,694.795625
287.69,-1992.08,842.23
424.52312500000005,-1992.08,807.600625
489.39375,-1992.08,791.38
467.97375000001176,-1992.08,803.1412499999943
183.33500000001177,-1992.08,941.3149999999943
-49.68749999999159,-1992.08,982.4862500000006
-235.31124999999565,-1984.9087500000016,928.4800000000097
-340.36812499999564,-1945.4668750000017,695.6100000000097
-309.5350000000034,-1758.33500000001,448.90000000001044
-224.77312500000383,-1538.7318750000065,227.3431250000058
-132.09125000000765,-1380.2287500000132,86.70125000001163
66.239375,-1269.78,27.036875
206.4125,-1144.72,-23.200000000000003
203.72437499999998,-975.4025,-88.43
67.88624999999999,-773.3475,-153.54125
-142.85124999998823,-582.7125000000071,-237.12812499999563
-427.48999999998824,-409.71000000000714,-342.8999999999956
-616.9718749999922,-348.12375000000253,-416.29749999999694
-773.4124999999947,-339.6824999999985,-395.5137500000041
-919.27,-378.36,-273.87187500000005
-1234.6399999999999,-445.34999999999997,71.5075
-1187.020625000021,-503.3756249999956,-10.283749999973054
-929.1112500000224,-531.9725000000067,-267.77375000000416
-658.2981250000224,-451.1912500000067,-217.46937500000416
-247.67500000000004,-414.22,13.325000000000017
173.22500000000002,-414.645625,269.30625
481.71999999999997,-470.98625000000004,411.9625
651.204375,-432.489375,318.53749999999997
767.22,-355.3125,220.77749999999997
843.7249999999999,-247.326875,207.240625
857.73,-203.66625,170.0725
851.306875,-167.66000000000003,181.513125
827.8700000000019,-133.12000000000285,254.119999999994
202.66437500005173,-507.642499999969,190.0175000000053
-55.108750000003994,-509.4037500000255,50.255000000016764
-1.4481250000087584,-213.31625000001392,-119.80562500001301
104.61250000000001,-45.08500000000001,37.652499999999996
203.8175,-64.396875,117.8
278.9675,-164.945,137.27499999999998
263.49875,-148.8025,82.52250000000001
192.63,-65.225,20.975
125.68375,40.096875,-16.310000000000006
124.59750000000001,135.96875,17.9
109.375625,133.61125,20.655
109.1074999999974,86.69500000000717,15.352500000000592
140.50562499999742,0.0012500000071673512,8.181875000000593
119.39125000000219,26.876249999996837,-49.13874999999484
