423.79825,-79.67525,39.0965
-122.54,166.99,12.92
-133.7315,173.902,-17.5765
-134.5315,100.31749999999997,-26.904999999999998
-124.51450000000001,-41.6465,-16.6505
-84.136,-18.061999999999998,-8.293999999999999
-43.25875,8.927500000000002,-0.3949999999999996
-3.7900000000000027,34.8515,6.9914999999999985
13.084999999999992,13.40675000000001,12.546749999999998
10.13199999999999,-6.378000000000011,19.470000000000006
-6.503000000000004,-24.207750000000004,28.604250000000004
-23.54,-35.527499999999996,47.902499999999996
-50.89175000000004,-44.22925000000001,66.63550000000002
-85.73199999999997,-50.842,83.475
-128.7429999999999,-54.297999999999995,91.33874999999998
-166.075,-53.227000000000004,94.149
-198.2125,-50.24375,92.445
-219.98800000000003,-48.806,81.996
-234.173,-45.13575,66.037
-244.229,-40.570499999999996,47.01849999999999
-251.01950000000002,-36.162749999999996,25.411749999999966
-256.805,-38.495000000000005,9.69
-267.3924999999999,-45.66249999999998,-1.8824999999999914
-292.705,-59.904999999999994,-7.484999999999998
-311.54949999999997,-92.10774999999992,-11.706749999999992
-327.144,-114.64800000000001,-11.972000000000008
-339.40875,-102.0525,-3.7775
-360.1599999999999,-104.44999999999997,9.70799999999994
-379.9577499999999,-120.19999999999987,23.69849999999996
-393.991,-155.83999999999992,36.29399999999997
-436.11299999999994,-176.36899999999997,53.20199999999998
-484.0775,-201.26999999999998,70.32749999999999
-533.66975,-238.07100000000003,86.54775000000001
-526.742,-270.14400000000006,80.69999999999997
-535.9399999999999,-285.2305,74.00775
-578.8699999999999,-276.469,70.0995
-642.60625,-295.48249999999996,57.9975
-706.1770000000001,-318.584,33.03599999999995
-767.4602500000002,-344.01800000000003,-7.180500000000085
-756.73,-355.425,-34.468500000000084
-739.07,-355.17425000000003,-46.26050000000001
-716.93,-342.95,-41.9
-713.34575,-369.16700000000003,-27.407749999999986
-702.2085000000001,-408.16949999999986,-11.211000000000055
-682.5424999999998,-458.27575000000013,6.719500000000071
-623.4800000000001,-488.401,28.57599999999998
-563.5475000000004,-502.86625000000004,63.80499999999976
-504.9590000000002,-502.33050000000014,109.66249999999981
-471.8705000000003,-470.8822500000003,154.6512499999996
-450.90200000000004,-448.07000000000005,190.90799999999993
-442.1757499999999,-429.9417500000002,219.13049999999993
-464.72749999999996,-401.7875,231.105
-490.4454999999999,-361.3252500000002,236.033
-517.5189999999999,-311.2090000000005,239.35199999999983
-541.67725,-247.21225000000013,257.253
-553.5459999999999,-179.97100000000043,298.2344999999997
-550.06875,-107.68624999999999,350.09999999999997
-506.10600000000017,-20.348000000000365,399.07799999999975
-410.88599999999974,90.09900000000025,421.14725
-287.3505000000003,211.55849999999973,419.0915000000001
-140.24774999999937,337.5067500000006,372.2532499999998
-1.164999999999992,390.985,330.415
131.36574999999948,399.7735000000002,286.04800000000023
253.19650000000024,353.34699999999987,229.45599999999988
229.98025000000013,333.2335,177.1532500000001
100.0279999999988,334.02800000000013,135.39399999999992
-184.9975,366.62375000000003,115.765
-528.3064999999986,350.7260000000001,180.87999999999965
-770.85425,302.3644999999998,241.83475000000004
-785.387,211.1180000000002,255.94899999999998
-622.5782499999991,138.80049999999972,240.1229999999999
-449.505,54.640000000000015,234.06
-311.41349999999915,-55.25000000000069,253.4460000000001
-196.22999999999973,-190.31600000000032,304.51800000000014
-32.74900000000048,-303.7762499999999,352.7747499999999
205.14800000000102,-381.23250000000036,391.17550000000017
478.145,-649.05125,459.18875
701.924000000001,-999.6350000000027,330.14299999999764
860.6704999999986,-1434.6387499999964,-48.18774999999682
796.4345000000001,-1028.965000000001,161.17899999999952
742.0952499999999,-613.7074999999984,292.9910000000001
707.65,-222.95,316.94
849.6024999999994,-131.33225000000039,228.32600000000036
462.0959999999982,-49.20999999999985,112.5869999999997
-403.78875000000437,16.581249999998903,-25.55750000000056
-924.8549999999967,-112.98499999999918,-91.36999999999959
-1170.0225,-152.52875,-131.91500000000002
-1183.4249999999993,-113.63099999999923,-151.6910000000001
-1058.7525000000012,5.560499999998996,-164.5294999999999
-899.7160000000003,116.21999999999979,-124.12800000000016
-722.7392499999994,200.72624999999968,-55.40099999999999
-591.2425000000013,122.93250000000083,-52.89000000000003
-542.7439999999999,89.27500000000003,-80.1289999999998
-540.478,81.04899999999998,-114.17299999999994
-523.3194999999998,69.7697499999999,-86.72074999999977
-465.08050000000134,149.9484999999979,-72.27350000000013
-372.9475,271.79999999999995,-74.2675
-222.05800000000062,375.8039999999996,-119.9919999999998
-110.0995000000008,418.55674999999985,-231.90299999999883
-32.2030000000002,417.8840000000008,-372.20249999999817
-16.151499999999935,355.48699999999974,-514.3237500000006
48.715,271.38,-477.355
122.1179999999998,174.45775000000046,-364.60250000000065
171.09599999999958,62.630500000000936,-214.41500000000127
125.60549999999938,-40.74425000000086,-169.22749999999985
33.112000000002354,-123.63199999999932,-175.44399999999905
-106.91,-163.59875,-232.495
-126.57000000000004,-151.8490000000001,-275.2844999999998
-87.75750000000083,-131.8870000000001,-304.3814999999999
13.289999999998725,-119.00800000000015,-312.5759999999999
200.02400000000085,-124.24725000000004,-298.8859999999999
373.29,-128.815,-301.515
498.3269999999995,-126.8845,-338.3564999999998
563.5859999999996,-113.46400000000013,-312.6300000000003
592.6325000000002,-91.31150000000041,-268.13475000000074
579.8749999999999,-58.54699999999986,-207.71549999999976
482.0175,-90.98875,-212.465
360.2850000000006,-108.01600000000003,-192.05900000000025
217.2187500000012,-99.25450000000008,-133.6917500000005
134.5894999999993,-8.99599999999922,-71.48299999999946
82.1307499999999,35.565749999999966,-6.770249999999713
59.66,27.54,60.48
-78.71499999999942,58.44824999999987,108.4724999999998
-233.79899999999856,110.87099999999938,167.9239999999994
-397.91700000000003,179.31400000000045,232.65775000000093
-393.51599999999996,144.86199999999985,158.07699999999969
-263.78625,54.595,102.20125
-36.91850000000082,-80.18649999999943,67.96949999999978
150.88674999999841,-213.24924999999885,117.23774999999958
278.20800000000077,-321.4600000000007,178.38200000000057
350.77949999999987,-415.2557500000005,249.69875000000036
318.015,-530.4175,337.0775
363.41224999999963,-686.3154999999992,461.2059999999994
462.4569999999988,-863.7129999999986,597.6709999999994
605.6042499999983,-1026.9482499999979,680.770249999999
708.1975000000003,-1106.605,714.9455
749.69875,-1122.7275,714.1025
611.6140000000006,-1043.1720000000003,666.8120000000001
623.0639999999994,-1069.8502499999995,617.3460000000003
679.3845,-1128.9300000000003,587.2800000000003
672.38475,-1144.8600000000001,628.3200000000002
701.455,-1080.605,628.47
702.0037500000005,-1039.2487499999995,623.5397499999999
584.9924999999986,-1143.5025000000014,644.9845000000003
387.0210000000028,-1236.8099999999988,751.8047499999983
223.7339999999999,-1315.5620000000001,847.8720000000001
197.76,-1367.1725000000001,860.4675
203.04799999999994,-1388.302,855.485
234.6042499999994,-1390.6352500000003,846.0710000000001
304.4870000000006,-1369.2309999999998,835.7839999999999
343.06674999999944,-1357.08425,777.9502500000011
378.7625,-1340.1,756.195
418.8102499999998,-1312.155,809.8304999999997
329.3419999999987,-1238.471999999999,816.336
311.67050000000097,-1178.2584999999997,812.223
421.9789999999981,-1145.9530000000004,801.2340000000002
324.1625000000024,-1127.8600000000004,848.244999999999
181.27400000000074,-1100.5120000000002,879.154
2.8580000000015024,-1060.1740000000004,884.1355
-99.35200000000084,-978.2229999999993,834.3804999999995
-113.49399999999969,-918.5297499999998,795.8777499999999
-35.95,-884.53,771.76
70.40299999999732,-855.8425000000007,718.1312500000013
111.81350000000016,-816.6550000000004,643.2260000000008
90.99650000000088,-766.1230000000012,550.4312500000007
20.1619999999997,-674.1339999999996,506.18499999999983
19.0925,-582.535,423.775
64.53599999999881,-490.4884999999983,312.9924999999986
-6.257999999997917,-388.948250000003,229.19125000000247
-107.31999999999846,-292.24000000000115,173.27000000000046
-202.382500000002,-193.01350000000244,136.18700000000067
-82.975,-47.065,96.47
19.65774999999961,60.86724999999963,-2.8489999999994353
81.75999999999856,151.85100000000153,-124.4120000000006
-32.45000000000096,273.96525000000105,-172.2830000000004
-176.02249999999734,395.093999999998,-194.05849999999984
-319.3762499999984,507.82624999999837,-216.52749999999824
-397.1699999999997,585.7819999999997,-299.45799999999963
-407.9080000000002,658.3797499999994,-380.4219999999993
-400.58350000000024,727.7240000000006,-453.7435000000004
-428.85925000000015,793.5770000000002,-503.21425000000016
-419.0600000000005,843.574999999999,-547.4749999999991
-399.8807500000002,887.075249999999,-583.8817499999996
-391.9765000000001,927.8654999999997,-603.0584999999999
-405.10374999999976,985.3297499999991,-590.3572500000002
-406.0459999999998,1056.0600000000004,-578.594
-363.7775,1146.9824999999998,-590.6899999999999
-363.06150000000014,1160.1294999999998,-635.4230000000009
-361.0455000000002,1153.53025,-661.3407500000003
-337.5420000000003,1142.7910000000002,-634.7930000000003
-306.0115000000005,1203.7139999999988,-613.0867500000004
-276.0875,1259.31,-592.2650000000001
-251.26774999999958,1284.6630000000005,-571.5154999999996
-246.90200000000002,1323.3659999999995,-572.576
-262.6819999999986,1355.6912499999992,-583.0204999999994
-304.0459999999993,1376.3124999999995,-603.1489999999997
-400.785,1390.99,-630.2149999999999
-485.1059999999984,1419.513999999999,-656.2429999999994
-548.3669999999995,1465.9404999999997,-680.2797499999998
-514.5244999999998,1511.6910000000005,-693.7735
-436.20199999999693,1539.6412500000004,-707.4955000000003
-314.0,1548.45,-721.9
-217.81250000000244,1553.3909999999998,-767.9957499999989
-179.69349999999986,1541.8540000000003,-791.576
-196.77450000000042,1514.1457499999997,-792.5569999999996
-247.11599999999916,1463.8110000000008,-749.5460000000007
-290.80125,1429.02375,-700.54625
-338.50600000000276,1401.3179999999984,-650.9595
-503.0169999999986,1306.6560000000006,-653.92275
-507.64800000000355,1176.6260000000052,-637.202000000001
-431.98649999999725,1016.7425000000035,-593.9060000000025
-593.325,812.555,-446.27
-519.0519999999965,609.2217499999965,-274.09449999999686
-274.7380000000036,392.2330000000025,-109.18500000000034
150.39049999998568,93.83575000001005,-69.05625000000136
284.0585000000002,-119.77699999999712,-2.8050000000013355
281.12875,-266.37125000000003,79.435
318.3819999999991,-304.60999999999905,174.5559999999976
130.5280000000024,-389.0139999999991,183.30300000000022
-144.05000000000206,-452.89599999999933,148.33799999999948
-390.4250000000062,-376.9179999999981,87.66899999999846
-569.94,-210.175,36.364999999999995
-658.6160000000027,-43.624500000001916,6.605249999999433
-554.6120000000009,31.610999999999365,29.035499999999814
-282.1564999999973,84.63375000000039,31.841249999999977
-4.756000000002928,135.063999999999,35.84599999999966
170.0825,194.41,56.015
170.73600000000098,259.22849999999835,71.55299999999963
113.84250000000078,320.85824999999954,77.38275000000009
21.02999999999922,373.62300000000045,65.90099999999991
-83.42049999999821,402.61724999999956,67.32224999999994
-182.595,416.60749999999996,73.22749999999999
-269.35950000000145,412.1187499999999,82.94075000000016
-309.5459999999997,409.208,103.08199999999982
-377.3144999999961,389.9422500000015,134.52024999999844
-493.67099999999806,346.6005000000007,180.49449999999922
-658.69625,332.90875,184.2
-758.1920000000002,318.64599999999973,172.74599999999955
-770.9089999999999,300.70450000000017,146.5695000000002
-633.4109999999988,212.80349999999925,157.4495000000001
-421.09575000000484,154.19825000000043,192.546999999999
-134.43,130.04,252.19
142.036499999993,47.143250000002084,247.6202500000001
292.9054999999997,14.01649999999989,231.31150000000022
326.07050000000004,29.548500000000672,203.04299999999955
331.2139999999999,108.61799999999866,147.23400000000095
298.99625000000003,156.405,114.93
237.7310000000013,167.27850000000348,104.82949999999919
186.98450000000042,29.558250000001163,137.22274999999973
147.35799999999972,-63.50200000000053,163.5160000000002
127.5819999999987,-113.11225000000088,182.4512500000001
205.45,-60.7525,176.0725
288.42650000000145,-94.71875000000142,182.31625000000025
357.1760000000003,-159.6300000000004,198.0569999999998
326.841500000001,-110.49000000000166,225.71174999999909
292.5830000000006,-19.009500000001893,267.69449999999915
231.6075,77.125,288.8525
61.70999999999713,100.5880000000004,186.85999999999828
-71.322749999999,183.6539999999991,75.65725000000097
-136.34099999999899,308.1525000000015,-27.23150000000051
-17.635500000002,489.8287499999969,-87.44824999999899
173.9,648.21,-149.34
407.91499999999286,755.2742500000004,-193.83675000000017
690.4699999999976,739.0135000000001,-186.95850000000007
971.5812500000023,772.5700000000004,-207.49050000000022
1107.0500000000034,757.9680000000028,-207.9000000000011
897.5975000000087,595.1850000000069,-141.91875000000277
460.32400000001235,528.4485000000011,-35.33100000000291
-37.272499999995716,520.7647499999994,97.67774999999858
-551.9600000000044,587.5290000000006,265.0710000000014
-794.0112499999967,651.7632499999988,388.706749999998
-920.7375,792.3425,474.215
-932.0167500000001,1063.4562500000045,507.8435000000006
-650.8680000000027,1160.6719999999993,734.1979999999979
-232.60375000001898,1018.8702500000155,953.4582499999942
331.9324999999905,561.0245000000077,1127.358499999997
916.54375,127.37875000000001,935.17125
1289.4340000000018,-125.28500000000048,832.7820000000008
1395.665499999999,-154.14124999999976,879.2489999999997
1564.7130000000013,-186.63750000000027,944.7415000000005
1739.072249999997,-197.06000000000023,1037.381749999998
1916.55,-183.56,1158.47
1827.0315000000023,-143.55275000000103,1350.433249999995
1569.4465000000034,-146.31549999999964,1486.8654999999992
1155.3044999999963,-184.9637499999995,1566.6859999999995
728.2859999999891,-124.04499999999845,1515.2779999999987
629.5049999999931,29.956249999990376,1519.231249999998
808.5399999999906,255.39649999999529,1563.4640000000002
1177.899999999997,442.99924999999837,1557.5780000000002
1599.208000000004,685.3060000000023,1476.543999999999
2005.45,970.2939999999945,1351.090000000001
2005.45,1295.8600000000001,1283.59
2005.45,1523.625000000003,1230.8884999999993
2005.45,1694.4439999999986,1175.117000000001
2005.45,1868.6209999999942,1051.6392500000043
2005.45,1963.6969999999992,900.3695000000027
2005.45,2008.94,732.80125
2005.45,2008.94,554.661999999997
1913.4045000000012,2008.94,428.6635000000009
1779.8595000000048,2008.94,321.84550000000394
1636.7122499999964,2008.94,205.32024999999706
1533.29,1968.605,86.54500000000002
1436.034750000003,1907.205250000002,-26.572499999997618
1316.674500000001,1825.9555000000007,-121.2749999999992
1146.8932500000062,1821.2192499999994,-191.42849999999788
943.9019999999937,1826.9279999999994,-238.0800000000002
696.25125,1805.5237499999998,-245.57250000000002
434.78449999999555,1776.5789999999995,-172.97949999999847
174.95225000000207,1760.85825,-68.1767500000011
-75.33099999999158,1775.0129999999995,64.64299999999552
-223.31024999999778,1692.0905000000016,178.77524999999815
-296.255000000001,1607.0550000000026,248.7275
-271.8874999999996,1547.1284999999991,249.09875
-183.1700000000008,1449.846000000001,237.4700000000001
-92.4614999999993,1313.7362499999986,235.94350000000014
-10.55700000000138,1127.9425000000033,251.29299999999975
-34.93999999999862,919.7862500000089,291.03624999999823
-64.07600000000042,723.595999999997,303.1689999999996
-88.5244999999998,544.5995000000015,278.3492500000002
-51.37899999999967,391.3624999999987,210.3304999999994
-36.476749999999804,256.17875000000197,140.72825000000117
-48.08,139.37,71.21
-44.25275000000009,40.178750000002516,31.081250000001013
-43.09249999999993,-62.72599999999463,-5.18349999999835
-44.08124999999994,-167.97100000000063,-37.72625000000024
-36.55500000000013,-244.4079999999987,-66.78499999999951
-29.82375,-315.5575,-90.76625
-23.50650000000023,-383.0354999999981,-110.83499999999944
-14.414249999999694,-457.4947500000025,-132.77250000000075
0.3140000000001564,-537.5860000000007,-161.78600000000029
16.406750000000066,-622.2902499999985,-196.19374999999934
12.4175,-712.9225,-234.8375
16.66899999999977,-801.9992499999978,-279.2654999999988
21.73699999999939,-892.7820000000036,-323.9980000000009
3.6267500000006105,-998.6354999999965,-350.91699999999906
-28.532499999997693,-1110.2039999999934,-388.7799999999974
-66.1925,-1227.845,-442.42875
-97.14799999999921,-1359.6319999999967,-541.4579999999975
-68.75225000000044,-1441.2874999999997,-651.117749999999
-24.944000000000347,-1496.9674999999988,-763.0844999999965
-14.65699999999974,-1535.611250000001,-867.4597500000026
82.675,-1766.365,-877.875
163.42575000000136,-1987.1,-811.3550000000049
109.75650000000044,-1987.1,-618.9800000000016
-313.23974999998217,-1987.1,-535.5740000000018
-727.4040000000036,-1987.1,-527.0700000000024
-869.9775,-1987.1,-622.5150000000001
-977.4720000000017,-1987.1,-657.8615000000004
-967.4145000000019,-1987.1,-638.2955000000009
-738.1980000000077,-1987.1,-536.2220000000035
-220.82025000000954,-1987.1,-397.1645000000025
166.2924999999966,-1987.1,-221.87000000000953
246.75925000000134,-1987.1,4.093000000003805
37.24600000000207,-1987.1,116.12799999999918
-148.6005000000008,-1987.1,154.8794999999996
-247.29899999999836,-1987.1,107.7510000000008
-308.80374999999754,-1987.1,-118.60249999998987
-334.82499999999976,-1853.416999999995,-356.16800000000393
-320.2112500000001,-1552.6302500000024,-589.8259999999981
-563.5760000000021,-1252.5519999999974,-722.181500000001
-807.710999999996,-996.4377500000035,-822.5769999999987
-1041.9899999999902,-787.6400000000087,-892.749999999997
-1117.7992500000012,-616.5072499999972,-941.0327500000008
-1220.1594999999936,-496.82450000000364,-910.1770000000053
-1344.7262500000006,-428.4200000000002,-804.2747499999988
-1405.644999999999,-451.0999999999996,-657.7930000000025
-1357.81,-463.6025,-551.4175
-1211.4115000000074,-463.31100000000146,-476.49900000000207
-920.5067500000147,-404.869500000003,-393.73050000000416
-620.1339999999975,-380.792,-278.2539999999988
-319.3577500000043,-378.2180000000003,-143.33650000000188
-67.42750000000001,-358.67,-32.785
86.28524999999757,-376.98099999999897,48.381999999998385
182.8940000000034,-376.8729999999921,110.88500000000184
283.36100000000084,-142.80324999999803,165.45875000000046
328.34749999999974,-28.91500000000091,162.46850000000055
336.31874999999997,35.61374999999998,127.60125000000001
303.4800000000008,147.35999999999717,79.11600000000122
222.98925000000085,146.03250000000043,107.1247499999995
154.60349999999852,104.14650000000057,144.42000000000144
198.80925000000298,86.94074999999884,101.48999999999711
255.60500000000002,173.51500000000001,100.025
275.8852500000065,249.58925000000391,85.02900000000639
179.24549999999675,191.88349999999807,-10.092000000003207
119.16150000000168,241.77124999999728,-74.57399999999814
28.42600000000317,294.9380000000002,-130.21599999999907
-159.9125,282.8825,-185.65375
-215.4809999999983,161.8940000000098,-247.49899999999573
-156.9269999999924,48.62449999999837,-271.57624999999814
69.52199999999236,0.30800000000162786,-217.20500000000183
-23.953249999997496,76.97924999999834,-198.38600000000022
-177.2,144.1525,-197.9625
-337.47200000000265,158.22625000000022,-218.30025000000035
-397.13599999999764,61.378000000005585,-129.49800000000516
-365.54375000000493,-28.308999999998015,-53.41200000000128
-219.50750000000247,-87.41199999999901,-15.666000000000636
-17.227500000000006,-110.99625,18.605000000000004
189.36900000000347,-134.17200000000045,28.16299999999965
395.73674999998957,-160.3889999999987,7.177250000001061
635.3585000000121,-274.0830000000059,13.45250000000037
