-0.3685,0.045,0.136,-1.1514999999999986,18.6575,-106.27399999999999
-0.44,0.1,0.18,100.23,66.92,-119.32
-0.45649999999999996,0.15500000000000003,0.136,39.8345,45.2225,-99.09649999999999
-0.47,0.192,0.091,-14.757000000000005,26.395999999999997,-83.057
-0.47,0.14799999999999996,0.041499999999999974,-43.23050000000002,20.488999999999997,-85.8455
-0.478,0.118,0.003999999999999993,-65.29,8.473999999999993,-91.034
-0.5,0.1125,-0.0125,-76.125,-14.23,-100.4225
-0.498,0.13700000000000007,-0.03200000000000003,-88.47500000000002,-27.75100000000001,-107.159
-0.476,0.18649999999999997,-0.053999999999999986,-102.08749999999999,-33.619499999999995,-111.6855
-0.486,0.22000000000000003,-0.06,-130.972,-45.07200000000001,-119.89600000000002
-0.508,0.2475,-0.06,-165.58350000000002,-58.618500000000004,-129.48800000000003
-0.51,0.27,-0.07,-209.035,-69.635,-138.38
-0.511,0.291,-0.07799999999999997,-253.17850000000004,-80.85600000000002,-146.93650000000002
-0.522,0.302,-0.05599999999999998,-295.40200000000004,-96.65200000000002,-152.838
-0.5285,0.307,-0.04,-335.32000000000005,-112.10150000000002,-159.59
-0.523,0.296,-0.04,-369.09,-126.627,-168.60999999999999
-0.5375,0.2825,-0.03,-394.5075,-142.5525,-181.1525
-0.5760000000000001,0.26599999999999996,-0.007999999999999972,-409.90200000000004,-160.15800000000002,-197.92200000000003
-0.6004999999999999,0.24950000000000003,0.020999999999999977,-415.7765,-181.6905,-214.56199999999998
-0.617,0.233,0.05400000000000002,-416.211,-205.467,-231.128
-0.5974999999999999,0.22099999999999997,0.07800000000000004,-416.5375,-234.29250000000005,-237.7085
-0.57,0.21,0.1,-416.84,-264.24,-242.07
-0.5865,0.24850000000000005,0.1660000000000001,-418.88599999999997,-275.944,-249.3135
-0.6060000000000001,0.2840000000000001,0.2270000000000001,-425.6090000000001,-284.215,-257.581
-0.639,0.30600000000000005,0.2655,-453.37850000000003,-277.0375,-270.4565
-0.668,0.30399999999999994,0.30000000000000004,-484.7940000000001,-262.044,-280.296
-0.6900000000000001,0.25999999999999984,0.3275000000000001,-522.5900000000001,-233.37249999999992,-284.8225
-0.703,0.17999999999999985,0.34600000000000003,-553.195,-201.31399999999996,-289.679
-0.7084999999999999,0.07000000000000006,0.357,-577.8075,-166.43300000000002,-294.8105
-0.702,-0.02799999999999976,0.4079999999999998,-576.08,-138.55600000000007,-299.966
-0.6909999999999998,-0.12150000000000048,0.4740000000000003,-564.4749999999999,-113.30549999999987,-305.13050000000004
-0.6699999999999999,-0.135,0.52,-522.875,-98.755,-290.69500000000005
-0.6525000000000001,-0.13599999999999995,0.5605000000000001,-479.2964999999999,-84.61549999999997,-273.55199999999996
-0.68,-0.09199999999999989,0.5660000000000001,-445.92799999999994,-63.885999999999946,-248.93399999999994
-0.7179999999999997,-0.05850000000000001,0.5655,-416.6650000000001,-48.426,-226.32900000000004
-0.7839999999999999,-0.053000000000000005,0.549,-398.35,-47.018,-209.092
-0.815,-0.0475,0.5325,-372.26250000000005,-46.9825,-200.5725
-0.804,-0.041999999999999996,0.516,-336.84799999999996,-48.594,-202.514
-0.793,-0.029499999999999957,0.5135000000000001,-293.7719999999999,-48.8615,-207.31850000000003
-0.782,-0.012999999999999935,0.519,-246.3179999999998,-48.361000000000004,-213.75900000000004
-0.771,-0.0010000000000000148,0.5425,-213.02550000000002,-57.04949999999999,-207.7975
-0.76,0.01,0.57,-182.88,-67.78,-199.08
-0.7324999999999999,0.04300000000000005,0.581,-170.57099999999997,-75.72750000000002,-188.88299999999998
-0.7210000000000001,0.07200000000000004,0.592,-163.20700000000005,-82.55300000000001,-179.06499999999997
-0.7815000000000002,0.08300000000000005,0.603,-178.09550000000004,-84.32950000000001,-170.95249999999996
-0.8360000000000002,0.08399999999999991,0.6280000000000002,-191.42400000000004,-87.99600000000004,-164.814
-0.88,0.0675,0.6775,-202.0225,-94.97,-162.13
-0.9,0.03599999999999995,0.706,-214.26800000000003,-109.44700000000003,-163.799
-0.9,-0.008000000000000115,0.717,-227.88600000000002,-130.17650000000006,-169.09550000000002
-0.8199999999999996,-0.048000000000000154,0.6879999999999998,-229.83999999999997,-144.48600000000005,-172.516
-0.7099999999999994,-0.0865000000000002,0.6439999999999998,-227.42,-156.38800000000006,-175.233
-0.6849999999999999,-0.12500000000000025,0.6600000000000001,-231.99000000000004,-149.60499999999996,-179.01500000000001
-0.6750000000000005,-0.16550000000000048,0.6840000000000004,-239.49050000000022,-140.81649999999993,-183.82750000000013
-0.7300000000000002,-0.22600000000000017,0.7280000000000001,-269.3060000000001,-130.658,-197.88000000000005
-0.7505000000000002,-0.2819999999999999,0.7675,-299.33149999999995,-123.7995,-212.78299999999996
-0.6790000000000002,-0.32599999999999996,0.795,-329.917,-125.741,-229.95399999999998
-0.665,-0.375,0.8225,-361.90250000000003,-127.35,-242.8125
-0.7200000000000001,-0.43000000000000005,0.8500000000000001,-395.56800000000004,-128.56,-250.496
-0.719,-0.5095000000000003,0.853,-420.70050000000003,-135.44350000000003,-247.91049999999996
-0.6859999999999997,-0.603000000000001,0.8419999999999999,-440.9570000000002,-145.5690000000001,-239.4569999999999
-0.7295000000000004,-0.6605000000000002,0.8670000000000002,-437.72799999999995,-146.0915,-220.71649999999988
-0.79,-0.71,0.9,-429.28,-144.48,-199.69
-0.8395000000000004,-0.7265000000000001,0.9550000000000004,-408.35249999999985,-153.76950000000008,-176.01249999999982
-0.8729999999999999,-0.7500000000000001,1.006,-384.2299999999999,-162.05300000000003,-152.84699999999992
-0.8344999999999997,-0.8050000000000006,1.0390000000000004,-345.7299999999996,-165.80950000000004,-131.98549999999977
-0.7819999999999997,-0.838,1.0740000000000003,-301.48599999999976,-164.85999999999996,-109.30799999999986
-0.7050000000000001,-0.8325,1.1124999999999998,-247.19,-155.675,-83.4525
-0.6939999999999998,-0.7910000000000004,1.1419999999999997,-208.9740000000001,-139.44300000000013,-54.17700000000017
-0.7380000000000001,-0.7194999999999998,1.164,-184.15799999999993,-117.33849999999994,-22.05149999999992
-0.7739999999999999,-0.684,1.182,-191.02199999999993,-101.89800000000004,13.05399999999991
-0.8070000000000003,-0.6619999999999999,1.1985000000000001,-209.7660000000001,-88.95649999999993,49.277000000000186
-0.795,-0.625,1.2,-232.75,-68.875,82.385
-0.7764999999999997,-0.5884999999999998,1.1969999999999996,-256.0060000000002,-46.93049999999974,114.07500000000016
-0.7379999999999999,-0.572,1.164,-277.7420000000001,-13.495999999999913,134.70000000000005
-0.6829999999999989,-0.5585,1.1294999999999995,-295.5795000000001,21.00050000000038,151.73100000000008
-0.5839999999999995,-0.553,1.0909999999999997,-303.021,58.32900000000019,159.17800000000005
-0.555,-0.55,1.06,-307.7525,90.1375,158.635
-0.6100000000000004,-0.55,1.0379999999999998,-309.23199999999997,115.3220000000002,148.5039999999999
-0.6335000000000001,-0.5605000000000001,1.03,-307.229,128.98100000000002,139.14299999999997
-0.639,-0.577,1.03,-303.236,136.05399999999997,130.222
-0.6760000000000003,-0.5890000000000001,1.0165,-299.603,135.33749999999998,114.2809999999999
-0.72,-0.6,1.0,-296.05,132.89,96.78
-0.6925000000000001,-0.6054999999999999,0.9725000000000001,-295.7475,140.03449999999995,90.64200000000004
-0.6770000000000002,-0.6170000000000001,0.949,-296.26800000000003,147.61200000000002,84.79599999999999
-0.7154999999999999,-0.6555,0.9435,-300.492,157.13799999999998,80.26400000000001
-0.7480000000000001,-0.6980000000000003,0.9480000000000001,-301.864,156.3819999999999,75.84399999999998
-0.77,-0.7475,0.97,-298.245,137.6325,71.62
-0.7860000000000001,-0.7970000000000004,0.9679999999999997,-291.56899999999996,113.89099999999979,67.41399999999997
-0.797,-0.8465000000000001,0.9459999999999998,-282.34549999999996,85.98949999999992,63.222999999999985
-0.7879999999999998,-0.8800000000000003,0.9440000000000001,-259.8059999999997,57.623999999999704,58.90799999999995
-0.7715000000000002,-0.9074999999999999,0.9494999999999999,-232.27300000000022,29.08450000000022,54.54650000000003
-0.765,-0.8600000000000001,0.965,-205.745,21.58,70.25
-0.7620000000000002,-0.8069999999999998,0.9835000000000003,-182.58250000000007,17.200500000000048,89.35300000000025
-0.784,-0.7739999999999999,1.022,-192.07000000000002,23.036000000000016,122.38600000000008
-0.7924999999999998,-0.7620000000000005,1.0605000000000004,-200.57950000000005,28.00300000000003,152.89450000000025
-0.7649999999999999,-0.8060000000000002,1.0990000000000002,-206.48100000000002,30.654000000000014,176.6710000000001
-0.75,-0.8274999999999999,1.135,-206.45499999999998,27.3125,189.1825
-0.75,-0.822,1.1680000000000001,-199.31599999999995,16.77999999999992,188.176
-0.7325000000000003,-0.7955000000000003,1.173,-197.147,11.81950000000002,180.74700000000013
-0.7049999999999996,-0.7569999999999996,1.1619999999999997,-197.818,10.042999999999981,169.64799999999988
-0.6775000000000002,-0.7095000000000004,1.1555,-201.12149999999997,24.70499999999986,167.3015
-0.6500000000000006,-0.66,1.15,-205.0100000000003,43.02000000000009,166.9
-0.6939999999999997,-0.66,1.1555,-228.88549999999987,49.42199999999997,166.999
-0.7239999999999995,-0.6700000000000009,1.1630000000000003,-250.28600000000014,53.87399999999993,165.21999999999986
-0.6910000000000001,-0.7249999999999999,1.1795,-260.549,49.55100000000001,154.99000000000004
-0.6780000000000002,-0.7660000000000001,1.188,-270.13000000000005,45.33599999999998,139.19999999999987
-0.7,-0.7825,1.1824999999999999,-278.5175,41.309999999999995,113.67999999999999
-0.7040000000000001,-0.79,1.1620000000000001,-286.84799999999996,36.444000000000024,87.04400000000014
-0.693,-0.79,1.129,-295.13100000000003,30.877999999999986,59.47799999999993
-0.682,-0.8059999999999999,1.112,-300.022,33.579999999999984,47.616000000000014
-0.6709999999999999,-0.8280000000000001,1.101,-303.641,39.38250000000003,41.64299999999997
-0.7050000000000001,-0.86,1.12,-310.58500000000004,30.455,40.795
-0.7394999999999999,-0.8925000000000002,1.1404999999999998,-316.57849999999996,19.362999999999865,41.05450000000005
-0.734,-0.92,1.146,-309.74199999999996,1.3559999999999537,47.26400000000002
-0.7269999999999999,-0.9520000000000004,1.1469999999999998,-300.22349999999983,-11.99650000000001,51.24899999999998
-0.7159999999999999,-0.9960000000000002,1.136,-283.5529999999999,-12.937000000000005,49.30199999999999
-0.71,-1.0225,1.15,-264.735,-14.897499999999999,41.945
-0.71,-1.0280000000000002,1.1940000000000008,-243.33999999999955,-18.082000000000065,28.095999999999712
-0.7170000000000002,-1.0159999999999996,1.217,-234.45049999999998,-25.750000000000156,13.858499999999776
-0.7280000000000001,-0.9939999999999998,1.2280000000000002,-232.70699999999997,-35.98000000000011,-0.6010000000001496
-0.7209999999999999,-1.0125000000000002,1.2480000000000002,-239.24800000000005,-48.42850000000007,-10.362500000000045
-0.71,-1.04,1.27,-247.63,-61.37,-19.08
-0.71,-1.051,1.2865,-256.38599999999997,-68.98749999999995,-19.212
-0.7069999999999997,-1.0670000000000006,1.3,-263.75100000000003,-74.0489999999999,-18.1309999999999
-0.6904999999999999,-1.1055000000000004,1.3,-264.85650000000004,-67.60849999999994,-11.591499999999932
-0.684,-1.1400000000000001,1.3140000000000003,-263.95,-61.66799999999997,-5.819999999999976
-0.695,-1.1675,1.3525,-259.5225,-56.6025,-1.3924999999999996
-0.7030000000000001,-1.1860000000000002,1.3760000000000003,-259.15700000000004,-52.25099999999992,4.0040000000001275
-0.7084999999999999,-1.1969999999999998,1.3869999999999998,-262.1765,-48.49450000000004,10.207999999999936
-0.71,-1.2080000000000002,1.3980000000000001,-268.9520000000001,-45.46999999999997,16.04400000000006
-0.71,-1.219,1.409,-277.136,-42.719999999999985,21.74200000000003
-0.6799999999999999,-1.255,1.41,-289.91999999999996,-45.305,27.200000000000003
-0.6480000000000001,-1.2925,1.412,-302.32599999999996,-48.1465,33.16749999999995
-0.6260000000000002,-1.3199999999999998,1.4339999999999997,-306.3519999999999,-48.218,44.469999999999885
-0.61,-1.3505000000000005,1.4515,-307.0569999999999,-45.35099999999989,57.15400000000017
-0.61,-1.3890000000000002,1.457,-298.90599999999995,-34.647999999999946,73.52200000000009
-0.62,-1.42,1.4625,-287.875,-23.5675,86.0325
-0.6419999999999999,-1.4419999999999997,1.468,-273.3880000000001,-12.03400000000006,93.91399999999996
-0.6605000000000003,-1.4465,1.47,-259.3069999999998,-0.7524999999998272,96.16049999999998
-0.6770000000000003,-1.4409999999999998,1.47,-245.45799999999986,10.385000000000115,95.187
-0.6980000000000002,-1.4264999999999999,1.4565,-240.11399999999998,18.363500000000037,93.44399999999999
-0.72,-1.41,1.44,-236.66,25.64,91.53
-0.7090000000000001,-1.4319999999999997,1.4344999999999999,-223.07500000000007,27.014999999999993,89.01650000000001
-0.7020000000000002,-1.4540000000000004,1.431,-207.81399999999965,25.69499999999979,86.41099999999994
-0.7129999999999997,-1.4759999999999995,1.4364999999999999,-185.01100000000037,12.247500000000208,83.39150000000005
-0.724,-1.496,1.448,-162.8659999999999,-1.4700000000000735,80.38399999999999
-0.735,-1.5125,1.47,-141.8725,-15.66,77.39750000000001
-0.7339999999999998,-1.5230000000000001,1.4890000000000003,-124.68299999999972,-27.4140000000002,71.48599999999983
-0.7230000000000001,-1.5285,1.5054999999999998,-110.66350000000016,-37.1379999999999,63.137000000000086
-0.72,-1.5099999999999998,1.5180000000000002,-107.28,-41.18200000000002,60.251999999999995
-0.72,-1.4825,1.5290000000000001,-107.885,-43.09600000000001,59.416
-0.72,-1.505,1.54,-111.25999999999999,-34.855000000000004,61.565
-0.7204999999999999,-1.5314999999999999,1.5525,-113.55600000000005,-26.32100000000001,63.13150000000004
-0.7260000000000001,-1.5480000000000003,1.5800000000000005,-102.29199999999982,-25.01199999999998,55.887999999999884
-0.7284999999999999,-1.5615,1.597,-92.07799999999992,-22.111499999999925,45.84549999999982
-0.723,-1.5670000000000002,1.586,-84.66399999999996,-14.966999999999963,28.338999999999906
-0.715,-1.56,1.5775000000000001,-80.7275,-9.18,11.837499999999999
-0.7040000000000001,-1.5380000000000003,1.572,-80.964,-5.022000000000022,-3.457999999999921
-0.7070000000000002,-1.5370000000000001,1.5665,-86.72700000000013,1.1625000000001133,-13.244500000000102
-0.7180000000000001,-1.5480000000000003,1.561,-95.64800000000008,8.505000000000075,-19.883000000000067
-0.7380000000000001,-1.5725000000000002,1.5690000000000002,-97.873,6.0824999999999765,-26.03100000000003
-0.76,-1.6,1.58,-98.61,1.49,-32.07
-0.7544999999999998,-1.6330000000000007,1.5855000000000001,-80.12999999999963,1.1874999999999938,-46.08400000000029
-0.75,-1.6619999999999997,1.5870000000000002,-61.27200000000022,1.2079999999999846,-59.95299999999986
-0.75,-1.673,1.5704999999999998,-40.71299999999979,2.6820000000000155,-73.16950000000014
-0.748,-1.6699999999999997,1.5459999999999998,-24.459999999999955,8.072000000000063,-82.99400000000001
-0.7424999999999999,-1.6424999999999998,1.5075,-15.7425,20.314999999999998,-86.88250000000001
-0.74,-1.6539999999999997,1.475,-8.852000000000027,27.343999999999987,-90.44399999999999
-0.74,-1.6979999999999995,1.4475000000000002,-3.4840000000000555,30.027999999999974,-93.73299999999996
-0.7359999999999999,-1.7180000000000002,1.436,2.2000000000000597,24.563999999999915,-93.62999999999998
-0.7304999999999999,-1.729,1.4304999999999999,8.00250000000003,16.044499999999957,-92.255
-0.75,-1.745,1.44,10.754999999999999,-0.3100000000000005,-92.19
-0.7675000000000002,-1.76,1.4529999999999998,11.455500000000086,-18.151999999999873,-92.2925
-0.7399999999999995,-1.76,1.4860000000000004,-5.314000000000261,-43.03400000000039,-92.76
-0.7184999999999999,-1.7539999999999998,1.5205000000000004,-23.474000000000224,-66.4445000000002,-90.17349999999988
-0.713,-1.7319999999999998,1.5590000000000002,-45.34200000000011,-85.9310000000001,-79.44299999999994
-0.7075,-1.7175,1.5975000000000001,-67.65,-102.23,-67.8575
-0.7019999999999998,-1.7119999999999997,1.6360000000000008,-90.48600000000047,-114.70400000000025,-55.24599999999974
-0.6894999999999998,-1.7135,1.6640000000000004,-94.90499999999992,-114.18249999999988,-44.10799999999984
-0.6730000000000003,-1.7189999999999999,1.6859999999999995,-88.8000000000001,-106.23500000000013,-33.81200000000016
-0.6519999999999999,-1.7155,1.699,-69.03299999999987,-86.40749999999989,-31.476499999999998
-0.63,-1.71,1.71,-46.23,-63.94,-30.91
-0.6024999999999994,-1.6824999999999994,1.7155,-25.269499999999567,-42.47349999999956,-26.212999999999905
-0.5820000000000002,-1.6589999999999998,1.7189999999999999,-5.131999999999746,-22.45299999999979,-22.174999999999983
-0.5929999999999997,-1.6535,1.7135,11.301999999999746,-8.93950000000021,-21.102500000000017
-0.602,-1.648,1.702,25.454000000000054,2.124000000000036,-19.199999999999985
-0.6074999999999999,-1.6424999999999998,1.68,35.6125,8.9,-15.845
-0.6130000000000001,-1.6309999999999996,1.6519999999999992,43.323000000000114,12.619000000000025,-11.721999999999902
-0.6184999999999999,-1.6145000000000003,1.6190000000000004,48.99349999999994,13.790499999999987,-6.959000000000049
-0.6360000000000002,-1.5939999999999999,1.6019999999999999,56.02800000000008,17.210000000000043,-3.855999999999974
-0.6580000000000001,-1.5719999999999998,1.591,63.57400000000004,21.47250000000002,-1.375499999999987
-0.66,-1.56,1.565,67.4,22.009999999999998,-0.845
-0.6595000000000001,-1.548,1.54,71.09799999999997,21.904000000000014,-1.2899999999999565
-0.6539999999999999,-1.5259999999999996,1.54,77.2360000000001,19.087999999999955,-9.540000000000127
-0.65,-1.507,1.5385,84.52600000000011,15.99749999999996,-17.854500000000087
-0.65,-1.4960000000000002,1.5330000000000001,94.88799999999979,12.175000000000079,-26.340999999999823
-0.6475,-1.4825,1.5275,102.8875,4.6625,-32.89
-0.6419999999999999,-1.4659999999999995,1.5219999999999998,108.05200000000012,-7.278000000000246,-37.11400000000009
-0.6435000000000001,-1.46,1.52,110.63350000000003,-17.255000000000138,-39.86800000000003
-0.6489999999999999,-1.46,1.52,111.73899999999998,-26.10999999999986,-41.781999999999975
-0.6455,-1.4555,1.5290000000000001,115.53550000000003,-35.509500000000045,-39.35799999999998
-0.64,-1.4499999999999993,1.5400000000000003,119.92999999999995,-45.02999999999986,-35.96999999999982
-0.64,-1.4225,1.551,117.54850000000002,-39.700500000000034,-29.194000000000035
-0.6360000000000002,-1.4009999999999998,1.5590000000000002,114.79500000000004,-34.40700000000005,-24.796999999999933
-0.6139999999999998,-1.4065,1.5534999999999999,110.36749999999995,-29.275499999999948,-31.105500000000063
-0.5919999999999993,-1.4059999999999995,1.55,106.67199999999993,-20.545999999999534,-38.94800000000032
-0.5700000000000001,-1.395,1.55,104.2575,-5.52,-49.474999999999994
-0.5779999999999998,-1.3690000000000002,1.5470000000000002,97.58000000000006,6.48499999999995,-57.31399999999997
-0.6110000000000005,-1.3304999999999993,1.5414999999999999,87.34999999999984,15.972500000000146,-62.91300000000008
-0.6240000000000001,-1.3320000000000003,1.5279999999999998,73.53599999999985,24.66000000000009,-62.735999999999976
-0.6295000000000001,-1.3485000000000003,1.5114999999999998,58.37799999999992,33.04750000000004,-60.39299999999999
-0.65,-1.355,1.49,56.21,29.175,-58.41
-0.6720000000000005,-1.3589999999999998,1.4689999999999996,56.11800000000016,24.051999999999886,-56.58799999999999
-0.6939999999999997,-1.3480000000000003,1.4580000000000002,63.79599999999992,18.684000000000054,-56.016000000000005
-0.6994999999999996,-1.3355,1.4439999999999997,71.70350000000009,12.832999999999926,-56.96350000000005
-0.6609999999999998,-1.319,1.4219999999999997,80.22300000000004,5.693999999999963,-61.96300000000002
-0.64,-1.31,1.4074999999999998,90.17500000000031,3.292500000000085,-68.71500000000023
-0.64,-1.31,1.402,101.84599999999995,6.575999999999983,-77.56999999999996
-0.6644999999999996,-1.2995000000000003,1.3965,110.72049999999993,5.0610000000000435,-91.37399999999982
-0.7030000000000004,-1.283,1.3909999999999998,117.99700000000007,0.803999999999956,-108.00600000000017
-0.7415000000000012,-1.2754999999999999,1.3719999999999992,127.19500000000029,-9.76650000000037,-123.84600000000049
-0.78,-1.27,1.35,136.82,-21.74,-139.51
-0.7745000000000001,-1.2535,1.3225000000000002,148.99149999999992,-45.417499999999876,-165.59649999999985
-0.7559999999999988,-1.2369999999999997,1.3,162.6390000000003,-68.03400000000028,-188.0870000000001
-0.6789999999999973,-1.2204999999999995,1.3,182.92850000000072,-85.87600000000064,-194.39550000000023
-0.6199999999999999,-1.1899999999999997,1.306,194.32799999999997,-95.05999999999997,-191.3859999999999
-0.5925,-1.135,1.3225,190.17000000000002,-89.0925,-172.07
-0.5890000000000003,-1.1430000000000013,1.3420000000000005,174.30599999999947,-88.73800000000008,-160.10699999999989
-0.6054999999999998,-1.2034999999999993,1.3639999999999999,148.68700000000027,-93.06099999999995,-154.27150000000006
-0.6140000000000001,-1.2640000000000007,1.4020000000000006,154.04000000000016,-94.82400000000001,-155.89600000000004
-0.6195,-1.3245000000000005,1.4460000000000002,171.0075000000001,-95.62700000000001,-160.318
-0.6400000000000006,-1.3049999999999993,1.455,184.16500000000033,-94.48499999999997,-162.92000000000007
-0.6584999999999996,-1.2769999999999992,1.4589999999999996,194.65199999999976,-92.27599999999977,-163.54649999999964
-0.6419999999999993,-1.2439999999999987,1.4479999999999995,182.2439999999995,-81.34199999999954,-146.2379999999993
-0.6345000000000002,-1.22,1.4475000000000002,167.54099999999977,-71.17599999999992,-130.14749999999987
-0.6510000000000006,-1.22,1.4750000000000008,146.71799999999936,-63.05799999999975,-117.30499999999961
-0.6625000000000001,-1.23,1.49,130.45000000000002,-56.42,-106.335
-0.6680000000000001,-1.2520000000000004,1.49,119.64799999999978,-51.5579999999999,-97.61199999999982
-0.6559999999999991,-1.274000000000001,1.4935000000000003,114.3549999999999,-44.19699999999963,-93.0329999999999
-0.6339999999999998,-1.2960000000000003,1.499,112.20999999999997,-35.40799999999991,-90.82199999999997
-0.6344999999999998,-1.2910000000000004,1.4955,112.77849999999998,-28.185000000000144,-90.42
-0.64,-1.28,1.49,113.95,-21.31,-90.42
-0.6289999999999998,-1.2579999999999996,1.4845,106.20599999999985,-21.71700000000001,-85.1564999999999
-0.62,-1.237,1.4809999999999999,98.2230000000001,-20.104000000000113,-78.31900000000013
-0.62,-1.2204999999999997,1.4865000000000002,89.16449999999992,-9.40099999999989,-64.39849999999986
-0.62,-1.2079999999999997,1.49,79.32799999999966,-2.6160000000000023,-50.31999999999955
-0.62,-1.2025,1.49,68.13,-2.6875,-35.965
-0.6260000000000002,-1.1879999999999995,1.4809999999999997,60.69699999999991,-2.662999999999998,-22.01499999999972
-0.6369999999999999,-1.1660000000000001,1.4645000000000001,56.40150000000004,-2.558500000000001,-8.402500000000142
-0.6480000000000001,-1.1720000000000002,1.4479999999999997,52.37799999999996,-5.166000000000037,-0.22599999999993692
-0.6589999999999998,-1.1884999999999997,1.4315000000000002,48.456500000000084,-8.790499999999925,5.911999999999873
-0.665,-1.2149999999999999,1.43,59.625,-12.26,7.875
-0.6679999999999996,-1.2379999999999995,1.4279999999999995,72.36650000000029,-15.302499999999979,9.365000000000018
-0.6459999999999991,-1.215999999999999,1.405999999999999,85.74800000000056,-14.229999999999956,10.300000000000038
-0.6224999999999997,-1.1924999999999997,1.3869999999999998,98.54300000000012,-13.284999999999993,11.328000000000014
-0.5950000000000005,-1.1650000000000005,1.3760000000000003,109.77399999999977,-12.680000000000012,12.603999999999974
-0.5725,-1.1524999999999999,1.3525,121.3575,-7.137500000000001,11.607500000000002
-0.5559999999999997,-1.1580000000000001,1.3139999999999992,133.36400000000023,4.330000000000236,7.883999999999923
-0.5604999999999999,-1.1320000000000003,1.307,149.95899999999978,21.050999999999796,9.263499999999956
-0.5770000000000002,-1.0879999999999996,1.3180000000000003,169.1760000000002,40.7740000000002,13.559000000000044
-0.6250000000000017,-1.0619999999999994,1.3290000000000004,170.91499999999994,49.764500000000204,16.9455000000001
-0.68,-1.04,1.34,168.77,56.37,20.13
-0.6965000000000003,-1.0345,1.34,162.23049999999986,43.224999999999724,16.77499999999993
-0.7040000000000003,-1.0359999999999996,1.3370000000000002,158.7399999999999,31.323000000000064,11.926000000000117
-0.6709999999999997,-1.0690000000000004,1.3204999999999998,168.97000000000008,25.014499999999934,0.3539999999998802
-0.6400000000000006,-1.0820000000000005,1.3040000000000005,182.3079999999996,17.904000000000174,-11.983999999999718
-0.6125,-1.06,1.2875,201.085,9.39,-25.6625
-0.6030000000000001,-1.0259999999999991,1.2709999999999997,212.2930000000001,12.37800000000026,-32.35700000000001
-0.6085000000000003,-0.9819999999999982,1.2544999999999993,217.1935000000002,24.95100000000052,-33.23150000000003
-0.6700000000000008,-0.97,1.2860000000000005,205.96599999999984,23.795999999999935,-32.66599999999999
-0.7525000000000026,-0.97,1.3355000000000017,188.69049999999947,17.492999999999807,-31.560499999999966
-0.74,-0.99,1.355,177.73000000000002,5.485,-24.505000000000003
-0.717000000000001,-1.012499999999999,1.3685000000000007,169.35549999999967,-5.480500000000161,-16.885500000000228
-0.6840000000000004,-1.0399999999999998,1.3520000000000003,180.5259999999999,-0.31600000000005357,-9.576000000000075
-0.6524999999999997,-1.0630000000000002,1.3339999999999999,197.95150000000035,5.7080000000000854,-2.128499999999919
-0.6249999999999991,-1.0740000000000005,1.3119999999999994,232.05700000000107,14.024000000000257,5.687000000000242
-0.63,-1.0550000000000002,1.3025,263.45,19.917499999999997,16.7625
-0.6740000000000008,-0.9999999999999989,1.3080000000000003,291.5880000000006,22.90400000000006,31.750000000000313
-0.7214999999999995,-0.9520000000000004,1.3030000000000002,299.9195,24.266499999999994,44.434499999999886
-0.7710000000000006,-0.9079999999999996,1.2919999999999998,296.93299999999994,24.701000000000004,55.80300000000012
-0.739500000000001,-0.8955000000000002,1.2810000000000004,293.9510000000001,33.39749999999978,61.65899999999991
-0.69,-0.89,1.27,290.97,43.93,66.29
-0.6734999999999997,-0.8734999999999996,1.2479999999999996,307.26650000000035,63.75200000000041,59.88249999999987
-0.66,-0.8530000000000004,1.229,321.9839999999999,80.81099999999995,54.24400000000002
-0.66,-0.8144999999999997,1.2234999999999998,329.59600000000006,85.43650000000004,52.065999999999974
-0.6800000000000017,-0.7799999999999991,1.2159999999999995,331.84199999999976,83.18599999999955,48.641999999999825
-0.735,-0.7525,1.205,324.6975,68.9025,43.0375
-0.7540000000000003,-0.7280000000000006,1.197,317.7570000000002,60.433000000000106,38.807000000000095
-0.7430000000000001,-0.7060000000000002,1.1915,310.98650000000004,56.80850000000004,35.721500000000034
-0.7359999999999999,-0.7,1.194,316.6760000000001,69.52800000000019,33.123999999999974
-0.7304999999999998,-0.7,1.1995000000000002,327.03800000000035,88.37650000000059,30.709499999999924
-0.73,-0.7,1.2,339.71500000000003,109.355,20.064999999999998
-0.7274999999999994,-0.7005000000000001,1.1984999999999997,353.5325000000005,129.9525000000003,8.520999999999747
-0.6999999999999988,-0.7060000000000002,1.1819999999999993,376.44000000000096,144.6100000000006,-3.7880000000005083
-0.6845000000000002,-0.71,1.1684999999999999,394.16050000000007,156.44150000000005,-15.813500000000118
-0.7009999999999996,-0.71,1.163,398.0489999999999,160.7369999999999,-27.082999999999764
-0.7424999999999999,-0.6975,1.165,397.32,169.1925,-33.1075
-0.8140000000000014,-0.6699999999999995,1.1760000000000002,391.04999999999984,182.64000000000027,-32.837999999999994
-0.8679999999999995,-0.6669999999999999,1.1834999999999998,371.8055000000003,183.47350000000006,-30.157000000000043
-0.9120000000000005,-0.6780000000000002,1.189,345.1469999999997,177.09899999999993,-26.097999999999956
-0.8749999999999983,-0.6890000000000004,1.1809999999999996,337.25349999999986,167.13349999999966,-21.791499999999864
-0.82,-0.7,1.17,333.53,156.37,-17.43
-0.8420000000000004,-0.655999999999999,1.1644999999999999,341.0045000000001,144.79799999999977,0.010500000000359222
-0.8679999999999995,-0.6110000000000005,1.1639999999999997,346.04100000000005,132.23300000000017,20.047999999999675
-0.9120000000000004,-0.5614999999999996,1.1860000000000002,340.1064999999999,115.19949999999983,51.772000000000325
-0.94,-0.5320000000000003,1.1959999999999995,335.0499999999999,102.59199999999984,82.18000000000086
-0.94,-0.5375000000000001,1.185,331.53,97.72999999999999,110.285
-0.8769999999999976,-0.5520000000000005,1.152999999999999,333.58700000000016,97.11000000000006,123.64500000000002
-0.7614999999999952,-0.5740000000000008,1.103499999999998,340.29150000000027,100.02500000000012,124.71750000000004
-0.661999999999999,-0.5439999999999995,1.0299999999999991,357.07200000000023,118.01600000000025,114.00999999999985
-0.568500000000002,-0.494500000000001,0.9475000000000017,377.6309999999996,141.6604999999995,98.88500000000032
-0.605,-0.43,0.8899999999999999,368.405,173.41500000000002,92.235
-0.658500000000002,-0.37250000000000055,0.8425000000000006,353.8614999999992,203.30950000000007,88.12450000000027
-0.751999999999999,-0.3999999999999997,0.8699999999999997,315.9280000000004,206.49399999999997,100.93399999999987
-0.8290000000000003,-0.43200000000000044,0.8854999999999998,282.3219999999998,203.37699999999978,113.75250000000014
-0.862000000000001,-0.47600000000000137,0.8689999999999994,260.2559999999993,183.4559999999994,126.5950000000004
-0.8474999999999964,-0.5100000000000011,0.8524999999999991,255.0650000000008,165.24249999999915,138.17500000000052
-0.7759999999999985,-0.5320000000000005,0.8359999999999996,270.1240000000003,149.07799999999966,148.2400000000002
-0.7150000000000005,-0.5120000000000005,0.7915000000000005,300.2504999999996,149.77299999999988,163.37999999999982
-0.6599999999999995,-0.4679999999999996,0.7309999999999993,338.98700000000036,160.1020000000001,181.4200000000002
-0.6769999999999993,-0.41500000000000115,0.7334999999999996,375.3069999999992,173.63949999999969,202.64599999999956
-0.71,-0.36,0.75,411.09,187.89,224.58
-0.7760000000000014,-0.29949999999999877,0.7720000000000005,425.2085000000003,179.0019999999998,239.1660000000003
-0.8340000000000009,-0.2429999999999984,0.7849999999999989,435.52799999999974,168.2729999999992,251.79600000000016
-0.8560000000000002,-0.2044999999999996,0.7574999999999997,428.75199999999995,149.2594999999998,255.62400000000005
-0.8460000000000014,-0.18199999999999988,0.7240000000000009,420.51400000000024,136.30600000000004,254.47400000000022
-0.78,-0.1875,0.68,409.7175,133.95749999999998,244.6125
-0.7319999999999993,-0.18099999999999966,0.66,406.10900000000004,138.10400000000018,234.6969999999998
-0.6990000000000003,-0.16450000000000017,0.66,408.49049999999994,147.6629999999999,224.73650000000012
-0.7300000000000005,-0.09199999999999904,0.6840000000000004,403.7959999999999,140.73399999999987,229.97200000000012
-0.7850000000000017,0.0015000000000028983,0.717000000000001,396.44799999999975,127.6219999999996,240.90600000000035
-0.835,0.085,0.745,363.19,94.785,277.57
-0.8719999999999982,0.1569999999999993,0.7639999999999987,328.5754999999996,62.032999999999745,315.9135000000006
-0.7840000000000009,0.12400000000000035,0.6980000000000007,306.30600000000027,49.85600000000012,345.32199999999966
-0.7019999999999993,0.0864999999999995,0.6379999999999996,295.69900000000024,50.74100000000037,364.01299999999986
-0.6360000000000013,0.037000000000001025,0.5940000000000009,316.1919999999996,86.45799999999926,354.1240000000002
-0.5974999999999999,0.020000000000000004,0.5525,340.0675,120.88,333.165
-0.5919999999999999,0.042000000000000454,0.5139999999999992,368.0020000000006,153.74800000000067,298.92199999999934
-0.6075000000000012,0.05350000000000023,0.4894999999999993,382.15000000000026,172.72100000000046,264.82949999999863
-0.6350000000000003,0.05900000000000005,0.4729999999999998,388.4200000000001,183.7540000000001,230.82299999999964
-0.6805000000000015,0.06900000000000034,0.4654999999999998,374.8539999999994,167.0174999999993,209.57849999999942
-0.73,0.08,0.46,356.88,144.11,191.17
-0.6915000000000012,0.08549999999999983,0.4050000000000017,333.50500000000073,117.58350000000083,186.44000000000014
-0.6550000000000004,0.08700000000000016,0.35000000000000053,312.6000000000001,95.24000000000004,182.631
-0.6274999999999997,0.07049999999999983,0.29499999999999943,302.8099999999999,91.71999999999997,182.9665
-0.6120000000000002,0.0459999999999988,0.25799999999999984,300.75000000000034,92.9680000000003,180.75199999999978
-0.6174999999999999,0.007499999999999998,0.2525,312.2175,102.56,174.075
-0.6320000000000005,-0.013000000000000114,0.25,322.11300000000017,99.34499999999971,160.08399999999958
-0.6540000000000009,-0.018500000000000228,0.25,330.69850000000037,85.45749999999943,139.99799999999917
-0.6359999999999997,-0.03200000000000017,0.2580000000000001,342.06400000000014,72.20999999999987,126.6159999999999
-0.6030000000000006,-0.04849999999999966,0.2689999999999998,354.47199999999975,59.20250000000027,115.74800000000023
-0.575,-0.060000000000000005,0.255,365.265,56.25,114.61
-0.5484999999999997,-0.06899999999999978,0.23949999999999988,375.4545000000001,54.443499999999986,114.97800000000011
-0.5319999999999994,-0.05799999999999955,0.23399999999999976,381.2240000000003,54.04199999999998,120.67600000000023
-0.5215000000000001,-0.043999999999999775,0.22399999999999978,384.532,54.33500000000002,127.11650000000009
-0.5270000000000002,-0.02199999999999932,0.20199999999999932,381.2759999999999,56.48000000000007,135.53700000000026
-0.5175000000000001,-0.0024999999999999988,0.1825,375.735,58.457499999999996,144.4425
-0.4900000000000008,0.013999999999999489,0.1660000000000005,367.4520000000003,60.233999999999945,153.9299999999997
-0.4660000000000002,0.016500000000000056,0.1495000000000002,357.59050000000013,64.44299999999994,160.51949999999994
-0.4439999999999998,0.010999999999999944,0.13299999999999984,346.8269999999999,70.04200000000006,165.45300000000003
-0.3904999999999981,0.00549999999999983,0.13450000000000017,325.60549999999927,52.02049999999928,172.1955000000002
-0.33,-0.0,0.14,302.06,28.75,179.34
-0.4400000000000023,0.011000000000000228,0.12899999999999978,297.7699999999999,55.40850000000055,176.14999999999992
-0.5370000000000016,0.02500000000000114,0.12300000000000068,296.4550000000005,77.17099999999999,174.61400000000023
-0.5755000000000003,0.05250000000000029,0.13950000000000018,308.5275000000001,76.9015,180.52100000000007
-0.5819999999999984,0.06599999999999967,0.13999999999999915,316.27,72.75599999999966,184.364
-0.5325000000000025,0.05500000000000057,0.11250000000000142,316.435,61.82750000000057,184.59499999999997
-0.5040000000000003,0.07699999999999847,0.08800000000000069,314.84800000000007,56.437000000000026,177.7310000000004
-0.4930000000000001,0.1264999999999995,0.06600000000000023,311.80100000000004,55.66150000000001,164.95450000000014
-0.49,0.17600000000000052,0.04399999999999977,289.7019999999997,47.52599999999989,149.37399999999982
-0.49,0.22550000000000153,0.02199999999999932,260.4584999999991,36.630499999999664,132.74199999999948
-0.47,0.235,-0.010000000000000002,211.97500000000002,27.865000000000002,123.57499999999999
-0.44799999999999957,0.2405000000000001,-0.04550000000000126,161.38149999999894,20.370500000000064,115.19749999999983
-0.4259999999999991,0.24600000000000022,-0.10600000000000251,108.92799999999784,23.456000000000127,107.24999999999967
-0.44899999999999407,0.19000000000000913,-0.16349999999999795,46.72600000000365,11.807000000002105,104.91849999999948
-0.5919999999999971,-0.029999999999995447,-0.21299999999999897,-41.47199999999817,-39.13399999999895,117.56299999999973
-0.5575,-0.1225,-0.22499999999999998,-50.9075,-57.6225,115.985
-0.3099999999999949,-0.06199999999999875,-0.1919999999999993,34.17200000000176,-37.16799999999958,97.33999999999962
-0.3005000000000052,-0.02949999999999932,-0.19050000000000067,117.69750000000343,-23.5839999999996,66.16499999999841
-0.4270000000000013,-0.01299999999999983,-0.20700000000000016,200.33500000000086,-13.9259999999999,27.829999999999604
-0.4950000000000017,0.1250000000000051,-0.1649999999999983,172.11499999999836,-45.34400000000126,28.51450000000029
-0.55,0.29,-0.11,119.26,-85.89,37.87
-0.5060000000000013,0.2845000000000002,-0.12099999999999966,47.15500000000223,-124.08749999999881,34.449000000000105
-0.46300000000000036,0.25900000000000123,-0.13099999999999995,-18.821999999999605,-155.58999999999997,32.61999999999995
-0.4244999999999996,0.14349999999999882,-0.13650000000000007,-57.2230000000004,-156.96500000000003,37.955000000000055
-0.41600000000000137,0.06799999999999984,-0.10599999999999712,-76.9519999999996,-152.9619999999996,40.959999999999965
-0.46000000000000224,0.062499999999999716,-0.012499999999995175,-64.00499999999933,-139.5474999999993,39.887499999999946
-0.4619999999999993,0.041999999999999316,0.04800000000000068,-34.230999999999085,-114.48099999999927,26.265999999999504
-0.4289999999999986,0.008999999999998636,0.08100000000000136,9.565500000001812,-79.70449999999856,2.1869999999990046
-0.38800000000000184,0.059999999999996584,0.09,19.170000000000133,-61.120000000000516,-2.308000000000118
-0.3440000000000009,0.1424999999999983,0.09,15.952500000000066,-48.60750000000026,0.5409999999999412
-0.34,0.195,0.12,-7.725000000000001,-48.75,1.685
-0.3389999999999998,0.23849999999999966,0.15250000000000058,-31.116,-50.198000000000036,2.170499999999909
-0.32799999999999957,0.2219999999999993,0.18000000000000113,-31.182000000000002,-52.04600000000008,-2.2240000000001814
-0.3230000000000007,0.19949999999999762,0.1849999999999966,-37.17450000000135,-56.16050000000063,-9.29750000000088
-0.33400000000000035,0.1609999999999988,0.1299999999999983,-58.97100000000068,-66.31900000000032,-23.51500000000044
-0.3375,0.1375,0.10500000000000001,-82.43,-70.81,-38.6175
-0.3320000000000002,0.13200000000000017,0.11599999999999966,-107.88399999999922,-68.50000000000007,-54.7819999999995
-0.33,0.1055000000000004,0.11650000000000005,-119.50949999999996,-64.98950000000004,-68.81499999999986
-0.33,0.0669999999999996,0.11099999999999995,-123.23300000000003,-60.79299999999996,-81.63000000000012
