-0.7585500000000001,0.7946500000000001,-2.42495
-0.65,0.97,-2.45
-0.7335,0.924075,-2.437475
-0.817,0.87815,-2.42495
-0.837375,0.842325,-2.412425
-0.8165,0.8131,-2.3999
-0.8,0.785625,-2.3908750000000003
-0.8,0.76475,-2.39505
-0.8,0.743875,-2.399225
-0.7864,0.7434,-2.4135999999999997
-0.7697,0.747575,-2.4303
-0.76525,0.757,-2.44175
-0.777775,0.7737,-2.445925
-0.7903,0.7906,-2.4504
-0.802825,0.81565,-2.4671000000000003
-0.81535,0.8407,-2.4838000000000005
-0.8226249999999999,0.8578749999999999,-2.513625
-0.8268,0.8704,-2.5512
-0.827075,0.886825,-2.5839
-0.81455,0.91605,-2.6006
-0.8020250000000001,0.9452749999999999,-2.6173
-0.8035,0.971,-2.6445
-0.807675,0.99605,-2.673725
-0.8118500000000001,1.0174,-2.69555
-0.816025,1.0341,-2.708075
-0.8188,1.0516,-2.7212
-0.79375,1.085,-2.74625
-0.7687,1.1183999999999998,-2.7712999999999997
-0.7681749999999999,1.1681499999999998,-2.804525
-0.7807000000000001,1.2266000000000001,-2.8421000000000003
-0.803975,1.2786,-2.87215
-0.8582500000000001,1.312,-2.8805
-0.9125249999999999,1.3454,-2.88885
-0.9308,1.3428,-2.8648000000000002
-0.943325,1.3344500000000001,-2.835575
-0.95,1.34365,-2.82
-0.95,1.372875,-2.82
-0.9515,1.403,-2.8196999999999997
-0.9723749999999999,1.4447499999999998,-2.815525
-0.99325,1.4865,-2.81135
-1.00565,1.5197749999999999,-2.82695
-1.014,1.549,-2.852
-1.035275,1.5758750000000001,-2.87705
-1.08955,1.5967500000000001,-2.9021000000000003
-1.143825,1.617625,-2.92715
-1.1537,1.6089,-2.8967
-1.157875,1.596375,-2.859125
-1.1395000000000002,1.5551500000000003,-2.8297499999999998
-1.0977500000000002,1.4841750000000002,-2.808875
-1.0568000000000002,1.4068000000000003,-2.7880000000000003
-1.0234,1.269025,-2.767125
-0.99,1.13125,-2.7462500000000003
-1.012175,1.0432,-2.69905
-1.0580999999999998,0.9764000000000005,-2.6406000000000005
-1.0951000000000002,0.9134249999999999,-2.58215
-1.1118,0.8591500000000003,-2.5237000000000003
-1.1284999999999998,0.8048750000000002,-2.46525
-1.1147999999999998,0.8532000000000004,-2.3991999999999996
-1.0981,0.9116499999999998,-2.3324
-1.07925,0.9958999999999999,-2.2613
-1.058375,1.10445,-2.18615
-1.039,1.202,-2.116
-1.03065,1.2187,-2.0826000000000002
-1.0223,1.2353999999999998,-2.0492000000000004
-1.023025,1.1734499999999994,-2.006725
-1.0272000000000001,1.0816000000000003,-1.9608
-1.0519999999999998,0.9718750000000003,-1.897
-1.1188000000000005,0.8257499999999989,-1.796799999999999
-1.1856,0.679625,-1.6965999999999999
-1.1627000000000003,0.5686000000000008,-1.6354000000000004
-1.1334750000000002,0.4600500000000006,-1.5769500000000003
-1.1447500000000002,0.3807499999999998,-1.5117499999999997
-1.190675,0.32647500000000024,-1.4407750000000001
-1.2545999999999995,0.2901999999999998,-1.3686000000000003
-1.4257750000000011,0.36117500000000047,-1.2892749999999995
-1.5969499999999996,0.4321499999999999,-1.20995
-1.6775,0.53125,-1.155625
-1.7275999999999996,0.6397999999999991,-1.1097000000000004
-1.7364,0.717375,-1.07705
-1.6696000000000004,0.7382499999999999,-1.0687000000000002
-1.602800000000001,0.7591249999999997,-1.0603500000000001
-1.5480000000000003,0.756,-1.044
-1.4937249999999997,0.751825,-1.0272999999999999
-1.47,0.7687999999999999,-0.9941500000000001
-1.47,0.8021999999999997,-0.9482250000000004
-1.4763,0.8292999999999999,-0.903
-1.5138749999999999,0.825125,-0.8612500000000003
-1.5514500000000002,0.82095,-0.8194999999999999
-1.543875,0.823225,-0.8293499999999999
-1.523,0.8274,-0.8544000000000002
-1.5163,0.8583499999999997,-0.8825999999999999
-1.533,0.9334999999999992,-0.9159999999999996
-1.5497,1.00865,-0.9493999999999999
-1.5541,1.0427999999999997,-0.9868999999999997
-1.558275,1.0762,-1.024475
-1.5159000000000005,1.0238500000000008,-1.0497999999999998
-1.4407499999999998,0.9111249999999996,-1.0665000000000002
-1.3807999999999998,0.8104000000000001,-1.084
-1.3849749999999998,0.7603000000000005,-1.1048749999999998
-1.3891499999999999,0.7102,-1.1257499999999998
-1.3700499999999998,0.6700749999999996,-1.13665
-1.345,0.6325,-1.145
-1.3584749999999994,0.5882250000000004,-1.144975
-1.42945,0.5339499999999999,-1.13245
-1.499975,0.4798500000000001,-1.12015
-1.4958,0.4548000000000003,-1.1451999999999998
-1.491625,0.4297500000000001,-1.1702499999999998
-1.4440999999999995,0.3970499999999998,-1.18765
-1.3689500000000001,0.35947500000000004,-1.200175
-1.3189999999999997,0.32730000000000015,-1.2028000000000003
-1.36075,0.31477499999999997,-1.1694
-1.4024999999999996,0.3022500000000001,-1.1360000000000001
-1.40315,0.28972499999999995,-1.13
-1.3947999999999998,0.27719999999999984,-1.13
-1.38645,0.24869999999999975,-1.12645
-1.3781,0.19860000000000014,-1.1181
-1.370375,0.14862500000000045,-1.1093750000000002
-1.3829,0.10270000000000001,-1.0885
-1.395425,0.056775000000000374,-1.0676250000000003
-1.3894,0.04,-1.0335
-1.3726999999999998,0.04,-0.9917499999999996
-1.3610000000000002,0.04,-0.9509999999999998
-1.3651750000000002,0.04,-0.9134249999999995
-1.36935,0.04,-0.8758500000000005
-1.352375,0.008275000000000074,-0.8453250000000001
-1.3315000000000003,-0.029299999999999646,-0.8161000000000003
-1.335,-0.059375000000000004,-0.77375
-1.3684000000000003,-0.08025000000000021,-0.7152999999999995
-1.39955,-0.10224999999999938,-0.6575250000000007
-1.3912,-0.1439999999999998,-0.6116000000000003
-1.38285,-0.1857500000000002,-0.5656749999999998
-1.3882499999999998,-0.21924999999999992,-0.5252500000000002
-1.4007749999999999,-0.2484750000000002,-0.4876749999999998
-1.4055999999999997,-0.2777000000000005,-0.4511999999999995
-1.3889000000000002,-0.3069249999999998,-0.4178000000000003
-1.3722,-0.33615000000000006,-0.38439999999999996
-1.3373749999999998,-0.34362500000000007,-0.36912499999999987
-1.2998000000000005,-0.34779999999999994,-0.35660000000000014
-1.26815,-0.35394999999999993,-0.34605
-1.2431000000000003,-0.3622999999999999,-0.3377000000000001
-1.221625,-0.3735749999999999,-0.33
-1.2425000000000002,-0.4195000000000003,-0.33
-1.2633749999999997,-0.46542499999999914,-0.33
-1.2443500000000003,-0.5141999999999995,-0.34139999999999987
-1.206775,-0.5643,-0.35810000000000003
-1.1752,-0.6191999999999995,-0.36760000000000004
-1.1584999999999999,-0.6860000000000002,-0.35924999999999996
-1.1417999999999997,-0.7528000000000009,-0.3508999999999999
-1.1325500000000002,-0.8233249999999992,-0.34627500000000005
-1.1242,-0.8942999999999999,-0.3421
-1.130375,-0.9652749999999994,-0.3254750000000003
-1.15125,-1.0362500000000001,-0.29625
-1.17,-1.1051000000000006,-0.26829999999999987
-1.17,-1.1551999999999993,-0.25160000000000027
-1.17,-1.2052999999999998,-0.2349000000000001
-1.1641,-1.2436,-0.21819999999999995
-1.15575,-1.2769999999999992,-0.20150000000000035
-1.1474,-1.3103999999999996,-0.17960000000000037
-1.13905,-1.3437999999999999,-0.14620000000000005
-1.1307,-1.377199999999999,-0.11280000000000086
-1.1147000000000002,-1.4105999999999994,-0.0870500000000004
-1.098,-1.4439999999999997,-0.06200000000000017
-1.100875,-1.46,-0.041299999999999955
-1.1217500000000002,-1.46,-0.024599999999999796
-1.1331750000000005,-1.459475,-0.008425000000000151
-1.0789000000000002,-1.4553,0.004099999999999968
-1.0246249999999997,-1.451125,0.016625000000000084
-1.0039000000000002,-1.4408500000000002,0.013900000000000148
-0.99555,-1.428325,0.005550000000000068
-0.9942,-1.4242,0.011200000000000043
-1.0067249999999996,-1.4367249999999996,0.04459999999999923
-1.0192499999999998,-1.4492499999999997,0.07799999999999954
-1.023925,-1.4774749999999999,0.11139999999999986
-1.0281,-1.5067000000000002,0.14480000000000018
-1.02545,-1.5427500000000007,0.1782000000000005
-1.0171000000000001,-1.5844999999999996,0.21159999999999968
-0.99875,-1.6175000000000002,0.2425
-0.9235999999999993,-1.6008,0.25920000000000015
-0.848450000000001,-1.5841000000000003,0.27589999999999976
-0.83315,-1.5674000000000001,0.28944999999999993
-0.837325,-1.5507,0.30197500000000005
-0.8474999999999996,-1.5414999999999999,0.3219999999999993
-0.8683749999999998,-1.545675,0.35539999999999966
-0.88925,-1.54985,0.3888
-0.8779250000000003,-1.6063499999999984,0.42219999999999913
-0.8654000000000002,-1.664799999999999,0.45559999999999945
-0.8457500000000002,-1.7089999999999996,0.48899999999999977
-0.8207,-1.7424000000000002,0.5224000000000001
-0.7970999999999998,-1.7678249999999998,0.5529000000000003
-0.7804000000000002,-1.7553,0.5695999999999998
-0.7637,-1.742775,0.5862999999999999
-0.7339999999999998,-1.7334999999999998,0.6030000000000001
-0.7006000000000007,-1.7251500000000002,0.6196999999999997
-0.6895999999999999,-1.7216,0.6268
-0.71465,-1.725775,0.6184499999999999
-0.7396999999999994,-1.7299499999999999,0.6101000000000002
-0.7235000000000003,-1.7382499999999999,0.5976250000000002
-0.7068,-1.7466,0.5851000000000001
-0.6900999999999999,-1.762375,0.57505
-0.6733999999999998,-1.7832500000000004,0.5666999999999999
-0.66,-1.7966999999999995,0.5558749999999996
-0.66,-1.78,0.535
-0.66,-1.7632999999999999,0.5141249999999998
-0.6767499999999997,-1.7198000000000007,0.49995000000000017
-0.6976249999999998,-1.6697000000000002,0.48742500000000005
-0.7151000000000001,-1.6212999999999997,0.47829999999999995
-0.7276249999999997,-1.5753750000000009,0.4741250000000001
-0.7402499999999997,-1.5297000000000003,0.4697500000000002
-0.7611249999999999,-1.50465,0.448875
-0.7819999999999995,-1.4796000000000007,0.42800000000000055
-0.79,-1.4494000000000005,0.41227500000000017
-0.79,-1.4160000000000001,0.3997500000000001
-0.78445,-1.3770499999999997,0.38537499999999997
-0.7593999999999997,-1.3185999999999993,0.36449999999999977
-0.7343500000000003,-1.2601500000000008,0.3436250000000003
-0.7610499999999999,-1.21205,0.3124000000000001
-0.7986250000000003,-1.1661249999999996,0.2789999999999998
-0.82,-1.1238000000000006,0.23660000000000098
-0.82,-1.0862250000000002,0.18232500000000046
-0.82135,-1.0501500000000001,0.12909999999999996
-0.8589249999999992,-1.054325,0.10405000000000059
-0.8964999999999995,-1.0585,0.07900000000000035
-0.91535,-1.05465,0.048600000000000136
-0.9237000000000001,-1.0463,0.01519999999999982
-0.9269250000000003,-1.0348750000000004,-0.015124999999999604
-0.9143999999999998,-1.0139999999999996,-0.03600000000000051
-0.901875,-0.993125,-0.056874999999999995
-0.9177500000000002,-0.9651499999999997,-0.07775000000000021
-0.9386249999999997,-0.9359250000000005,-0.09862499999999969
-0.9443,-0.8972000000000003,-0.12329999999999984
-0.9317749999999999,-0.8470999999999999,-0.1525250000000001
-0.9212499999999996,-0.7990000000000004,-0.1814999999999995
-0.9421249999999998,-0.7823000000000002,-0.20654999999999973
-0.963,-0.7656000000000001,-0.23159999999999994
-0.9866499999999994,-0.7433500000000006,-0.24277499999999988
-1.0116999999999996,-0.7183000000000004,-0.24694999999999992
-1.033375,-0.696625,-0.25225
-1.0459,-0.6840999999999999,-0.26060000000000005
-1.0584250000000002,-0.6715749999999999,-0.26895000000000013
-1.0636500000000002,-0.6590499999999998,-0.2773000000000002
-1.067825,-0.646525,-0.28564999999999996
-1.0860000000000003,-0.6339999999999999,-0.288
-1.1194000000000006,-0.6214749999999998,-0.28382499999999994
-1.1478999999999993,-0.6103500000000001,-0.28
-1.1228500000000008,-0.6145249999999999,-0.28
-1.0978000000000006,-0.6186999999999999,-0.28
-1.1101249999999996,-0.5998750000000004,-0.28862499999999985
-1.1393499999999999,-0.5706500000000001,-0.30115
-1.1526499999999997,-0.5414249999999998,-0.3198000000000002
-1.1276000000000004,-0.5122000000000005,-0.35319999999999935
-1.1025500000000004,-0.48297500000000027,-0.3865999999999997
-1.0625,-0.44625,-0.39375000000000004
-1.0207499999999996,-0.4086749999999997,-0.3979250000000001
-0.9810999999999993,-0.3668999999999991,-0.4
-0.943524999999999,-0.3209749999999987,-0.4
-0.9113499999999997,-0.28,-0.4017999999999995
-0.9238749999999998,-0.28,-0.41849999999999965
-0.9363999999999998,-0.28,-0.4351999999999998
-0.95785,-0.277025,-0.4638
-0.9829000000000002,-0.27285,-0.4972000000000003
-0.9986750000000001,-0.25145000000000095,-0.5252999999999998
-0.9945,-0.1930000000000004,-0.5419999999999999
-0.990325,-0.13454999999999984,-0.5587000000000001
-1.0362000000000007,-0.08379999999999939,-0.5677000000000001
-1.0863000000000012,-0.03369999999999891,-0.5760500000000002
-1.1056,-0.016600000000000392,-0.5822
-1.0972500000000003,-0.029124999999999658,-0.5863749999999999
-1.09055,-0.0421999999999997,-0.5921999999999997
-1.094725,-0.05889999999999987,-0.6088999999999999
-1.0989,-0.07560000000000003,-0.6256
-1.0969250000000001,-0.08,-0.6515250000000004
-1.0927499999999999,-0.08,-0.6807500000000005
-1.0928499999999997,-0.07145000000000096,-0.7056999999999993
-1.1012,-0.04640000000000072,-0.7223999999999995
-1.10955,-0.021350000000000476,-0.7390999999999996
-1.1494999999999997,0.01159999999999968,-0.7597499999999998
-1.19125,0.045,-0.780625
-1.2237999999999993,0.07609999999999928,-0.8060999999999993
-1.2488499999999996,0.10532499999999956,-0.8353249999999995
-1.2661000000000002,0.1384499999999997,-0.8697499999999996
-1.24105,0.19272500000000023,-0.9323750000000003
-1.2159999999999995,0.24700000000000075,-0.9950000000000009
-1.2163500000000003,0.2727000000000004,-1.0227000000000004
-1.2246999999999997,0.2893999999999994,-1.0393999999999994
-1.214750000000001,0.30304999999999976,-1.0637249999999991
-1.1730000000000007,0.31139999999999984,-1.1012999999999993
-1.13125,0.3197499999999999,-1.1388749999999996
-1.14215,0.34430000000000005,-1.19265
-1.1546749999999997,0.36934999999999946,-1.2469249999999987
-1.1743999999999997,0.4015999999999995,-1.315599999999999
-1.19945,0.43917499999999987,-1.3949249999999997
-1.2275000000000003,0.47225000000000006,-1.4697500000000003
-1.2692500000000007,0.4847750000000002,-1.5240250000000009
-1.311000000000001,0.4973000000000003,-1.5783000000000014
-1.3789499999999977,0.5261999999999989,-1.5801750000000006
-1.4540999999999982,0.5595999999999992,-1.5676500000000004
-1.6088749999999963,0.609249999999999,-1.532375000000001
-1.888599999999999,0.6843999999999997,-1.4614000000000003
-2.1683250000000016,0.7595500000000004,-1.3904249999999996
-2.1990499999999993,0.9716499999999959,-1.4646999999999986
-2.228275,1.184574999999998,-1.5398499999999993
-2.1575,1.3725,-1.6275
-2.019724999999999,1.5436750000000017,-1.7235250000000009
-1.901499999999999,1.702100000000002,-1.8136000000000014
-1.8597499999999987,1.810650000000003,-1.8804000000000018
-1.8180000000000014,1.9191999999999967,-1.947199999999998
-1.944999999999991,2.1222499999999878,-1.9734999999999991
-2.1119999999999983,2.3476999999999975,-1.9901999999999997
-2.1133999999999924,2.481725,-2.062100000000005
-1.879599999999998,2.4859,-2.212400000000001
-1.6463249999999894,2.4858749999999885,-2.3630000000000084
-1.4417500000000083,2.2562500000000094,-2.529999999999993
-1.2371749999999992,2.0266249999999992,-2.697
-1.1366000000000007,1.8776000000000022,-2.822399999999998
-1.0990249999999993,1.7773999999999979,-2.9226000000000023
-1.08615,1.6677000000000004,-2.9981
-1.1571249999999982,1.525750000000004,-2.9897500000000004
-1.2280999999999964,1.3838000000000075,-2.9814000000000003
-1.2087250000000003,1.2071000000000016,-2.9904249999999997
-1.1711500000000012,1.023400000000006,-3.0029499999999993
-1.0879499999999984,0.8889749999999993,-3.064750000000001
-0.946000000000002,0.818000000000001,-3.189999999999998
-0.8148999999999955,0.7513999999999987,-3.308775000000001
-0.9318000000000007,0.7848000000000002,-3.27955
-1.0486999999999977,0.8181999999999994,-3.2503250000000006
-1.1899000000000037,0.7948999999999986,-3.158999999999997
-1.344375,0.740625,-3.03375
-1.429550000000003,0.6958000000000004,-2.9525999999999986
-1.3084750000000058,0.6791000000000008,-3.0026999999999977
-1.1874000000000007,0.6624000000000001,-3.0528
-1.1771499999999997,0.7100499999999983,-3.002800000000002
-1.1855,0.7685000000000008,-2.935999999999999
-1.2092499999999995,0.8096249999999998,-2.8769000000000005
-1.2509999999999986,0.8304999999999992,-2.8268000000000018
-1.28945,0.849725,-2.7769749999999993
-1.2811000000000001,0.84555,-2.7310500000000006
-1.2727499999999998,0.8413749999999999,-2.685124999999999
-1.2728,0.8371999999999999,-2.6532
-1.276975,0.833025,-2.6281500000000007
-1.2788500000000003,0.8426499999999978,-2.6019500000000013
-1.274675,0.8885749999999998,-2.572725
-1.2705000000000002,0.9344999999999987,-2.5435000000000008
-1.2442749999999996,0.9657250000000004,-2.5069249999999994
-1.2150500000000002,0.9949499999999998,-2.4693500000000004
-1.1898750000000007,1.0241749999999992,-2.441900000000001
-1.1689999999999996,1.0534000000000003,-2.4252
-1.14925,1.079625,-2.4066250000000005
-1.1408999999999996,1.07545,-2.3690499999999988
-1.13255,1.071275,-2.3314749999999997
-1.1155000000000004,1.0178000000000016,-2.3084000000000002
-1.0946250000000008,0.9426500000000033,-2.2917000000000005
-1.0775000000000001,0.8712500000000001,-2.2737499999999997
-1.0691500000000003,0.8086250000000015,-2.2528750000000004
-1.0608,0.7459999999999988,-2.2319999999999998
-1.0751,0.7286750000000001,-2.23
-1.0917999999999997,0.7161500000000004,-2.23
-1.1021249999999998,0.718499999999999,-2.2342499999999994
-1.1063,0.7351999999999999,-2.2426
-1.1071499999999992,0.7490499999999998,-2.252850000000001
-1.0820999999999998,0.7406999999999999,-2.2779000000000003
-1.0570500000000005,0.7323500000000002,-2.3029499999999996
-1.0410000000000006,0.7449999999999991,-2.3189999999999995
-1.028475,0.7658750000000001,-2.331525
-1.02,0.7759500000000003,-2.33865
-1.02,0.7634249999999997,-2.334475
-1.02,0.7509,-2.3303000000000003
-1.0316249999999998,0.7306250000000005,-2.3416249999999996
-1.0441499999999995,0.709750000000001,-2.3541499999999993
-1.05,0.697775,-2.357775
-1.05,0.6936000000000001,-2.3536
-1.04885,0.69,-2.3546000000000005
-1.0405000000000002,0.69,-2.3879999999999995
-1.0321500000000003,0.69,-2.421399999999999
-1.03,0.6962,-2.4393000000000002
-1.03,0.7045499999999998,-2.451825
-1.0212999999999994,0.7216000000000008,-2.474500000000001
-0.99625,0.755,-2.51625
-0.9712000000000006,0.7883999999999992,-2.557999999999999
-0.9779499999999995,0.809874999999999,-2.5719249999999994
-0.9863,0.8307499999999999,-2.58445
-1.010924999999999,0.8307000000000004,-2.571400000000001
-1.0485000000000007,0.8139999999999998,-2.5379999999999994
-1.0725750000000005,0.8053999999999997,-2.5147249999999994
-1.0266500000000016,0.8387999999999989,-2.543949999999999
-0.9807249999999996,0.8722000000000003,-2.5731750000000004
-0.9763999999999998,0.88,-2.5864
-0.9847500000000002,0.88,-2.5947500000000003
-0.99465,0.8660499999999999,-2.5876
-1.0071749999999997,0.8284750000000008,-2.5542000000000007
-1.0196999999999994,0.7909000000000018,-2.5208000000000017
-1.02815,0.7777750000000001,-2.51185
-1.0364999999999998,0.7652500000000003,-2.5035000000000003
-1.0302999999999998,0.7672750000000003,-2.497575
-1.0136,0.7797999999999999,-2.4934000000000003
-0.9969000000000006,0.7915499999999998,-2.4884500000000003
-0.9801999999999998,0.7999000000000002,-2.4801
-0.9635000000000002,0.8082499999999999,-2.47175
-0.9401999999999993,0.8067,-2.4766000000000004
-0.9151499999999999,0.802525,-2.4849500000000004
-0.9016500000000003,0.7587499999999949,-2.4734999999999983
