0.305225,0.43752500000000005,0.7664
0.43,0.15,0.94
0.392025,0.177125,0.9617
0.35319999999999996,0.19235000000000002,0.98255
0.30979999999999996,0.14352499999999996,0.998825
0.27830000000000005,0.0879,1.0168
0.27287500000000003,0.017375000000000012,1.0385
0.28275000000000006,-0.035300000000000054,1.0449
0.309875,-0.06785000000000002,1.03405
0.32,-0.0766,1.0266
0.32,-0.071175,1.021175
0.3115,-0.04450000000000002,1.0030000000000001
0.30065,-0.011949999999999985,0.9813
0.27449999999999997,0.020600000000000042,0.9647
0.24895,0.05262500000000001,0.947375
0.2381,0.07975000000000004,0.92025
0.23275000000000004,0.10550000000000005,0.901375
0.24359999999999998,0.1272,0.9068
0.24555,0.13555,0.9055500000000001
0.2347,0.12469999999999999,0.8947
0.22692500000000002,0.12307499999999999,0.8930750000000001
0.2215,0.1285,0.8985
0.22,0.13,0.9
0.22,0.13,0.9
0.224775,0.13955,0.8809
0.23020000000000002,0.15060000000000004,0.8593999999999999
0.235625,0.166875,0.843125
0.2421,0.18,0.82895
0.25295,0.18,0.823525
0.2581,0.17809999999999998,0.8219
0.252675,0.172675,0.827325
0.24174999999999994,0.15899999999999992,0.8355
0.22547499999999993,0.1372999999999999,0.84635
0.18760000000000004,0.11200000000000003,0.8644
0.1387749999999997,0.08487499999999983,0.8861000000000001
0.13445000000000001,0.08445,0.90335
0.13987500000000003,0.08987500000000001,0.919625
0.16120000000000004,0.10590000000000004,0.9359000000000001
0.17709999999999992,0.12362500000000007,0.952175
0.15540000000000007,0.15074999999999994,0.9684499999999999
0.138425,0.1636999999999999,0.9863000000000001
0.133,0.14200000000000004,1.008
0.15424999999999997,0.10575000000000004,1.03455
0.20850000000000038,0.05149999999999963,1.0671000000000004
0.23655,0.010349999999999963,1.1029250000000002
0.2474,-0.02220000000000006,1.1409
0.2169999999999999,-0.02174999999999997,1.1788750000000001
0.17359999999999987,-0.010899999999999964,1.2168500000000002
0.11029999999999973,0.00492500000000007,1.224975
0.052000000000000136,0.022800000000000195,1.2296
0.07912500000000017,0.06077500000000022,1.224175
0.11625,0.09625,1.2137499999999999
0.18677500000000008,0.12337500000000003,1.1866249999999998
0.2279,0.14420000000000002,1.1826
0.22247499999999995,0.1550500000000001,1.2151500000000002
0.19345000000000018,0.16294999999999998,1.23885
0.14462500000000014,0.168375,1.255125
0.10719999999999985,0.15859999999999994,1.2676
0.07464999999999983,0.14232499999999992,1.27845
0.08395000000000011,0.13534999999999997,1.2707
0.10037500000000002,0.13052500000000003,1.259925
0.12750000000000022,0.16850000000000032,1.2545
0.14537499999999995,0.20647500000000008,1.25
0.11824999999999974,0.24445000000000036,1.25
0.07692499999999974,0.27,1.2571
0.006400000000000149,0.27,1.2788
-0.02737499999999997,0.2594999999999999,1.276875
-0.02194999999999993,0.23779999999999973,1.2497499999999997
0.0008499999999997954,0.22305000000000008,1.229575
0.033400000000000034,0.21219999999999997,1.2133
0.09190000000000055,0.21432500000000004,1.1840499999999996
0.15700000000000017,0.21975000000000003,1.1514999999999997
0.19622500000000037,0.16307499999999941,1.155175
0.22879999999999995,0.10339999999999976,1.1642000000000001
0.21795,0.0437250000000001,1.202175
0.20854999999999996,-0.013050000000000284,1.23435
0.20312499999999994,-0.06187500000000064,1.2506250000000003
0.18160000000000026,-0.0968999999999999,1.2783999999999998
0.13819999999999993,-0.11317500000000003,1.3218
0.0947999999999996,-0.12315000000000005,1.3494500000000003
0.05139999999999986,-0.12857500000000002,1.365725
0.08799999999999984,-0.13799999999999998,1.366
0.15310000000000032,-0.14885000000000004,1.360575
0.19879999999999995,-0.19849999999999995,1.3697
0.2391749999999999,-0.25220000000000026,1.380825
0.22289999999999976,-0.2956000000000006,1.3971000000000002
0.20325000000000015,-0.3389999999999998,1.411125
0.17069999999999994,-0.3824000000000001,1.41655
0.13617499999999963,-0.43567500000000065,1.4338250000000003
0.09819999999999986,-0.5062000000000003,1.4718000000000002
0.11107499999999988,-0.5287000000000001,1.49565
0.17075000000000032,-0.5069999999999999,1.5065000000000002
0.18265,-0.43385000000000007,1.5247
0.17179999999999992,-0.33619999999999933,1.5464000000000002
0.12927499999999997,-0.31095,1.590725
0.08044999999999959,-0.3000999999999999,1.6395500000000003
0.04774999999999992,-0.33225000000000005,1.656125
0.03040000000000069,-0.37360000000000093,1.6716
0.10092500000000029,-0.4658250000000004,1.68245
0.19455000000000167,-0.5085499999999992,1.6833999999999998
0.34102500000000274,-0.43802499999999867,1.6616999999999995
0.38749999999999996,-0.34,1.6524999999999999
0.3169750000000004,-0.20980000000000076,1.6579249999999999
0.19619999999999976,-0.18680000000000008,1.7035500000000001
0.044299999999998646,-0.23020000000000038,1.7740750000000007
0.02680000000000007,-0.32400000000000034,1.7942
0.04850000000000023,-0.43250000000000116,1.799625
0.13585000000000164,-0.5208000000000015,1.7747499999999996
0.227125000000001,-0.5876499999999982,1.7466749999999995
0.30849999999999944,-0.446600000000001,1.7087000000000003
0.34614999999999996,-0.330725,1.691925
0.2485000000000005,-0.29275000000000023,1.7407499999999998
0.15954999999999986,-0.30045000000000016,1.7787000000000002
0.08359999999999929,-0.3764000000000007,1.8004000000000002
0.07420000000000015,-0.49167500000000053,1.8160500000000002
0.11760000000000048,-0.6381500000000017,1.8269000000000002
0.1958750000000017,-0.7110000000000009,1.8416250000000003
0.28810000000000113,-0.7544000000000005,1.8579000000000003
0.295275,-0.6135250000000011,1.8411000000000002
0.2871499999999999,-0.44865,1.8204500000000001
0.18407499999999913,-0.3998249999999996,1.8367250000000002
0.10200000000000017,-0.37800000000000156,1.8550000000000004
0.11284999999999996,-0.4756499999999997,1.8821249999999998
0.14035000000000025,-0.5603500000000002,1.8962999999999999
0.2000250000000007,-0.6200250000000007,1.8854499999999998
0.2516000000000008,-0.6716000000000009,1.8908000000000003
0.29500000000000115,-0.7150000000000011,1.9125000000000005
0.31,-0.7157999999999998,1.92
0.31,-0.6941000000000002,1.92
0.26600000000000024,-0.6943999999999999,1.9419999999999997
0.21174999999999983,-0.6998249999999999,1.969125
0.22575000000000017,-0.7420000000000004,1.97
0.24337500000000048,-0.7793249999999999,1.9659499999999994
0.2705000000000007,-0.7738999999999999,1.9333999999999991
0.2884749999999999,-0.771525,1.90695
0.2830500000000001,-0.7769499999999999,1.8961000000000001
0.26812500000000017,-0.8013749999999997,1.9018749999999998
0.24099999999999996,-0.8502000000000001,1.929
0.2170999999999998,-0.9280500000000009,1.9529
0.19539999999999963,-1.0257000000000016,1.9746000000000004
0.194075,-1.0663,1.975925
0.19950000000000004,-1.0880000000000003,1.9705
0.21477500000000022,-1.08015,1.97
0.23070000000000024,-1.0703500000000001,1.9707000000000001
0.24155000000000001,-1.0757750000000001,1.98155
0.2584000000000003,-1.0812000000000002,1.9875999999999998
0.2963750000000006,-1.0866250000000002,1.9767499999999998
0.3241,-1.0879500000000002,1.96795
0.3349500000000001,-1.082525,1.9625249999999999
0.3341999999999999,-1.0916000000000003,1.9658
0.3233499999999998,-1.1133000000000004,1.9766500000000002
0.3087499999999996,-1.168750000000002,1.9912500000000004
0.2924749999999999,-1.2392750000000006,2.007525
0.2670000000000003,-1.2867999999999995,2.0329999999999995
0.23997500000000002,-1.33,2.06
0.23454999999999998,-1.33,2.06
0.23087500000000005,-1.3291250000000001,2.062625
0.2363000000000001,-1.3236999999999999,2.0789000000000004
0.24172500000000013,-1.332075000000001,2.088275
0.24715000000000004,-1.3700500000000002,2.08285
0.25,-1.4054500000000003,2.0877250000000003
0.25,-1.4379999999999997,2.1039999999999996
0.2739750000000001,-1.47055,2.113425
0.31195000000000034,-1.5031000000000003,2.11885
0.33710000000000034,-1.5356500000000006,2.1413750000000005
0.35879999999999995,-1.5682,2.1685
0.36512500000000003,-1.5187499999999998,2.17
0.37,-1.4666999999999994,2.1689
0.37,-1.4341499999999994,2.15805
0.36299999999999927,-1.4128000000000003,2.15
0.33587499999999976,-1.42365,2.15
0.3177500000000001,-1.4367499999999997,2.1567499999999997
0.312325,-1.453025,2.173025
0.30689999999999995,-1.4786000000000001,2.1924
0.30147499999999994,-1.5111500000000004,2.2141000000000006
0.2683999999999992,-1.5318500000000004,2.2358000000000002
0.22499999999999887,-1.5481250000000004,2.2575000000000003
0.18639999999999973,-1.55,2.2696
0.1506749999999998,-1.5517999999999996,2.27955
0.16694999999999993,-1.5951999999999997,2.2687
0.19290000000000018,-1.641825,2.2589249999999996
0.2580000000000007,-1.7015000000000007,2.2535
0.32117500000000104,-1.7457750000000003,2.2577000000000003
0.3808499999999999,-1.76205,2.2794
0.41832500000000006,-1.77,2.29555
0.4346000000000002,-1.77,2.3064
0.4508749999999999,-1.76275,2.306375
0.46715,-1.7519,2.30095
0.4520999999999998,-1.7276249999999997,2.3
0.4303999999999996,-1.7004999999999995,2.3
0.40337500000000004,-1.71065,2.2893499999999998
0.3777499999999999,-1.7260000000000002,2.28075
0.36147499999999977,-1.7694000000000005,2.286175
0.3435999999999996,-1.8096000000000008,2.2868
0.3218999999999994,-1.842150000000001,2.27595
0.3050999999999999,-1.8673500000000003,2.27245
0.2942499999999998,-1.883625,2.277875
0.29,-1.8833999999999997,2.2767
0.29,-1.8725499999999997,2.2712749999999997
0.2983000000000004,-1.8575499999999996,2.2783
0.3091499999999999,-1.8412750000000002,2.28915
0.32999999999999996,-1.82,2.3049999999999997
0.35085000000000005,-1.7974499999999998,2.321275
0.36169999999999985,-1.7649000000000004,2.33755
0.37127499999999997,-1.73745,2.348725
0.37670000000000003,-1.7266,2.3432999999999997
0.38212500000000005,-1.7221250000000001,2.346375
0.3875500000000001,-1.7275500000000001,2.3626500000000004
0.398925,-1.727025,2.367025
0.41520000000000007,-1.7216,2.3615999999999997
0.4161749999999999,-1.72,2.36765
0.41074999999999984,-1.72,2.3785000000000003
0.4053249999999998,-1.6966249999999992,2.3706499999999995
0.3998999999999998,-1.6693999999999987,2.3596999999999992
0.3944749999999999,-1.6368499999999995,2.343425
0.39095000000000013,-1.6090499999999999,2.3280999999999996
0.3963750000000002,-1.6036249999999999,2.3172499999999996
0.3910000000000004,-1.6018000000000001,2.3082000000000003
0.36387500000000017,-1.6072250000000001,2.302775
0.34204999999999997,-1.5941,2.2893999999999997
0.32577499999999987,-1.5615499999999998,2.2676999999999996
0.31650000000000006,-1.5395000000000003,2.2634999999999996
0.311075,-1.523225,2.268925
0.31,-1.50695,2.27435
0.31,-1.4906749999999998,2.279775
0.3152000000000001,-1.4691999999999996,2.2695999999999996
0.323125,-1.45,2.2581249999999997
0.3502500000000002,-1.45,2.24185
0.37,-1.451475,2.23
0.37,-1.4569,2.23
0.3676749999999998,-1.4390749999999985,2.227675
0.3622499999999998,-1.3902499999999982,2.22225
0.3472999999999996,-1.3572999999999997,2.216825
0.32559999999999945,-1.3355999999999995,2.2114
0.3240249999999999,-1.334025,2.21
0.32944999999999997,-1.33945,2.21
0.3251249999999999,-1.335125,2.1904999999999997
0.3191,-1.3294000000000001,2.1696999999999997
0.3028250000000003,-1.3185500000000003,2.164275
0.2865499999999997,-1.3042499999999997,2.15885
0.27027500000000004,-1.277125,2.153425
0.27000000000000085,-1.2559999999999996,2.1399999999999992
0.29712500000000036,-1.2451499999999998,2.112875
0.32139999999999985,-1.24285,2.0943
0.34310000000000057,-1.2482750000000002,2.0834499999999996
0.35,-1.2463,2.0837
0.35,-1.2408749999999997,2.089125
0.3044999999999987,-1.2126999999999992,2.0991
0.25024999999999975,-1.1801499999999998,2.10995
0.2391999999999996,-1.1637999999999993,2.0937999999999994
0.23165000000000022,-1.1483499999999998,2.07835
0.24250000000000058,-1.1374999999999993,2.0674999999999994
0.25837499999999947,-1.1249750000000003,2.0566500000000003
0.28550000000000036,-1.1086999999999998,2.0458
0.302525,-1.0924250000000002,2.04505
0.3079499999999999,-1.0761500000000004,2.0559
0.29987499999999984,-1.0801250000000002,2.0667500000000003
0.2836000000000002,-1.0964,2.0776
0.2757749999999999,-1.1042250000000002,2.0926750000000003
0.27035,-1.10965,2.10895
0.28014999999999984,-1.0947750000000003,2.09985
0.2915000000000003,-1.074499999999999,2.0884999999999994
0.307775,-1.0148249999999999,2.072225
0.3227000000000004,-0.9645999999999992,2.0586499999999996
0.3335500000000002,-0.9428999999999996,2.053225
0.33779999999999977,-0.9233999999999992,2.0477999999999996
0.33237499999999986,-0.9071249999999995,2.042375
0.31779999999999975,-0.9152500000000003,2.0461
0.296099999999999,-0.9423750000000012,2.0569500000000005
0.29389999999999983,-0.9733999999999992,2.0716999999999994
0.299325,-1.0059500000000003,2.087975
0.3142499999999998,-1.085999999999999,2.09475
0.32982499999999987,-1.1710500000000006,2.100175
0.32439999999999997,-1.2036,2.1056
0.31385000000000046,-1.2136000000000013,2.108975
0.2812999999999994,-1.1267999999999985,2.10355
0.258125,-1.0362500000000001,2.090625
0.2526999999999998,-0.9385999999999968,2.063499999999999
0.2554500000000002,-0.8818249999999997,2.05
0.2663,-0.86555,2.05
0.27715000000000034,-0.881450000000001,2.0464249999999997
0.2880000000000001,-0.9140000000000004,2.041
0.31655000000000144,-0.9598250000000021,2.022299999999999
0.3491000000000008,-1.0086500000000012,2.0005999999999995
0.355275,-1.0152750000000001,1.9736249999999997
0.3522999999999976,-1.012999999999998,1.9471999999999992
0.29262499999999875,-0.9587499999999989,1.9254999999999995
0.23759999999999992,-0.9107,1.9115499999999999
0.19420000000000073,-0.8781500000000005,1.9169749999999999
0.18440000000000056,-0.8575999999999999,1.9127999999999996
0.21694999999999995,-0.852175,1.896525
0.26250000000000173,-0.8434999999999996,1.8834999999999997
0.3167500000000007,-0.8326499999999998,1.87265
0.3259,-0.8013000000000002,1.8659000000000001
0.32047499999999984,-0.7633249999999989,1.8604749999999999
0.28039999999999965,-0.7154499999999996,1.86495
0.24037500000000023,-0.6684999999999991,1.8692499999999996
0.24580000000000013,-0.6467999999999995,1.8583999999999998
0.2561250000000001,-0.6422500000000002,1.8451
0.283250000000001,-0.696500000000002,1.8233999999999992
0.3062250000000003,-0.7403750000000004,1.807925
0.32250000000000084,-0.7675000000000014,1.8024999999999998
0.3095249999999987,-0.7478249999999981,1.8117000000000008
0.27154999999999946,-0.6881499999999992,1.8334000000000004
0.2449000000000001,-0.5982750000000004,1.851325
0.2232000000000005,-0.49520000000000236,1.8675999999999997
0.18299999999999955,-0.48,1.9023750000000004
0.14029999999999973,-0.48034999999999967,1.9399
0.17285000000000084,-0.5183250000000009,1.9290499999999997
0.21260000000000048,-0.5635000000000006,1.9227
0.2885499999999991,-0.644874999999999,1.9389749999999997
0.35225000000000084,-0.6947499999999996,1.95
0.39022500000000004,-0.6784749999999999,1.95
0.3605999999999963,-0.6231999999999965,1.9473999999999998
0.2575249999999983,-0.5255499999999984,1.9419749999999998
0.16134999999999536,-0.4623999999999978,1.9745000000000028
0.0691249999999971,-0.4189999999999986,2.028750000000002
0.08010000000000048,-0.4358000000000004,1.9969999999999992
0.11807500000000175,-0.4683500000000015,1.9427499999999975
0.2693500000000043,-0.48545000000000044,1.8524499999999975
0.4105750000000003,-0.494824999999997,1.7676999999999987
0.4159999999999999,-0.4460000000000005,1.7460000000000002
0.3815249999999967,-0.3928999999999985,1.7499500000000017
0.23504999999999937,-0.3277999999999997,1.8259000000000003
0.1045000000000016,-0.2809000000000003,1.8768249999999997
-0.004000000000002044,-0.2591999999999996,1.8931000000000002
-0.009375000000000008,-0.284375,1.840625
0.06115000000000237,-0.34405000000000197,1.7375499999999966
0.24695000000000333,-0.3281999999999994,1.5986999999999978
0.47479999999999906,-0.2848000000000002,1.4468000000000005
0.48069999999999935,-0.2317499999999984,1.4589500000000009
0.4502499999999978,-0.17649999999999919,1.4947500000000011
0.2386749999999907,-0.10054999999999664,1.5978250000000045
0.05019999999999754,-0.04880000000000109,1.68
-0.04745000000000062,-0.09220000000000027,1.68
-0.07489999999999611,-0.15120000000000347,1.6312499999999945
0.022750000000002053,-0.23800000000000182,1.495624999999997
0.1400000000000074,-0.26319999999999827,1.4047999999999974
0.27562499999999773,-0.23065000000000055,1.3559750000000008
0.2944499999999994,-0.10684999999999717,1.416650000000002
0.25647500000000006,0.061324999999999644,1.5305749999999998
0.13300000000000295,0.25649999999999584,1.635499999999998
-0.008050000000001774,0.45722500000000255,1.7385750000000013
0.0702499999999995,0.43860000000000016,1.595550000000001
0.15395000000000267,0.39984999999999615,1.4451999999999954
0.2516000000000008,0.2587999999999988,1.2715999999999985
0.3427500000000032,0.1421249999999975,1.128874999999997
0.41870000000000174,0.08244999999999864,1.0583499999999983
0.4401999999999998,0.05742500000000007,1.0373250000000003
0.3967999999999984,0.07370000000000061,1.0753000000000015
0.29687499999999745,0.10992500000000092,1.116600000000001
0.1612499999999929,0.15875000000000256,1.1600000000000021
0.13,0.21592500000000203,1.103199999999997
0.13,0.2756000000000009,1.0163999999999986
0.14005000000000054,0.24482499999999818,0.9195499999999953
0.15089999999999976,0.20505000000000137,0.8286500000000003
0.16175000000000012,0.14537499999999937,0.8123749999999998
0.17259999999999992,0.1,0.8064999999999998
0.18345000000000028,0.1,0.8336250000000007
0.19430000000000008,0.11505000000000024,0.85645
0.20514999999999986,0.15302499999999952,0.8727249999999998
0.22200000000000045,0.18500000000000058,0.8679999999999995
0.24370000000000006,0.21212500000000006,0.8462999999999999
0.2461499999999998,0.24310000000000118,0.84
0.2407249999999999,0.27565000000000056,0.84
0.24939999999999998,0.2659,0.84
0.25987499999999986,0.25012500000000015,0.8402500000000003
0.25444999999999995,0.25555000000000005,0.8511000000000001
0.246099999999999,0.2590249999999998,0.8609750000000003
0.2243999999999994,0.2535999999999999,0.8664000000000002
0.2136500000000001,0.2573000000000002,0.87
0.2244999999999999,0.27899999999999975,0.87
0.24070000000000052,0.2873249999999999,0.87
0.26240000000000013,0.2819,0.87
0.287625000000001,0.2658999999999992,0.8629499999999996
0.31475000000000053,0.24419999999999958,0.8520999999999997
0.3243750000000003,0.209374999999998,0.8456249999999997
0.3298000000000002,0.17139999999999875,0.8401999999999998
0.32477499999999965,0.13864999999999783,0.8504500000000007
0.32,0.10870000000000005,0.8613
0.32,0.0978499999999991,0.8721500000000009
0.3169999999999999,0.09300000000000011,0.8769999999999999
0.3061500000000001,0.10384999999999991,0.8661500000000001
0.29764999999999986,0.11470000000000027,0.86
0.29222499999999996,0.12555000000000008,0.86
0.30280000000000085,0.12039999999999935,0.8471999999999991
0.32449999999999934,0.10412500000000052,0.8255000000000007
0.33810000000000057,0.07974999999999853,0.8281000000000005
0.3489499999999998,0.052625000000000456,0.8389499999999998
0.34019999999999984,0.04509999999999991,0.8449000000000001
0.33065,0.03902500000000003,0.849025
0.34150000000000036,0.022749999999999486,0.8327499999999994
0.3441249999999996,0.012350000000000139,0.8188249999999999
0.3169999999999987,0.023200000000000498,0.8133999999999998
0.36277500000000457,0.16365000000000973,0.7492499999999956
0.5309500000000102,0.5217000000000217,0.5864999999999901
0.5151249999999925,0.44274999999998044,0.610625000000008
0.3360999999999865,-0.02380000000003521,0.8005000000000143
0.1980499999999995,-0.07687499999999943,0.9307750000000005
0.07870000000000175,0.05874999999999801,1.0338499999999986
