0.7186,0.3636,0.7352
0.62,0.41,0.77
0.6142,0.381,0.7874
0.5972,0.34559999999999996,0.8112
0.5508000000000001,0.29340000000000005,0.8518
0.5268,0.22840000000000005,0.8796
0.521,0.15300000000000002,0.897
0.5104,0.12560000000000002,0.8808
0.49760000000000004,0.11239999999999999,0.8588
0.47440000000000004,0.1356,0.8472
0.4622,0.17859999999999998,0.8378
0.46799999999999997,0.254,0.832
0.4662,0.318,0.8072
0.46040000000000003,0.3759999999999999,0.7724000000000001
0.4708,0.36920000000000003,0.77
0.4752,0.3456000000000001,0.7819999999999999
0.452,0.2760000000000001,0.84
0.4344,0.20640000000000008,0.8728
0.4228,0.13680000000000006,0.8786
0.38480000000000003,0.10240000000000002,0.8844
0.3402,0.08239999999999995,0.8894
0.346,0.15199999999999997,0.872
0.35359999999999997,0.21439999999999998,0.8563999999999999
0.36519999999999997,0.26080000000000003,0.8448
0.37,0.28,0.8468
0.37,0.28,0.8583999999999999
0.36000000000000004,0.2300000000000002,0.865
0.34680000000000005,0.16800000000000026,0.8747999999999999
0.3236000000000001,0.08100000000000052,0.9095999999999999
0.31,0.025200000000000028,0.9348
0.31,0.013599999999999994,0.9464
0.29800000000000004,0.045999999999999874,0.9699999999999999
0.2806,0.09820000000000004,0.999
0.26880000000000004,0.16719999999999985,1.0056
0.25860000000000005,0.22559999999999988,1.01
0.2528,0.24879999999999997,1.01
0.24100000000000008,0.26,1.0219999999999998
0.22360000000000002,0.26,1.0452
0.22459999999999997,0.24160000000000012,1.0592
0.2312,0.21880000000000002,1.0716
0.24859999999999993,0.20140000000000008,1.0948
0.24000000000000007,0.188,1.13
0.18200000000000024,0.18220000000000003,1.1879999999999997
0.1672,0.20159999999999995,1.2207999999999999
0.17879999999999996,0.23639999999999986,1.2382
0.1696,0.2556,1.2556
0.1449999999999998,0.27900000000000014,1.278
0.058000000000000045,0.3312,1.3244
0.002199999999999952,0.36,1.3552000000000002
-0.01519999999999989,0.36,1.3668
0.08920000000000042,0.2885999999999997,1.3448
0.23999999999999908,0.1900000000000006,1.3100000000000003
0.3270000000000003,0.08559999999999966,1.2752
0.3852000000000001,-0.007599999999999635,1.2579999999999998
0.36779999999999996,-0.07140000000000023,1.2870000000000001
0.3440000000000003,-0.13199999999999934,1.2968000000000002
0.3149999999999997,-0.19000000000000059,1.291
0.22840000000000055,-0.21919999999999987,1.2948
0.13639999999999988,-0.23879999999999996,1.2994
0.10159999999999997,-0.22719999999999999,1.2936
0.11299999999999982,-0.22,1.2724000000000002
0.19999999999999957,-0.22,1.2260000000000002
0.1995999999999998,-0.2846000000000004,1.2404000000000002
0.15319999999999992,-0.38320000000000015,1.2868000000000002
0.10680000000000006,-0.4547999999999999,1.317
0.07239999999999995,-0.5147999999999999,1.3340000000000003
0.08400000000000006,-0.5380000000000001,1.305
0.09,-0.5304000000000004,1.3151999999999995
0.09,-0.4898,1.3674
0.07240000000000009,-0.4448000000000002,1.4503999999999997
0.051000000000000156,-0.40020000000000006,1.5416000000000003
0.07999999999999972,-0.4059999999999999,1.5879999999999996
0.11259999999999998,-0.4064,1.6272
0.15319999999999986,-0.39480000000000004,1.6503999999999999
0.1495999999999998,-0.33559999999999945,1.6668
0.11480000000000032,-0.24280000000000088,1.6784
0.08499999999999999,-0.18,1.705
0.06079999999999998,-0.1347999999999999,1.7331999999999999
0.06659999999999996,-0.1695999999999998,1.7564
0.0843999999999997,-0.20679999999999965,1.7604000000000002
0.11920000000000003,-0.24740000000000004,1.7372
0.16999999999999987,-0.2919999999999999,1.718
0.2279999999999997,-0.33839999999999976,1.7006000000000001
0.2076000000000002,-0.3847999999999996,1.7279999999999998
0.18299999999999997,-0.4242,1.7514
0.15400000000000008,-0.4416,1.7572
0.1280000000000001,-0.4410000000000001,1.7480000000000002
0.10480000000000018,-0.42360000000000014,1.7248
0.11379999999999982,-0.42,1.7016000000000002
0.13119999999999998,-0.42519999999999986,1.6807999999999998
0.14859999999999993,-0.5005999999999997,1.6924
0.16200000000000003,-0.5680000000000003,1.7180000000000002
0.16779999999999995,-0.6201999999999995,1.7701999999999996
0.15920000000000004,-0.6831999999999999,1.8116
0.1418000000000001,-0.7527999999999997,1.8464
0.16080000000000014,-0.7964000000000002,1.8604
0.18799999999999956,-0.8280000000000001,1.87
0.23439999999999941,-0.8164000000000001,1.87
0.2703999999999999,-0.81,1.87
0.29360000000000014,-0.81,1.87
0.28740000000000016,-0.8435999999999996,1.8993999999999998
0.27000000000000024,-0.8899999999999995,1.9399999999999995
0.29319999999999996,-0.9247999999999998,1.9516
0.30359999999999987,-0.9516,1.9584
0.2804000000000002,-0.9573999999999999,1.9526000000000001
0.2604000000000002,-0.9663999999999998,1.9468
0.24300000000000005,-0.978,1.941
0.2544000000000001,-0.9944000000000001,1.9736000000000002
0.27359999999999973,-1.0094,2.0105999999999997
0.3083999999999996,-1.0036,2.0164
0.34099999999999997,-1.0285999999999997,2.0332
0.37000000000000055,-1.1040000000000014,2.068000000000001
0.3534000000000003,-1.1072000000000002,2.0913999999999997
0.3128000000000004,-1.0724000000000005,2.1087999999999996
0.24520000000000094,-1.016000000000001,2.1046
0.19720000000000026,-0.9736000000000001,2.1024000000000003
0.23199999999999932,-0.9909999999999997,2.114
0.25,-0.9972,2.0976
0.25,-0.9914,2.0512
0.25,-0.9987999999999999,2.0268
0.25079999999999986,-1.0102,2.0088
0.27399999999999974,-1.016,1.9740000000000002
0.2989999999999996,-1.0056000000000005,1.9553999999999998
0.3280000000000003,-0.9591999999999996,1.9728
0.309400000000001,-0.9196000000000006,1.9867999999999997
0.2571999999999999,-0.8847999999999999,1.9984
0.255,-0.88,2.0
0.2608,-0.8839999999999999,2.0016
0.2666,-0.9129999999999998,2.0132
0.26760000000000006,-0.9659999999999993,2.0296
0.2618000000000001,-1.052999999999999,2.0528
0.2519999999999999,-1.1200000000000006,2.068
0.2404000000000002,-1.1779999999999988,2.0795999999999997
0.25119999999999976,-1.1911999999999998,2.08
0.25579999999999997,-1.2014,2.0828
0.23840000000000006,-1.2072,2.0944000000000003
0.23,-1.216,2.109
0.23,-1.2275999999999998,2.1264
0.1932000000000005,-1.2529999999999997,2.1437999999999997
0.15280000000000044,-1.2832000000000006,2.1584
0.19339999999999932,-1.3295999999999992,2.1352000000000007
0.2339999999999992,-1.3679999999999997,2.122
0.27460000000000007,-1.3912,2.1278
0.2792,-1.4143999999999999,2.1588
0.2618000000000001,-1.4375999999999998,2.2051999999999996
0.2548,-1.4607999999999999,2.2203999999999997
0.2569999999999996,-1.4760000000000002,2.225
0.2976000000000005,-1.4527999999999996,2.1959999999999997
0.3018000000000006,-1.44,2.18
0.26120000000000076,-1.44,2.18
0.22059999999999988,-1.4862000000000002,2.201
0.18,-1.55,2.23
0.18,-1.5673999999999997,2.2184000000000004
0.17360000000000014,-1.5832,2.2132
0.1504000000000002,-1.5948,2.2247999999999997
0.14319999999999994,-1.6096,2.2332
0.1489999999999999,-1.6269999999999996,2.2390000000000003
0.17879999999999938,-1.6395999999999997,2.2352000000000003
0.2106,-1.6475999999999997,2.23
0.2164,-1.6244,2.23
0.22439999999999968,-1.6034000000000006,2.2365999999999993
0.23599999999999993,-1.586,2.2539999999999996
0.2475999999999999,-1.5876,2.2448
0.2591999999999999,-1.5992,2.2216000000000005
0.23840000000000033,-1.5946000000000002,2.1930000000000005
0.2164000000000003,-1.5983999999999994,2.1723999999999997
0.19899999999999993,-1.6390000000000002,2.184
0.18719999999999998,-1.6683999999999999,2.1872
0.18140000000000014,-1.6857999999999995,2.1814000000000004
0.17120000000000005,-1.6724,2.1712000000000002
0.1586000000000003,-1.6498,2.1606
0.1180000000000004,-1.644,2.178
0.10799999999999926,-1.6435999999999997,2.1882
0.1659999999999991,-1.6551999999999998,2.1824000000000003
0.20019999999999968,-1.6667999999999996,2.18
0.21759999999999963,-1.6783999999999997,2.18
0.22,-1.645000000000001,2.195
0.21760000000000004,-1.6052000000000002,2.2092
0.2002000000000001,-1.5704000000000002,2.2034000000000002
0.2043999999999997,-1.5691999999999997,2.2048
0.23920000000000044,-1.6156000000000006,2.2164
0.2700000000000003,-1.6540000000000004,2.2480000000000007
0.2989999999999995,-1.6887999999999994,2.2885999999999993
0.2720000000000006,-1.7123999999999995,2.3124
0.25,-1.7230000000000008,2.3272000000000004
0.25,-1.694,2.3156
0.25299999999999995,-1.68,2.316
0.2588,-1.68,2.3276
0.26,-1.6892,2.3484000000000003
0.26360000000000056,-1.7012,2.3716000000000004
0.31579999999999914,-1.7185999999999997,2.3947999999999996
0.35399999999999976,-1.7359999999999995,2.4080000000000004
0.3655999999999997,-1.7533999999999996,2.4022
0.3628000000000003,-1.7528000000000004,2.4036
0.3512,-1.7412,2.4094
0.3603999999999999,-1.7036000000000002,2.3996000000000004
0.3739999999999998,-1.6719999999999997,2.3860000000000006
0.3972000000000003,-1.6836,2.3628
0.4022000000000003,-1.6925999999999999,2.35
0.3848000000000003,-1.6984,2.35
0.3841999999999999,-1.6790000000000005,2.3416
0.38999999999999985,-1.6500000000000006,2.3300000000000005
0.3958,-1.6441999999999999,2.3242
0.40159999999999996,-1.6368,2.3167999999999997
0.40739999999999993,-1.6252000000000002,2.3052
0.40039999999999976,-1.6039999999999996,2.3064
0.3830000000000007,-1.5750000000000013,2.317999999999999
0.3847999999999999,-1.5412000000000006,2.3008
0.39,-1.5106,2.2811999999999997
0.39,-1.5164,2.2927999999999997
0.38560000000000005,-1.5222,2.3066
0.37400000000000005,-1.528,2.324
0.38139999999999985,-1.53,2.3376
0.39880000000000027,-1.53,2.3492
0.39460000000000023,-1.5138000000000007,2.323000000000001
0.39,-1.5,2.3011999999999997
0.39,-1.5,2.307
0.3844000000000003,-1.4916000000000005,2.31
0.3728,-1.4742,2.31
0.3875999999999999,-1.4656,2.2924
0.40980000000000016,-1.4598000000000002,2.2696000000000005
0.4039999999999998,-1.4539999999999997,2.2579999999999996
0.4017999999999998,-1.4464000000000004,2.241000000000001
0.4075999999999999,-1.4348,2.2120000000000006
0.4133999999999997,-1.4198000000000006,2.2034
0.41919999999999985,-1.4024000000000003,2.2092
0.385,-1.4,2.2199999999999998
0.34760000000000046,-1.4031999999999993,2.2308
0.3302000000000001,-1.4264,2.2366
0.3224000000000001,-1.4375999999999998,2.2352
0.32819999999999994,-1.4318,2.2236000000000002
0.36599999999999794,-1.4180000000000006,2.216
0.4181999999999991,-1.4006000000000003,2.2102
0.4368000000000001,-1.3943999999999999,2.2156000000000002
0.4416000000000008,-1.380200000000001,2.2241999999999997
0.4068000000000001,-1.3396000000000001,2.2416
0.37799999999999956,-1.317,2.2379999999999995
0.35480000000000017,-1.3112000000000001,2.2148000000000003
0.35,-1.3191999999999997,2.2008000000000005
0.3519999999999996,-1.3276000000000006,2.1884
0.3809999999999988,-1.2928000000000015,2.165200000000001
0.4079999999999996,-1.2799999999999994,2.1539999999999995
0.4312,-1.3090000000000002,2.1656
0.4328000000000003,-1.3128000000000004,2.17
0.4212,-1.3012000000000001,2.17
0.35759999999999875,-1.2687999999999995,2.1544
0.30399999999999977,-1.2360000000000002,2.141
0.32719999999999916,-1.2128000000000008,2.1468
0.3348000000000002,-1.1896000000000002,2.1603999999999997
0.32319999999999993,-1.1663999999999999,2.1836
0.31580000000000014,-1.16,2.1942
0.31,-1.16,2.2
0.33319999999999933,-1.1542000000000001,2.1942000000000004
0.35639999999999983,-1.1468,2.1852
0.3795999999999992,-1.1352000000000002,2.1678000000000006
0.4027999999999997,-1.1172000000000002,2.16
0.4259999999999991,-1.094000000000001,2.16
0.4252000000000001,-1.046800000000001,2.1696
0.4181999999999999,-1.0024000000000002,2.1794000000000002
0.40080000000000043,-1.0255999999999994,2.1736
0.39,-1.0575999999999999,2.1612
0.39,-1.104000000000001,2.1379999999999995
0.3938,-1.1086000000000003,2.1186000000000003
0.39959999999999984,-1.0912000000000006,2.101200000000001
0.4,-1.0090000000000012,2.0784000000000002
0.4,-0.9364000000000007,2.0588
0.4,-0.9190000000000004,2.053
0.40840000000000004,-0.9128000000000001,2.0471999999999997
0.42579999999999957,-0.9185999999999999,2.0414000000000003
0.47399999999999975,-0.9463999999999999,2.0444
0.5284000000000015,-0.9798000000000001,2.0502
0.4820000000000005,-0.9740000000000001,2.056
0.4374000000000015,-0.9520000000000022,2.0564000000000004
0.39680000000000065,-0.8940000000000009,2.0448000000000004
0.3766,-0.8632,2.0332
0.37080000000000013,-0.8516000000000002,2.0216000000000003
0.38,-0.84,2.005
0.38679999999999953,-0.8340000000000006,1.9908000000000001
0.36360000000000015,-0.8629999999999998,1.9966
0.34280000000000055,-0.8776000000000002,2.0
0.3254000000000002,-0.8718,2.0
0.32799999999999957,-0.8580000000000007,1.980000000000001
0.33959999999999985,-0.8406000000000002,1.9510000000000005
0.3344,-0.8175999999999999,1.9612
0.33279999999999976,-0.8013999999999999,1.9630000000000007
0.3444,-0.8072,1.934
0.36800000000000066,-0.8160000000000003,1.923
0.4027999999999997,-0.8275999999999999,1.9287999999999998
0.3916000000000008,-0.8162000000000006,1.9162000000000006
0.3680000000000004,-0.8015999999999998,1.9007999999999998
0.33899999999999975,-0.8248000000000002,1.9124
0.3239999999999998,-0.8380000000000001,1.9100000000000006
0.33560000000000006,-0.8321999999999999,1.881
0.35440000000000055,-0.8191999999999996,1.8736000000000002
0.37759999999999994,-0.8018000000000001,1.8794
0.3748000000000002,-0.7948000000000002,1.8696000000000004
0.3739999999999998,-0.7850000000000004,1.8580000000000003
0.3971999999999991,-0.7560000000000011,1.8464000000000005
0.4022000000000003,-0.7192000000000007,1.8426
0.3847999999999999,-0.6727999999999997,1.8484
0.37580000000000013,-0.6516000000000003,1.85
0.37,-0.64,1.85
0.37,-0.6225999999999996,1.85
0.37319999999999937,-0.61,1.8531999999999995
0.38479999999999964,-0.61,1.8647999999999998
0.39319999999999994,-0.5876000000000005,1.8668000000000002
0.3989999999999998,-0.5470000000000016,1.8610000000000004
0.4,-0.5016000000000008,1.86
0.40300000000000014,-0.4569999999999999,1.8618000000000001
0.43199999999999933,-0.42800000000000066,1.8791999999999995
0.44560000000000005,-0.41439999999999994,1.89
0.43400000000000033,-0.42599999999999966,1.89
0.42240000000000005,-0.39960000000000034,1.8824
0.4108000000000004,-0.3532000000000016,1.8708000000000005
0.3884000000000003,-0.28520000000000095,1.87
0.3603999999999996,-0.2275999999999999,1.87
0.3140000000000009,-0.21600000000000022,1.87
0.3236000000000001,-0.20439999999999997,1.8672000000000002
0.3932000000000016,-0.19279999999999972,1.8614
0.44079999999999786,-0.1812000000000006,1.8424000000000014
0.47980000000000017,-0.16940000000000055,1.8186000000000013
0.47400000000000003,-0.1520000000000002,1.7780000000000005
0.4717999999999998,-0.12560000000000174,1.7356000000000018
0.4775999999999999,-0.07920000000000073,1.6892000000000007
0.4561999999999997,-0.06680000000000007,1.6359999999999997
0.41560000000000086,-0.07839999999999975,1.5780000000000014
0.42,-0.095,1.52
0.43,-0.11559999999999888,1.4636000000000013
0.43,-0.15619999999999976,1.4172000000000002
0.42520000000000036,-0.1823999999999998,1.3708000000000016
0.41360000000000013,-0.18819999999999992,1.3244000000000005
0.39399999999999974,-0.16599999999999965,1.3019999999999998
0.3708000000000004,-0.13120000000000062,1.2904000000000002
0.3251999999999998,-0.19720000000000026,1.2956
0.29839999999999917,-0.26959999999999806,1.2930000000000008
0.3331999999999982,-0.3507999999999959,1.2640000000000016
0.3709999999999988,-0.4169999999999985,1.2290000000000012
0.4115999999999997,-0.46919999999999956,1.1884000000000003
0.44299999999999895,-0.40640000000000326,1.1340000000000021
0.4640000000000012,-0.3156000000000009,1.0819999999999996
0.37699999999999934,-0.25179999999999947,1.1110000000000002
0.29800000000000126,-0.1900000000000011,1.1399999999999992
0.23419999999999988,-0.1319999999999999,1.169
0.2243999999999994,-0.0884000000000009,1.1620000000000006
0.2475999999999999,-0.05360000000000014,1.133
0.3123999999999978,-0.03440000000000055,1.1092000000000006
0.3680000000000001,-0.012000000000000455,1.0969999999999998
0.35640000000000044,0.034399999999998265,1.1375999999999984
0.3240000000000009,0.088599999999999,1.185999999999999
0.2660000000000025,0.15239999999999726,1.2439999999999976
0.25419999999999987,0.22459999999999836,1.2725999999999997
0.25999999999999973,0.29999999999999627,1.2899999999999991
0.3412000000000018,0.3232000000000005,1.243599999999999
0.41759999999999964,0.34479999999999994,1.1988
0.481400000000001,0.3622000000000003,1.1581999999999992
0.5291999999999996,0.36360000000000015,1.1304
0.5639999999999986,0.3520000000000004,1.1130000000000007
0.5556000000000003,0.3260000000000005,1.1195999999999997
0.5370000000000014,0.30239999999999895,1.127600000000001
0.5079999999999992,0.3256000000000006,1.1043999999999994
0.4878000000000003,0.3312000000000012,1.0636000000000037
0.4819999999999999,0.30799999999999955,0.9939999999999987
0.49139999999999984,0.26200000000000045,0.9358000000000004
0.5087999999999994,0.20400000000000207,0.8836000000000018
0.5261999999999998,0.2,0.8530000000000004
0.5388000000000003,0.2,0.83
0.5330000000000001,0.2,0.83
0.5216000000000008,0.19160000000000083,0.8272000000000003
0.5041999999999996,0.1741999999999996,0.8213999999999998
0.5176,0.18319999999999995,0.7936000000000001
0.5406000000000003,0.20120000000000063,0.7587999999999994
0.5579999999999998,0.23599999999999965,0.7240000000000003
0.5717999999999998,0.25640000000000046,0.6946000000000007
0.5775999999999999,0.24480000000000018,0.6772000000000002
0.6105999999999977,0.24339999999999976,0.6632000000000006
0.6628000000000015,0.24920000000000017,0.6515999999999997
0.6849999999999992,0.23000000000000115,0.6200000000000017
0.6951999999999992,0.2132000000000005,0.5972000000000011
0.6604000000000002,0.23639999999999986,0.6493999999999998
0.6591999999999985,0.24760000000000018,0.6560000000000019
0.7055999999999994,0.24180000000000007,0.5980000000000006
0.7319999999999993,0.3159999999999957,0.58
0.7493999999999997,0.426199999999998,0.58
0.6996000000000023,0.2956000000000063,0.6807999999999953
0.650199999999999,0.19980000000000103,0.740399999999998
0.609600000000002,0.24039999999999795,0.6592000000000041
0.6080000000000007,0.2119999999999982,0.5869999999999987
0.6427999999999997,0.11920000000000074,0.5232000000000006
0.6729999999999989,0.22879999999999426,0.5467999999999984
0.6972000000000005,0.37720000000000053,0.5907999999999998
0.6566000000000016,0.3366000000000017,0.6023999999999995
0.6260000000000002,0.2820000000000016,0.627999999999999
0.6144000000000005,0.20080000000000384,0.6801999999999975
0.6027999999999997,0.1411999999999989,0.7324000000000012
0.5912000000000001,0.09480000000000018,0.7845999999999999
0.6211999999999989,0.06920000000000073,0.7951999999999999
0.6490000000000001,0.05799999999999955,0.8009999999999999
0.6432000000000002,0.10439999999999827,0.8067999999999999
0.668599999999999,0.14819999999999936,0.7918000000000007
0.7323999999999973,0.18879999999999825,0.7512000000000018
