34477,-0.06,-0.01,-0.82,239.78,49.92,-21.22
34497,-0.14,-0.05,-0.74,121.30,43.09,50.49
34517,-0.03,0.22,-0.71,57.04,-36.24,10.61
34538,0.04,0.30,-0.72,-70.95,-50.27,-14.63
34557,0.02,0.02,-0.62,-158.94,-12.04,16.40
34577,0.02,-0.13,-0.62,-72.05,2.48,45.91
34597,-0.06,-0.04,-0.74,59.23,-21.67,15.49
34617,-0.00,0.02,-0.81,103.62,-46.36,5.37
34638,-0.03,-0.02,-0.81,41.24,-30.08,42.68
34658,-0.06,0.03,-0.77,-27.66,-59.96,55.00
34677,-0.10,-0.00,-0.69,-57.90,-110.45,54.45
34697,-0.07,-0.10,-0.73,-23.51,-128.38,82.99
34717,-0.12,-0.20,-0.84,117.46,-151.36,109.57
34737,-0.24,-0.32,-0.90,235.27,-177.22,153.35
34758,-0.32,-0.59,-0.95,371.06,-241.97,211.95
34777,-0.43,-0.45,-0.62,370.57,-353.62,327.99
34797,-0.15,0.07,-0.94,337.28,-353.01,462.93
34817,-0.30,0.14,-1.14,189.84,-374.29,486.22
34837,-0.54,-0.30,-0.90,106.24,-447.71,480.18
34858,-0.43,-0.39,-0.59,46.36,-573.50,583.54
34877,-0.30,-0.20,-0.84,153.74,-600.27,668.66
34897,-0.54,-0.30,-1.03,148.62,-597.83,696.77
34917,-0.59,-0.56,-0.85,101.30,-659.05,768.72
34937,-0.36,-0.67,-0.79,187.77,-681.61,812.26
34958,-0.25,-0.55,-1.11,502.52,-624.96,827.01
34977,-0.58,-0.44,-1.03,413.25,-648.68,862.93
34997,-0.17,-0.17,-1.03,242.34,-736.55,916.89
35017,-0.31,-0.76,-1.25,58.32,-656.85,856.34
35038,-0.70,-1.17,-1.28,56.91,-610.39,892.50
35058,-1.01,-0.84,-1.28,151.00,-600.82,935.61
35077,-0.59,-0.71,-1.43,209.60,-626.24,895.00
35097,-0.49,-1.15,-1.55,220.51,-641.36,813.66
35117,-0.94,-1.15,-1.39,277.04,-663.01,784.63
35137,-0.89,-0.86,-1.41,184.84,-647.95,778.54
35158,-0.74,-0.78,-1.74,72.77,-717.34,730.30
35177,-0.59,-1.42,-1.84,-24.85,-736.00,629.39
35197,-0.98,-1.32,-1.47,-59.98,-649.96,607.56
35217,-1.41,-1.48,-1.37,90.08,-613.86,644.08
35237,-1.42,-1.36,-1.12,142.95,-563.99,686.83
35258,-0.89,-1.22,-1.74,215.39,-557.16,680.91
35277,-0.95,-1.60,-1.97,221.85,-530.39,596.40
35297,-1.40,-1.32,-1.67,130.21,-534.17,552.56
35317,-1.78,-1.08,-1.57,78.99,-542.40,538.66
35337,-1.72,-1.29,-1.59,-23.51,-560.39,497.68
35358,-1.44,-1.57,-1.87,-100.53,-579.54,412.68
35377,-1.59,-1.80,-1.74,-39.49,-521.06,330.12
35397,-1.80,-1.65,-1.54,-36.62,-382.40,311.65
35417,-1.53,-1.66,-1.59,83.80,-259.35,294.39
35437,-1.77,-1.51,-1.61,142.04,-238.07,254.45
35458,-1.79,-1.20,-1.68,89.29,-272.58,234.02
35478,-1.81,-1.34,-1.76,-3.70,-281.00,223.23
35497,-1.80,-1.50,-1.67,-64.31,-224.96,192.74
35517,-1.85,-1.39,-1.36,-51.87,-173.38,192.56
35538,-1.97,-1.55,-1.79,91.06,-120.39,162.62
35557,-2.15,-1.51,-1.81,-40.59,-57.58,80.06
35578,-2.08,-1.20,-1.57,-70.40,-60.75,36.95
35597,-1.91,-1.78,-1.83,-41.26,7.42,-7.07
35617,-1.95,-1.50,-1.73,-32.35,92.35,-65.55
35637,-2.00,-1.47,-1.53,-18.03,106.62,-122.56
35657,-1.86,-1.54,-1.55,-95.28,183.64,-113.66
35678,-1.91,-1.82,-1.63,34.90,273.03,-166.89
35697,-2.02,-1.32,-1.73,69.54,274.31,-231.89
35717,-2.14,-1.20,-1.82,-11.44,330.04,-245.43
35737,-1.83,-1.26,-1.83,-110.10,256.62,-319.51
35757,-1.75,-1.36,-1.74,-86.68,241.81,-353.54
35778,-1.71,-1.46,-1.62,-12.05,229.98,-402.44
35797,-1.74,-1.29,-1.56,-93.70,255.10,-410.18
35817,-1.53,-1.55,-1.51,-90.53,279.06,-411.77
35837,-1.39,-1.64,-1.59,-58.21,359.61,-403.96
35857,-1.39,-1.59,-1.58,3.86,425.83,-403.78
35878,-1.49,-1.41,-1.53,15.45,474.06,-417.56
35897,-1.42,-1.32,-1.66,77.52,440.16,-434.39
35917,-1.17,-1.29,-1.85,28.32,418.64,-485.18
35937,-1.62,-0.93,-1.62,-239.92,435.46,-498.84
35957,-1.35,-1.39,-1.75,-484.49,453.64,-510.73
35978,-0.87,-1.46,-1.61,-399.31,548.39,-539.70
35997,-0.93,-1.30,-1.60,-175.71,552.60,-588.60
36017,-1.02,-1.36,-1.70,-38.94,591.93,-574.76
36038,-1.00,-1.02,-1.64,-15.89,622.11,-583.42
36057,-1.02,-0.94,-1.73,-190.16,648.64,-606.59
36078,-0.97,-0.93,-1.51,-389.61,648.39,-628.05
36097,-0.74,-1.08,-1.51,-337.66,666.07,-632.50
36117,-0.70,-1.04,-1.61,-190.34,661.14,-665.49
36137,-0.77,-1.04,-1.40,-72.84,624.49,-704.09
36157,-0.81,-0.73,-1.17,-217.66,606.20,-699.82
36178,-0.46,-0.79,-1.33,-331.14,649.37,-681.59
36197,-0.52,-0.84,-1.32,-324.67,721.87,-647.38
36218,-0.67,-0.61,-1.15,-181.01,671.50,-607.20
36237,-0.44,-0.69,-1.45,-46.32,604.00,-656.53
36257,-0.59,-0.55,-1.00,-210.77,578.94,-653.48
36278,-0.50,-0.49,-1.04,-286.01,583.45,-628.11
36297,-0.48,-0.34,-1.06,-212.96,553.21,-571.22
36317,-0.43,-0.35,-1.12,-182.17,478.76,-530.92
36338,-0.18,-0.41,-1.21,-191.68,510.89,-497.20
36357,-0.17,-0.60,-0.98,-33.51,544.61,-526.16
36378,-0.15,-0.24,-0.91,38.56,502.42,-570.73
36397,-0.30,0.11,-1.22,-233.82,534.06,-544.33
36417,-0.41,-0.21,-0.85,-322.17,444.37,-530.18
36437,-0.49,-0.50,-0.98,-315.34,487.72,-460.55
36457,-0.54,-0.66,-0.91,-137.60,366.87,-391.04
36477,-0.21,-0.19,-0.68,-40.77,295.28,-295.37
36498,0.13,0.13,-0.86,-25.10,331.68,-307.74
36517,-0.12,0.10,-0.56,-96.38,268.82,-349.57
36538,-0.01,-0.05,-0.78,-15.16,247.35,-313.05
36557,-0.14,-0.39,-0.89,29.05,267.48,-298.72
36577,-0.27,-0.34,-0.90,87.04,190.04,-234.39
36598,-0.10,-0.09,-0.89,-24.25,148.64,-127.13
36617,-0.03,0.03,-0.78,-156.32,215.53,-44.39
36637,-0.09,-0.11,-0.77,0.21,104.00,-167.38
36657,-0.21,-0.22,-0.60,110.82,48.82,-122.13
36677,-0.13,0.01,-0.73,12.89,-4.78,21.52
36698,0.03,0.42,-0.81,-180.40,-58.74,17.19
36717,0.29,0.07,-0.85,-192.72,6.99,-100.67
36737,-0.05,-0.31,-0.66,-103.09,166.75,3.11
36757,-0.16,-0.06,-0.80,95.15,64.49,61.10
36777,-0.04,0.35,-0.98,80.51,-48.56,-39.27
36798,-0.01,0.33,-0.92,-227.29,-28.44,-12.68
36817,0.09,0.07,-0.67,-466.44,2.29,26.46
36837,-0.01,-0.10,-0.47,-273.45,-17.16,-2.56
36857,0.03,-0.16,-0.49,9.35,-28.38,49.39
36877,0.01,-0.04,-0.71,163.80,-15.21,66.16
36898,-0.12,0.05,-0.81,255.33,-59.23,16.71
36917,-0.05,-0.00,-0.70,222.46,-125.27,12.99