-0.308375,-0.1585,0.24550000000000002,277.5145,24.558500000000002,10.513999999999998
-0.32,-0.05,0.23,19.92,65.06,-15.03
-0.331625,-0.061625,0.21450000000000002,12.786125,45.685,-14.131
-0.34325,-0.07325,0.199,5.652250000000001,26.310000000000002,-13.232000000000001
-0.33862499999999995,-0.101125,0.19325,-17.752750000000006,12.939375,-8.132375
-0.3115,-0.15149999999999997,0.20099999999999998,-63.686999999999976,7.882500000000002,2.7834999999999948
-0.28437500000000004,-0.201875,0.20875,-109.62125,2.8256249999999996,13.699375
-0.254,-0.275,0.21975,-133.47825,1.1584999999999992,5.709999999999994
-0.22300000000000003,-0.3525,0.231375,-153.08962499999998,0.1432500000000001,-5.914999999999996
-0.2,-0.411,0.24,-162.079,2.3839999999999897,-14.149000000000001
-0.2,-0.414875,0.24,-140.53012499999994,13.98575000000002,-12.633874999999996
-0.2,-0.41874999999999996,0.24,-118.98125,25.5875,-11.11875
-0.213125,-0.41475,0.23475,-98.34587499999999,34.259750000000004,-7.157124999999999
-0.2325,-0.40700000000000003,0.22699999999999998,-78.14549999999998,41.537000000000006,-2.030499999999995
-0.25112500000000004,-0.399625,0.22037500000000002,-57.81012499999997,48.146375,2.803250000000003
-0.26275,-0.39575000000000005,0.22425,-36.21475000000001,48.52225,4.903499999999999
-0.27437500000000004,-0.39187500000000003,0.22812500000000002,-14.619375,48.898125,7.00375
-0.28,-0.38,0.226,0.1600000000000037,49.446,8.02
-0.28,-0.360625,0.21825,8.549375000000008,50.155125,8.02
-0.28,-0.34125,0.2105,16.938750000000013,50.86425,8.02
-0.27275,-0.32187499999999997,0.206375,12.133124999999989,50.623625,6.671499999999996
-0.265,-0.3025,0.2025,6.4175,50.317499999999995,5.2299999999999995
-0.26550000000000007,-0.28724999999999995,0.20275000000000004,-1.269875000000031,50.6315,3.5038749999999936
-0.281,-0.27949999999999997,0.21050000000000002,-12.54225000000001,52.073,1.260249999999998
-0.2965,-0.27175000000000005,0.21825,-23.81462499999999,53.5145,-0.9833749999999979
-0.315,-0.28800000000000003,0.223,-32.177000000000014,55.43000000000001,-3.0440000000000036
-0.334375,-0.31125,0.226875,-39.690625,57.48375,-5.05125
-0.35,-0.3315,0.23225000000000004,-46.371750000000006,59.209,-5.741499999999985
-0.35,-0.33925,0.243875,-49.584125,59.5655,-0.9442499999999949
-0.35,-0.347,0.2555,-52.796499999999995,59.922000000000004,3.8529999999999958
-0.352375,-0.34762499999999996,0.257625,-53.431999999999995,61.551500000000004,5.346624999999999
-0.35624999999999996,-0.34375,0.25375000000000003,-52.44,63.985,4.75375
-0.359875,-0.33987500000000004,0.250125,-51.501374999999996,66.411625,4.159500000000001
-0.356,-0.336,0.254,-52.164,68.632,3.523999999999999
-0.35212499999999997,-0.332125,0.257875,-52.826625,70.852375,2.8885000000000005
-0.35525,-0.3265,0.25825,-52.63525,73.211,2.848000000000001
-0.366875,-0.31875,0.254375,-51.406875,75.7375,3.53
-0.37850000000000006,-0.311,0.2505,-50.1785,78.26400000000001,4.2120000000000015
-0.38,-0.306625,0.25,-52.345375000000004,79.86575,1.0296249999999967
-0.38,-0.30275,0.25,-55.015249999999995,81.3305,-2.7252499999999964
-0.38562500000000005,-0.298875,0.24775,-59.92837500000002,82.809875,-6.638750000000009
-0.405,-0.295,0.24,-70.32499999999999,84.325,-10.94
-0.42437499999999995,-0.29112499999999997,0.23225,-80.72162499999997,85.840125,-15.24124999999999
-0.42724999999999996,-0.29550000000000004,0.23275,-87.17750000000002,86.88225,-19.30600000000002
-0.423375,-0.30324999999999996,0.23662499999999997,-92.02124999999997,87.730875,-23.27399999999998
-0.42400000000000004,-0.311,0.241,-96.109,88.223,-27.257500000000007
-0.45499999999999996,-0.31875,0.24875,-95.09375,86.30875,-31.345625000000002
-0.48599999999999993,-0.3265,0.2565,-94.0785,84.39450000000001,-35.433749999999996
-0.5042500000000001,-0.32787499999999997,0.27275000000000016,-94.28087500000001,82.00212499999999,-36.20474999999999
-0.512,-0.324,0.2960000000000001,-95.486,79.216,-34.24399999999999
-0.5197499999999999,-0.32012500000000005,0.3192499999999998,-96.691125,76.42987500000002,-32.28325000000002
-0.52375,-0.32,0.3275,-110.21875,80.01875000000001,-27.30375
-0.527625,-0.32,0.33525,-124.15712499999997,83.820125,-22.22362500000001
-0.5360000000000001,-0.3185,0.3430000000000001,-141.24250000000012,86.85500000000002,-17.67449999999998
-0.5515,-0.314625,0.35075,-163.31062500000007,88.67625000000001,-13.966124999999986
-0.567,-0.31074999999999997,0.3585,-185.37875000000005,90.4975,-10.257749999999993
-0.585625,-0.31,0.350625,-206.953125,85.875,-5.443124999999998
-0.605,-0.31,0.339,-228.40899999999996,79.70600000000002,-0.3630000000000093
-0.6252499999999999,-0.30650000000000005,0.3369999999999999,-245.79874999999998,71.90512500000006,5.1817499999999725
-0.6485000000000001,-0.2909999999999999,0.3680000000000001,-249.2475,58.50924999999995,12.319500000000026
-0.6717500000000001,-0.27549999999999997,0.399,-252.69625,45.11337499999998,19.457250000000013
-0.6900000000000001,-0.24500000000000002,0.4425,-268.31,25.252499999999998,28.59
-0.7055,-0.2062500000000001,0.49287499999999995,-290.61449999999996,1.835875000000044,38.81999999999998
-0.7209999999999999,-0.16925000000000007,0.5454999999999998,-314.23624999999987,-21.853499999999897,48.82599999999998
-0.7365,-0.15762499999999996,0.6307500000000004,-356.95812500000017,-49.497750000000096,55.584000000000024
-0.752,-0.146,0.7160000000000002,-399.6800000000001,-77.14200000000005,62.34200000000001
-0.7675000000000001,-0.16062500000000002,0.784375,-434.71625,-104.99249999999999,57.345625
-0.783,-0.20324999999999993,0.8347499999999999,-461.55449999999996,-133.06299999999993,39.81125000000003
-0.7985,-0.24587499999999984,0.8851249999999998,-488.3927499999999,-161.13349999999988,22.27687500000006
-0.7755,-0.3060000000000002,0.8935000000000001,-483.416,-183.33450000000008,-4.301500000000097
-0.7483749999999997,-0.36800000000000066,0.897375,-475.0304999999999,-204.90662500000025,-31.8488750000003
-0.7225,-0.4175,0.90625,-461.91875000000005,-230.945,-51.4325
-0.69925,-0.4407499999999999,0.9256249999999999,-438.88187500000004,-266.36249999999995,-54.292249999999996
-0.6759999999999999,-0.4640000000000001,0.9450000000000001,-415.84499999999986,-301.7800000000002,-57.152000000000015
-0.6412500000000002,-0.4297500000000003,0.9873749999999997,-404.25350000000003,-333.67562499999985,-53.770125000000036
-0.6024999999999999,-0.3754999999999999,1.0377500000000002,-396.643,-364.34625000000005,-48.21724999999999
-0.5649999999999997,-0.3218749999999996,1.0724999999999996,-390.5725,-391.14812500000005,-45.92687500000014
-0.534,-0.2715000000000001,1.026,-392.51,-397.8325,-60.60149999999997
-0.5030000000000001,-0.22112500000000018,0.9795000000000001,-394.4475,-404.51687499999997,-75.27612499999995
-0.4697499999999999,-0.20675000000000004,0.8789999999999994,-418.3922500000001,-385.01124999999985,-77.29899999999998
-0.4348750000000003,-0.21837499999999993,0.7395000000000009,-458.2311249999997,-346.5906250000003,-70.18450000000006
-0.4,-0.23,0.6,-498.07,-308.17,-63.07
-0.35737499999999967,-0.2803750000000004,0.49924999999999925,-548.6813750000003,-299.28849999999994,-33.48824999999978
-0.31475000000000014,-0.3307499999999998,0.3985000000000004,-599.2927499999997,-290.40700000000004,-3.9065000000001113
-0.25262499999999966,-0.40062500000000034,0.3139999999999998,-635.903125,-294.2557500000001,12.922249999999996
-0.163499999999999,-0.49750000000000105,0.25199999999999934,-653.1275000000002,-315.7310000000002,12.092999999999991
-0.074375,-0.594375,0.19,-670.351875,-337.20625,11.26375
-0.04375000000000021,-0.7594999999999981,0.1410000000000005,-660.0292500000002,-332.94150000000013,-6.088499999999776
-0.02437500000000007,-0.9377499999999994,0.09450000000000017,-644.4091250000001,-323.72675000000004,-26.618249999999925
-0.033000000000000335,-1.1110000000000007,0.050999999999999865,-621.137,-313.31699999999995,-39.89899999999997
-0.12212499999999935,-1.269874999999999,0.016125000000000257,-575.8653750000003,-299.47162500000013,-32.33887500000006
-0.21125,-1.42875,-0.01875,-530.59375,-285.62625,-24.77875
-0.33712500000000106,-1.5167500000000005,-0.03262500000000003,-482.93862499999966,-270.1638749999999,-5.59774999999982
-0.4804999999999995,-1.571,-0.036499999999999984,-434.1485000000002,-253.93150000000009,19.116999999999905
-0.6182500000000003,-1.61625,-0.03924999999999997,-383.1859999999997,-237.75424999999996,41.476375
-0.7035000000000009,-1.5774999999999997,-0.03149999999999992,-311.9479999999992,-222.09149999999983,41.85225
-0.78875,-1.53875,-0.02375,-240.71,-206.42875,42.228125
-0.7899999999999994,-1.4459999999999988,-0.009999999999999863,-175.37399999999957,-201.87400000000002,44.032000000000025
-0.7125000000000002,-1.3026250000000004,0.009374999999999925,-115.57112500000022,-207.73299999999998,47.17462499999999
-0.6350000000000011,-1.1592500000000021,0.028749999999999713,-55.768250000000876,-213.5919999999999,50.31724999999996
-0.47050000000000125,-1.0738750000000006,0.058999999999999775,-40.549250000000086,-240.5811249999998,44.83962500000005
-0.3,-0.9924999999999999,0.09,-28.405,-269.0275,38.7675
-0.16249999999999942,-0.9551250000000002,0.13200000000000045,-11.80024999999982,-287.824125,34.581875
-0.0850000000000003,-0.9977499999999998,0.19399999999999978,12.914499999999908,-289.07575,33.82625
-0.007499999999999717,-1.0403750000000003,0.2560000000000002,37.62925000000009,-290.327375,33.07062499999999
-0.014000000000000346,-1.1040000000000008,0.29400000000000037,51.478000000000115,-301.0380000000002,34.913000000000025
-0.045000000000000005,-1.17375,0.325,62.1575,-314.5075,37.513125
-0.07225000000000009,-1.2239999999999998,0.3484999999999999,72.55350000000007,-321.31849999999986,41.155750000000054
-0.08387500000000017,-1.1929999999999994,0.3407499999999999,81.76825000000014,-300.3857499999997,49.142125000000114
-0.09550000000000004,-1.1619999999999997,0.33299999999999996,90.98300000000003,-279.4529999999999,57.12850000000003
-0.10712499999999991,-1.0930000000000006,0.33,81.69175000000016,-265.54075000000006,63.63762499999996
-0.11875000000000001,-1.0,0.33,60.7125,-256.0625,69.21375
-0.12900000000000034,-0.9077500000000008,0.32900000000000035,39.04412500000046,-246.42287500000015,74.69387499999998
-0.09800000000000011,-0.8380000000000003,0.29800000000000015,-3.2979999999998455,-231.94200000000006,77.29399999999998
-0.06699999999999989,-0.7682499999999998,0.2669999999999999,-45.640125000000154,-217.46112499999995,79.894125
-0.0377500000000002,-0.7230000000000001,0.22900000000000034,-92.84724999999962,-202.24175000000014,78.68450000000004
-0.010625000000000002,-0.7075,0.1825,-145.96187500000002,-186.125625,72.84875
0.0165000000000002,-0.6919999999999998,0.13599999999999968,-199.0765000000004,-170.0094999999999,67.01299999999996
0.033500000000000224,-0.7575000000000012,0.14350000000000024,-247.2737500000007,-187.68725000000035,59.074624999999884
0.04900000000000006,-0.8350000000000003,0.15900000000000006,-294.7425000000002,-210.37150000000008,50.82474999999997
0.06337499999999992,-0.9147499999999994,0.16550000000000012,-333.6027499999999,-218.65687500000018,43.01587500000005
0.075,-1.0,0.15000000000000002,-351.42,-191.745,36.285
0.08662499999999987,-1.0852499999999992,0.13450000000000017,-369.23724999999985,-164.8331250000003,29.554125000000074
0.07625000000000007,-1.154,0.10800000000000012,-351.8242500000001,-146.35550000000006,25.73825000000001
0.056874999999999926,-1.2160000000000002,0.07699999999999989,-319.9988749999999,-131.32824999999994,23.11487499999999
0.04099999999999994,-1.2769999999999997,0.05199999999999989,-284.9505000000004,-121.93499999999979,21.780999999999946
0.04875,-1.33125,0.0675,-228.14687499999997,-150.57125,29.151249999999997
0.05650000000000006,-1.3855000000000004,0.08300000000000012,-171.34324999999959,-179.2075000000002,36.52150000000005
0.07912499999999988,-1.424875,0.09212499999999998,-108.30700000000023,-198.11337499999996,38.28175000000001
0.11400000000000013,-1.452,0.09600000000000002,-40.137999999999735,-209.00600000000003,35.42199999999999
0.14887500000000037,-1.4791250000000002,0.09987500000000005,28.031000000000752,-219.89862500000012,32.56224999999997
0.18375,-1.35625,0.09625,29.7725,-192.83375,33.82
0.21862500000000024,-1.2283749999999989,0.09237499999999997,29.29975,-164.50362499999977,35.21500000000001
0.23100000000000007,-1.1185000000000003,0.07500000000000014,23.202000000000055,-141.37700000000004,29.228500000000068
0.2077499999999999,-1.0371249999999996,0.03624999999999985,8.197999999999944,-126.48924999999994,11.554624999999938
0.18450000000000016,-0.9557500000000005,-0.002499999999999717,-6.805999999999891,-111.6015000000001,-6.1192499999998695
0.12375000000000128,-0.9649999999999994,-0.013124999999999928,-21.469374999999733,-116.26687499999983,-20.85874999999974
0.053999999999999486,-0.9960000000000002,-0.01700000000000003,-36.05100000000011,-125.62500000000007,-34.894000000000105
0.0052499999999999145,-1.0348749999999998,-0.01825000000000003,-57.001749999999845,-136.26324999999994,-45.81337499999999
0.02850000000000051,-1.1007500000000014,-0.010499999999999829,-99.78950000000094,-151.29050000000035,-46.04975
0.051750000000000254,-1.1666250000000007,-0.002749999999999915,-142.57725000000048,-166.31775000000016,-46.286125
0.09,-1.1975,-0.012499999999999997,-165.14,-156.72750000000002,-39.4325
0.13650000000000034,-1.209125,-0.03187500000000014,-176.5790000000001,-133.59762499999982,-28.679374999999922
0.17975000000000002,-1.2225,-0.050499999999999975,-186.01775000000006,-112.17324999999998,-18.524000000000008
0.17587500000000006,-1.2612499999999995,-0.05824999999999989,-166.4528750000003,-115.47862499999995,-17.036000000000023
0.17199999999999996,-1.3000000000000005,-0.06600000000000009,-146.88799999999978,-118.78400000000003,-15.547999999999984
0.15687500000000001,-1.340625,-0.045625,-123.31062499999999,-136.19875000000002,-16.495625
0.1297500000000003,-1.3832499999999994,0.004749999999999442,-95.45325000000031,-168.66349999999966,-20.041249999999962
0.1026249999999996,-1.4258750000000007,0.055125000000000736,-67.5958749999996,-201.1282500000005,-23.586875000000052
0.14200000000000018,-1.4264999999999999,0.028499999999999873,-23.900999999999847,-192.23349999999996,-12.617999999999952
0.18849999999999967,-1.422625,-0.0063749999999997455,21.490749999999665,-178.9073750000001,-0.09400000000009179
0.2337500000000008,-1.4112499999999994,-0.03500000000000028,69.50375000000099,-169.01874999999995,14.815000000000367
0.2763750000000003,-1.3841249999999998,-0.050500000000000114,123.02137500000039,-166.348875,34.732500000000144
0.31899999999999984,-1.3570000000000002,-0.06599999999999995,176.5389999999998,-163.67900000000003,54.64999999999993
0.33287500000000003,-1.335625,-0.06137499999999996,207.96800000000007,-169.84400000000005,54.47987499999997
0.33675,-1.3162500000000001,-0.049750000000000086,231.71399999999983,-179.08199999999994,47.322750000000056
0.34187500000000004,-1.293125,-0.04,251.050625,-185.84312500000001,41.201875
0.3535000000000001,-1.2504999999999997,-0.04,247.4585,-179.72449999999995,40.4695
0.365125,-1.207875,-0.04,243.86637500000003,-173.60587500000003,39.737125000000006
0.38799999999999957,-1.1382500000000013,-0.06699999999999932,220.13450000000057,-153.82300000000043,45.49374999999985
0.41900000000000037,-1.049124999999999,-0.11350000000000052,181.8572499999996,-124.17149999999967,55.936875000000114
0.45,-0.96,-0.16,143.58,-94.52,66.38
0.4616249999999999,-0.9251250000000003,-0.1328750000000003,88.12487500000061,-90.52487500000004,64.91525000000001
0.47325000000000017,-0.8902499999999994,-0.1057499999999996,32.66974999999919,-86.52974999999994,63.45049999999998
0.49299999999999955,-0.8781249999999997,-0.10462499999999948,-19.08037499999932,-78.2251250000002,55.653125000000244
0.5239999999999998,-0.8974999999999999,-0.13949999999999974,-65.70049999999966,-63.953500000000105,39.08750000000012
0.555,-0.916875,-0.174375,-112.320625,-49.681875000000005,22.521875
0.5762500000000002,-0.9525000000000003,-0.18,-155.05375000000032,-39.59299999999993,10.83449999999992
0.5956249999999996,-0.9912499999999992,-0.18,-197.03937499999907,-30.30850000000021,0.08525000000023741
0.6180000000000007,-1.0360000000000014,-0.1659999999999988,-232.31800000000035,-28.560000000000436,-9.86000000000017
0.6489999999999997,-1.0979999999999994,-0.1117500000000004,-248.3139999999999,-48.47749999999985,-17.49374999999994
0.6799999999999999,-1.16,-0.057499999999999996,-264.31,-68.395,-25.1275
0.7215000000000004,-1.2141250000000003,-0.055750000000000174,-246.59837499999978,-62.847374999999865,-31.813625000000044
0.767999999999999,-1.2644999999999988,-0.07899999999999949,-212.83550000000076,-45.17350000000039,-38.04849999999986
0.8107500000000002,-1.31,-0.10300000000000069,-178.19212499999907,-27.392374999999586,-42.99862499999985
0.8185,-1.31,-0.13399999999999979,-135.3307500000003,-8.610250000000136,-35.957750000000054
0.8262499999999999,-1.31,-0.165,-92.469375,10.171875000000002,-28.916875
0.8059999999999996,-1.3200000000000003,-0.1659999999999998,-65.35199999999992,5.259999999999799,-25.253999999999998
0.7594999999999993,-1.3393750000000004,-0.1388749999999996,-52.99462499999982,-21.8650000000004,-24.757999999999992
0.7130000000000006,-1.35875,-0.1117500000000004,-40.637250000000186,-48.989999999999604,-24.262000000000008
0.6954999999999996,-1.36,-0.0809999999999991,-11.148124999999105,-62.27837500000036,-21.246624999999906
0.68,-1.36,-0.05,19.5225,-74.6125,-18.0575
0.6823750000000003,-1.3476249999999999,-0.035500000000000115,46.01725000000014,-79.47624999999994,-12.973624999999936
0.7172500000000005,-1.3127499999999996,-0.051000000000000226,64.91950000000028,-70.75749999999987,-4.444749999999875
0.7521249999999995,-1.2778750000000005,-0.06649999999999978,83.82174999999972,-62.03875000000013,4.084124999999875
0.7689999999999999,-1.2310000000000003,-0.08799999999999983,88.162,-52.129000000000076,4.729000000000012
0.780625,-1.180625,-0.11125,88.255,-41.871875,3.074375
0.7817499999999997,-1.1332499999999996,-0.12924999999999998,85.47249999999988,-33.5775,-0.9667500000001041
0.739125000000001,-1.0983750000000008,-0.1253750000000001,70.70875000000032,-33.46125,-14.95162499999969
0.6964999999999991,-1.0634999999999992,-0.12149999999999991,55.94499999999967,-33.34499999999999,-28.936500000000308
0.6633750000000003,-1.061875,-0.11287500000000009,35.64512500000017,-30.431000000000033,-37.65362499999996
0.63625,-1.08125,-0.10124999999999999,11.848749999999999,-25.75,-43.04375
0.61,-1.1013750000000004,-0.09,-11.438375000000057,-20.7612499999999,-47.96037499999993
0.61,-1.1440000000000006,-0.09,-19.448000000000118,-6.539999999999793,-38.67199999999986
0.61,-1.1866249999999994,-0.09,-27.457624999999883,7.681249999999792,-29.383625000000137
0.60825,-1.2187499999999998,-0.08650000000000005,-23.793000000000134,16.19574999999999,-23.927750000000003
0.604375,-1.238125,-0.07875,-5.952499999999999,17.780625,-23.125625
0.6005000000000001,-1.2574999999999994,-0.07100000000000023,11.887999999999476,19.365499999999955,-22.323500000000024
0.5932499999999998,-1.25325,-0.05987499999999983,32.587125000000306,21.42287500000003,-25.058375000000048
0.5855000000000001,-1.2455,-0.048250000000000175,53.709749999999694,23.550249999999966,-28.31724999999995
0.5698749999999989,-1.2343749999999993,-0.03324999999999932,69.71475000000011,25.848625000000077,-31.501875000000087
0.5349999999999999,-1.2149999999999999,-0.009999999999999998,73.21000000000001,28.564999999999998,-34.505
0.5001249999999997,-1.1956249999999997,0.013250000000000171,76.70525000000002,31.28137500000002,-37.50812500000002
0.47349999999999964,-1.1844999999999999,0.022750000000000055,78.05550000000001,40.23475000000017,-37.15624999999998
0.4502499999999995,-1.1767499999999997,0.026625000000000086,78.52825000000001,51.73962500000025,-35.43187499999996
0.4305,-1.1680000000000001,0.029000000000000054,79.09549999999999,63.4704999999999,-33.70450000000001
0.434375,-1.1524999999999999,0.021249999999999998,80.300625,76.726875,-31.956875
0.43825000000000003,-1.1369999999999998,0.013499999999999943,81.50575,89.9832500000001,-30.20924999999999
0.44212499999999993,-1.1151250000000006,0.007875000000000085,78.28025000000015,102.82524999999973,-32.95599999999986
0.4460000000000001,-1.0879999999999994,0.003999999999999915,71.40599999999985,115.32600000000026,-39.404000000000146
0.44987499999999997,-1.0608750000000002,0.00012500000000002844,64.53175000000006,127.8267499999999,-45.851999999999954
0.46875,-1.045,0.0075,52.010000000000005,121.89625,-57.790000000000006
0.48812500000000014,-1.0294999999999999,0.015250000000000057,39.299999999999905,115.35137499999995,-69.91100000000009
0.4894999999999996,-1.0260000000000002,0.029000000000000345,26.862999999999825,105.16599999999977,-79.9200000000001
0.4623750000000004,-1.0414999999999999,0.05224999999999966,14.858250000000176,89.21650000000024,-86.58499999999991
0.4352499999999992,-1.0570000000000006,0.07550000000000068,2.8534999999996478,73.26699999999954,-93.2500000000002
0.401875,-1.10375,0.09875,-0.4231250000000002,62.901875000000004,-91.815
0.36699999999999977,-1.1580000000000004,0.12200000000000018,-1.6050000000000089,53.87699999999994,-88.43599999999998
0.33912499999999995,-1.199125,0.14175000000000013,0.24937500000018176,47.834125000000064,-83.15212499999981
0.3352500000000001,-1.19525,0.14949999999999988,12.51374999999982,52.01524999999994,-71.33725000000017
0.33137500000000003,-1.191375,0.15724999999999995,24.77812499999991,56.19637499999997,-59.52237500000008
0.3275,-1.1524999999999999,0.14,31.66,66.735,-48.332499999999996
0.323625,-1.0943749999999997,0.10899999999999978,35.58150000000003,80.7702500000001,-37.48637499999992
0.3175000000000009,-1.0385000000000006,0.0782500000000006,38.0867500000004,93.24300000000022,-27.186000000000053
0.27874999999999917,-1.0152499999999995,0.05112499999999941,20.0563749999996,83.05949999999979,-24.798999999999946
0.2400000000000003,-0.9920000000000002,0.0240000000000002,2.026000000000132,72.87600000000008,-22.412000000000017
0.214375,-0.9875,0.019375000000000003,-22.760000000000005,54.27750000000001,-23.958750000000002
0.20274999999999993,-1.0030000000000001,0.038750000000000145,-54.75200000000024,26.702999999999804,-29.701500000000042
0.19112499999999982,-1.0185000000000002,0.05812500000000028,-86.74400000000047,-0.8715000000004043,-35.44425000000008
0.2389999999999992,-1.0549999999999995,0.053000000000000116,-99.33549999999985,5.272999999999858,-39.47899999999994
0.2932499999999996,-1.0937499999999998,0.045250000000000054,-109.84837499999992,15.03024999999993,-43.330749999999966
0.34625,-1.125,0.03875,-110.255,29.80375,-47.63249999999999
0.3966250000000004,-1.1405,0.03487499999999997,-89.43849999999985,55.11137500000019,-52.879250000000035
0.44700000000000073,-1.1560000000000001,0.03099999999999994,-68.6219999999997,80.41900000000038,-58.126000000000076
0.48012499999999964,-1.1772499999999997,0.038624999999999826,-39.67212500000046,92.76899999999989,-63.895999999999916
0.5072500000000009,-1.2005000000000006,0.050250000000000336,-7.8932499999990675,100.61200000000022,-69.84800000000017
0.52375,-1.22375,0.063125,23.70687500000001,107.41125,-76.53625
0.4849999999999997,-1.247,0.08250000000000014,54.377500000000225,108.78300000000002,-87.05300000000008
0.4462499999999994,-1.2702500000000003,0.10187500000000028,85.04812500000045,110.15475000000002,-97.56975000000016
0.4187500000000003,-1.2665000000000004,0.13249999999999942,117.11599999999952,109.26075000000004,-105.31224999999992
0.39937500000000015,-1.2432500000000002,0.1712499999999997,150.19299999999976,106.73037500000002,-111.05112499999996
0.38,-1.22,0.21,183.27,104.2,-116.79
0.376125,-1.1889999999999996,0.18674999999999983,210.63137500000022,115.68550000000009,-117.545625
0.3722500000000001,-1.1580000000000006,0.1635000000000005,237.9927499999994,127.17099999999975,-118.30124999999998
0.3586249999999994,-1.1269999999999993,0.13374999999999915,249.17399999999975,137.6441250000002,-118.05749999999996
0.3315000000000002,-1.0960000000000003,0.09500000000000028,237.95200000000008,146.71549999999993,-116.43
0.304375,-1.065,0.05625,226.73,155.786875,-114.80250000000001
0.2544999999999996,-1.0404999999999998,0.05325000000000003,192.9139999999997,152.15724999999995,-108.35524999999996
0.2002499999999992,-1.0172499999999998,0.05712500000000006,154.75299999999945,146.08512499999992,-100.98112499999989
0.1580000000000001,-1.001,0.05900000000000005,115.79400000000061,138.49500000000018,-91.76600000000022
0.15025000000000008,-1.004875,0.05512500000000003,74.5407500000003,126.54062500000009,-77.25800000000011
0.14250000000000002,-1.00875,0.051250000000000004,33.2875,114.58625,-62.75
0.1583750000000002,-0.9994999999999998,0.057875000000000086,0.21374999999978428,115.69125000000005,-54.98299999999997
0.1855000000000004,-0.9839999999999998,0.06950000000000017,-28.96500000000043,123.0150000000001,-50.42599999999993
0.20887500000000017,-0.9670000000000004,0.0826249999999996,-58.65187499999949,130.05074999999994,-48.054499999999734
0.1972500000000001,-0.9360000000000002,0.10974999999999979,-93.08124999999974,134.39849999999996,-66.08099999999988
0.18562499999999998,-0.905,0.136875,-127.51062499999999,138.74625,-84.1075
0.14799999999999955,-0.8940000000000001,0.13999999999999985,-154.62000000000012,147.38600000000008,-93.36600000000001
0.08600000000000137,-0.9017499999999998,0.12062500000000043,-174.86687499999954,160.0494999999997,-94.40449999999998
0.023999999999998637,-0.9095000000000002,0.10124999999999958,-195.11375000000044,172.71300000000028,-95.44300000000003
-0.02712499999999962,-0.9571249999999997,0.1,-206.4104999999999,179.69612499999994,-79.68325000000013
-0.0775,-1.0075,0.1,-217.08999999999997,186.2875,-62.765
-0.10312500000000058,-1.0647499999999979,0.10962499999999921,-221.91750000000016,184.83100000000047,-48.76587500000026
-0.08374999999999971,-1.134500000000001,0.1367500000000004,-216.1049999999999,168.74199999999976,-40.07424999999988
-0.06437499999999957,-1.2042500000000016,0.1638750000000006,-210.29249999999985,152.65299999999965,-31.38262499999981
-0.021000000000000366,-1.2439999999999998,0.18499999999999986,-189.84600000000017,144.85000000000005,-25.35800000000004
0.029375000000000005,-1.275,0.204375,-165.13125,139.46375,-20.111250000000002
0.07075000000000004,-1.29625,0.21774999999999992,-140.73674999999983,136.97625000000008,-13.835499999999923
0.07462499999999991,-1.2768750000000004,0.20612500000000025,-117.6766250000005,146.56687499999978,-3.2722500000002324
0.07849999999999994,-1.2575000000000003,0.19450000000000017,-94.61650000000033,156.15749999999986,7.290999999999846
0.08712500000000034,-1.204874999999998,0.18762499999999988,-88.78937500000015,172.17962500000058,21.081875000000466
0.09874999999999957,-1.1312500000000028,0.18375000000000014,-93.84624999999981,192.26374999999925,36.91124999999942
0.11125000000000028,-1.0573749999999995,0.17987499999999995,-99.46025000000016,211.86087500000002,51.767374999999895
0.15000000000000058,-0.9759999999999989,0.17599999999999993,-121.78800000000032,216.84800000000007,37.42599999999979
0.18874999999999942,-0.8946250000000012,0.17212500000000006,-144.11574999999968,221.83512499999992,23.08462500000021
0.20650000000000004,-0.8604999999999998,0.14725000000000038,-180.02699999999965,220.61150000000006,9.287500000000094
0.19875,-0.88375,0.096875,-232.4325,211.84625,-3.848750000000001
0.19099999999999967,-0.907000000000001,0.046499999999997786,-284.83800000000235,203.0809999999996,-16.98500000000058
0.14950000000000102,-0.9943749999999979,0.023125000000000423,-335.0632499999989,207.29937499999986,-3.6781250000003816
0.10299999999999898,-1.091250000000002,0.003749999999999575,-384.9655000000011,213.44125000000014,13.546250000000377
0.07,-1.1881250000000028,-0.006624999999999659,-415.90812499999953,217.14187499999994,27.429375000000167
0.07,-1.285,0.005000000000000001,-400.505,214.875,33.145
0.07,-1.3818750000000006,0.016625000000000084,-385.1018749999999,212.60812499999997,38.86062500000004
0.11125000000000086,-1.4320000000000004,0.022750000000000055,-338.5082499999991,215.80550000000008,29.572249999999777
0.16937499999999917,-1.4629999999999994,0.026624999999999944,-279.15487500000086,221.2382499999999,14.145875000000228
0.2180000000000001,-1.4865000000000002,0.03499999999999971,-221.96600000000032,225.08000000000004,-0.8509999999999103
0.20249999999999943,-1.459374999999999,0.07375000000000143,-179.38749999999845,218.18249999999975,-12.948750000000445
0.18700000000000044,-1.4322500000000007,0.11249999999999886,-136.80900000000125,211.2850000000002,-25.046499999999646
0.14812499999999915,-1.3987499999999993,0.14275000000000035,-107.42249999999973,215.4247500000002,-21.155749999999756
0.08999999999999872,-1.3599999999999992,0.1660000000000005,-88.8999999999996,228.65400000000028,-4.097999999999628
0.031875000000000424,-1.3212500000000003,0.18924999999999984,-70.37750000000014,241.88324999999992,12.959749999999875
-0.011249999999999996,-1.2862500000000001,0.16,-49.95375,258.91125,26.818749999999998
-0.05387500000000188,-1.2513749999999986,0.12899999999999864,-29.466624999999098,276.06587500000074,40.571125000000606
-0.08449999999999974,-1.2314999999999998,0.11149999999999992,-14.019500000000164,290.5309999999998,47.2435000000001
-0.09612500000000025,-1.2353750000000001,0.11537500000000009,-6.552374999999836,300.73775000000023,42.7058749999999
-0.10775000000000035,-1.2392500000000002,0.1192500000000001,0.9147500000002189,310.9445000000003,38.168249999999865
-0.113125,-1.224375,0.11375,-9.79625,308.329375,32.47125
-0.11700000000000002,-1.2049999999999998,0.10599999999999994,-24.87000000000011,302.637,26.495999999999956
-0.12087500000000005,-1.1873749999999998,0.10087500000000006,-36.801625000000016,299.2012500000001,22.040625000000013
-0.12474999999999994,-1.17575,0.10474999999999994,-37.96024999999998,303.50249999999994,22.79624999999999
-0.12862499999999996,-1.164125,0.10862499999999997,-39.118874999999996,307.80375,23.551874999999995
-0.14000000000000057,-1.1574999999999998,0.09749999999999928,-35.414999999999765,321.8450000000007,24.565000000000044
-0.15549999999999956,-1.1536250000000001,0.07812500000000057,-29.03675000000019,341.2432499999994,25.719749999999966
-0.17150000000000035,-1.1520000000000004,0.06100000000000023,-24.160000000000245,360.2252500000002,26.478499999999926
-0.19475000000000053,-1.1830000000000007,0.07650000000000035,-41.055000000000376,373.1716250000003,21.495249999999892
-0.21799999999999983,-1.2139999999999997,0.09199999999999989,-57.949999999999875,386.11799999999994,16.512000000000036
-0.216875,-1.254375,0.135625,-67.6075,389.164375,11.230625
-0.1897499999999998,-1.3047500000000005,0.20925000000000055,-69.54500000000002,381.65074999999996,5.631249999999959
-0.1626250000000006,-1.355124999999999,0.2828749999999984,-71.48249999999996,374.1371250000002,0.03187500000012322
-0.12500000000000056,-1.4089999999999994,0.3844999999999985,-43.56150000000046,353.9675000000003,-8.706999999999868
-0.08624999999999886,-1.4632500000000017,0.4891250000000031,-12.441374999999088,332.4418749999994,-17.782250000000268
-0.08124999999999999,-1.51125,0.5925,33.47999999999999,312.1975,-25.37
-0.1471250000000005,-1.5461250000000002,0.6932500000000007,110.48400000000056,294.6437499999999,-29.834000000000035
-0.21300000000000097,-1.5810000000000006,0.7940000000000015,187.48800000000114,277.08999999999975,-34.298000000000066
-0.31337499999999835,-1.5727500000000003,0.8487499999999994,258.408499999999,250.73300000000043,-43.373499999999844
-0.4257499999999992,-1.5495000000000003,0.8874999999999997,327.2129999999995,221.3140000000002,-54.05299999999992
-0.534375,-1.520625,0.9225,391.75687500000004,192.58124999999998,-63.5325
-0.6234999999999974,-1.4625000000000017,0.9379999999999995,434.1454999999988,167.4170000000007,-66.7719999999999
-0.7126250000000013,-1.404374999999999,0.9535000000000002,476.53412500000064,142.25274999999962,-70.01150000000005
-0.7702500000000008,-1.3147499999999974,0.8947499999999975,491.3602499999999,117.58349999999945,-55.59074999999941
-0.8051249999999998,-1.2023750000000009,0.7823750000000008,486.28012500000006,93.27175000000017,-28.4153750000002
-0.84,-1.09,0.67,481.2,68.96,-1.24
-0.7818749999999995,-0.9001249999999986,0.04999999999999549,435.9516249999997,124.84137500000041,19.952375000000153
-0.7237500000000012,-0.7102500000000042,-0.5699999999999864,390.703250000001,180.72274999999877,41.14474999999953
-0.6721250000000005,-0.6422499999999984,-0.7512500000000063,345.67425000000065,187.74362500000086,52.39050000000004
-0.6294999999999987,-0.743000000000003,-0.3249999999999875,300.9489999999987,127.11149999999822,49.863999999999926
-0.5868750000000015,-0.8437499999999963,0.10124999999998438,256.22375000000164,66.47937500000222,47.33750000000009
-0.693750000000001,-0.9217500000000005,0.2642500000000008,215.4569999999997,18.869999999999663,27.15049999999983
-0.829375000000002,-0.9953750000000011,0.37662500000000165,175.4514999999994,-26.23500000000066,3.567249999999653
-0.895000000000002,-1.0579999999999996,0.4320000000000016,141.80100000000024,-45.877000000000805,-21.99099999999953
-0.759374999999996,-1.0890000000000009,0.3234999999999968,126.42112499999955,7.687125000001558,-53.22737500000092
-0.62375,-1.1199999999999999,0.215,111.04125,61.25125,-84.46375
-0.6088749999999987,-1.1352499999999996,0.1957499999999993,119.70112499999941,93.76812499999934,-77.60612500000073
-0.6515000000000006,-1.143,0.21900000000000033,139.8085000000003,116.26250000000033,-52.60849999999964
-0.683250000000001,-1.1458750000000006,0.23625000000000057,164.82724999999897,137.66374999999985,-27.25387500000042
-0.613500000000003,-1.1032500000000018,0.1975000000000017,235.68549999999686,148.8624999999995,1.4327499999987339
-0.54375,-1.060625,0.15875,306.54375,160.06125,30.119374999999998
-0.4679999999999964,-1.027999999999999,0.15000000000000085,367.72200000000225,158.23599999999936,46.170000000000186
-0.3866249999999988,-1.0047499999999996,0.1693750000000003,419.8252500000008,144.20074999999977,50.374375000000065
-0.3052500000000012,-0.9815000000000004,0.18874999999999972,471.92849999999925,130.1655000000002,54.57874999999994
-0.3543750000000017,-0.9872500000000002,0.22987500000000125,491.3596250000005,128.46612499999998,42.427124999999606
-0.4125,-0.995,0.27249999999999996,508.5375,127.61749999999999,29.1475
-0.47474999999999795,-0.9945000000000005,0.3164999999999986,518.713875,132.9893749999995,22.005874999999882
-0.544500000000001,-0.9789999999999998,0.36300000000000066,516.1602499999999,149.67125000000024,26.02425000000006
-0.6142500000000041,-0.963499999999999,0.4095000000000027,513.6066249999998,166.35312500000097,30.042625000000236
-0.6539999999999986,-0.924000000000002,0.4349999999999991,498.96300000000076,160.49600000000055,33.21799999999987
-0.6849999999999999,-0.8775,0.454375,480.793125,148.065,36.1475
-0.7039999999999986,-0.8242499999999964,0.47375000000000084,457.61099999999806,136.94274999999973,39.3837500000002
-0.6729999999999995,-0.7428749999999988,0.49312500000000026,413.54449999999935,131.27362499999992,43.898125000000064
-0.6420000000000005,-0.6615000000000012,0.5124999999999997,369.47800000000063,125.60450000000007,48.41249999999993
-0.5919999999999982,-0.5991249999999986,0.5009999999999991,318.67837499999837,121.74512499999992,51.59212500000007
-0.53,-0.54875,0.47000000000000003,263.62625,119.02875,53.928749999999994
-0.4697500000000002,-0.5006249999999994,0.4392500000000007,209.9086250000004,116.0836250000003,56.00637500000016
-0.46199999999999986,-0.5200000000000004,0.41599999999999965,196.2259999999998,106.27599999999987,50.313999999999915
-0.4542500000000001,-0.5393749999999997,0.3927500000000003,182.5433750000002,96.46837500000015,44.62162500000008
-0.4552500000000004,-0.5710000000000014,0.38700000000000045,178.72200000000024,87.09999999999974,37.87224999999977
-0.466875,-0.6175,0.40249999999999997,186.875,78.265,29.839375
-0.47849999999999965,-0.6639999999999987,0.41799999999999954,195.02799999999976,69.43000000000026,21.806500000000234
-0.5238750000000008,-0.730750000000001,0.4335000000000002,209.80612500000024,59.626374999999854,20.705875
-0.5742500000000029,-0.8005000000000041,0.4490000000000009,225.56575000000092,49.67924999999941,20.632249999999996
-0.6088750000000002,-0.8511249999999998,0.4588750000000002,246.40812499999853,38.86025000000057,24.106874999999462
-0.605,-0.855,0.455,279.675,25.91,36.254999999999995
-0.6011249999999998,-0.8588750000000002,0.45112499999999983,312.94187500000146,12.95974999999943,48.403125000000536
-0.5834999999999997,-0.8269999999999993,0.45,344.86950000000047,-1.8990000000002283,56.088000000000086
-0.5602500000000004,-0.7805000000000006,0.45,376.24924999999956,-17.53849999999977,61.94699999999991
-0.5389999999999998,-0.7294999999999976,0.4505000000000001,404.5770000000002,-32.99250000000041,67.60500000000012
-0.53125,-0.6481250000000001,0.45437500000000003,412.30375,-47.194375,71.90625
-0.5235000000000003,-0.5667500000000024,0.4582499999999999,420.03049999999973,-61.39624999999958,76.20749999999988
-0.48812499999999914,-0.4959999999999991,0.4451249999999996,408.7214999999996,-69.48237500000005,76.56899999999996
-0.4300000000000008,-0.43400000000000094,0.4180000000000004,381.7360000000004,-72.53199999999995,73.68600000000004
-0.3718749999999983,-0.37199999999999817,0.3908749999999992,354.7504999999992,-75.5816250000001,70.80299999999991
-0.36624999999999996,-0.34375,0.35625,269.8725,-67.01375,54.795
-0.3623750000000001,-0.31662500000000077,0.321375000000001,183.06475000000256,-58.05862500000026,38.34950000000048
-0.39300000000000124,-0.31200000000000044,0.3030000000000001,120.28399999999965,-67.45000000000056,26.12949999999992
-0.47824999999999873,-0.3429999999999995,0.31074999999999986,95.54600000000036,-105.88999999999945,20.599875000000083
-0.5634999999999962,-0.37399999999999867,0.3184999999999997,70.80800000000109,-144.3299999999983,15.070250000000243
-0.489375,-0.420625,0.273125,1.3856249999999761,-136.335625,5.44375
-0.376999999999995,-0.4710000000000022,0.21499999999999744,-78.76100000000353,-117.19699999999915,-5.1660000000004676
-0.3022500000000008,-0.5222500000000008,0.1805000000000007,-148.82937500000054,-97.35399999999967,-21.985625000000553
-0.3564999999999992,-0.5764999999999992,0.2269999999999993,-184.3437499999995,-75.09600000000032,-60.09624999999944
-0.41075000000000156,-0.6307500000000016,0.27350000000000135,-219.85812500000105,-52.83799999999935,-98.20687500000112
-0.4825,-0.625,0.285,-265.8425,-63.265,-105.465
-0.5638749999999976,-0.5862500000000012,0.2772500000000002,-317.5853749999985,-91.66874999999916,-95.75425000000028
-0.6430000000000007,-0.5567500000000016,0.2725000000000006,-360.7279999999988,-122.28575000000092,-85.15774999999965
-0.6894999999999993,-0.6613749999999985,0.3112499999999994,-279.16700000000117,-184.99487499999907,-61.71787500000035
-0.7360000000000013,-0.766000000000003,0.35000000000000114,-197.6059999999976,-247.70400000000183,-38.27799999999931
-0.685,-0.799375,0.368125,-114.34999999999998,-284.024375,-10.071874999999999
-0.5300000000000046,-0.7567500000000013,0.36425000000000013,-29.28600000000249,-292.1967499999998,23.218249999999024
-0.3749999999999977,-0.7141249999999993,0.36037499999999995,55.778000000001256,-300.36912500000017,56.508375000000484
-0.3669999999999999,-0.7589999999999992,0.4019999999999993,123.31749999999906,-280.2895000000004,73.17699999999978
-0.37474999999999964,-0.8132499999999976,0.44849999999999796,188.9793749999971,-257.18287500000105,88.06474999999935
-0.38875,-0.8375,0.47,249.00125000000003,-233.73250000000002,98.0275
-0.4158750000000012,-0.7987499999999983,0.4389999999999986,297.17912500000216,-209.56024999999894,97.64774999999999
-0.4429999999999984,-0.7600000000000022,0.40800000000000186,345.3569999999972,-185.38800000000143,97.26800000000003
-0.4298750000000004,-0.7672499999999997,0.40862499999999985,403.5254999999991,-170.75212500000018,92.1387500000001
-0.4027499999999992,-0.7905000000000008,0.42025000000000035,465.1690000000018,-159.43324999999967,85.3574999999998
-0.37375,-0.80625,0.429375,528.630625,-146.209375,77.44437500000001
-0.33500000000000113,-0.7830000000000007,0.4255000000000001,601.5464999999979,-123.07950000000068,63.64550000000041
-0.29624999999999946,-0.7597499999999997,0.4216249999999999,674.4623750000011,-99.94962499999966,49.8466249999998
-0.2822500000000002,-0.6554999999999904,0.3862499999999966,700.4589999999995,-78.82224999999885,45.596750000000156
