-0.311475,-0.17892499999999997,0.117425,158.69400000000002,5.317074999999997,17.710875
-0.34,-0.02,0.04,322.02,-6.26,79.06
-0.3237,0.00037499999999999686,0.1215,267.948825,-12.645525,66.90835
-0.3074,0.020749999999999998,0.20299999999999999,213.87765000000002,-19.03105,54.7567
-0.29555,0.023324999999999995,0.2133,154.74904999999998,-18.634774999999998,40.12195
-0.2874,0.011100000000000002,0.1644,91.41540000000002,-12.599700000000002,23.422600000000006
-0.281125,-0.005250000000000005,0.12,31.158999999999992,-8.155750000000005,8.465875
-0.29335,-0.06229999999999998,0.12,1.2648000000000081,-19.410899999999998,10.70305
-0.305575,-0.11935000000000001,0.12,-28.629400000000004,-30.666050000000002,12.940225
-0.2944,-0.1634,0.1356,-36.595200000000006,-37.7534,14.179
-0.26994999999999997,-0.20007500000000006,0.16005000000000003,-32.12085,-42.476325,14.851375
-0.25,-0.233,0.17625,-27.152999999999995,-44.70174999999999,16.48825
-0.25,-0.24930000000000002,0.155875,-19.997300000000003,-35.854925,22.401075
-0.25,-0.2656,0.1355,-12.841600000000005,-27.008100000000006,28.313899999999997
-0.24405,-0.27892500000000003,0.11214999999999999,4.292250000000017,-23.367525,35.226325
-0.2359,-0.29115,0.0877,25.115500000000004,-21.65195,42.50835
-0.22775,-0.3,0.068875,42.88549999999999,-22.790499999999998,50.433875
-0.21960000000000002,-0.3,0.06480000000000001,52.64919999999999,-31.41319999999999,60.04679999999999
-0.21145,-0.3,0.060724999999999994,62.41290000000001,-40.035900000000005,69.65972500000001
-0.18989999999999996,-0.27319999999999994,0.06670000000000001,77.83475000000004,-43.14115,74.1907
-0.16545,-0.24060000000000004,0.07485,94.48112499999999,-45.052324999999996,77.62185000000001
-0.15,-0.20199999999999996,0.08,101.955,-44.120999999999995,80.3285
-0.15,-0.1531000000000001,0.08,93.68275000000001,-38.31005000000001,81.791425
-0.15,-0.10420000000000003,0.08,85.4105,-32.4991,83.25435
-0.161175,-0.1,0.09490000000000001,76.20327499999999,-33.9072,83.70035
-0.17339999999999997,-0.1,0.11119999999999997,66.90820000000002,-35.993599999999994,84.0508
-0.1725,-0.10375000000000001,0.12,57.054375,-38.021874999999994,82.981875
-0.15619999999999998,-0.11190000000000001,0.12,46.544949999999986,-39.981950000000005,80.24754999999999
-0.14,-0.119975,0.12004999999999999,36.083225000000006,-41.9131,77.535025
-0.14,-0.1159,0.1282,33.3489,-39.1584,78.3541
-0.14,-0.111825,0.13635000000000003,30.614574999999995,-36.40369999999999,79.173175
-0.14225000000000002,-0.10325000000000001,0.13775,32.57375,-34.112500000000004,78.55225000000002
-0.14632499999999998,-0.09102500000000005,0.13367500000000002,38.33987499999998,-32.197250000000004,76.76332500000001
-0.1492,-0.08,0.13119999999999998,43.3984,-30.194400000000005,74.25760000000002
-0.14104999999999995,-0.08,0.14342500000000005,41.95584999999999,-27.386724999999988,65.16627499999997
-0.1329,-0.08,0.15565,40.5133,-24.579049999999995,56.074949999999994
-0.13,-0.09312499999999996,0.15737500000000001,36.25412500000001,-20.923500000000004,49.028500000000015
-0.13,-0.1135,0.1533,30.439100000000003,-16.7996,43.1116
-0.13,-0.129225,0.15232500000000002,27.450500000000012,-13.563850000000002,38.745475000000006
-0.13,-0.12515,0.16454999999999997,36.496999999999986,-14.1099,40.98265
-0.13,-0.12107499999999997,0.17677500000000004,45.54350000000004,-14.655950000000002,43.219825000000014
-0.12399999999999999,-0.10199999999999995,0.16799999999999998,49.52,-15.019,43.702000000000005
-0.11585000000000001,-0.07755000000000002,0.15170000000000003,51.67975,-15.316474999999999,43.5553
-0.10770000000000003,-0.054250000000000076,0.14115,50.587300000000035,-16.11189999999999,43.14755000000001
-0.09954999999999999,-0.033874999999999954,0.14522500000000002,41.22294999999998,-18.173850000000005,42.075825
-0.09140000000000001,-0.013500000000000014,0.1493,31.858600000000006,-20.235799999999998,41.0041
-0.10012500000000006,-0.023500000000000087,0.15675000000000006,20.86412499999994,-15.95949999999997,37.44499999999998
-0.11235000000000002,-0.039800000000000044,0.16490000000000002,9.531549999999973,-10.368599999999986,33.36999999999999
-0.12,-0.0561,0.16542500000000002,-2.990524999999998,-5.848250000000001,29.993450000000003
-0.12,-0.07239999999999995,0.15320000000000006,-17.501599999999957,-3.1180000000000088,27.784800000000008
-0.12,-0.0886999999999999,0.14097500000000007,-32.012674999999916,-0.3877500000000162,25.576150000000013
-0.12,-0.12,0.14,-34.1975,-3.713749999999999,25.009999999999998
-0.12,-0.1526000000000002,0.14,-35.31405,-7.564625000000023,24.586199999999998
-0.10859999999999992,-0.16239999999999996,0.13429999999999997,-36.4553,-7.383699999999985,24.3714
-0.08414999999999999,-0.1461,0.122075,-37.624825,-2.5874249999999983,24.39585
-0.06014999999999997,-0.12970000000000007,0.11014999999999997,-38.778150000000004,2.2877999999999723,24.31910000000002
-0.07237499999999994,-0.10525000000000014,0.12237499999999994,-38.627375,13.51849999999994,16.095750000000045
-0.08460000000000001,-0.08079999999999998,0.13460000000000003,-38.4766,24.74920000000001,7.8723999999999945
-0.10137499999999997,-0.07454999999999999,0.14682499999999998,-41.544949999999986,30.112675,0.17457500000001502
-0.12175000000000008,-0.08270000000000004,0.15905000000000005,-47.16030000000002,30.83395,-7.1074500000000285
-0.139575,-0.09,0.171275,-53.44715000000001,31.544600000000003,-13.736250000000002
-0.1355,-0.09,0.1835,-65.50099999999998,32.164,-14.754999999999999
-0.13142500000000001,-0.09,0.19572499999999995,-77.55484999999994,32.7834,-15.773749999999994
-0.13265,-0.07940000000000011,0.21589999999999981,-87.97364999999994,39.02874999999993,-19.49019999999996
-0.136725,-0.06310000000000002,0.24034999999999998,-97.51322499999999,48.29937499999998,-24.657299999999992
-0.1447999999999999,-0.04920000000000002,0.26239999999999997,-106.70719999999997,57.271599999999964,-29.912399999999977
-0.16924999999999985,-0.04512500000000003,0.2746249999999999,-114.48637499999995,65.02224999999994,-35.52774999999996
-0.1937000000000002,-0.04104999999999997,0.28685000000000005,-122.26555000000006,72.77290000000005,-41.14310000000005
-0.203025,-0.04,0.29907500000000004,-138.13962500000008,78.77207500000003,-43.107275
-0.2071,-0.04,0.3113,-156.82350000000005,84.1633,-43.8041
-0.20882499999999998,-0.02825000000000004,0.32235,-175.192475,89.942275,-44.915699999999994
-0.20475000000000002,0.012499999999999852,0.3305,-192.78424999999993,96.67824999999998,-47.05099999999999
-0.200675,0.053250000000000096,0.33865000000000006,-210.37602500000003,103.41422500000002,-49.1863
-0.2238,0.07019999999999998,0.3434,-231.1196,112.0542,-62.60279999999999
-0.2523249999999999,0.08242499999999996,0.347475,-252.48889999999994,121.07217499999997,-78.25894999999994
-0.2823999999999998,0.0776000000000002,0.34535000000000005,-278.26174999999984,124.01415000000004,-93.07189999999991
-0.3149999999999997,0.04500000000000029,0.3331250000000001,-311.2081249999997,117.05812500000006,-106.51124999999988
-0.3475999999999999,0.012400000000000092,0.3209,-344.15449999999987,110.10210000000002,-119.95059999999997
-0.35,-0.050399999999999626,0.34642499999999987,-379.6338999999998,106.73610000000002,-126.16837499999997
-0.35,-0.11560000000000059,0.3749500000000003,-415.3146000000003,103.65539999999997,-131.81225000000003
-0.3365249999999998,-0.1711750000000003,0.4034750000000002,-433.999475,105.12925000000004,-139.07312500000006
-0.3079999999999999,-0.21600000000000016,0.4320000000000001,-433.702,111.69000000000003,-148.14000000000001
-0.28015,-0.259475,0.46015,-433.72695000000004,118.173425,-157.042775
-0.2883,-0.23095000000000007,0.4683,-450.9479,120.53285,-157.19355
-0.29644999999999994,-0.20242500000000013,0.47644999999999993,-468.1688499999999,122.89227499999998,-157.344325
-0.3298999999999996,-0.1762000000000002,0.48229999999999995,-499.0609999999997,115.06960000000012,-150.99990000000008
-0.3828749999999994,-0.15175000000000027,0.48637499999999995,-540.5037499999996,99.38900000000017,-139.64287500000012
-0.42955,-0.13,0.4909,-583.7991500000003,82.7399999999999,-130.05615
-0.425475,-0.13,0.49905,-642.018675,58.289999999999964,-134.730175
-0.4214,-0.13,0.5072,-700.2381999999999,33.84000000000003,-139.40419999999997
-0.42,-0.1915249999999996,0.51,-739.8129749999998,15.622750000000066,-152.5071499999999
-0.42,-0.285250000000001,0.51,-769.6297500000003,0.6674999999998441,-170.02150000000017
-0.4274250000000003,-0.37980000000000075,0.5232000000000006,-795.3165750000001,-16.794100000000213,-182.90347499999996
-0.4641000000000002,-0.47760000000000047,0.5884000000000004,-804.7339000000001,-44.12920000000014,-177.53669999999997
-0.5007750000000001,-0.5754000000000001,0.6536000000000002,-814.151225,-71.46430000000007,-172.16992499999998
-0.5039,-0.63355,0.7188,-807.7604,-88.10305,-167.51075
-0.49575,-0.6783749999999998,0.7839999999999998,-796.057,-101.14712499999995,-163.08937500000002
-0.5007999999999998,-0.6932000000000003,0.8240000000000001,-775.6980000000002,-110.29119999999999,-163.15959999999993
-0.5374749999999996,-0.6361500000000004,0.8036250000000001,-734.6016250000004,-110.091525,-173.9909499999999
-0.5741499999999995,-0.5791000000000006,0.7832500000000002,-693.5052500000005,-109.89185,-184.82229999999987
-0.6245250000000001,-0.5494499999999999,0.6772499999999997,-657.3134749999999,-126.60825000000006,-190.87577500000003
-0.6775,-0.525,0.5549999999999999,-622.0525,-146.535,-196.0225
-0.6848000000000002,-0.5273249999999998,0.4532250000000002,-597.328275,-174.44384999999988,-197.757775
-0.6195999999999993,-0.5721500000000005,0.3839499999999992,-589.3290499999998,-215.02270000000047,-194.07804999999996
-0.5543999999999994,-0.6169750000000004,0.31467499999999937,-581.3298249999999,-255.60155000000034,-190.39832499999997
-0.4207999999999992,-0.7112000000000006,0.2491999999999996,-590.7080000000001,-247.1717999999999,-182.20419999999996
-0.28224999999999956,-0.8090000000000004,0.18399999999999977,-601.34375,-235.19537499999996,-173.68337499999998
-0.19634999999999997,-0.8931500000000001,0.12659999999999996,-603.7739,-225.7754,-163.4719
-0.16782500000000006,-0.9624249999999999,0.0777000000000001,-597.26205,-219.1413,-151.41805000000002
-0.1405999999999999,-1.0317999999999996,0.027300000000000546,-590.2265000000001,-212.90839999999994,-139.49600000000004
-0.1650499999999998,-1.1051499999999994,-0.08272499999999913,-562.3738750000002,-222.6231999999999,-132.81300000000005
-0.18949999999999975,-1.1784999999999992,-0.19274999999999884,-534.5212500000002,-232.33799999999988,-126.13000000000008
-0.2092999999999998,-1.2750999999999983,-0.26324999999999943,-497.35235000000057,-238.55134999999996,-119.51675000000009
-0.22560000000000002,-1.3892000000000002,-0.30400000000000005,-453.1711999999999,-242.1292,-112.95599999999999
-0.24332499999999996,-1.5009249999999998,-0.33667500000000006,-406.92807500000004,-243.85930000000002,-105.07190000000003
-0.27184999999999987,-1.5946499999999997,-0.30815000000000015,-345.05735000000027,-231.58540000000005,-87.15820000000008
-0.3003750000000003,-1.688375000000001,-0.27962499999999973,-283.18662499999937,-219.31149999999985,-69.24449999999982
-0.31,-1.7010999999999998,-0.2348999999999996,-210.3349999999994,-211.02009999999996,-60.08959999999996
-0.31,-1.6725749999999997,-0.18192499999999975,-131.89124999999962,-204.75682499999996,-55.395199999999974
-0.3014999999999999,-1.6355499999999998,-0.12214999999999984,-61.29979999999992,-203.90465000000006,-48.61149999999997
-0.26075000000000004,-1.566275,-0.036575000000000066,-20.500900000000033,-223.58282499999999,-33.90075000000001
-0.22000000000000014,-1.497,0.04899999999999971,20.297999999999856,-243.26099999999994,-19.19000000000005
-0.1977000000000001,-1.3693000000000008,0.1284249999999995,60.94622499999974,-247.28435000000002,-15.204850000000002
-0.18140000000000014,-1.2226000000000015,0.2058499999999993,101.54544999999963,-246.2167,-14.707700000000004
-0.14549999999999955,-1.0979499999999998,0.2563249999999999,145.7229000000003,-250.9972000000001,-9.272574999999904
-0.0640000000000012,-1.024600000000001,0.24410000000000018,198.2251999999992,-269.3835999999997,7.650899999999755
0.017499999999999998,-0.9512499999999999,0.231875,250.72749999999996,-287.77,24.574375000000003
-0.01484999999999985,-0.9606999999999999,0.22655000000000003,258.46605,-291.43179999999995,29.77819999999999
-0.06782499999999972,-0.9851499999999999,0.22247500000000003,258.09522499999997,-292.42609999999996,32.858899999999984
-0.1191999999999996,-1.0111999999999999,0.22159999999999996,249.2252000000002,-299.77239999999983,38.377999999999915
-0.1681000000000003,-1.0397250000000002,0.22567500000000004,227.20797499999986,-316.94445000000013,47.669000000000054
-0.21699999999999933,-1.0682499999999997,0.22974999999999995,205.19075000000032,-334.1164999999998,56.95999999999987
-0.200875,-1.066175,0.17644999999999997,175.78362499999997,-357.534775,64.5986
-0.1804999999999997,-1.0621,0.11939999999999912,145.89349999999956,-381.36130000000037,72.12920000000013
-0.20554999999999965,-1.0264250000000004,0.09592499999999994,101.61155000000029,-391.785475,76.383275
-0.2789000000000007,-0.9571499999999994,0.10815000000000012,42.026899999999415,-387.95904999999993,77.15345
-0.35,-0.887250000000001,0.12,-17.745249999999317,-384.3415,78.08437499999994
-0.35,-0.7975999999999996,0.12,-83.44240000000026,-387.3244,84.09500000000003
-0.35,-0.7079500000000015,0.12,-149.13954999999893,-390.30729999999994,90.1056249999999
-0.2912500000000001,-0.6794,0.07300000000000013,-198.57234999999991,-387.84525,90.45745000000001
-0.1893750000000004,-0.6956999999999999,-0.00849999999999966,-236.0664249999998,-381.38637500000004,86.65547500000001
-0.09850000000000009,-0.7259999999999991,-0.08,-273.1034999999997,-375.13750000000005,82.34150000000005
-0.08627500000000013,-0.8563999999999987,-0.08,-306.87302499999964,-370.39012500000007,74.36672500000007
-0.07404999999999995,-0.9868000000000007,-0.08,-340.64255000000014,-365.64275,66.39194999999997
-0.042750000000000635,-1.1090249999999982,-0.0582000000000005,-323.5990000000006,-350.85920000000027,61.90517500000004
-0.0020000000000000295,-1.2272,-0.025600000000000022,-281.382,-331.1036,59.1464
0.05100000000000138,-1.3235000000000003,-0.002625000000000169,-234.17137499999907,-311.92987499999975,57.26875000000002
0.14879999999999938,-1.3397999999999999,-0.014849999999999922,-168.6983500000004,-294.8841500000001,58.61349999999999
0.24660000000000085,-1.3561000000000003,-0.027075000000000102,-103.22532499999946,-277.83842499999986,59.958250000000014
0.30099999999999955,-1.3259000000000005,-0.04239999999999981,-44.367700000000674,-262.6465000000002,57.66980000000004
0.3417500000000001,-1.281075,-0.05870000000000005,12.409275000000157,-248.03762499999996,54.23864999999999
0.36375000000000035,-1.2475,-0.07249999999999987,61.412499999999454,-234.86875000000018,52.80499999999995
0.34337500000000004,-1.23935,-0.08064999999999997,92.84704999999991,-224.95427500000002,55.88569999999999
0.3230000000000001,-1.2312,-0.08879999999999995,124.28159999999983,-215.03980000000007,58.966399999999986
0.31305000000000005,-1.2056750000000003,-0.06567500000000023,133.97307499999994,-218.05232499999997,59.03775
0.30490000000000006,-1.1771500000000004,-0.03715000000000032,139.91034999999994,-223.29684999999995,58.58950000000001
0.32437499999999914,-1.127500000000001,-0.005375000000000518,137.03850000000023,-223.7053750000001,58.32
0.3855000000000011,-1.0459999999999985,0.03130000000000067,120.88519999999971,-216.82269999999988,58.32
0.44662499999999883,-0.9645000000000016,0.06797499999999929,104.73190000000032,-209.94002500000013,58.32
0.45,-0.9176499999999994,0.06614999999999996,56.396449999999376,-200.61259999999987,63.46360000000007
0.45,-0.8728249999999995,0.06207499999999996,6.18022499999951,-191.1422999999999,68.90780000000007
0.43799999999999983,-0.85,0.041999999999999746,-47.58400000000039,-188.54000000000002,70.41199999999999
0.4135499999999999,-0.85,0.005324999999999844,-105.02927500000024,-193.06325,67.82844999999999
0.39075000000000004,-0.85105,-0.03,-162.2213500000001,-197.36794999999998,65.2266
0.41112499999999996,-0.879575,-0.03,-212.78802499999995,-195.953925,62.145900000000005
0.43149999999999994,-0.9080999999999999,-0.03,-263.35469999999975,-194.5399,59.06520000000001
0.4542499999999998,-0.9484999999999997,-0.04899999999999977,-295.0353749999999,-185.6375000000001,57.8655
0.47869999999999974,-0.9973999999999995,-0.08159999999999969,-313.1976499999998,-171.3750000000001,58.0122
0.500525,-1.050499999999999,-0.1120999999999998,-327.96055000000007,-158.927425,57.56722500000006
0.5045999999999999,-1.1319999999999988,-0.12839999999999974,-319.7372000000001,-158.7522,53.121400000000065
0.5086750000000001,-1.2135000000000014,-0.14470000000000027,-311.5138499999998,-158.576975,48.675574999999924
0.5182499999999998,-1.2592499999999993,-0.1527499999999999,-282.6462500000008,-154.14475000000016,43.7760000000001
0.5304750000000001,-1.2877750000000003,-0.15682500000000005,-243.83187499999957,-147.66142499999995,38.657799999999945
0.5382,-1.3036999999999999,-0.17260000000000048,-207.51499999999976,-139.4266999999999,37.01810000000009
0.53005,-1.275175,-0.2296500000000003,-180.00874999999985,-125.01342499999993,47.64977500000006
0.5219,-1.2466499999999998,-0.2867000000000002,-152.50249999999994,-110.60014999999996,58.28145000000003
0.545,-1.2149999999999999,-0.328125,-132.180625,-105.33375,60.969375
0.5775999999999999,-1.1824000000000001,-0.3647999999999999,-114.04280000000006,-102.848,61.242399999999996
0.6165749999999997,-1.151075,-0.3938249999999999,-103.37647499999997,-102.12047499999998,58.942475000000044
0.6695499999999995,-1.1225500000000002,-0.4060499999999999,-109.11814999999996,-105.25414999999997,50.992150000000066
0.7225249999999994,-1.0940250000000005,-0.41827499999999984,-114.85982499999994,-108.38782499999996,43.04182500000009
0.7580000000000007,-1.0970000000000002,-0.3954999999999994,-134.57700000000045,-104.6894999999999,36.28499999999986
0.7905999999999995,-1.1051499999999999,-0.36697500000000044,-156.59014999999962,-99.86877500000008,29.72425000000011
0.8166000000000003,-1.1166000000000003,-0.3665000000000006,-169.13724999999997,-93.68844999999988,24.81514999999996
0.8328999999999996,-1.1328999999999996,-0.4072499999999991,-167.77212500000005,-85.50992500000018,22.333475000000057
0.8492000000000002,-1.1492,-0.4480000000000004,-166.40699999999998,-77.33139999999993,19.851799999999976
0.8926250000000002,-1.1848750000000001,-0.46937500000000015,-162.91449999999998,-76.27125,16.068124999999974
0.9374500000000001,-1.2215500000000001,-0.4897500000000001,-159.3122,-75.5785,12.217249999999984
0.962025,-1.26025,-0.5,-154.9809,-74.99510000000001,2.4999499999999806
0.9661,-1.301,-0.5,-149.91160000000002,-74.5224,-13.156199999999979
0.9717499999999998,-1.3414,-0.4989500000000001,-144.33550000000008,-73.15020000000008,-28.519924999999965
1.0124999999999997,-1.3739999999999999,-0.47450000000000014,-127.46500000000012,-51.73200000000014,-37.36674999999994
1.0532499999999996,-1.4065999999999996,-0.4500500000000002,-110.59450000000017,-30.313800000000207,-46.21357499999991
1.0220000000000011,-1.4295999999999998,-0.4663999999999995,-114.85359999999976,-43.62119999999953,-41.142800000000186
0.9404999999999984,-1.4459000000000002,-0.5112250000000009,-133.8594000000004,-81.16417500000074,-26.35869999999971
0.8721999999999998,-1.4561500000000005,-0.55,-149.41120000000012,-116.09189999999967,-11.728600000000252
0.8885000000000003,-1.4276249999999995,-0.55,-142.8259999999999,-134.25825000000026,1.9145000000001886
0.9047999999999996,-1.3991000000000007,-0.55,-136.24080000000015,-152.42459999999957,15.557599999999676
0.9183250000000001,-1.387225,-0.54445,-118.93022499999981,-154.64857499999997,27.524600000000095
0.93055,-1.3831499999999999,-0.5363,-96.59514999999988,-149.40404999999996,38.70640000000006
0.9381499999999999,-1.38,-0.52815,-71.5063499999999,-145.6941,47.033649999999994
0.9299999999999999,-1.38,-0.52,-37.04,-147.20999999999998,45.64
0.9218500000000001,-1.38,-0.51185,-2.5736500000000957,-148.7259,44.24635000000001
0.92,-1.3674,-0.4753500000000003,46.35119999999969,-142.99995000000004,41.627350000000014
0.92,-1.3511000000000002,-0.4305250000000004,99.52179999999954,-135.14742500000008,38.64852500000002
0.9108999999999994,-1.3439000000000003,-0.38439999999999885,154.8660000000014,-127.84219999999986,35.11329999999988
0.8823750000000004,-1.356125,-0.3355000000000007,214.84999999999917,-121.70525000000009,30.390375000000066
0.8538499999999994,-1.3683500000000004,-0.28659999999999913,274.8340000000011,-115.56829999999988,25.667449999999917
0.8218000000000006,-1.3594250000000003,-0.24827500000000075,346.3799999999986,-94.25622500000046,28.70657499999992
0.7891999999999996,-1.3472,-0.21159999999999954,419.7300000000009,-70.57639999999971,32.95680000000006
0.7733499999999998,-1.3232500000000011,-0.1966999999999996,479.006649999999,-51.12427500000034,28.954300000000398
0.7815000000000001,-1.2824999999999998,-0.21300000000000013,518.1185000000003,-37.72974999999991,13.126999999999892
0.7896500000000001,-1.24175,-0.2293000000000001,557.2303500000002,-24.335224999999944,-2.700300000000066
0.7275999999999999,-1.1698,-0.2378,552.631,-11.276099999999985,-9.066200000000007
0.6624000000000001,-1.0964500000000001,-0.24595,546.07025,1.7679749999999812,-15.007549999999991
0.6218,-1.0477,-0.2254000000000002,529.3845500000001,7.386950000000008,-14.485250000000027
0.6055000000000001,-1.0232500000000002,-0.17650000000000035,502.69737500000014,5.671375000000012,-7.578125000000048
0.5911999999999997,-0.9986000000000003,-0.12940000000000013,474.9396000000005,4.294799999999949,-1.0026000000000015
0.6156500000000006,-0.9700749999999994,-0.11717499999999972,426.43894999999895,9.486350000000115,-0.8518249999999966
0.6400999999999997,-0.9415500000000004,-0.1049500000000002,377.93830000000077,14.677899999999921,-0.7010500000000023
0.6597000000000003,-0.9275749999999999,-0.09757499999999994,325.8268249999991,18.86550000000006,-4.262950000000103
0.6759999999999996,-0.9235000000000001,-0.09350000000000008,271.25850000000116,22.369999999999926,-10.350999999999873
0.689425,-0.9246000000000004,-0.08942499999999995,219.4536249999996,24.98727499999997,-16.253325000000054
0.6853500000000001,-0.9571999999999992,-0.0853500000000001,184.46975000000091,22.204050000000073,-21.025149999999872
0.681275,-0.9898000000000002,-0.08127499999999997,149.4858749999998,19.420824999999986,-25.796975000000025
0.6744,-1.028,-0.05199999999999988,123.68599999999994,18.8076,-27.528
0.66625,-1.06875,-0.01125,102.068125,19.1825,-27.874375
0.6619,-1.0943,0.014300000000000063,85.76835,23.60534999999995,-28.597899999999996
0.67005,-1.0698500000000002,-0.010149999999999864,86.96232499999999,41.343824999999896,-30.56204999999999
0.6782,-1.0454000000000003,-0.0345999999999998,88.15629999999999,59.082299999999854,-32.52619999999998
0.6704750000000002,-1.0114250000000005,-0.05587499999999977,92.30937499999995,66.34962499999995,-36.154049999999955
0.6582499999999998,-0.9747499999999992,-0.07625000000000043,97.30125000000011,70.64875000000009,-40.25350000000009
0.6407250000000004,-0.9632499999999993,-0.08470000000000028,97.08322500000018,72.08057500000007,-46.711449999999815
0.6121999999999995,-1.0040000000000007,-0.06839999999999975,86.05219999999983,67.56139999999994,-58.06440000000018
0.5836750000000006,-1.0447499999999992,-0.05210000000000037,75.02117500000024,63.0422250000001,-69.41734999999974
0.5586999999999998,-1.06065,-0.03579999999999984,75.39630000000001,74.64360000000013,-71.46575
0.5342500000000007,-1.0728749999999998,-0.019500000000000454,77.45824999999994,88.6289999999996,-72.13812499999999
0.5183,-1.0715,-0.015100000000000054,81.83220000000003,102.08740000000006,-69.81339999999997
0.514225,-1.051125,-0.027325000000000016,89.43615,114.80955000000002,-63.30154999999999
0.51015,-1.03075,-0.03954999999999998,97.04009999999998,127.53169999999999,-56.7897
0.51,-1.0182250000000002,-0.05177499999999995,113.28297499999994,137.71829999999994,-55.40390000000001
0.51,-1.006,-0.06399999999999992,129.85599999999988,147.80799999999994,-54.21400000000001
0.5058499999999998,-0.9937749999999996,-0.08660000000000083,141.29340000000016,152.9509,-57.85470000000021
0.4977000000000001,-0.9815500000000001,-0.11919999999999958,147.7807999999999,153.3258,-66.1513999999999
0.48909999999999965,-0.9709000000000003,-0.14909999999999968,153.926425,153.1366249999998,-74.14502500000005
0.4728000000000003,-0.9871999999999997,-0.1328000000000003,154.2239,143.29550000000017,-76.95269999999995
0.4564999999999998,-1.0035000000000003,-0.11649999999999977,154.521375,133.45437499999986,-79.76037500000004
0.4426499999999999,-1.0198000000000003,-0.08549999999999955,160.4661000000001,139.16585000000018,-78.81954999999996
0.43042500000000034,-1.0360999999999996,-0.04475000000000108,170.15644999999972,155.19282499999957,-75.39247500000009
0.4194000000000001,-1.05,-0.01,180.4611999999996,171.75379999999944,-71.67260000000016
0.41532499999999994,-1.05,-0.01,194.32435000000004,191.40752500000008,-66.25692499999998
0.41125,-1.05,-0.01,208.1875,211.06125,-60.84125
0.4297749999999989,-1.016100000000002,-0.02412499999999923,220.1578999999996,216.968525,-56.99062500000012
0.4582999999999998,-0.9672000000000003,-0.04449999999999989,231.29079999999993,216.7933,-53.83250000000002
0.47805000000000003,-0.9105000000000008,-0.06097499999999997,238.07130000000006,216.327525,-53.10699999999994
0.4699000000000001,-0.829000000000001,-0.06504999999999996,231.01340000000008,214.93795,-60.11599999999992
0.4617499999999998,-0.7474999999999983,-0.06912500000000009,223.95549999999986,213.54837499999996,-67.12500000000014
0.44400000000000034,-0.7363999999999998,-0.06680000000000007,183.9440000000008,211.55080000000004,-75.82999999999984
0.42362500000000036,-0.7445499999999998,-0.06272500000000009,134.92175000000094,209.38697500000004,-84.99874999999982
0.41,-0.7689000000000007,-0.05054999999999964,91.6275499999996,206.54139999999995,-92.60285000000005
0.41,-0.8259500000000005,-0.02202499999999972,59.895524999999694,202.31969999999995,-97.04867500000005
0.41,-0.8829999999999985,0.006499999999999204,28.163500000000884,198.09800000000013,-101.49449999999989
0.4064250000000001,-0.9078749999999993,-0.0007249999999996252,15.268150000000315,213.18844999999948,-94.38950000000027
0.40235,-0.92825,-0.012950000000000017,5.007299999999986,230.97990000000004,-85.66899999999998
0.38965000000000005,-0.934825,-0.025174999999999982,-1.7621499999999974,239.70302500000003,-78.126675
0.36519999999999925,-0.9225999999999996,-0.03740000000000038,-3.7752000000000616,236.0721999999999,-72.18939999999981
0.3407500000000002,-0.9103750000000002,-0.04962499999999992,-5.7882499999999855,232.44137500000005,-66.25212500000004
0.32420000000000015,-0.9336999999999998,-0.05,-2.792700000000031,226.96195000000006,-70.18589999999995
0.3078999999999996,-0.9581500000000005,-0.05,0.36135000000007045,221.4240249999999,-74.43205000000009
0.2873999999999995,-0.9826000000000005,-0.04369999999999977,7.293300000000205,220.28770000000006,-76.75880000000001
0.26295000000000046,-1.0070499999999996,-0.031475000000000225,17.77827499999981,223.29097499999995,-77.28039999999999
0.24124999999999958,-1.0277500000000008,-0.01950000000000017,28.06674999999985,226.35399999999993,-77.48050000000009
0.2616250000000002,-0.9910749999999996,-0.011349999999999909,35.34877500000008,230.33120000000005,-72.76164999999995
0.28200000000000014,-0.9543999999999997,-0.003199999999999932,42.630800000000065,234.30840000000003,-68.04279999999996
0.309799999999999,-0.9078250000000015,0.0123749999999994,45.987474999999975,238.96374999999986,-70.58064999999979
0.3423999999999989,-0.8548500000000017,0.03274999999999935,46.80654999999997,244.05749999999983,-77.80969999999976
0.365625,-0.815625,0.045625,46.665625,250.70625,-84.448125
0.33710000000000007,-0.8523,0.017100000000000084,41.22550000000001,265.93859999999995,-87.82629999999999
0.30857499999999916,-0.8889750000000011,-0.011425000000000836,35.78537499999984,281.17095000000046,-91.2044750000001
0.28005000000000024,-0.9057,-0.02,31.50805000000003,286.04355,-81.51540000000013
0.25152500000000033,-0.9138499999999999,-0.02,27.730525000000043,286.46327499999995,-66.20970000000017
0.23499999999999974,-0.9160000000000003,-0.020999999999999942,27.483999999999853,290.0789999999998,-52.66000000000011
0.2553750000000004,-0.8996999999999997,-0.025075000000000073,38.095300000000194,303.5224250000002,-44.50999999999985
0.2757499999999996,-0.8834000000000003,-0.02914999999999992,48.706599999999796,316.9658499999997,-36.360000000000156
0.2832249999999999,-0.8380750000000012,-0.010650000000000548,33.86942500000048,326.6521499999998,-42.72249999999977
0.28730000000000006,-0.7850999999999995,0.01380000000000024,12.324899999999792,335.3482000000001,-52.910000000000096
0.27899999999999975,-0.75275,0.021749999999999832,-8.57337500000014,343.5671250000001,-61.580875000000034
0.24640000000000098,-0.7608999999999998,-0.002699999999999248,-28.202649999999398,350.8491499999998,-67.27364999999982
0.21380000000000107,-0.7690499999999998,-0.02714999999999918,-47.83192499999934,358.13117499999976,-72.9664249999998
0.16680000000000006,-0.8203999999999999,-0.015600000000000022,-60.23959999999998,358.25640000000004,-70.642
0.1179000000000002,-0.8774499999999998,0.0006999999999999316,-71.69442499999995,357.43732500000004,-67.25975000000001
0.07599999999999908,-0.9170000000000005,0.013500000000000227,-75.79749999999984,358.81625000000014,-61.69174999999976
0.04340000000000032,-0.9332999999999998,0.02164999999999992,-70.13325000000006,363.115375,-53.219825000000085
0.01080000000000041,-0.9495999999999998,0.029799999999999896,-64.46900000000007,367.4144999999999,-44.74790000000011
-0.01385000000000048,-0.9261499999999995,0.03397500000000008,-62.41404999999996,366.84027499999996,-39.76602499999991
-0.03830000000000041,-0.9016999999999996,0.03805000000000007,-60.449899999999964,366.14345,-34.87194999999992
-0.06699999999999932,-0.8751250000000006,0.04424999999999983,-66.22074999999973,365.09812500000004,-31.986000000000022
-0.09959999999999923,-0.8466000000000007,0.05239999999999981,-79.08959999999969,363.733,-30.942800000000023
-0.13275000000000034,-0.8180749999999997,0.05834999999999979,-91.74422500000009,362.21854999999994,-30.05387500000001
-0.17350000000000024,-0.7895499999999999,0.03389999999999986,-101.43865000000005,358.6407,-31.296750000000007
-0.2142499999999987,-0.761025000000001,0.009450000000000784,-111.13307499999969,355.06285000000014,-32.539624999999965
-0.212500000000001,-0.7599999999999995,-0.007499999999999573,-115.01499999999999,355.5224999999999,-35.947499999999835
-0.18397500000000008,-0.7763,-0.019724999999999965,-115.23505,358.525775,-40.719324999999984
-0.15935000000000002,-0.7977999999999997,-0.030649999999999976,-115.59875,363.7650499999999,-45.30459999999998
-0.15527499999999989,-0.8467000000000013,-0.03472500000000011,-116.71937500000003,380.78632500000043,-48.90690000000009
-0.15120000000000003,-0.8955999999999995,-0.03879999999999995,-117.83999999999999,397.8075999999998,-52.50919999999996
-0.16437499999999972,-0.9387499999999994,-0.04287499999999994,-111.61212500000013,405.9767499999999,-54.49862499999998
-0.18474999999999966,-0.9794999999999994,-0.046949999999999936,-102.31705000000015,410.45109999999994,-55.81484999999998
-0.20512500000000033,-1.0151250000000003,-0.04794999999999988,-91.39119999999976,414.31250000000006,-55.05647499999989
-0.22549999999999956,-1.0354999999999996,-0.03980000000000018,-75.61280000000035,416.34999999999997,-48.12490000000015
-0.24587499999999948,-1.0558749999999995,-0.031650000000000206,-59.8344000000004,418.38749999999993,-41.19332500000017
-0.22399999999999978,-1.05025,-0.0007499999999997439,-44.59224999999989,414.10375,-37.03399999999998
-0.19139999999999988,-1.038025,0.03592500000000015,-29.486224999999937,408.215375,-33.57839999999999
-0.16159999999999913,-1.0328000000000004,0.09080000000000327,-10.384599999999033,403.40219999999994,-31.97640000000007
-0.13715000000000088,-1.0409499999999998,0.18044999999999678,16.35147499999903,400.6434250000001,-33.91609999999993
-0.11270000000000095,-1.0490999999999997,0.2700999999999965,43.087549999998956,397.8846500000001,-35.855799999999924
-0.11,-1.0753750000000009,0.4250000000000046,87.8145000000013,366.325249999999,-48.44575000000039
-0.11,-1.1039000000000008,0.5880000000000041,134.77480000000116,331.1905999999991,-62.357800000000346
-0.11532499999999943,-1.121775,0.7332499999999942,198.48044999999595,292.7118500000021,-72.29917499999976
-0.12755000000000025,-1.12585,0.8555000000000024,283.88430000000164,249.89989999999918,-77.0954500000001
-0.1397750000000002,-1.129925,0.977750000000002,369.28815000000145,207.0879499999993,-81.89172500000008
-0.28400000000000203,-1.0939999999999994,1.0040000000000004,434.8840000000009,170.9559999999995,-62.31999999999972
-0.4306999999999914,-1.057325000000002,1.0284499999999985,500.10844999999614,134.9493000000021,-42.291375000001175
-0.5795500000000013,-0.977649999999999,1.0012999999999994,541.4335000000001,99.36399999999972,-8.526399999999612
-0.7303250000000008,-0.8594749999999993,0.9279499999999996,561.3602500000002,64.1559999999998,37.537400000000254
-0.8703,-0.7376999999999996,0.8458999999999994,574.9578999999999,29.99799999999994,81.21260000000004
-0.874375,-0.570625,0.6543749999999999,508.91437500000006,9.052499999999998,94.83125
-0.87845,-0.4035500000000005,0.46285000000000054,442.8708500000002,-11.89299999999994,108.44989999999996
-0.8497000000000002,-0.30212500000000037,0.30415000000000075,353.28422500000056,-32.02292499999989,101.4973750000001
-0.8008000000000004,-0.24100000000000052,0.1656000000000012,249.24540000000087,-51.65219999999984,81.91700000000016
-0.7525750000000005,-0.20754999999999882,0.04190000000000055,153.01902500000062,-72.5329249999997,60.89212500000033
-0.7077500000000007,-0.31349999999999856,-0.006999999999999326,96.1442500000008,-99.71724999999962,32.5912500000004
-0.6629250000000008,-0.4194499999999982,-0.055899999999999186,39.26947500000095,-126.90157499999955,4.290375000000474
-0.6036000000000012,-0.5920999999999961,-0.026500000000001203,41.2762999999995,-126.85200000000023,-17.415899999999624
-0.5384000000000014,-0.7917749999999955,0.03462499999999863,67.14032499999942,-115.76800000000026,-36.45022499999958
-0.4868500000000003,-0.9714999999999969,0.09679999999999839,110.58029999999764,-98.55095000000088,-49.22865000000013
-0.47462500000000035,-1.0937499999999964,0.1619999999999982,204.65574999999737,-63.66487500000098,-43.98412500000015
-0.46240000000000037,-1.2159999999999962,0.227199999999998,298.7311999999971,-28.77880000000107,-38.73960000000016
-0.4468999999999994,-1.1810499999999973,0.21707499999999896,404.6261250000039,3.8704500000011635,-29.384949999999623
-0.4305999999999994,-1.1076999999999977,0.18854999999999905,513.4082500000036,35.973300000001075,-19.02629999999965
-0.42569999999999936,-0.9944500000000074,0.15290000000000192,597.0177499999985,61.897349999999435,-7.292525000000559
-0.44199999999999934,-0.8070000000000078,0.10400000000000206,633.8149999999985,76.33099999999939,6.998499999999403
-0.45830000000000043,-0.6195499999999953,0.055099999999998775,670.6122500000009,90.76465000000036,21.28952500000036
-0.4526999999999998,-0.47224999999999684,0.057300000000000184,644.6951999999993,75.88879999999959,31.56920000000022
-0.4445500000000004,-0.32962500000000716,0.06544999999999959,611.4758000000016,57.60020000000092,41.38179999999951
-0.43099999999999966,-0.2445999999999998,0.10060000000000116,558.8397999999986,36.51439999999959,44.2373999999999
-0.41062499999999974,-0.23237499999999983,0.16987500000000097,481.6633749999989,11.893249999999659,38.300124999999916
-0.39024999999999976,-0.22014999999999987,0.23915000000000075,404.4869499999992,-12.727900000000274,32.36284999999993
-0.3819500000000005,-0.20792500000000075,0.33257499999999424,334.91777500000427,-17.767424999999704,24.461375000000487
-0.37379999999999997,-0.19569999999999993,0.4263000000000005,265.4430999999996,-22.563700000000026,16.535499999999956
-0.36565,-0.18347499999999997,0.5004500000000002,207.3480249999999,-30.82040000000003,13.992750000000006
-0.3575,-0.17125,0.5575,159.19375,-42.099999999999994,16.1525
-0.3509749999999999,-0.16779999999999973,0.6132499999999999,114.20042500000002,-51.89565000000002,19.140674999999966
-0.3631999999999999,-0.2655999999999995,0.6539999999999997,105.67960000000005,-44.56880000000004,31.68759999999993
-0.3754249999999999,-0.3633999999999992,0.6947499999999996,97.15877500000008,-37.24195000000006,44.23452499999989
-0.39274999999999977,-0.4178499999999997,0.71,99.2561499999999,-31.60575000000005,59.923049999999805
-0.4131249999999997,-0.4463749999999996,0.71,107.70362499999989,-26.980625000000064,77.49037499999976
-0.4265000000000003,-0.45600000000000135,0.7023000000000007,113.88030000000008,-22.693600000000043,93.35039999999988
-0.4061250000000004,-0.3745000000000016,0.6574750000000008,109.1084750000001,-20.03670000000005,100.97879999999986
-0.3857500000000005,-0.2930000000000018,0.612650000000001,104.3366500000001,-17.37980000000006,108.60719999999984
-0.4209499999999986,-0.22612500000000155,0.5239500000000027,81.37425000000076,-20.30379999999987,107.71215000000011
-0.4780000000000024,-0.16499999999999745,0.4179999999999956,51.25999999999874,-25.422000000000214,103.46599999999982
-0.52,-0.13827499999999787,0.31850000000000256,20.10300000000104,-35.902299999999215,98.09755000000027
-0.52,-0.20754999999999768,0.23700000000000276,-13.963999999998862,-61.34659999999914,89.5971000000003
-0.52,-0.2768250000000023,0.15549999999999728,-48.03100000000114,-86.79090000000085,81.09664999999971
-0.5001999999999993,-0.33950000000000186,0.13669999999999988,-47.94959999999975,-105.49330000000052,74.0679999999998
-0.47575000000000106,-0.40062499999999746,0.1326250000000002,-39.84850000000034,-122.61237499999928,67.38500000000028
-0.4339000000000033,-0.4530499999999984,0.13434999999999947,-21.403100000001658,-131.1112000000003,56.900100000000776
-0.36054999999999837,-0.48972500000000085,0.1465750000000003,15.769050000000831,-124.00439999999983,39.53244999999961
-0.28719999999999857,-0.5264000000000008,0.15880000000000025,52.94120000000073,-116.89759999999987,22.164799999999662
-0.27265000000000045,-0.5226500000000005,0.17469999999999913,95.24364999999773,-96.39175000000117,14.657175000000342
-0.2644999999999999,-0.5144999999999998,0.19100000000000023,138.1045000000006,-74.4274999999997,8.22274999999991
-0.2508749999999998,-0.4972249999999997,0.21095000000000028,178.75162500000044,-58.4382999999999,6.071600000000035
-0.23049999999999982,-0.4686999999999998,0.23540000000000022,216.6695000000003,-49.815599999999925,9.201200000000025
-0.21012499999999987,-0.4401749999999998,0.25985000000000014,254.5873750000002,-41.19289999999995,12.330800000000018
-0.21,-0.38329999999999986,0.24785,261.98040000000003,-28.67004999999996,14.917700000000007
-0.21,-0.32625,0.235625,269.185,-16.123125,17.501250000000002
-0.21659999999999996,-0.2582000000000002,0.2124000000000001,248.8764000000001,-18.13139999999996,15.134800000000018
-0.22882499999999992,-0.18077500000000044,0.17980000000000018,205.11905000000024,-32.54467499999992,8.549600000000037
-0.23930000000000007,-0.11034999999999996,0.1520999999999998,163.47465000000017,-46.42629999999993,2.602449999999993
-0.23115000000000008,-0.11442499999999996,0.1765499999999997,144.31807500000022,-54.64964999999991,3.44597499999999
-0.22300000000000011,-0.11849999999999994,0.20099999999999965,125.16150000000027,-62.87299999999989,4.289499999999988
-0.20970000000000028,-0.13287499999999966,0.21257499999999993,82.68830000000094,-62.71215000000009,2.7176750000000496
-0.19340000000000032,-0.1532499999999996,0.21664999999999993,26.632600000001094,-57.667300000000104,-0.26114999999994204
-0.18724999999999908,-0.1772499999999991,0.21927500000000008,-23.901499999999444,-52.936375000000076,-2.2815250000000535
-0.22799999999999898,-0.217999999999999,0.2152000000000001,-48.92199999999937,-49.656000000000084,0.12679999999993985
-0.2687499999999989,-0.25874999999999887,0.21112500000000012,-73.9424999999993,-46.37562500000009,2.5351249999999332
-0.29770000000000096,-0.32605000000000306,0.17164999999999792,-98.35235000000094,-55.57965000000054,18.076850000000803
-0.3221499999999992,-0.4034749999999974,0.11867500000000178,-122.52932499999919,-69.54467499999953,38.627074999999316
-0.31140000000000384,-0.4654999999999993,0.0821999999999997,-134.66020000000074,-69.60570000000136,52.41560000000017
-0.20544999999999675,-0.4858750000000006,0.09035000000000025,-114.21184999999937,-32.06272499999884,47.91679999999987
-0.09949999999999705,-0.5062500000000005,0.09850000000000023,-93.76349999999942,5.480250000001048,43.41799999999988
-0.05672500000000128,-0.40360000000000584,0.08337500000000092,-84.11807500000032,49.35069999999797,36.102925000000354
-0.028200000000001356,-0.2732000000000062,0.06300000000000097,-76.90940000000035,94.64839999999785,28.152600000000376
-0.05720000000000258,-0.20917500000000105,0.05442500000000024,-79.08320000000037,120.0970249999998,15.74924999999961
-0.18760000000000218,-0.2621500000000009,0.06665000000000021,-97.79560000000032,110.55744999999985,-4.50350000000034
-0.31799999999999273,-0.31512499999999705,0.07887499999999932,-116.50799999999896,101.01787500000053,-24.75624999999887
-0.2633999999999992,-0.30149999999999977,0.12810000000000057,-180.83770000000078,70.72129999999964,-53.73730000000033
-0.19004999999999939,-0.28112499999999985,0.18107500000000043,-249.79077500000056,38.320974999999734,-83.60297500000024
-0.17220000000000027,-0.29590000000000033,0.21370000000000006,-248.83789999999954,20.9112,-94.65229999999994
