-0.21445,-0.31520000000000004,0.20804999999999998,254.79045,-8.2958,4.886550000000007
-0.24,-0.14,-0.0,-2.29,-51.03,55.45
-0.17065000000000002,-0.19110000000000002,0.03285,-26.77055,-24.187900000000003,42.70055000000001
-0.1013,-0.24220000000000003,0.0657,-51.2511,2.6541999999999994,29.951100000000004
-0.05664999999999998,-0.28855,0.09474999999999999,-68.7406,23.5531,18.433800000000005
-0.0822,-0.3214,0.113,-66.3608,27.5608,10.418400000000002
-0.10775000000000001,-0.35425,0.13125000000000003,-63.981,31.568500000000004,2.4029999999999965
-0.1162,-0.3928,0.1419,-56.7809,36.1652,2.6164999999999985
-0.1089,-0.4366,0.14555,-45.14104999999999,41.3044,10.409250000000004
-0.10160000000000001,-0.4804,0.1492,-33.501200000000004,46.443599999999996,18.201999999999998
-0.0886,-0.48714999999999997,0.1557,-12.892399999999995,49.49945,26.026100000000003
-0.07399999999999998,-0.4835,0.163,10.23400000000002,51.9705,33.85900000000001
-0.05880000000000002,-0.4782,0.17015000000000002,33.09129999999998,54.5659,41.58944999999999
-0.02960000000000001,-0.4344,0.1738,49.66959999999999,60.0628,46.9294
-0.00039999999999999064,-0.39059999999999995,0.17745,66.2479,65.5597,52.26935
0.017799999999999993,-0.35229999999999995,0.1789,75.9589,71.94870000000002,55.6513
0.010500000000000008,-0.32675,0.17525000000000002,69.75025000000001,80.40575,54.49425
0.0032000000000000028,-0.30119999999999997,0.1716,63.5416,88.8628,53.337199999999996
-0.008200000000000006,-0.29205,0.17205,53.470749999999995,93.43305,53.13135
-0.022799999999999977,-0.29569999999999996,0.1757,40.38550000000002,94.96969999999999,53.667899999999996
-0.03739999999999999,-0.29935,0.17934999999999998,27.300250000000013,96.50635,54.204449999999994
-0.05200000000000003,-0.309,0.174,18.018999999999984,99.98100000000001,57.426
-0.06659999999999996,-0.31994999999999996,0.16670000000000001,9.561950000000019,103.87554999999999,61.22929999999999
-0.08119999999999997,-0.3294,0.1606,1.6170000000000035,107.7281,64.828
-0.09579999999999998,-0.3221,0.1679,-0.6094999999999975,111.11165,66.142
-0.11039999999999998,-0.3148,0.1752,-2.8359999999999985,114.4952,67.45599999999999
-0.12375,-0.30874999999999997,0.18375,-4.7875,118.16,68.25125
-0.13470000000000001,-0.3051,0.1947,-6.211,122.3648,68.0505
-0.14565,-0.30145,0.20565,-7.634500000000001,126.56960000000001,67.84975
-0.16320000000000004,-0.3022,0.2144,-7.289199999999997,129.3136,68.6566
-0.18510000000000004,-0.30585,0.2217,-5.778099999999996,131.09480000000002,70.12755
-0.20699999999999996,-0.3095,0.22899999999999998,-4.267000000000002,132.876,71.59849999999999
-0.21,-0.31,0.22685000000000002,-3.2315500000000013,135.5392,72.16225
-0.21,-0.31,0.2232,-2.2716000000000007,138.3424,72.582
-0.21494999999999997,-0.30955,0.22,-0.9638000000000009,140.81935000000001,73.68575
-0.2551,-0.3059,0.22,2.8176000000000014,140.9763,79.65350000000001
-0.29525000000000007,-0.30224999999999996,0.22,6.599000000000004,141.13325,85.62125
-0.3283999999999999,-0.29300000000000004,0.23819999999999986,12.975999999999964,136.83400000000003,89.96499999999999
-0.35030000000000006,-0.27474999999999994,0.28565000000000007,23.52450000000002,125.37299999999996,91.69875
-0.3722,-0.25650000000000006,0.3330999999999999,34.07299999999998,113.91200000000002,93.43249999999999
-0.38470000000000004,-0.22649999999999987,0.3782000000000001,39.76640000000001,111.0473,89.00689999999997
-0.392,-0.19000000000000003,0.42199999999999993,42.773999999999994,112.938,81.174
-0.39930000000000004,-0.1535,0.46579999999999994,45.7816,114.8287,73.34110000000001
-0.43299999999999983,-0.15659999999999996,0.4436000000000001,37.17320000000005,125.53369999999995,49.087400000000116
-0.46950000000000003,-0.16390000000000002,0.4144,27.33279999999999,137.17355,23.09209999999998
-0.5047999999999999,-0.1706,0.37860000000000027,16.146600000000063,146.9804,-1.7505999999999347
-0.534,-0.17425000000000002,0.30924999999999986,-1.8807500000000346,147.4695,-20.73425000000004
-0.5631999999999999,-0.1779,0.23990000000000017,-19.90809999999996,147.95860000000002,-39.71789999999996
-0.5629499999999998,-0.17069999999999994,0.18759999999999993,-39.248300000000064,144.66724999999997,-54.32590000000003
-0.5228,-0.14880000000000002,0.15840000000000004,-60.367199999999976,136.25400000000002,-63.00559999999999
-0.4826499999999998,-0.1268999999999999,0.12919999999999987,-81.48610000000009,127.84074999999996,-71.68530000000004
-0.415,-0.11,0.13,-107.9575,122.69,-73.8875
-0.33469999999999955,-0.09539999999999992,0.1446000000000001,-136.89105000000015,119.03999999999998,-73.11005
-0.2543999999999999,-0.08079999999999998,0.1592,-165.82460000000003,115.38999999999999,-72.3326
-0.2361999999999999,-0.11105000000000023,0.2014000000000003,-187.41655000000014,105.51619999999994,-69.42994999999999
-0.22159999999999996,-0.14390000000000008,0.2452000000000001,-208.58290000000005,95.28159999999998,-66.4041
-0.21900000000000033,-0.18350000000000052,0.2920000000000005,-226.61650000000006,83.30849999999987,-61.98324999999993
-0.26280000000000014,-0.24920000000000023,0.3504000000000002,-232.53680000000003,64.61319999999994,-52.16839999999996
-0.3066,-0.31489999999999996,0.40879999999999994,-238.4571,45.91790000000002,-42.353550000000006
-0.3436000000000001,-0.38400000000000034,0.4638000000000002,-240.9672,28.704999999999927,-34.36279999999997
-0.3728,-0.4570000000000001,0.5149,-239.5656,13.192499999999995,-28.464399999999998
-0.40199999999999986,-0.5299999999999998,0.5659999999999997,-238.16400000000002,-2.31999999999994,-22.566000000000024
-0.4444499999999996,-0.5394000000000001,0.6064999999999997,-224.01060000000015,-24.491949999999804,-19.786650000000012
-0.4918999999999999,-0.5248,0.6429999999999999,-205.04520000000005,-49.17689999999993,-18.184300000000004
-0.5393499999999997,-0.5102000000000001,0.6794999999999998,-186.07980000000012,-73.86184999999983,-16.58195000000001
-0.5651999999999999,-0.4344000000000001,0.7052,-191.21999999999997,-97.33359999999996,-22.44239999999999
-0.5907499999999999,-0.35775000000000046,0.7307499999999999,-196.69499999999996,-120.78849999999987,-28.406499999999966
-0.6055,-0.27570000000000006,0.7383,-214.84199999999998,-142.5541,-32.7353
-0.58725,-0.17715000000000047,0.6908500000000002,-271.7089999999997,-159.15794999999991,-32.067350000000005
-0.5690000000000001,-0.07859999999999992,0.6434,-328.576,-175.7618,-31.3994
-0.5563,0.0033000000000004137,0.6088999999999999,-394.9853000000005,-188.47325000000004,-37.55610000000008
-0.549,0.06900000000000013,0.587,-470.67900000000014,-197.3975,-50.35300000000002
-0.5417000000000001,0.13469999999999985,0.5651,-546.3726999999998,-206.32174999999998,-63.14989999999997
-0.5372,0.14160000000000006,0.5124000000000004,-611.8379999999996,-201.60720000000006,-86.70439999999982
-0.53355,0.1306499999999999,0.4503499999999995,-674.1982500000006,-192.7522999999999,-113.52460000000023
-0.5277999999999997,0.11669999999999944,0.38589999999999935,-735.9402000000002,-183.47899999999987,-140.18680000000012
-0.4475,-0.0037500000000000033,0.23625000000000004,-775.7325000000001,-159.3525,-161.24
-0.36720000000000036,-0.12419999999999949,0.08660000000000065,-815.5247999999998,-135.2260000000001,-182.2931999999999
-0.2753499999999987,-0.2667000000000021,-0.029450000000000365,-840.9698999999999,-114.85744999999989,-196.04154999999994
-0.15489999999999923,-0.46380000000000127,-0.062300000000000216,-830.8885999999999,-103.79429999999994,-191.70169999999996
-0.03444999999999972,-0.6609000000000005,-0.09515000000000008,-820.8072999999999,-92.73114999999999,-187.36185
0.055999999999999855,-0.8639999999999997,-0.10600000000000001,-778.7860000000001,-92.51199999999999,-178.37600000000003
0.12170000000000024,-1.0720500000000008,-0.09869999999999997,-710.4141999999997,-101.23915000000004,-165.55719999999997
0.18739999999999996,-1.2800999999999998,-0.09140000000000001,-642.0424,-109.96629999999999,-152.7384
0.1528000000000003,-1.4409499999999993,-0.09884999999999994,-522.1370500000006,-124.46364999999992,-132.11095000000012
0.09440000000000054,-1.5905999999999987,-0.1097999999999999,-390.0034000000012,-140.33019999999985,-109.63060000000021
0.033249999999998475,-1.7287499999999998,-0.12125000000000027,-256.25699999999756,-156.28375000000028,-87.14424999999964
-0.06530000000000016,-1.7105,-0.13950000000000004,-100.57719999999975,-173.42050000000003,-64.57629999999996
-0.16384999999999877,-1.6922500000000003,-0.15774999999999978,55.10259999999806,-190.55724999999978,-42.00835000000028
-0.2491999999999996,-1.6248000000000011,-0.16400000000000015,193.63199999999924,-207.53319999999988,-21.26320000000012
-0.30759999999999993,-1.4569000000000003,-0.14575000000000005,297.14599999999984,-224.18084999999996,-4.239600000000024
-0.3660000000000002,-1.2889999999999993,-0.12749999999999992,400.66000000000037,-240.82850000000005,12.784000000000066
-0.3943000000000001,-1.0823999999999978,-0.07699999999999933,452.01070000000016,-255.4057000000001,18.601799999999983
-0.40159999999999996,-0.8488000000000011,-0.0040000000000003505,466.9683999999999,-268.5383999999999,16.601600000000012
-0.4089,-0.6151999999999997,0.06900000000000006,481.9261,-281.67109999999997,14.6014
-0.41930000000000006,-0.4125999999999987,0.13580000000000042,407.68129999999945,-282.0814,4.8666999999999305
-0.4302499999999999,-0.21550000000000152,0.2014999999999995,317.6102500000007,-280.23449999999997,-6.240249999999913
-0.44199999999999995,-0.0312000000000002,0.2572000000000001,224.03440000000023,-279.97759999999994,-16.48839999999999
-0.46025000000000005,0.049100000000000255,0.2316499999999999,101.9820499999996,-292.63945,-19.758800000000008
-0.47850000000000015,0.12940000000000068,0.20609999999999978,-20.070300000001055,-305.3013000000001,-23.029200000000028
-0.4549000000000005,0.1462500000000005,0.17245000000000027,-135.57109999999943,-315.56014999999996,-25.172349999999998
-0.36,0.05499999999999999,0.125,-239.91,-321.725,-25.395
-0.26510000000000133,-0.03624999999999873,0.07755000000000066,-344.2488999999985,-327.8898499999999,-25.617649999999998
-0.20469999999999955,-0.17810000000000187,0.04159999999999968,-426.48250000000075,-324.26589999999993,-32.27800000000011
-0.16455000000000014,-0.34964999999999946,0.012400000000000088,-495.7412499999998,-314.89635000000004,-42.71699999999996
-0.1243999999999999,-0.5212000000000004,-0.01680000000000007,-565.0000000000002,-305.5268,-53.15600000000002
-0.0972500000000003,-0.6829999999999982,-0.03949999999999975,-577.1692499999999,-299.4267500000001,-58.40149999999994
-0.07169999999999967,-0.8436000000000021,-0.06140000000000029,-582.3121000000001,-293.7290999999999,-63.00780000000006
-0.05,-0.9981499999999999,-0.07725000000000001,-579.70105,-287.89395,-65.64895000000001
-0.05,-1.1186000000000005,-0.058999999999999914,-533.3861999999998,-281.2837999999999,-57.213799999999964
-0.05,-1.2390499999999989,-0.04075000000000017,-487.07135000000045,-274.67365000000007,-48.778650000000084
-0.05750000000000029,-1.3235000000000006,-0.028499999999999942,-426.59799999999876,-268.8959999999999,-37.34349999999976
-0.07575000000000004,-1.35635,-0.024849999999999994,-345.8307999999999,-264.3116,-21.608349999999973
-0.09400000000000014,-1.3892000000000002,-0.021199999999999976,-265.06359999999944,-259.7272,-5.87319999999989
-0.07550000000000026,-1.3608000000000002,-0.02489999999999995,-194.73830000000044,-261.9391,9.068149999999896
-0.03900000000000006,-1.3024,-0.03219999999999999,-129.5274000000001,-267.4798,23.620699999999978
-0.0024999999999998582,-1.2439999999999998,-0.03950000000000003,-64.31649999999975,-273.0205,38.17325000000006
0.05780000000000059,-1.1243999999999987,-0.050200000000000106,-47.80379999999988,-277.19440000000003,43.27720000000004
0.11984999999999972,-1.0003000000000006,-0.061149999999999954,-34.871850000000066,-281.26779999999997,47.68639999999998
0.1728,-0.8838999999999999,-0.07070000000000001,-32.86270000000003,-284.1631,50.9553
0.1874000000000001,-0.7999499999999995,-0.07435000000000003,-76.88535000000027,-282.09355,49.41864999999999
0.20199999999999987,-0.7160000000000006,-0.07799999999999997,-120.90799999999966,-280.024,47.88200000000001
0.19845000000000007,-0.66505,-0.07505000000000003,-177.08454999999984,-276.3952,49.142099999999985
0.17290000000000041,-0.6541000000000002,-0.06410000000000018,-247.99309999999883,-270.87640000000005,53.79219999999992
0.1473499999999998,-0.6431499999999999,-0.053149999999999906,-318.90165000000064,-265.35759999999993,58.44230000000004
0.15819999999999987,-0.6815999999999998,-0.07079999999999984,-380.48659999999967,-260.3458,66.86759999999995
0.18375,-0.74,-0.1,-438.30625,-255.53875,76.81750000000001
0.20929999999999963,-0.7983999999999992,-0.1291999999999996,-496.12589999999915,-250.73170000000007,86.76739999999987
0.24195000000000036,-0.8816500000000009,-0.1548500000000003,-524.0971500000003,-245.47024999999994,86.06729999999999
0.2747999999999999,-0.9655999999999998,-0.18039999999999992,-551.2275999999999,-240.19600000000003,85.0672
0.3076500000000001,-1.0385000000000002,-0.2102000000000001,-570.70805,-233.3824,82.99354999999998
0.34049999999999964,-1.0749999999999995,-0.2539999999999995,-564.9885,-221.49800000000013,77.38350000000007
0.37335000000000046,-1.1115000000000004,-0.29780000000000056,-559.2689499999999,-209.61359999999985,71.77344999999993
0.399,-1.1425999999999998,-0.32180000000000003,-548.3798,-199.8694,70.9604
0.4172500000000001,-1.16815,-0.32545,-532.1774499999999,-192.32484999999997,75.07760000000002
0.43549999999999983,-1.1936999999999998,-0.3291,-515.9751000000001,-184.78030000000007,79.19479999999996
0.4455000000000001,-1.2357500000000008,-0.2997499999999994,-502.1212499999998,-182.43325,83.22950000000006
0.45280000000000004,-1.2832000000000001,-0.25959999999999994,-489.036,-181.78719999999998,87.2372
0.4594999999999998,-1.3303500000000001,-0.2197499999999999,-475.7122999999998,-181.05274999999995,91.22140000000002
0.42299999999999954,-1.3559000000000003,-0.2014999999999998,-445.22019999999964,-173.9534999999999,93.51360000000003
0.38650000000000007,-1.3814499999999998,-0.18325000000000002,-414.72810000000004,-166.85425,95.80579999999999
0.35199999999999987,-1.3989999999999998,-0.16899999999999998,-378.99299999999977,-159.77899999999997,98.64700000000002
0.32279999999999975,-1.3953499999999999,-0.16534999999999997,-329.36394999999953,-152.76734999999994,102.94305000000004
0.29360000000000014,-1.3917,-0.1617,-279.7349000000002,-145.75570000000005,107.23909999999998
0.27025,-1.3626999999999998,-0.1522,-239.59259999999998,-136.5932,114.15010000000001
0.2520000000000003,-1.3116000000000005,-0.1376000000000002,-207.72080000000042,-125.55560000000015,123.34079999999987
0.23375000000000015,-1.2605000000000004,-0.12300000000000011,-175.84900000000025,-114.51800000000009,132.5314999999999
0.24450000000000033,-1.1832999999999987,-0.09969999999999957,-166.33039999999994,-95.53729999999965,136.78930000000005
0.2627499999999997,-1.0993500000000014,-0.07415000000000041,-162.59280000000007,-74.50235000000035,139.77134999999996
0.28320000000000056,-1.0161999999999993,-0.050600000000000096,-160.4428000000002,-52.98339999999974,142.30099999999996
0.34159999999999857,-0.9468500000000017,-0.06154999999999973,-185.67889999999937,-23.11545000000074,137.02675000000013
0.4,-0.8775,-0.07250000000000001,-210.915,6.752500000000001,131.7525
0.44805000000000017,-0.8207999999999998,-0.10875000000000051,-241.62165000000022,32.7771500000001,125.44669999999994
0.4735999999999998,-0.7916000000000002,-0.19999999999999923,-284.22079999999966,50.446799999999854,116.89840000000007
0.4991499999999999,-0.7624000000000001,-0.29124999999999973,-326.8199499999999,68.11644999999994,108.35010000000003
0.5205000000000004,-0.7668000000000006,-0.39090000000000236,-367.9197000000009,69.94789999999979,95.25739999999965
0.5387499999999998,-0.7959999999999996,-0.49674999999999875,-407.91274999999956,60.08925000000012,78.81050000000019
0.5570000000000003,-0.8252000000000004,-0.6026000000000014,-447.90580000000057,50.23059999999987,62.36359999999978
0.6087999999999989,-0.8818499999999987,-0.6779499999999986,-475.9794499999995,32.2986000000004,52.33390000000017
0.6672000000000002,-0.9439000000000003,-0.7473000000000003,-501.7083000000001,12.778399999999905,43.56659999999996
0.7270000000000008,-1.008750000000001,-0.8135000000000004,-526.0840500000002,-5.431050000000059,34.440549999999874
0.7999999999999997,-1.0999999999999996,-0.8499999999999999,-537.702,-11.281999999999977,21.932000000000052
0.8730000000000001,-1.1912500000000001,-0.8865000000000001,-549.31995,-17.132950000000008,9.423449999999981
0.9304000000000002,-1.2890000000000008,-0.9087,-551.0448999999999,-22.184400000000025,-4.725700000000124
0.9595999999999998,-1.3984999999999992,-0.90505,-534.8863500000001,-25.790599999999976,-21.840549999999883
0.9888,-1.5079999999999998,-0.9014,-518.7278,-29.396799999999995,-38.955399999999976
1.0404999999999989,-1.6467499999999977,-0.8707500000000008,-484.2542500000007,-11.76525000000047,-95.66574999999875
1.1061999999999994,-1.8036999999999983,-0.8233000000000005,-438.38470000000046,19.080899999999687,-177.01329999999916
1.1719000000000008,-1.9606500000000022,-0.7758499999999993,-392.5151499999993,49.927050000000456,-258.36085000000116
1.0200000000000033,-2.0599999999999983,-0.7955999999999994,-384.65520000000004,30.472400000000494,-289.22839999999957
0.8374999999999989,-2.1512500000000006,-0.8248000000000002,-382.14035,3.9441999999998316,-312.99720000000013
0.6534999999999977,-2.220999999999999,-0.8424999999999994,-363.74449999999865,-20.523500000000134,-320.99449999999894
0.4600500000000005,-2.1553,-0.7877500000000001,-245.2983500000003,-32.01004999999998,-229.63135000000023
0.2665999999999994,-2.0895999999999995,-0.7329999999999998,-126.85219999999964,-43.496600000000036,-138.26819999999972
0.17319999999999935,-2.012300000000001,-0.6724500000000007,-8.749700000001269,-59.888499999999745,-51.61900000000088
0.23159999999999853,-1.9174000000000022,-0.6031000000000017,108.83139999999707,-83.7229999999994,27.87799999999801
0.29,-1.8225,-0.53375,226.41250000000002,-107.5575,107.375
0.4131999999999978,-1.7036000000000018,-0.5028000000000001,271.5807999999999,-119.15919999999993,151.54639999999964
0.5701500000000017,-1.5721999999999985,-0.4918499999999999,279.0341000000001,-124.38965000000006,177.3190500000003
0.7270999999999995,-1.4408000000000003,-0.4809,286.4874,-129.6201,203.09169999999992
0.8706499999999975,-1.3630000000000013,-0.4532000000000005,274.76195000000024,-92.26200000000071,198.34585000000013
1.013000000000001,-1.2899999999999994,-0.42399999999999977,261.3189999999999,-51.089999999999684,190.86699999999993
1.1222,-1.2222000000000002,-0.40389999999999987,237.18680000000046,-15.580800000000057,173.6583000000004
1.0783999999999991,-1.1783999999999992,-0.4258000000000004,163.71959999999862,-6.207599999999825,111.54259999999886
1.0345999999999997,-1.1345999999999998,-0.4477000000000001,90.25239999999965,3.165600000000044,49.42689999999971
0.9716000000000008,-1.1132,-0.45840000000000003,25.67320000000049,18.546799999999784,7.604000000000145
0.8839999999999987,-1.1205,-0.45474999999999993,-27.518250000000833,41.62575000000036,-8.218750000000249
0.7963999999999999,-1.1278,-0.4511,-80.70970000000008,64.70470000000003,-24.041500000000024
0.7521500000000003,-1.1707999999999992,-0.4347000000000003,-114.41914999999969,75.56149999999992,-24.24040000000008
0.7265999999999997,-1.2292000000000007,-0.4127999999999997,-139.7246000000003,81.14600000000007,-17.69959999999992
0.70105,-1.2875999999999999,-0.3909,-165.03004999999996,86.73049999999999,-11.15880000000001
0.6895000000000001,-1.3879999999999986,-0.3340000000000009,-158.23700000000014,80.30300000000011,-20.514999999999844
0.6785499999999999,-1.490200000000001,-0.27559999999999946,-150.0682999999999,73.36069999999994,-30.552500000000094
0.6572000000000003,-1.5843999999999998,-0.22840000000000005,-134.5780000000002,70.57919999999994,-39.29719999999998
0.5987999999999989,-1.6501000000000015,-0.22109999999999985,-93.00449999999915,82.62055000000025,-43.43630000000008
0.5403999999999997,-1.7158000000000004,-0.21379999999999996,-51.43099999999974,94.66190000000007,-47.57540000000002
0.49250000000000027,-1.7360000000000002,-0.21874999999999986,-3.081500000000446,104.04499999999996,-44.48000000000008
0.45599999999999935,-1.7067999999999994,-0.23700000000000032,52.624800000000945,110.54200000000012,-33.52999999999981
0.4194999999999999,-1.6775999999999998,-0.2552500000000001,108.33110000000018,117.03900000000003,-22.579999999999966
0.43429999999999963,-1.6322000000000005,-0.28429999999999966,150.0621999999996,122.96089999999994,-12.418400000000107
0.46715000000000045,-1.5810999999999993,-0.31715000000000043,186.87610000000052,128.6804500000001,-2.5341999999998617
0.5,-1.53,-0.35,223.69,134.4,7.35
0.5182500000000004,-1.497149999999999,-0.3426999999999998,228.67590000000013,149.4672000000004,8.729700000000035
0.5364999999999995,-1.4643000000000008,-0.3354000000000002,233.66179999999986,164.53439999999958,10.109399999999962
0.54905,-1.42765,-0.32240000000000013,233.55000000000004,175.96975,7.839200000000037
0.5454,-1.380199999999999,-0.29319999999999935,218.94999999999968,177.08300000000003,-4.804400000000278
0.54175,-1.3327499999999997,-0.2639999999999998,204.34999999999988,178.19625,-17.4480000000001
0.5343000000000001,-1.2967000000000002,-0.2575999999999999,198.7864,180.32979999999998,-27.76219999999995
0.5233500000000002,-1.2711500000000004,-0.27219999999999966,201.54579999999993,183.40309999999994,-35.93089999999984
0.5124,-1.2455999999999998,-0.28680000000000005,204.3052,186.4764,-44.09960000000004
0.48150000000000037,-1.2599499999999997,-0.2956999999999999,208.99404999999996,190.88349999999997,-43.35065000000003
0.44500000000000084,-1.2854999999999994,-0.3029999999999998,214.2244999999999,195.66499999999988,-40.09850000000007
0.40699999999999986,-1.3119500000000002,-0.30865,219.53910000000002,200.10645,-37.109
0.3339999999999981,-1.3594000000000013,-0.27579999999999916,226.8172000000002,196.6133999999999,-40.24800000000008
0.26099999999999907,-1.4068500000000006,-0.24294999999999958,234.0953000000001,193.12034999999997,-43.387000000000036
0.20230000000000004,-1.44,-0.21230000000000004,241.59449999999998,190.8813,-46.32469999999999
0.1767500000000004,-1.44,-0.1867500000000004,249.60624999999987,191.54925,-48.79574999999996
0.15119999999999978,-1.44,-0.16119999999999976,257.61800000000005,192.2172,-51.266800000000025
0.1666499999999998,-1.41745,-0.14590000000000003,281.11749999999984,188.68470000000002,-50.15035000000002
0.21409999999999912,-1.3773000000000009,-0.13860000000000014,316.70499999999936,181.87380000000013,-46.23390000000007
0.26155000000000034,-1.3371499999999998,-0.13129999999999997,352.29250000000025,175.06289999999996,-42.31744999999997
0.2940000000000009,-1.3119999999999994,-0.12099999999999966,368.2150000000004,168.6929999999998,-44.82100000000012
0.3231999999999994,-1.2901000000000005,-0.11005000000000024,379.87674999999973,162.41865000000013,-48.715549999999915
0.3433999999999997,-1.2706,-0.09879999999999996,389.8957,157.2324,-52.908300000000025
0.2631000000000009,-1.2779,-0.08420000000000016,381.5700500000001,164.19659999999993,-60.43094999999992
0.18279999999999888,-1.2852000000000001,-0.0695999999999998,373.24439999999987,171.1608000000001,-67.95360000000011
0.10375000000000002,-1.28,-0.06875,364.24875,174.185,-70.43
0.02710000000000108,-1.2508000000000004,-0.09429999999999963,353.9667000000002,169.64440000000008,-63.217600000000104
-0.04955000000000083,-1.2215999999999996,-0.11985000000000029,343.6846499999999,165.10379999999995,-56.005199999999924
-0.08,-1.2034,-0.13879999999999995,330.41060000000004,153.74980000000005,-44.703000000000046
-0.08,-1.1924500000000002,-0.15339999999999976,315.16455000000025,137.90515000000028,-30.70525000000024
-0.08,-1.1814999999999998,-0.16800000000000012,299.9184999999999,122.06049999999988,-16.70749999999989
-0.05795000000000017,-1.18315,-0.1574000000000001,275.8398500000001,117.50860000000002,-10.41150000000003
-0.032399999999999526,-1.1868,-0.14279999999999973,250.35919999999953,114.74919999999995,-5.337999999999904
-0.004599999999999785,-1.1864,-0.1322500000000001,226.70284999999996,112.56580000000001,-0.0088999999999686
0.039199999999999596,-1.1572000000000002,-0.15049999999999983,216.0193000000001,114.47839999999998,7.137799999999933
0.08300000000000068,-1.1279999999999997,-0.1687500000000003,205.33574999999985,116.39100000000002,14.284500000000111
0.1086,-1.1128,-0.17579999999999998,195.9752,114.73639999999997,18.6046
0.10495000000000004,-1.1200999999999999,-0.16485000000000014,188.7409000000001,107.34880000000008,18.381950000000003
0.10129999999999996,-1.1274,-0.15389999999999987,181.5065999999999,99.9611999999999,18.159299999999995
0.0647500000000001,-1.13,-0.13825000000000004,169.54410000000001,94.9659,14.667800000000007
0.010000000000000855,-1.13,-0.12000000000000029,154.96600000000024,91.29400000000005,9.368000000000082
-0.04475000000000051,-1.13,-0.10174999999999984,140.38789999999986,87.62209999999996,4.06819999999995
-0.05,-1.1365999999999998,-0.09010000000000006,131.68710000000004,88.7979,6.318799999999986
-0.05,-1.1439000000000001,-0.07914999999999979,123.60964999999985,90.48785000000004,9.370200000000061
-0.04400000000000119,-1.1494,-0.07,117.67239999999984,90.74380000000023,12.81999999999982
-0.007500000000000284,-1.14575,-0.07,122.61449999999996,83.71025000000006,18.29499999999996
0.029000000000000626,-1.1421,-0.07,127.55660000000009,76.67669999999988,23.770000000000095
0.05155000000000001,-1.1368999999999998,-0.07930000000000006,140.17120000000008,69.55944999999997,25.879949999999994
0.05519999999999996,-1.1296000000000002,-0.10119999999999976,163.18079999999975,62.32880000000008,23.430800000000026
0.05885000000000005,-1.1223,-0.1231000000000003,186.19040000000032,55.0981499999999,20.981649999999966
0.055,-1.1375000000000002,-0.10750000000000001,211.45999999999998,32.4225,20.745
0.04769999999999982,-1.1630500000000006,-0.07464999999999919,237.76920000000064,2.6421499999992584,21.52610000000002
0.04040000000000021,-1.1885999999999992,-0.04180000000000092,264.07839999999925,-27.138199999999166,22.30719999999998
0.026200000000000046,-1.2382999999999997,-0.002050000000000121,283.0632499999999,-50.711999999999925,26.03114999999999
0.011599999999999682,-1.2894000000000012,0.038100000000000876,301.6235000000004,-73.92600000000051,29.925700000000088
-0.0022500000000000853,-1.3247499999999999,0.06924999999999998,322.3197500000002,-90.84224999999995,33.81050000000003
-0.01319999999999993,-1.2992000000000001,0.06560000000000002,351.2751999999998,-83.40720000000005,37.65759999999998
-0.024150000000000203,-1.2736499999999995,0.06194999999999993,380.23065000000054,-75.97214999999986,41.50470000000007
-0.02149999999999992,-1.2055999999999996,0.036199999999999774,410.29450000000014,-74.85090000000002,47.842300000000044
-0.003250000000000173,-1.088800000000001,-0.014899999999999525,441.6297499999997,-80.97194999999994,57.036649999999916
0.014999999999999573,-0.9720000000000026,-0.06599999999999881,472.9649999999993,-87.09299999999985,66.23099999999978
0.03855000000000004,-0.8949499999999999,-0.08265,466.13495,-94.7166,60.84769999999998
0.06410000000000068,-0.8328999999999983,-0.0863000000000001,444.9028999999994,-102.90720000000022,49.96339999999971
0.08964999999999931,-0.7708500000000017,-0.0899499999999999,423.67085000000054,-111.09779999999978,39.07910000000029
0.03600000000000009,-0.7556,-0.07560000000000003,356.6288000000001,-97.27080000000001,25.38680000000002
-0.01874999999999915,-0.7410000000000002,-0.06100000000000023,288.95050000000106,-83.13800000000022,11.655500000000213
-0.07350000000000051,-0.7263999999999998,-0.0472999999999999,224.07569999999947,-69.14739999999986,-0.353200000000065
-0.12824999999999975,-0.7118,-0.03635000000000005,167.76715000000027,-55.59130000000006,-7.09839999999997
-0.18299999999999897,-0.6972000000000003,-0.025400000000000207,111.45860000000106,-42.03520000000025,-13.843599999999876
-0.17669999999999958,-0.6844499999999999,-0.012599999999999906,73.42434999999986,-34.71914999999999,-16.22279999999999
-0.11099999999999795,-0.6734999999999997,0.0020000000000004563,53.170499999999365,-33.47449999999996,-14.353999999999942
-0.04530000000000143,-0.6625500000000003,0.01659999999999968,32.91665000000044,-32.22985000000003,-12.485200000000042
0.028800000000000242,-0.6824000000000001,0.011599999999999966,19.237199999999962,-24.648799999999973,-20.704800000000034
0.10544999999999916,-0.7115999999999997,0.0006500000000001192,7.553550000000126,-15.144200000000104,-31.98694999999988
0.18050000000000024,-0.7409000000000004,-0.010200000000000105,-3.6581999999999226,-5.697599999999898,-43.17040000000011
0.1987499999999993,-0.7737499999999987,-0.017499999999999717,1.8824999999997836,1.6899999999997117,-50.8499999999997
0.21700000000000047,-0.8066000000000008,-0.024800000000000183,7.423200000000137,9.077600000000183,-58.529600000000194
0.22264999999999974,-0.8489000000000007,-0.025799999999999837,14.724750000000125,15.447750000000042,-63.909699999999994
0.19710000000000008,-0.9145999999999997,-0.011200000000000045,26.386499999999963,19.29849999999999,-63.595800000000004
0.17154999999999945,-0.9803000000000014,0.0034000000000003186,38.04825000000025,23.149250000000084,-63.28189999999999
0.1459999999999998,-1.0220000000000002,0.01,66.01600000000032,28.622000000000053,-61.92199999999998
0.12045000000000015,-1.0438999999999998,0.01,107.43619999999974,35.432899999999954,-59.69915000000001
0.09489999999999951,-1.0658000000000005,0.01,148.85640000000078,42.24380000000012,-57.47629999999996
0.13130000000000025,-1.04935,-0.0047500000000000875,192.16460000000023,49.39395000000003,-53.091099999999976
0.18239999999999953,-1.0238000000000003,-0.02299999999999983,235.9207999999996,56.62459999999993,-48.19280000000005
0.23199999999999932,-0.9992500000000003,-0.039500000000000174,277.8537499999996,63.89224999999982,-43.37250000000009
0.26120000000000004,-0.9883,-0.03219999999999999,294.99050000000005,71.66310000000001,-39.61299999999999
0.29039999999999966,-0.9773500000000002,-0.024900000000000092,312.1272499999998,79.43394999999991,-35.85350000000005
0.28360000000000213,-0.9664000000000003,-0.01640000000000029,324.9979999999999,83.72720000000008,-34.821599999999876
0.20329999999999698,-0.9554499999999996,-0.005449999999999591,329.15900000000016,80.9203499999999,-39.358550000000164
0.12300000000000125,-0.9445000000000001,0.00549999999999983,333.31999999999994,78.11350000000004,-43.89549999999993
0.053450000000001816,-0.9163500000000011,0.016449999999999677,322.1171000000006,75.99035000000005,-43.62505000000011
-0.008600000000002134,-0.8761999999999985,0.027400000000000375,300.19519999999926,74.34419999999994,-40.00059999999988
-0.07065000000000125,-0.8360499999999992,0.038350000000000224,278.2732999999996,72.69804999999997,-36.376149999999924
-0.07070000000000036,-0.777300000000002,0.06479999999999905,235.08540000000156,69.53910000000012,-30.271700000000212
-0.059749999999999664,-0.715249999999998,0.09400000000000092,188.12449999999853,66.1117499999999,-23.727249999999795
-0.04399999999999907,-0.6579999999999997,0.11959999999999993,141.41719999999924,61.384399999999744,-18.40240000000008
0.010750000000000162,-0.6397499999999999,0.11594999999999998,96.77039999999987,46.094549999999956,-22.986800000000013
0.06549999999999727,-0.6215000000000009,0.11230000000000018,52.12360000000223,30.804700000000764,-27.57119999999977
0.10405000000000016,-0.6167500000000002,0.11405000000000015,9.091399999999425,16.58539999999983,-29.88354999999998
0.115,-0.635,0.125,-31.190000000000005,4.190000000000001,-28.325000000000003
0.12594999999999984,-0.6532499999999998,0.13594999999999985,-71.47139999999943,-8.205399999999825,-26.766450000000024
0.11389999999999972,-0.6784000000000003,0.13539999999999994,-102.56890000000028,-10.729199999999963,-22.544499999999935
0.08835000000000008,-0.7075999999999999,0.12810000000000002,-128.27584999999993,-7.45880000000001,-16.75925000000002
0.06280000000000044,-0.7367999999999995,0.12080000000000012,-153.98279999999957,-4.1884000000000565,-10.9740000000001
0.09900000000000034,-0.7595000000000002,0.09399999999999976,-154.36249999999998,-3.7909999999999995,-6.732499999999969
0.1427999999999997,-0.7813999999999999,0.06480000000000018,-151.62500000000003,-3.7472000000000003,-2.681000000000025
0.1904499999999986,-0.8065999999999991,0.0421999999999997,-148.18350000000015,-3.2942000000000564,-0.49784999999982915
0.25980000000000303,-0.8504000000000019,0.05680000000000064,-140.7739999999997,-0.5347999999998803,-8.845400000000362
0.32914999999999933,-0.8941999999999997,0.07139999999999987,-133.36450000000008,2.224599999999974,-17.19294999999992
0.3490000000000012,-0.9349999999999992,0.08,-125.30400000000022,6.438999999999854,-24.377999999999872
0.29789999999999794,-0.9715000000000015,0.08,-116.31039999999963,12.738900000000255,-29.896800000000223
0.24679999999999866,-1.008000000000001,0.08,-107.31679999999976,19.038800000000165,-35.41560000000014
0.17610000000000214,-1.0175500000000002,0.05795000000000087,-78.42675000000102,17.74860000000013,-34.6893500000001
0.09580000000000324,-1.0139000000000002,0.02510000000000133,-39.79150000000156,12.740800000000203,-30.904300000000152
0.015499999999998125,-1.0102499999999999,-0.0077500000000007676,-1.1562499999990974,7.732999999999882,-27.119249999999912
0.0406000000000003,-0.9997999999999999,0.017200000000000278,29.975200000000278,6.767799999999993,-14.130399999999872
0.07344999999999857,-0.9888500000000005,0.046399999999998734,60.55489999999866,6.099850000000028,-0.4648000000005954
0.10980000000000104,-0.9764999999999996,0.07350000000000037,87.2251000000002,5.828800000000028,11.275800000000073
0.16090000000000032,-0.9582499999999999,0.09175000000000011,97.41955000000006,7.230400000000008,14.903900000000021
0.2119999999999996,-0.9400000000000002,0.10999999999999985,107.61399999999992,8.631999999999989,18.53199999999997
0.22514999999999943,-0.9217499999999997,0.10514999999999944,118.5922000000002,13.102600000000141,16.193699999999836
0.1922999999999999,-0.9035,0.07229999999999989,130.52040000000002,21.293200000000027,6.623399999999969
0.15945000000000034,-0.8852500000000002,0.03945000000000036,142.44859999999986,29.48379999999991,-2.946899999999896
0.11879999999999938,-0.8669999999999998,0.0013999999999994295,142.72619999999995,31.9024,-0.08919999999988981
0.075,-0.84875,-0.03875,138.29874999999998,31.99,7.7875
0.031200000000000613,-0.8305000000000002,-0.07889999999999944,133.87130000000008,32.0776,15.66419999999989
0.044199999999999594,-0.8193500000000002,-0.04805000000000092,125.11285000000025,22.903250000000263,22.419099999999812
0.058799999999999956,-0.8084,-0.0152000000000001,116.23240000000003,13.468000000000028,29.142399999999977
0.07594999999999957,-0.7983000000000001,0.022749999999999077,106.34640000000023,6.950799999999948,32.423200000000136
0.10149999999999922,-0.7910000000000003,0.0774999999999983,93.14800000000042,10.045999999999903,24.364000000000253
0.12705000000000086,-0.7836999999999998,0.13225000000000178,79.94959999999958,13.141200000000103,16.304799999999737
0.1256000000000006,-0.7782000000000001,0.15820000000000006,72.33840000000004,16.805199999999914,8.654200000000149
0.09640000000000101,-0.7745500000000002,0.15455000000000013,70.46960000000007,21.053799999999857,1.4235500000002492
0.06719999999999914,-0.7708999999999999,0.1508999999999999,68.60079999999995,25.302400000000127,-5.807100000000213
0.046249999999999715,-0.7644999999999998,0.1362499999999997,77.9327500000002,28.882750000000055,-5.0929999999999485
0.028000000000000684,-0.7572000000000003,0.11800000000000069,90.93039999999951,32.24439999999988,-1.778800000000124
0.00984999999999971,-0.7503000000000006,0.1000500000000001,103.99540000000047,35.442949999999776,1.5677500000001512
-0.001100000000000139,-0.7722000000000003,0.10370000000000004,121.90960000000022,26.898299999999896,7.24350000000007
-0.012049999999999984,-0.7941,0.10735,139.82379999999998,18.353650000000016,12.919249999999991
-0.026000000000000516,-0.8170000000000006,0.1170000000000006,155.42800000000022,10.929999999999897,17.51600000000004
-0.047900000000000206,-0.8425500000000002,0.14255000000000023,164.9107000000001,6.4769999999999595,19.253400000000017
-0.0697999999999999,-0.8680999999999999,0.16809999999999986,174.39339999999996,2.0240000000000213,20.990799999999993
-0.08194999999999994,-0.8761000000000001,0.18974999999999964,195.8120499999994,-3.6399499999998746,25.473799999999873
-0.08560000000000002,-0.8687999999999999,0.20800000000000013,227.6364000000002,-10.359600000000043,32.35040000000004
-0.08924999999999997,-0.8615,0.22624999999999987,259.46074999999973,-17.07924999999995,39.22699999999995
-0.05810000000000087,-0.8107000000000013,0.21840000000000032,285.92879999999946,-15.93410000000007,41.01119999999999
-0.017949999999999872,-0.7486499999999998,0.20379999999999995,311.0116000000001,-12.75494999999999,41.4784
0.019800000000000182,-0.6864000000000032,0.19039999999999963,333.0982000000015,-9.436400000000285,42.31759999999964
0.01615000000000009,-0.6207000000000016,0.19769999999999982,303.50035000000076,-3.7132000000001426,49.57379999999982
0.0125,-0.5549999999999999,0.205,273.90250000000003,2.01,56.83
0.015750000000000458,-0.4996499999999992,0.20079999999999926,248.5803499999996,7.1639500000000975,57.56454999999966
0.03399999999999949,-0.46680000000000094,0.1716000000000008,232.55320000000046,11.08039999999989,44.12160000000037
0.05224999999999994,-0.4339500000000001,0.14240000000000008,216.52605000000005,14.996849999999988,30.67865000000004
0.041099999999999276,-0.44520000000000093,0.13840000000000033,197.0947999999995,15.903999999999971,24.71379999999999
0.00825000000000102,-0.48899999999999866,0.15299999999999955,175.1510000000007,14.59000000000004,24.268500000000014
-0.024599999999999796,-0.5327999999999997,0.16759999999999992,153.20720000000014,13.276000000000009,23.823200000000003
-0.07880000000000109,-0.4972999999999991,0.1913500000000005,135.07589999999968,9.338999999999917,39.91195000000036
-0.137199999999998,-0.44620000000000176,0.21689999999999912,117.69460000000059,4.886000000000153,59.253299999999335
-0.1830000000000007,-0.4094499999999991,0.2431499999999997,102.59669999999994,-0.43114999999987447,73.42550000000031
-0.10999999999999888,-0.5080000000000016,0.2760000000000005,109.0280000000001,-13.89600000000021,38.85999999999945
-0.03700000000000273,-0.6065499999999964,0.3088499999999988,115.45929999999976,-27.3608499999995,4.294500000001289
0.01909999999999968,-0.6816999999999996,0.31440000000000057,132.24379999999957,-25.10610000000038,-18.26159999999999
0.044650000000000314,-0.7145500000000005,0.27059999999999945,167.74370000000044,5.5648500000003835,-19.10840000000001
0.07020000000000096,-0.7474000000000013,0.22679999999999836,203.24360000000135,36.23580000000115,-19.955200000000033
0.07325000000000018,-0.721750000000001,0.18075000000000074,243.11974999999933,57.06749999999977,-19.11225000000003
0.0622999999999999,-0.6596999999999994,0.13329999999999956,285.7189000000004,71.77700000000013,-17.217899999999982
0.051349999999999625,-0.5976499999999978,0.08584999999999837,328.31805000000145,86.4865000000005,-15.323549999999935
0.05,-0.5292000000000012,-0.006399999999998157,267.05160000000143,121.72399999999928,-4.475600000000227
0.05,-0.4598499999999996,-0.10495000000000061,191.17904999999953,159.84825000000023,7.631450000000074
0.0459999999999991,-0.3989999999999998,-0.19200000000000045,117.88299999999823,192.00949999999983,19.650000000000354
0.01680000000000064,-0.39170000000000016,-0.20659999999999967,60.81890000000125,186.6038500000001,31.11099999999975
-0.012400000000000088,-0.38439999999999996,-0.22120000000000006,3.7547999999998254,181.19819999999999,42.57200000000003
-0.04740000000000123,-0.40610000000000185,-0.19374999999999745,-39.00360000000059,171.60929999999956,48.0923499999999
-0.09119999999999891,-0.4717999999999984,-0.10250000000000227,-60.05679999999947,155.67340000000038,44.599300000000085
-0.135,-0.5375000000000001,-0.01125,-81.11,139.7375,41.106249999999996
-0.08039999999999736,-0.5239999999999987,0.027200000000000273,-106.5552000000007,131.5583999999999,33.249999999999744
0.02544999999999703,-0.46925000000000155,0.0381499999999997,-134.28789999999924,127.41930000000012,23.12125000000028
0.1312999999999997,-0.41450000000000015,0.04909999999999997,-162.02059999999992,123.28020000000001,12.992500000000032
0.14670000000000016,-0.4167000000000001,0.09355000000000102,-161.88799999999995,137.42205000000035,-19.051950000000744
0.15399999999999978,-0.42399999999999977,0.14099999999999852,-159.26000000000008,153.2009999999995,-53.058999999998946
0.15220000000000028,-0.4423499999999996,0.1851999999999998,-153.09730000000013,161.79810000000015,-80.33205000000002
0.10839999999999919,-0.5117000000000013,0.21440000000000053,-130.62059999999957,137.24819999999954,-76.52509999999992
0.06459999999999809,-0.5810500000000031,0.2436000000000013,-108.14389999999902,112.69829999999892,-72.71814999999984
0.07039999999999935,-0.669599999999999,0.25040000000000023,-83.15840000000026,97.81720000000001,-49.527200000000434
0.13974999999999568,-0.782749999999993,0.22850000000000137,-54.95850000000175,95.32425000000015,-1.5005000000029867
0.2091000000000028,-0.8959000000000046,0.20659999999999912,-26.758599999998857,92.8312999999999,46.52620000000195
0.15095000000000142,-0.9147000000000003,0.22039999999999965,42.25404999999893,77.69800000000026,61.466649999999994
0.037799999999998585,-0.8927999999999997,0.24960000000000038,128.8722000000011,57.11199999999974,62.134600000000006
-0.07535000000000423,-0.8708999999999992,0.2788000000000011,215.49035000000325,36.52599999999923,62.802550000000025
-0.006500000000001199,-0.8874999999999997,0.2765000000000001,310.8199999999985,20.633500000000247,66.63099999999994
0.07015000000000071,-0.9057500000000002,0.27285,406.5230000000009,4.942149999999855,70.59490000000004
0.11479999999999763,-0.8855999999999946,0.2852000000000024,494.84520000000214,-14.743600000001166,70.73399999999953
0.045450000000001295,-0.7286500000000029,0.3545499999999987,556.8732999999988,-48.65939999999937,57.24725000000025
-0.023900000000000428,-0.571699999999999,0.42390000000000044,618.9014000000004,-82.57520000000022,43.760499999999915
0.025750000000005546,-0.5005000000000007,0.47225000000000084,629.3569999999986,-78.47224999999858,13.529749999998486
0.2045999999999961,-0.5223999999999995,0.49779999999999947,583.819600000001,-33.091800000000994,-34.88019999999895
0.38345000000000057,-0.5443000000000001,0.5233500000000001,538.2821999999999,12.28865000000014,-83.29015000000015
0.2679999999999938,-0.5689000000000007,0.5408000000000004,573.8447000000017,35.42650000000043,-92.43129999999987
