0.136175,-0.251775,0.1372,96.1044,39.131699999999995,37.396499999999996
0.25,-0.24,0.2,6.74,61.41,38.26
0.14402500000000001,-0.2871,0.23925000000000002,10.017375000000001,89.053775,28.902799999999996
0.03804999999999996,-0.3342,0.2785,13.29475,116.69755,19.545599999999997
-0.032425000000000016,-0.375975,0.29645,17.406375000000004,134.67645000000002,18.099575000000005
-0.05990000000000002,-0.4113,0.2886,22.528500000000005,140.9486,26.236100000000008
-0.087375,-0.446625,0.28075,27.650624999999998,147.22074999999998,34.372625
-0.0829,-0.4358,0.27645000000000003,40.02185,159.14095,41.94825
-0.07504999999999999,-0.4201,0.272525,53.158825000000014,171.65777500000002,49.464625000000005
-0.07280000000000002,-0.40159999999999996,0.2686,63.745000000000005,183.42280000000002,55.6314
-0.08065000000000001,-0.37804999999999994,0.264675,69.730625,193.83190000000002,59.36407500000001
-0.0885,-0.3545,0.26075000000000004,75.71625,204.24099999999999,63.09675
-0.11540000000000006,-0.33729999999999993,0.256825,74.653375,208.16675,66.365875
-0.1468,-0.3216,0.2529,71.9255,210.561,69.5255
-0.173075,-0.30385,0.253075,69.80955,211.58585000000002,71.87845
-0.18485000000000004,-0.28029999999999994,0.26485000000000003,69.4249,208.7363,71.9491
-0.19662500000000002,-0.25675,0.276625,69.04025,205.88675,72.01975
-0.18599999999999994,-0.2303999999999999,0.28840000000000005,63.17599999999998,208.19480000000001,69.5816
-0.166375,-0.20292499999999997,0.300175,55.110125,212.5751,66.13544999999999
-0.15065,-0.17804999999999996,0.3067499999999999,43.893699999999924,216.66225,62.04319999999997
-0.154575,-0.166275,0.287125,16.803350000000037,219.27237499999998,54.695600000000006
-0.1585,-0.1545,0.2675,-10.286999999999974,221.8825,47.348000000000006
-0.17454999999999998,-0.14515,0.25272500000000003,-30.74012499999999,222.111275,35.96277500000001
-0.1981000000000001,-0.13729999999999998,0.24094999999999997,-47.087750000000064,220.86705,22.080049999999943
-0.22220000000000012,-0.13220000000000015,0.2277999999999999,-63.399900000000066,219.32912499999998,8.279824999999946
-0.2536,-0.1636,0.19640000000000002,-79.24119999999999,213.893,-4.4254
-0.285,-0.195,0.165,-95.08250000000001,208.45687500000003,-17.130625000000002
-0.2959,-0.2223,0.1623,-109.71225000000001,204.58695,-28.3004
-0.28805000000000003,-0.24585,0.18585000000000002,-123.233875,202.149525,-38.0658
-0.2802,-0.26940000000000014,0.2094000000000001,-136.75550000000007,199.7121,-47.831200000000045
-0.31060000000000004,-0.28147500000000003,0.244425,-146.689275,190.55032500000002,-48.4319
-0.342,-0.29325,0.27975,-156.52925,181.21275,-48.793
-0.3734,-0.308375,0.32512500000000005,-163.58872499999998,166.76139999999998,-45.53777499999999
-0.40480000000000016,-0.32800000000000007,0.38400000000000034,-166.91320000000002,145.44079999999988,-37.42479999999995
-0.43620000000000003,-0.347625,0.4428750000000001,-170.237675,124.12019999999998,-29.31182499999999
-0.4331,-0.35,0.46035000000000004,-167.33835,109.20969999999998,-31.610950000000006
-0.42525,-0.35,0.47212499999999996,-163.582125,95.18175000000004,-35.34362499999999
-0.4213,-0.3395999999999999,0.4774,-165.17540000000002,80.86259999999996,-38.57710000000001
-0.425225,-0.3081999999999998,0.46954999999999997,-177.57055000000008,65.9554499999999,-40.80257500000002
-0.42915,-0.27679999999999993,0.4617,-189.96570000000003,51.04829999999996,-43.02805
-0.42384999999999995,-0.2361749999999999,0.44154999999999994,-205.70030000000006,33.305999999999955,-47.71045000000001
-0.416,-0.1930000000000001,0.41800000000000004,-222.35799999999998,14.780000000000033,-53.07199999999999
-0.40722499999999995,-0.1535249999999999,0.395375,-247.08170000000015,-2.8200750000000454,-59.58332500000003
-0.39545,-0.12605000000000005,0.37575000000000003,-297.96539999999993,-17.41714999999998,-69.82364999999999
-0.383675,-0.09857499999999991,0.3561249999999999,-348.8491000000002,-32.014225000000046,-80.06397500000004
-0.38,-0.11430000000000028,0.35,-396.93290000000036,-44.194800000000086,-95.28040000000014
-0.38,-0.14962500000000012,0.35,-443.74637500000017,-55.27900000000004,-112.75450000000006
-0.38220000000000015,-0.18715000000000043,0.34779999999999983,-488.3829500000003,-65.78570000000006,-128.80245000000005
-0.39790000000000003,-0.2381750000000002,0.33209999999999995,-519.6612750000002,-72.74865000000003,-136.09902500000004
-0.41359999999999997,-0.28919999999999996,0.3164,-550.9396,-79.71159999999999,-143.3956
-0.422325,-0.34487500000000026,0.30302499999999993,-572.7342500000001,-93.22407500000008,-151.53150000000005
-0.42625,-0.40375,0.29125,-588.0025,-111.24375,-160.245
-0.42947499999999994,-0.4628000000000003,0.279825,-602.8066500000001,-128.62327500000004,-168.97127500000005
-0.4177,-0.5256000000000001,0.27590000000000003,-607.6658,-132.2853,-177.97129999999999
-0.405925,-0.5884000000000004,0.271975,-612.5249500000001,-135.947325,-186.97132500000004
-0.41365,-0.65705,0.28170000000000006,-610.22565,-134.23514999999998,-192.41455
-0.44112500000000016,-0.7316250000000004,0.30525000000000013,-600.676125,-127.07987499999996,-194.25537500000002
-0.46860000000000024,-0.8062000000000008,0.32880000000000026,-591.1265999999999,-119.92459999999993,-196.0962
-0.43274999999999975,-0.8472500000000003,0.32254999999999995,-550.0747499999998,-104.84252499999991,-183.1077999999999
-0.39349999999999996,-0.8865000000000001,0.3147,-507.33149999999995,-89.33484999999997,-169.32319999999999
-0.37787499999999996,-0.8989750000000001,0.3037,-466.98855000000015,-80.80914999999999,-160.6668
-0.3975,-0.8714999999999999,0.288,-430.2269999999999,-82.70100000000001,-159.66199999999998
-0.41712500000000013,-0.8440249999999998,0.27229999999999993,-393.46544999999975,-84.59285000000001,-158.6572
-0.39319999999999994,-0.7595999999999998,0.19294999999999982,-372.78054999999995,-84.78625000000001,-164.3323
-0.3617999999999998,-0.6653999999999993,0.10267499999999938,-354.8550749999999,-84.688125,-171.15395000000004
-0.3231999999999994,-0.5975999999999999,0.04,-346.8368000000002,-82.64479999999993,-175.27439999999996
-0.2682500000000001,-0.58975,0.04,-361.316125,-76.18425000000002,-173.260875
-0.21329999999999985,-0.5819,0.04,-375.7954500000001,-69.72369999999998,-171.24734999999998
-0.1702499999999997,-0.6276000000000005,0.04892500000000009,-394.01137500000016,-60.630274999999926,-162.23662499999992
-0.1309999999999999,-0.6904000000000002,0.060700000000000046,-413.42050000000006,-50.696099999999966,-150.99149999999997
-0.10082500000000004,-0.7482500000000003,0.06422499999999978,-430.11372500000004,-42.81535,-143.76495000000008
-0.10474999999999998,-0.7874999999999998,0.03675000000000015,-436.6017499999999,-42.6505,-151.63849999999996
-0.108675,-0.82675,0.009275000000000021,-443.089775,-42.48565,-159.51205
-0.12040000000000006,-0.8686000000000001,-0.033800000000000205,-422.24399999999986,-38.79779999999998,-158.14259999999996
-0.13610000000000014,-0.9117750000000003,-0.08482500000000046,-387.4684999999997,-33.314574999999955,-152.06277499999996
-0.15315000000000037,-0.9572000000000008,-0.12774999999999975,-353.8728999999997,-28.88840000000005,-145.8951999999999
-0.18062499999999998,-1.02,-0.108125,-329.38875,-32.625,-139.05
-0.20810000000000012,-1.0828000000000004,-0.08849999999999991,-304.9045999999999,-36.36160000000002,-132.20479999999998
-0.21777499999999997,-1.1367000000000005,-0.07777499999999997,-273.1491499999997,-42.43000000000007,-130.42147500000004
-0.21384999999999998,-1.1838000000000002,-0.07384999999999999,-235.83809999999983,-50.28000000000004,-132.50565000000003
-0.2103,-1.229325,-0.07037500000000002,-198.618475,-58.078325,-134.48775
-0.22599999999999992,-1.1940000000000002,-0.08999999999999993,-166.09200000000013,-63.22399999999998,-131.23000000000002
-0.24170000000000016,-1.1586749999999995,-0.1096250000000002,-133.56552499999967,-68.36967500000006,-127.97224999999997
-0.2425999999999999,-1.1362999999999999,-0.12185000000000001,-96.71929999999976,-74.05555000000004,-122.20034999999996
-0.22689999999999996,-1.12845,-0.125775,-55.02794999999994,-80.34732500000001,-113.60852499999999
-0.21120000000000003,-1.1206,-0.12969999999999998,-13.336600000000121,-86.63909999999998,-105.01670000000003
-0.25349999999999967,-1.1091250000000001,-0.07562500000000041,-8.95737500000001,-91.25612499999997,-99.98462500000004
-0.3006000000000003,-1.09735,-0.016749999999999616,-7.666049999999992,-95.73455000000003,-95.24714999999998
-0.36540000000000017,-1.0501749999999999,0.053925000000000195,-32.28605000000016,-94.16694999999997,-96.24742500000002
-0.45960000000000145,-0.9441999999999984,0.14420000000000144,-99.9452000000011,-82.55679999999981,-106.77820000000017
-0.5537999999999993,-0.8382250000000007,0.2344749999999994,-167.60434999999956,-70.94665000000008,-117.30897499999993
-0.5602499999999999,-0.709499999999999,0.2142499999999997,-227.21650000000045,-80.90025000000011,-116.32499999999997
-0.5484749999999999,-0.5760499999999996,0.1710749999999999,-285.1573500000002,-95.33247500000004,-112.94949999999999
-0.49819999999999753,-0.5053000000000014,0.1113999999999983,-331.8298000000003,-108.24890000000015,-104.76479999999965
-0.3490499999999982,-0.5955750000000011,0.009349999999998748,-349.5629500000002,-117.27247500000011,-84.22919999999975
-0.1998999999999988,-0.6858500000000007,-0.09270000000000081,-367.29610000000014,-126.29605000000008,-63.69359999999984
-0.09387499999999968,-0.8566250000000006,-0.12287500000000001,-380.2107500000001,-130.2165,-55.362374999999986
-0.0036000000000000615,-1.0567999999999997,-0.1268,-391.3656,-132.2732,-51.488400000000006
0.06782499999999986,-1.2432000000000016,-0.13,-394.2133999999995,-133.77309999999997,-50.16425000000012
0.056049999999999905,-1.3688000000000011,-0.13,-360.3955999999997,-132.81539999999998,-60.09450000000008
0.04427499999999995,-1.4944000000000006,-0.13,-326.57779999999985,-131.8577,-70.02475000000004
0.022500000000000006,-1.565,-0.1625,-266.8925,-142.14999999999998,-66.2225
-0.004975000000000375,-1.6042500000000004,-0.21352500000000071,-192.46272499999898,-158.8548000000002,-54.59272499999984
-0.03210000000000022,-1.6410500000000001,-0.26140000000000013,-117.64199999999929,-176.48395000000025,-42.18384999999981
-0.055650000000000116,-1.652825,-0.27710000000000007,-38.827999999999605,-203.55467500000015,-21.817024999999898
-0.07920000000000002,-1.6645999999999999,-0.2928,39.986000000000054,-230.6254,-1.4501999999999855
-0.09424999999999997,-1.6615,-0.2830000000000001,110.33612499999977,-256.4508749999999,16.275249999999943
-0.10210000000000008,-1.6457999999999997,-0.25159999999999966,173.51685000000063,-281.2215500000002,31.763300000000157
-0.10995000000000005,-1.6300999999999999,-0.2201999999999998,236.69757500000037,-305.99222500000013,47.251350000000095
-0.13340000000000005,-1.5208,-0.11079999999999987,255.46120000000002,-309.4533,48.5863
-0.15694999999999995,-1.4109000000000003,-0.0009000000000003242,273.9401,-312.77777499999996,49.830525
-0.20325000000000082,-1.2292499999999973,0.0932500000000008,266.4979999999996,-310.7892499999999,47.64824999999993
-0.2778250000000005,-0.9584249999999983,0.1678250000000005,226.83979999999974,-302.19742499999995,41.20732499999996
-0.3524000000000015,-0.6875999999999945,0.2424000000000015,187.18159999999918,-293.60559999999987,34.76639999999987
-0.3141750000000001,-0.5154750000000003,0.19007500000000013,127.64240000000014,-297.41825,41.35387499999998
-0.26314999999999944,-0.35454999999999814,0.12334999999999922,65.84719999999928,-302.6385,49.41975000000009
-0.1956249999999993,-0.2857500000000007,0.048374999999999335,4.194999999999538,-303.63199999999995,54.559625
-0.09749999999999971,-0.3878000000000003,-0.04190000000000027,-57.19200000000018,-296.78679999999997,54.2731
0.0006250000000016347,-0.48985000000000173,-0.13217500000000149,-118.57900000000102,-289.9415999999999,53.986574999999995
0.06724999999999966,-0.648599999999999,-0.17204999999999984,-170.2482499999997,-274.8749000000001,50.72330000000002
0.1261250000000005,-0.8213000000000014,-0.19952500000000023,-219.5266250000004,-257.78544999999986,46.72764999999997
0.1760000000000001,-0.9900000000000005,-0.22,-253.49399999999997,-245.76300000000003,42.16399999999998
0.19955000000000042,-1.1470000000000027,-0.22,-242.6766999999998,-248.56152500000005,35.93894999999989
0.22310000000000033,-1.304000000000002,-0.22,-231.85939999999985,-251.36005000000006,29.71389999999992
0.23555000000000006,-1.419375000000001,-0.22277500000000003,-184.83112499999947,-250.20142499999997,27.720724999999998
0.24340000000000003,-1.5175000000000005,-0.2267,-122.79649999999972,-247.4029,27.4813
0.24125000000000002,-1.5975000000000001,-0.2325,-56.82125000000002,-244.70687500000003,28.876875000000002
0.18629999999999924,-1.5817999999999999,-0.24820000000000023,29.96050000000119,-242.55204999999998,38.90525000000014
0.13135000000000047,-1.5661000000000003,-0.26389999999999986,116.74224999999925,-240.39722500000002,48.933624999999914
0.10519999999999982,-1.4927999999999975,-0.2820000000000005,180.12160000000114,-242.7208000000001,61.158000000000314
0.09734999999999999,-1.3829,-0.30162500000000003,228.63067500000005,-247.890025,74.77775000000001
0.09374999999999978,-1.2722500000000005,-0.3195,273.0257500000001,-253.59449999999993,87.713
0.1526250000000006,-1.1505749999999988,-0.3116499999999999,256.9450249999999,-267.1671500000001,90.58610000000003
0.21150000000000033,-1.0288999999999993,-0.30379999999999996,240.86429999999993,-280.73980000000006,93.45920000000001
0.27645000000000136,-0.9355749999999987,-0.28582499999999944,199.82747499999874,-286.8159,93.33124999999994
0.3471000000000011,-0.868849999999999,-0.2583499999999996,135.37504999999902,-285.8582,90.38749999999995
0.41774999999999946,-0.8021250000000005,-0.23087500000000022,70.92262500000047,-284.9005,87.44375000000002
0.4238,-0.7962,-0.22619999999999998,-5.043800000000502,-270.06139999999994,76.87339999999992
0.427725,-0.7922750000000001,-0.222275,-81.38897500000016,-254.76567499999996,66.05217499999998
0.4233999999999998,-0.8048500000000006,-0.21834999999999993,-145.83270000000078,-244.38199999999995,57.72904999999992
0.40769999999999984,-0.8401750000000004,-0.21442499999999995,-193.86685000000057,-240.77099999999996,52.85027499999995
0.3920000000000002,-0.8754999999999996,-0.21050000000000005,-241.9009999999995,-237.16000000000003,47.971500000000056
0.39,-0.9450750000000016,-0.2305500000000005,-267.08697500000045,-231.22684999999987,45.69914999999996
0.39,-1.01965,-0.2541,-288.93744999999996,-224.9547,43.807300000000005
0.3976500000000003,-1.092950000000001,-0.2674499999999999,-300.4553249999999,-218.6914749999999,40.68762499999993
0.4212000000000002,-1.1636000000000006,-0.25959999999999994,-290.4975999999999,-212.44679999999994,35.015999999999956
0.4447500000000001,-1.2342500000000003,-0.25175,-280.53987499999994,-206.20212499999997,29.344374999999978
0.49270000000000097,-1.2683000000000004,-0.24694999999999992,-256.76564999999954,-198.69169999999986,26.573299999999964
0.5476500000000007,-1.2918500000000004,-0.24302499999999994,-229.02767499999965,-190.8181499999999,24.634349999999976
0.5927000000000003,-1.3136000000000005,-0.23549999999999946,-201.25189999999924,-184.16229999999993,21.83949999999985
0.604475,-1.3293000000000001,-0.2158749999999999,-173.34907499999989,-181.59927499999998,16.167874999999974
0.61625,-1.3450000000000002,-0.19625,-145.44625,-179.03625,10.49625
0.6307000000000003,-1.3312749999999998,-0.18197499999999983,-123.80292499999975,-174.19144999999992,7.189324999999969
0.6464000000000002,-1.3037999999999998,-0.17019999999999988,-105.08459999999982,-168.28039999999993,4.98739999999998
0.6678750000000013,-1.2705499999999983,-0.16052500000000008,-86.84402499999965,-163.0802,4.293275000000211
0.7267500000000011,-1.1998999999999986,-0.16445000000000007,-71.69744999999972,-162.48359999999997,13.363950000000173
0.7856249999999998,-1.1292500000000003,-0.168375,-56.550875000000055,-161.887,22.43462499999997
0.8514000000000008,-1.0769999999999997,-0.19070000000000037,-64.55610000000024,-152.48139999999984,22.949299999999944
0.9220500000000005,-1.0377499999999997,-0.2260250000000002,-88.91857500000015,-136.8520499999999,17.418974999999968
0.98835,-1.0003,-0.26105000000000006,-113.85825000000006,-120.73249999999996,11.533899999999981
0.9451749999999993,-1.00815,-0.2885250000000004,-153.3241250000006,-92.27624999999958,-3.2790500000002254
0.9020000000000004,-1.016,-0.31599999999999984,-192.7899999999997,-63.820000000000206,-18.091999999999892
0.8530499999999986,-1.0334750000000008,-0.3531000000000012,-228.8274500000008,-41.995374999999626,-28.03470000000012
0.7980999999999989,-1.0609500000000005,-0.40020000000000094,-261.30290000000065,-27.060749999999693,-32.9174000000001
0.7431500000000011,-1.0884249999999995,-0.44729999999999903,-293.7783499999993,-12.126125000000302,-37.8000999999999
0.7437,-1.1196000000000004,-0.4944000000000005,-312.3122000000002,-8.313699999999963,-34.31339999999995
0.747625,-1.1510000000000002,-0.5415000000000003,-329.9982500000001,-5.177624999999977,-30.31774999999997
0.7670500000000001,-1.1963500000000002,-0.5793,-341.0689,-3.554350000000002,-28.854800000000004
0.810225,-1.263075,-0.60285,-342.00305,-4.249074999999999,-31.272599999999997
0.8533999999999997,-1.3297999999999996,-0.6263999999999998,-342.93719999999996,-4.943799999999996,-33.69039999999999
0.8666500000000001,-1.3832250000000013,-0.596749999999999,-321.79334999999935,0.10042500000015941,-39.38997500000016
0.8744999999999998,-1.4342499999999994,-0.5575000000000006,-296.66550000000035,6.180249999999912,-45.68174999999991
0.8694249999999994,-1.488800000000001,-0.5205999999999995,-262.015449999999,13.083750000000151,-49.86792499999999
0.8340999999999995,-1.5516000000000008,-0.48919999999999964,-205.07939999999925,21.915000000000113,-49.126099999999994
0.7987749999999997,-1.6144000000000005,-0.45779999999999976,-148.14334999999951,30.746250000000074,-48.384274999999995
0.7604999999999998,-1.65655,-0.4234499999999999,-84.65829999999971,33.44445,-41.92239999999997
0.72125,-1.691875,-0.388125,-19.00875,34.115625,-33.57
0.6908000000000001,-1.7039999999999975,-0.3559999999999994,42.8456000000015,36.45960000000028,-24.93039999999969
0.6947249999999999,-1.6255000000000006,-0.33637500000000015,89.87494999999959,45.33794999999992,-15.168925000000087
0.6986499999999999,-1.547000000000001,-0.31675000000000025,136.9042999999994,54.21629999999989,-5.407450000000127
0.7103000000000003,-1.4659249999999986,-0.3357500000000007,166.39532500000038,65.91942500000025,-2.3950500000000097
0.7260000000000002,-1.3834999999999988,-0.37500000000000056,186.6915000000003,79.1035000000002,-2.921000000000008
0.739575,-1.3057499999999997,-0.40787499999999977,203.36964999999987,91.63265000000007,-3.506450000000011
0.7356499999999999,-1.2664999999999997,-0.3882499999999999,190.25229999999993,98.76830000000004,-4.581900000000006
0.731725,-1.22725,-0.368625,177.13494999999998,105.90395000000001,-5.657350000000002
0.7255999999999997,-1.2232000000000007,-0.3313999999999983,161.1751999999994,111.73500000000017,-8.316800000000129
0.71775,-1.2467499999999998,-0.2803750000000004,142.98675000000014,116.54312499999997,-12.218249999999971
0.7097499999999994,-1.2705500000000012,-0.22979999999999962,125.25195000000042,121.41655000000026,-15.966949999999802
0.6901249999999995,-1.313725000000001,-0.21409999999999968,142.67502500000035,131.3507250000002,-7.877524999999836
0.6704999999999997,-1.3569000000000007,-0.19839999999999974,160.09810000000027,141.28490000000016,0.21190000000012876
0.6435749999999996,-1.3964250000000002,-0.1936500000000001,178.51215000000022,156.34732500000024,8.445500000000099
0.6082499999999997,-1.4317500000000003,-0.20150000000000007,198.06650000000013,177.31075000000016,16.845000000000063
0.5729249999999986,-1.4670750000000015,-0.20935000000000029,217.6208500000008,198.2741750000008,25.24450000000033
0.516,-1.4448,-0.17040000000000005,228.7008,208.37279999999998,30.727999999999994
0.45712500000000034,-1.4173250000000002,-0.12722500000000025,239.01569999999995,217.49057499999995,35.94824999999997
0.3967999999999984,-1.3637499999999974,-0.09129999999999938,240.56824999999967,223.73590000000004,41.175750000000136
0.33399999999999863,-1.2656249999999978,-0.06774999999999949,227.16437499999972,225.07825000000003,46.41562500000012
0.27119999999999894,-1.1674999999999982,-0.044199999999999594,213.76049999999978,226.4206,51.655500000000096
0.23097499999999954,-1.0983999999999992,-0.07225000000000052,185.4506749999996,227.4856,53.73165000000002
0.1956499999999997,-1.0355999999999994,-0.11150000000000035,153.90544999999972,228.4904,55.12110000000001
0.16569999999999996,-0.9964500000000001,-0.1518250000000002,123.69859999999989,228.328825,55.08724999999998
0.15000000000000002,-1.02,-0.195,97.03999999999999,225.075,51.28
0.1342999999999995,-1.0435500000000009,-0.23817500000000139,70.38139999999915,221.8211749999999,47.47274999999988
0.1271499999999999,-1.0642500000000006,-0.23004999999999926,43.80829999999927,221.0497,41.39119999999981
0.12322500000000006,-1.083875,-0.20257500000000034,17.26745000000035,221.21455,34.45180000000009
0.12,-1.1028000000000004,-0.17579999999999954,-6.06390000000016,222.1396000000001,27.951999999999916
0.12,-1.1185000000000003,-0.15224999999999966,-14.608625000000123,226.56700000000006,23.477499999999935
0.12,-1.1342,-0.12869999999999976,-23.153350000000085,230.99440000000004,19.002999999999957
0.12742500000000007,-1.1746500000000002,-0.12495000000000005,-16.516424999999913,231.95184999999998,18.23852500000001
0.13920000000000002,-1.2296,-0.13280000000000003,-0.9851999999999776,230.8764,19.647600000000004
0.14967499999999986,-1.282275000000001,-0.13837499999999936,16.183050000001174,230.02260000000004,20.6903999999999
0.14575000000000002,-1.3097499999999997,-0.11875000000000015,51.48449999999975,231.62399999999997,17.676000000000023
0.14182500000000006,-1.3372249999999997,-0.09912500000000023,86.78594999999959,233.22539999999998,14.661600000000035
0.11479999999999906,-1.3373999999999997,-0.08369999999999976,124.2630000000008,231.6410999999999,13.182299999999998
0.06769999999999926,-1.3138499999999997,-0.07192499999999981,163.63075000000063,227.28827499999994,13.037074999999998
0.020599999999999456,-1.2902999999999998,-0.06014999999999986,202.99850000000046,222.93544999999995,12.891849999999998
0.039375000000000146,-1.2318749999999996,-0.06775000000000006,234.85650000000024,215.00987499999994,18.563000000000045
0.059000000000000066,-1.1729999999999998,-0.07560000000000003,266.6176000000001,207.03819999999996,24.30920000000002
0.07690000000000055,-1.1141249999999978,-0.07654999999999973,277.5303499999995,199.68752499999977,25.899874999999874
0.0925999999999999,-1.0552500000000002,-0.06870000000000004,261.85390000000007,193.12885000000006,22.190750000000023
0.10830000000000041,-0.9963749999999985,-0.06084999999999979,246.1774499999996,186.57017499999984,18.4816249999999
0.1345000000000006,-0.9444999999999989,-0.07750000000000043,223.84399999999948,192.88450000000017,13.61749999999989
0.16197500000000048,-0.8934749999999991,-0.09712500000000034,200.7021999999996,200.76197500000015,8.613124999999913
0.18135000000000004,-0.8694500000000004,-0.11810000000000032,173.96264999999957,206.06905,4.343149999999962
0.18527500000000002,-0.8969250000000003,-0.14165000000000022,140.36072499999972,206.47332500000002,1.4739749999999754
0.18920000000000017,-0.9244000000000011,-0.16520000000000096,106.75879999999863,206.87760000000003,-1.3952000000001163
0.180625,-0.995625,-0.1325,84.66624999999999,203.131875,-3.8112500000000002
0.16885000000000006,-1.0780499999999995,-0.08540000000000021,65.52010000000008,198.32375000000002,-6.11129999999999
0.14342499999999817,-1.1565750000000017,-0.040249999999998926,50.12477499999989,195.22090000000006,-5.68134999999976
0.07669999999999846,-1.2233000000000016,-0.000999999999999092,46.07809999999991,197.27760000000004,3.008600000000202
0.009974999999998744,-1.2900250000000013,0.03825000000000074,42.03142499999993,199.33430000000004,11.698550000000164
-0.0347500000000005,-1.30175,0.05550000000000012,54.47100000000028,195.13749999999987,17.08300000000006
-0.07007500000000036,-1.2899749999999999,0.06335000000000009,73.9547000000002,188.26874999999993,21.055100000000042
-0.09399999999999978,-1.2703999999999998,0.06579999999999984,92.88520000000008,181.55359999999996,24.712800000000012
-0.054749999999999945,-1.2076,0.03832499999999996,108.75005000000002,175.68964999999997,26.628200000000003
-0.015499999999998694,-1.144799999999998,0.010849999999999086,124.61490000000052,169.82569999999978,28.543600000000065
-0.021375000000001018,-1.0938749999999988,-0.038000000000001824,122.17799999999957,163.4701249999998,32.90525000000017
-0.05669999999999959,-1.0507000000000006,-0.10079999999999928,107.79680000000016,156.7937000000001,38.86339999999993
-0.09157500000000056,-1.01,-0.15954999999999986,92.19024999999927,149.63284999999968,43.935274999999805
-0.11905000000000043,-1.01,-0.1516999999999999,56.43349999999943,134.50589999999977,34.432849999999846
-0.14652500000000032,-1.01,-0.14384999999999992,20.676749999999586,119.37894999999982,24.93042499999989
-0.1760000000000002,-1.008,-0.12799999999999984,-12.958000000000226,111.05799999999998,17.697999999999965
-0.20740000000000008,-1.004075,-0.10444999999999993,-44.550325000000086,109.287825,12.650449999999985
-0.2388000000000011,-1.0001499999999999,-0.08089999999999918,-76.1426500000011,107.51764999999995,7.602899999999825
-0.25887499999999986,-1.018875,-0.09132499999999993,-91.29862499999992,98.77127500000006,16.201974999999948
-0.27850000000000047,-1.0385000000000006,-0.1031000000000003,-105.80150000000037,89.74769999999975,25.343300000000237
-0.2769999999999993,-1.0646250000000008,-0.11487500000000025,-99.78387499999924,82.04199999999987,32.99937500000012
-0.24559999999999943,-1.0999500000000006,-0.1266500000000002,-64.72184999999939,76.2015999999999,38.5532500000001
-0.21419999999999959,-1.1352750000000005,-0.13842500000000016,-29.659824999999543,70.36119999999993,44.107125000000075
-0.16239999999999952,-1.1468,-0.12639999999999987,6.418800000000317,68.4206,47.957600000000035
-0.10744999999999977,-1.15465,-0.11069999999999994,42.65440000000015,67.08217499999999,51.54505000000002
-0.0625,-1.165,-0.10125,80.1775,66.43625,53.5475
-0.0389500000000001,-1.1806999999999999,-0.10517499999999999,120.45584999999983,67.272275,52.15805000000001
-0.015399999999999352,-1.1964000000000004,-0.10910000000000011,160.7342000000011,68.10830000000001,50.768599999999964
-0.013025000000000092,-1.20605,-0.11302500000000008,205.9917000000011,61.03394999999978,51.835450000000044
-0.01694999999999993,-1.2138999999999998,-0.11694999999999993,252.73059999999919,51.60610000000016,53.63309999999997
-0.027874999999999234,-1.2156250000000004,-0.11650000000000034,296.08237499999933,42.781125000000145,55.722999999999935
-0.06320000000000164,-1.195999999999999,-0.10079999999999928,327.6276000000015,36.05759999999969,58.831600000000144
-0.09852500000000021,-1.1763749999999997,-0.08509999999999991,359.1728250000002,29.33407499999996,61.94020000000002
-0.11265,-1.1196499999999998,-0.08265,380.48905,21.251099999999987,59.928999999999995
-0.11657499999999998,-1.0450750000000002,-0.08657499999999999,396.88377499999996,12.514050000000024,55.45450000000001
-0.11300000000000039,-0.9715000000000005,-0.09,411.08,4.070000000000045,51.906999999999975
-0.05804999999999863,-0.9047749999999983,-0.09,410.2165,-2.367000000000159,54.70945000000007
-0.0030999999999988814,-0.8380499999999987,-0.09,409.353,-8.80400000000013,57.511900000000054
0.038200000000000504,-0.7963499999999997,-0.055874999999999064,389.7366749999995,-16.919950000000146,51.4759749999998
0.06960000000000037,-0.7727999999999997,0.0030000000000006827,356.5193999999996,-26.253600000000105,39.02979999999985
0.10050000000000012,-0.749875,0.06037500000000008,323.0054999999997,-35.063624999999945,26.529499999999892
0.11620000000000062,-0.7459499999999999,0.07215000000000046,280.47419999999835,-27.955449999999722,12.383799999999445
0.13190000000000054,-0.7420249999999998,0.0839250000000004,237.94289999999853,-20.84727499999975,-1.7619000000004927
0.11149999999999823,-0.7476000000000005,0.06909999999999869,201.78609999999912,-15.036799999999864,-12.882800000000241
0.05262500000000061,-0.7632999999999999,0.025925000000000437,172.4231750000003,-10.609400000000045,-20.77989999999992
-0.006249999999999147,-0.7789999999999998,-0.017249999999999377,143.06025000000042,-6.182000000000064,-28.676999999999886
-0.06512500000000317,-0.8094000000000017,-0.02,116.8320999999986,-14.08055000000047,-24.674449999999744
-0.12400000000000078,-0.8408000000000004,-0.02,90.81719999999966,-22.817600000000112,-19.862399999999937
-0.17067500000000024,-0.8722000000000003,0.004400000000000542,62.04967499999971,-31.23745000000007,-16.018724999999982
-0.19815000000000013,-0.9036000000000001,0.06720000000000029,28.95014999999985,-39.15810000000003,-13.69904999999999
-0.22562500000000002,-0.9349999999999999,0.13,-4.149375,-47.07875000000001,-11.379375
-0.19369999999999862,-0.9267999999999995,0.15980000000000077,-22.458300000000495,-54.134800000000226,-11.01
-0.1505249999999988,-0.9110999999999996,0.18335000000000065,-37.96597500000043,-61.027100000000196,-11.01
-0.107349999999999,-0.8930999999999994,0.1758499999999981,-40.95704999999937,-67.51345000000013,-10.981249999999998
-0.06417499999999919,-0.8695499999999996,0.09342499999999847,-13.745024999999487,-73.02022500000011,-10.883124999999998
-0.021000000000000938,-0.8460000000000005,0.011000000000001791,13.466999999999407,-78.52699999999989,-10.785000000000002
-0.030475000000001272,-0.8487750000000005,-0.05095000000000255,41.22892500000129,-76.7358999999998,-18.876875000000503
-0.05795000000000115,-0.8605500000000005,-0.1059000000000023,69.17885000000118,-72.44979999999983,-29.768750000000455
-0.08852500000000006,-0.8738750000000001,-0.14069999999999994,89.45549999999999,-67.493325,-38.98275
-0.13169999999999987,-0.8935,-0.09360000000000013,78.54400000000004,-59.81210000000002,-41.376999999999995
-0.1748749999999997,-0.9131249999999999,-0.04650000000000034,67.63250000000008,-52.13087500000005,-43.77124999999998
-0.14154999999999818,-0.9021499999999993,-0.007049999999999126,68.36685000000017,-50.27895000000003,-36.835049999999704
-0.0669749999999985,-0.8746749999999994,0.028275000000000716,75.38082500000014,-51.570275000000024,-24.86772499999976
0.008800000000001362,-0.8487999999999998,0.05479999999999918,84.37480000000043,-51.21559999999976,-15.068800000000145
0.095150000000001,-0.8370249999999998,0.003774999999999404,110.81752500000032,-36.35554999999982,-24.378900000000108
0.18150000000000063,-0.8252499999999998,-0.047250000000000375,137.2602500000002,-21.495499999999893,-33.68900000000007
0.1960749999999983,-0.835225000000001,-0.08740000000000123,160.3360750000008,-3.0401749999991594,-47.91895000000071
0.1528999999999985,-0.8627000000000009,-0.1188000000000011,180.7029000000007,18.307900000000746,-66.10740000000064
0.10954999999999784,-0.8903000000000014,-0.14972499999999866,200.97615000000016,39.46634999999975,-84.12252499999974
0.038899999999998144,-0.9374000000000012,-0.10654999999999887,206.65170000000015,31.043299999999782,-75.09894999999977
-0.03174999999999899,-0.9844999999999994,-0.06337500000000063,212.32724999999994,22.62025000000012,-66.07537500000014
-0.06819999999999979,-1.019000000000001,-0.01119999999999663,214.18139999999985,14.350199999999564,-54.80179999999925
-0.0642749999999998,-1.038625000000001,0.05160000000000309,211.52417499999987,6.260774999999602,-40.87197499999931
-0.060349999999999966,-1.0582500000000001,0.11440000000000054,208.86694999999997,-1.8286500000000703,-26.942149999999877
-0.052849999999999966,-1.0135249999999998,0.12715000000000004,212.72695000000002,9.78732500000006,-17.70272499999996
-0.045,-0.9625,0.135,217.225,23.332500000000003,-8.9225
-0.04285000000000025,-0.9000749999999974,0.128599999999999,222.4797250000002,34.48937500000022,-2.99084999999997
-0.05070000000000022,-0.8176499999999978,0.09719999999999915,229.0619500000002,41.456250000000196,-2.0566999999999744
-0.05855000000000018,-0.735224999999998,0.06579999999999928,235.64417500000016,48.42312500000016,-1.1225499999999784
-0.02799999999999927,-0.678399999999999,0.037599999999999474,238.22640000000004,37.74839999999973,-4.246000000000076
0.011250000000000569,-0.6273749999999992,0.010124999999999601,239.90237500000003,23.07674999999979,-8.288750000000059
0.05050000000000182,-0.5994500000000016,0.0047000000000025355,238.02409999999946,9.339599999999482,-10.706099999999907
0.08975000000000166,-0.6347750000000015,0.05965000000000231,226.41394999999952,-1.8388000000004698,-8.672949999999915
0.1290000000000015,-0.6701000000000014,0.11460000000000208,214.80379999999957,-13.01720000000042,-6.639799999999924
0.10892500000000013,-0.7223749999999999,0.1808499999999998,206.69382500000003,-7.002650000000035,-4.278950000000007
0.06575000000000031,-0.7812499999999996,0.2514999999999995,199.94675000000007,5.7064999999999095,-1.790500000000018
0.016499999999995213,-0.8279749999999992,0.3066249999999988,199.1714000000017,18.06127500000065,0.7803000000001798
-0.062000000000001596,-0.8161999999999998,0.2869999999999996,227.14880000000056,28.709800000000214,3.7476000000000598
-0.14050000000000126,-0.8044249999999998,0.2673749999999997,255.12620000000044,39.35832500000017,6.714900000000047
-0.18225000000000025,-0.7705999999999995,0.26,287.9129500000004,36.19129999999986,4.828749999999944
-0.20187500000000014,-0.7234999999999997,0.26,323.5951250000003,24.706749999999914,0.020624999999965254
-0.21309999999999973,-0.6736999999999997,0.2591,358.03350000000006,13.402799999999974,-4.861000000000017
-0.12282499999999687,-0.5912749999999971,0.2473249999999996,377.4426250000007,4.281099999999684,-10.630750000000202
-0.032549999999997255,-0.5088499999999975,0.23554999999999965,396.8517500000006,-4.840600000000277,-16.400500000000175
0.012075000000000103,-0.4450999999999987,0.2154749999999993,391.8049249999993,-1.4583499999996192,-16.01994999999985
0.015999999999999945,-0.3980000000000007,0.1880000000000004,364.95400000000035,13.07199999999979,-10.156000000000084
0.019924999999999925,-0.3509000000000009,0.16052500000000053,338.1030750000005,27.602349999999724,-4.29205000000011
-0.07240000000000466,-0.36925000000000097,0.14459999999999923,283.64379999999727,21.304199999999668,0.9867000000002601
-0.16660000000000083,-0.3888750000000002,0.12889999999999985,228.64669999999953,14.600299999999942,6.254050000000046
-0.2370000000000016,-0.4289000000000027,0.13870000000000177,178.5727999999982,5.264799999999482,11.80020000000024
-0.27625,-0.495625,0.181875,134.9425,-7.515000000000001,17.71125
-0.3154999999999984,-0.5623499999999972,0.22504999999999825,91.31220000000177,-20.294799999999483,23.62229999999976
-0.26439999999999597,-0.5595749999999993,0.2369500000000005,83.25894999999979,-20.658424999999923,37.68917500000096
-0.20159999999999856,-0.5477999999999997,0.24480000000000018,79.81279999999992,-19.414199999999973,52.812200000000345
-0.13747500000000115,-0.5254250000000008,0.24735000000000013,83.4196249999997,-18.120950000000025,60.51125000000012
-0.07074999999999905,-0.4822499999999994,0.23949999999999988,100.86625000000026,-16.73149999999998,53.6424999999999
-0.004025000000001741,-0.4390750000000011,0.23165000000000022,118.31287499999955,-15.342050000000038,46.77375000000018
0.037900000000000204,-0.42689999999999995,0.21139999999999987,138.7851000000001,-8.093599999999949,30.077999999999886
0.07322500000000133,-0.4229749999999998,0.18784999999999913,160.0625250000008,0.7141000000003306,10.766999999999271
0.08480000000000018,-0.4342499999999998,0.16050000000000014,176.74005,10.060449999999967,-5.874499999999976
0.021999999999998188,-0.4931250000000017,0.12124999999999887,179.01262500000007,21.09362500000032,-14.15625000000024
-0.04079999999999927,-0.5519999999999993,0.08200000000000046,181.28519999999997,32.126799999999875,-22.437999999999903
-0.09270000000000095,-0.5809000000000003,0.056374999999999606,193.13070000000033,38.37487500000008,-20.784399999999877
-0.13980000000000245,-0.5966000000000008,0.03674999999999898,209.19180000000082,42.51575000000022,-14.755599999999685
-0.17712499999999975,-0.6030999999999994,0.021725000000000137,223.55205000000007,48.12172500000016,-9.645075000000002
-0.15750000000000056,-0.5560000000000014,0.03349999999999966,228.00299999999987,62.26349999999959,-9.884499999999994
-0.13787499999999994,-0.5088999999999999,0.04527500000000004,232.45395000000002,76.40527500000005,-10.123925000000002
-0.12059999999999946,-0.4711999999999989,0.04294999999999959,228.37909999999968,97.34090000000089,-15.60620000000031
-0.10490000000000009,-0.4398000000000002,0.03117500000000007,218.59015000000008,122.82984999999985,-24.60229999999995
-0.09140000000000072,-0.4097999999999999,0.020200000000000103,208.52799999999962,147.27500000000015,-33.38160000000013
-0.11887499999999959,-0.40587500000000004,0.024124999999999945,193.37750000000023,152.27937499999993,-38.122999999999934
-0.14635000000000048,-0.4019499999999999,0.028050000000000068,178.22699999999972,157.2837500000001,-42.86440000000008
-0.15209999999999924,-0.41185000000000116,0.03197500000000019,163.7519499999993,158.6738749999999,-44.100174999999886
-0.13639999999999985,-0.43540000000000023,0.035900000000000036,149.94379999999987,156.4955,-41.874699999999976
-0.12069999999999936,-0.45895000000000097,0.03982500000000016,136.13564999999946,154.31712499999992,-39.64922499999991
-0.12,-0.4675,0.0625,136.0675,161.33,-36.025
-0.12,-0.47534999999999966,0.08604999999999904,136.64054999999996,168.7717999999997,-32.335500000000145
-0.13120000000000176,-0.4896000000000015,0.12560000000000401,146.40400000000147,169.52239999999944,-27.311599999999554
-0.15867500000000062,-0.5131500000000006,0.18840000000000146,169.52225000000053,160.5498499999998,-20.34864999999984
-0.18614999999999954,-0.5366999999999996,0.2511999999999989,192.6404999999996,151.57730000000015,-13.38570000000012
-0.19,-0.5535000000000002,0.3477500000000015,230.22737500000056,125.62512499999958,-0.5974999999998012
-0.19,-0.5691999999999996,0.44979999999999737,270.1720999999989,96.90590000000076,13.139999999999642
-0.18877499999999997,-0.5616249999999996,0.5579750000000008,304.7611250000001,63.15927499999974,25.76397500000006
-0.18484999999999985,-0.5027499999999978,0.6796500000000045,327.54575000000085,18.33184999999831,35.933650000000384
-0.180925,-0.4438750000000002,0.8013249999999996,350.33037499999995,-26.49557499999987,46.10332499999997
-0.17399999999999977,-0.3639999999999975,0.8239999999999997,360.87800000000016,-74.87200000000144,54.09800000000021
-0.1661500000000001,-0.277650000000001,0.8161500000000002,367.6525499999999,-124.34269999999943,61.42204999999991
-0.15914999999999993,-0.19214999999999832,0.7759999999999969,356.0891999999984,-164.71670000000015,72.42575000000049
-0.1552249999999998,-0.1097249999999957,0.6189999999999918,278.18579999999594,-172.1820500000004,96.74112500000128
-0.15129999999999996,-0.027299999999999044,0.4619999999999982,200.2823999999991,-179.6474000000001,121.0565000000003
-0.16312500000000085,-0.0026250000000001706,0.3548749999999964,130.49549999999715,-181.56087499999998,136.9062500000005
-0.18275000000000005,-0.0065500000000000115,0.27244999999999975,64.7281999999998,-180.72485,148.56350000000003
-0.2009500000000003,-0.012850000000000819,0.1933499999999981,-2.032800000002595,-178.41157499999954,157.4429499999996
-0.20880000000000054,-0.03640000000000157,0.13839999999999636,-76.01120000000493,-165.36879999999914,146.14679999999925
-0.2166500000000002,-0.05995000000000062,0.08344999999999857,-149.98960000000193,-152.32602499999965,134.85064999999972
-0.2087500000000003,-0.11499999999999888,0.05550000000000011,-192.6299999999997,-134.4660000000003,111.78250000000045
-0.18912499999999965,-0.1935000000000014,0.047649999999999866,-211.94100000000032,-113.01979999999963,79.95074999999945
-0.16969999999999943,-0.27050000000000096,0.04020000000000039,-233.0338000000044,-90.52979999999692,48.410499999999
-0.1579249999999999,-0.2901250000000002,0.048050000000000065,-322.28045000000077,-28.114449999999465,28.020124999999826
-0.14614999999999953,-0.3097500000000008,0.05590000000000032,-411.5271000000036,34.300900000002535,7.629749999999174
-0.12687500000000002,-0.366875,0.06,-419.783125,75.315,-15.366875
-0.09939999999999913,-0.4650000000000031,0.06,-339.48939999999743,92.93040000000056,-41.213000000000825
-0.07192499999999825,-0.5631250000000062,0.06,-259.1956749999949,110.54580000000112,-67.05912500000166
-0.22330000000000383,-0.5846000000000003,0.18775000000000316,-175.42714999999805,108.79794999999993,-25.759849999998927
-0.3881500000000091,-0.6003000000000008,0.32512500000000755,-91.39682499999537,105.59122499999982,20.59832500000255
-0.4824999999999997,-0.5604999999999981,0.40399999999999975,-27.361499999999538,73.47199999999887,57.69100000000032
-0.4628750000000005,-0.4309750000000034,0.3883000000000004,4.34857499999918,-5.3890999999979385,79.80444999999942
-0.4432499999999985,-0.3014499999999899,0.37259999999999877,36.05865000000248,-84.25020000000617,101.91790000000172
-0.3384749999999954,-0.24069999999999825,0.37,34.36044999999969,-120.03522500000102,99.98629999999974
-0.21680000000000035,-0.19360000000000016,0.37,26.031600000000026,-147.27079999999992,93.28240000000002
-0.13225000000000023,-0.1757500000000016,0.3632499999999993,23.218625000000316,-169.27850000000024,85.80449999999973
-0.14009999999999992,-0.23069999999999935,0.3397000000000003,34.134049999999874,-178.2745999999999,76.40020000000011
-0.14795000000000016,-0.2856500000000011,0.31614999999999954,45.04947500000022,-187.27070000000018,66.99589999999982
-0.11229999999999735,-0.3696000000000049,0.3129000000000002,89.61360000000295,-200.6719000000008,50.976699999999056
-0.06127499999999941,-0.4638000000000011,0.316825,146.07080000000065,-215.63007500000018,32.61947499999979
-0.0004999999999955873,-0.5384999999999996,0.3079999999999973,203.46550000000266,-217.6139999999977,14.312499999999211
0.10155000000000028,-0.53065,0.2451999999999998,264.8289500000002,-164.67359999999985,-3.781750000000052
0.20360000000000353,-0.5227999999999997,0.18239999999999781,326.1924000000021,-111.73319999999815,-21.87600000000063
0.1465749999999903,-0.45939999999999376,0.15747499999999973,332.59164999999837,-94.65285000000019,-19.86114999999912
0.0013499999999962153,-0.3651999999999976,0.1535499999999999,308.51569999999936,-97.45530000000007,-6.696699999999656
-0.12212500000000122,-0.2829999999999996,0.14850000000000022,287.0805,-97.43362500000038,4.919750000000045
-0.039699999999998584,-0.31440000000000057,0.13279999999999972,290.6444000000001,-70.67689999999953,1.8817999999999473
0.04272500000000406,-0.34580000000000155,0.11709999999999923,294.2083000000002,-43.92017499999868,-1.1561500000001494
0.05419999999999959,-0.3406499999999997,0.09494999999999977,282.6189999999998,-23.978949999999877,5.7668500000001295
