-0.165075,0.381975,-0.079725,309.691175,5.488900000000001,64.806675
-0.22,0.42,-0.16,134.51,-68.55,21.53
-0.19465000000000002,0.3693,-0.037475000000000064,80.12580000000003,-59.0184,21.424375
-0.1693,0.3186,0.08504999999999999,25.741600000000002,-49.4868,21.31875
-0.168025,0.297325,0.100575,-8.058475000000001,-29.530724999999997,22.780675000000002
-0.1807,0.29309999999999997,0.05410000000000001,-29.931299999999997,-3.5343000000000053,25.1509
-0.1945,0.26974999999999993,0.017749999999999995,-50.912000000000006,13.921124999999995,24.256374999999995
-0.2114,0.19369999999999998,0.009299999999999998,-69.4344,7.841349999999997,14.365649999999997
-0.2283,0.11764999999999999,0.0008499999999999996,-87.95679999999999,1.7615749999999997,4.474925
-0.20720000000000002,0.0758,0.03799999999999999,-72.1652,9.582199999999997,12.375799999999998
-0.18185,0.03777499999999998,0.08025000000000003,-52.53584999999999,18.957475000000002,22.266525000000005
-0.17900000000000002,0.04025000000000005,0.08874999999999998,-34.88199999999998,29.266500000000015,28.152250000000002
-0.1959,0.078275,0.067625,-18.962200000000003,40.39515,30.522475
-0.2114,0.1121,0.046499999999999986,-2.7812999999999874,50.1756,33.2511
-0.21985,0.124775,0.025375000000000016,14.714424999999988,53.1669,37.784524999999995
-0.2283,0.13745000000000002,0.004249999999999999,32.21015,56.1582,42.317949999999996
-0.233375,0.13325,0.013500000000000015,39.412125,55.399874999999994,43.12875
-0.2376,0.12480000000000001,0.03039999999999999,44.0216,53.697199999999995,43.002
-0.24,0.12547500000000003,0.04,46.473925,52.629625,42.106925
-0.24,0.13815,0.04,46.08945,52.39725,40.20145
-0.24082499999999998,0.15055,0.039725,45.2988,52.436575,38.377925000000005
-0.25350000000000006,0.15900000000000003,0.03549999999999999,38.67399999999998,56.37850000000001,37.7315
-0.26617500000000005,0.16745000000000002,0.031275,32.04919999999999,60.320425,37.085075
-0.2818,0.1582,0.038849999999999996,25.2474,61.922999999999995,38.580349999999996
-0.29869999999999997,0.14130000000000004,0.05152499999999998,18.36910000000001,62.5145,41.00127499999999
-0.31,0.13,0.06280000000000001,12.840399999999995,63.124199999999995,43.4572
-0.31,0.13,0.07125000000000001,10.035,63.770624999999995,45.98375
-0.31,0.13,0.0797,7.229600000000004,64.41705,48.5103
-0.314075,0.13814999999999997,0.07592500000000002,8.470674999999996,65.707325,48.498125
-0.3183,0.1466,0.0717,9.8607,67.0213,48.3925
-0.322525,0.16767499999999996,0.07,7.647550000000006,68.1358,47.458675
-0.32675000000000004,0.19725000000000004,0.07,3.008499999999992,69.116,45.96725
-0.330975,0.22487500000000002,0.07097500000000001,-4.162625000000006,69.120225,43.565174999999996
-0.3352,0.246,0.0752,-19.773999999999983,65.8712,38.12760000000001
-0.33942500000000003,0.26712499999999995,0.079425,-35.38537499999996,62.622175000000006,32.69002500000001
-0.34365,0.26635000000000003,0.07635,-47.9928,63.0049,23.536749999999994
-0.347875,0.262125,0.072125,-60.127000000000045,63.95975,13.798124999999967
-0.3542,0.24739999999999995,0.07630000000000003,-70.98020000000002,66.8088,6.44299999999999
-0.36265,0.22205,0.08897500000000001,-80.53715,71.5746,1.499749999999997
-0.37,0.19780000000000003,0.09835000000000002,-88.4408,75.20025,-3.0683999999999987
-0.37,0.18090000000000003,0.08567500000000003,-85.2974,71.20762500000001,-5.130199999999995
-0.37,0.16399999999999992,0.07299999999999994,-82.15399999999998,67.21499999999997,-7.19200000000001
-0.366775,0.18579999999999985,0.07967499999999994,-78.38172500000002,68.01794999999998,-10.98562499999998
-0.36255,0.21960000000000007,0.09235000000000003,-74.41444999999999,70.3079,-15.31625000000001
-0.36335,0.241675,0.1,-75.5844,73.12045,-22.19790000000001
-0.3718,0.2459,0.1,-84.5752,76.7286,-32.96319999999999
-0.38049999999999995,0.24912500000000004,0.10049999999999998,-93.83499999999997,80.145375,-43.565499999999986
-0.3973999999999999,0.21955000000000008,0.11739999999999996,-111.91799999999995,77.28505000000001,-48.82139999999998
-0.41430000000000006,0.18997499999999987,0.13430000000000009,-130.00100000000006,74.42472499999998,-54.07730000000002
-0.4059999999999999,0.16599999999999993,0.14560000000000003,-141.07000000000002,77.03,-57.81560000000001
-0.38487500000000013,0.14487500000000014,0.15404999999999994,-148.56937499999995,82.41687499999996,-60.781549999999974
-0.3725,0.13,0.16,-151.85999999999999,87.52,-66.2075
-0.38095,0.13,0.16,-145.1338,91.94779999999999,-77.48824999999998
-0.38939999999999997,0.13,0.16,-138.40760000000003,96.37559999999999,-88.76899999999996
-0.393925,0.13392500000000002,0.16392500000000002,-137.211725,97.431825,-95.60272500000002
-0.39815,0.13815,0.16815,-136.43855,98.23034999999999,-102.09654999999997
-0.40950000000000003,0.15425000000000005,0.18662500000000004,-138.201875,93.91787499999998,-107.01100000000001
-0.4264,0.1796,0.2162,-141.941,85.6242,-110.6952
-0.439175,0.204125,0.242475,-151.12677499999995,77.79830000000001,-114.34887499999999
-0.43495,0.22524999999999995,0.25515,-182.75934999999993,71.90020000000001,-117.87674999999999
-0.430725,0.24637499999999993,0.267825,-214.39192499999987,66.00210000000001,-121.404625
-0.46850000000000014,0.23249999999999993,0.30150000000000016,-248.5025000000001,52.56849999999994,-111.21249999999996
-0.5149749999999997,0.21137500000000015,0.33952499999999974,-283.12637499999977,37.5739750000001,-98.17837500000009
-0.5439,0.2,0.36585,-314.9208,16.990749999999984,-88.89994999999999
-0.55235,0.2,0.378525,-343.41419999999994,-10.112624999999976,-84.003175
-0.5528000000000002,0.20199999999999996,0.38920000000000005,-373.31759999999986,-35.332799999999985,-81.70919999999995
-0.4767499999999997,0.2231250000000001,0.38075,-416.7041250000002,-42.54487500000003,-104.30450000000012
-0.4007000000000004,0.2442499999999999,0.3723,-460.09064999999975,-49.75694999999997,-126.8997999999999
-0.383075,0.2161749999999999,0.34232499999999993,-504.61800000000005,-49.35839999999999,-139.87342500000003
-0.38730000000000003,0.16969999999999996,0.30429999999999996,-549.572,-46.1136,-149.2487
-0.4189749999999993,0.10035000000000097,0.28304999999999997,-580.4670249999999,-43.36137500000002,-145.07740000000024
-0.4992500000000005,-0.00950000000000073,0.29150000000000004,-586.4707500000001,-41.48124999999999,-116.92199999999981
-0.5795249999999997,-0.11934999999999966,0.29994999999999994,-592.474475,-39.60112500000001,-88.76660000000008
-0.6304000000000002,-0.1998000000000003,0.32940000000000014,-578.524,-63.6098000000001,-80.30079999999997
-0.6811,-0.2800750000000002,0.3589750000000001,-564.45475,-87.77257500000007,-71.95219999999998
-0.7052999999999999,-0.3153,0.4071000000000001,-546.2674,-110.69250000000002,-75.46500000000002
-0.71375,-0.32375,0.46625,-525.6325,-132.87375,-86.0275
-0.72,-0.32230000000000003,0.5045000000000001,-502.10020000000003,-147.7576,-92.8478
-0.72,-0.29272500000000007,0.48337500000000005,-470.3366500000001,-141.9102,-89.03685000000002
-0.72,-0.2631500000000001,0.4622500000000001,-438.5731000000001,-136.0628,-85.22590000000001
-0.6860250000000002,-0.21470000000000028,0.36940000000000056,-392.32865000000027,-138.24859999999998,-77.98347500000003
-0.6479999999999996,-0.1639999999999995,0.26799999999999896,-344.3579999999995,-141.39200000000002,-70.33199999999992
-0.5899500000000006,-0.1333250000000001,0.20442500000000025,-326.3046999999999,-155.27992499999982,-68.26972499999997
-0.5139000000000007,-0.12065000000000012,0.17485000000000028,-335.14339999999993,-178.82584999999978,-71.23144999999997
-0.44189999999999974,-0.12147500000000042,0.14459999999999978,-351.04867500000034,-198.305575,-74.34977500000002
-0.39119999999999977,-0.19330000000000036,0.11079999999999984,-404.1189000000003,-196.4001,-78.29170000000002
-0.3405000000000007,-0.26512499999999906,0.07700000000000046,-457.1891249999993,-194.494625,-82.23362499999995
-0.34340000000000004,-0.32020000000000015,0.04989999999999995,-484.43755000000004,-200.82010000000002,-87.25760000000001
-0.3603,-0.37090000000000006,0.024549999999999985,-504.941475,-209.29545,-92.5642
-0.34480000000000005,-0.39280000000000004,0.024399999999999977,-535.8296,-212.9414,-96.114
-0.2856500000000001,-0.3759,0.058199999999999925,-580.7075499999999,-210.081075,-97.297
-0.2267500000000002,-0.35550000000000026,0.09399999999999978,-626.3187499999998,-206.49675000000002,-99.07174999999995
-0.17182500000000028,-0.27945000000000036,0.1615999999999997,-683.5886249999998,-191.40082500000005,-110.25532499999994
-0.11690000000000034,-0.20340000000000044,0.2291999999999996,-740.8584999999997,-176.3049000000001,-121.43889999999993
-0.12340000000000031,-0.19170000000000015,0.17394999999999897,-741.9829999999998,-147.90314999999967,-138.5777750000002
-0.15720000000000028,-0.20860000000000015,0.06409999999999912,-718.1539999999999,-113.58769999999973,-158.36345000000017
-0.19787499999999944,-0.25987499999999875,-0.042999999999998983,-687.8776250000004,-96.26724999999982,-177.7462499999998
-0.2528000000000003,-0.38240000000000063,-0.14440000000000056,-644.2375999999998,-114.1728000000001,-196.2940000000001
-0.3077250000000002,-0.5049250000000005,-0.2458000000000004,-600.5975749999998,-132.07835000000006,-214.84175000000008
-0.27760000000000046,-0.6922499999999974,-0.2864499999999995,-553.0533500000007,-157.07139999999964,-208.6723500000001
-0.24379999999999996,-0.8823750000000002,-0.32447500000000007,-505.3404249999999,-182.37070000000003,-201.434925
-0.2175,-1.03,-0.28,-466.0425,-196.14499999999998,-188.555
-0.19637500000000002,-1.1482999999999999,-0.17860000000000015,-432.550925,-201.96704999999997,-171.78175000000002
-0.18094999999999997,-1.23525,-0.08290000000000021,-389.1480000000002,-203.26425000000003,-157.48800000000003
-0.18517499999999998,-1.2141250000000001,-0.0068500000000003,-311.57700000000034,-188.96262500000006,-151.74200000000002
-0.18939999999999999,-1.193,0.0691999999999996,-234.00600000000043,-174.66100000000006,-145.99600000000004
-0.2298749999999997,-1.066750000000001,0.05825000000000016,-182.42987500000032,-167.10550000000003,-141.71087500000004
-0.2763500000000004,-0.9230999999999987,0.03289999999999978,-135.15634999999958,-160.66659999999993,-137.66754999999998
-0.31245000000000017,-0.85,-0.02980000000000077,-94.65354999999974,-172.4835500000002,-130.47229999999993
-0.3377999999999997,-0.85,-0.13119999999999893,-61.16620000000036,-203.21619999999967,-120.01120000000012
-0.35894999999999994,-0.8584000000000003,-0.22105000000000005,-30.50807499999995,-232.51507500000008,-110.01472499999997
-0.3505,-0.9260000000000003,-0.22950000000000004,-19.789249999999964,-251.70925000000005,-103.29274999999997
-0.34205,-0.9936000000000001,-0.23795000000000002,-9.070424999999979,-270.903425,-96.57077499999998
-0.292,-1.0516,-0.18879999999999994,7.206800000000015,-280.6128,-83.58319999999999
-0.22862500000000005,-1.106525,-0.12120000000000004,25.26444999999999,-287.28407500000003,-68.58867500000001
-0.16855000000000012,-1.13505,-0.04700000000000018,46.844849999999944,-288.6539,-55.285400000000024
-0.11362500000000018,-1.1223750000000001,0.0374999999999997,73.9228749999999,-281.75025000000005,-44.62150000000004
-0.060599999999999876,-1.1087000000000002,0.12019999999999996,100.88799999999989,-274.968,-33.65750000000011
-0.08595000000000028,-1.0537749999999995,0.1286500000000001,123.19600000000024,-273.1935,-10.31437499999975
-0.11129999999999982,-0.9988500000000005,0.13709999999999994,145.50399999999982,-271.41900000000004,13.028749999999826
-0.14219999999999972,-0.9272750000000007,0.11225000000000038,141.92680000000016,-271.095825,37.26542499999979
-0.17600000000000024,-0.8469999999999995,0.06999999999999972,124.82399999999988,-271.531,61.969000000000165
-0.2049000000000001,-0.7520249999999993,0.043675000000000075,95.80562499999968,-272.77344999999997,82.04942500000006
-0.22179999999999978,-0.6210500000000017,0.056349999999999845,37.60625000000074,-275.99289999999996,90.80784999999989
-0.23870000000000002,-0.49007499999999965,0.06902500000000004,-20.593125000000157,-279.21235,99.56627500000002
-0.21269999999999994,-0.4488,0.03879999999999995,-70.82090000000007,-268.30989999999997,90.13509999999998
-0.1831250000000005,-0.4150000000000006,0.005000000000000568,-120.38437499999915,-256.2306250000002,79.18812500000018
-0.1418000000000001,-0.42114999999999997,-0.04994999999999991,-153.85974999999996,-242.98810000000003,72.75315
-0.09110000000000014,-0.4591749999999999,-0.1217749999999998,-174.49887499999994,-228.81745000000004,69.918175
-0.0348000000000003,-0.5131999999999994,-0.17920000000000003,-190.23000000000002,-218.69559999999998,67.20560000000002
0.045474999999999585,-0.6357249999999993,-0.17497500000000002,-184.94875000000002,-225.90767499999998,65.01705000000001
0.12575000000000083,-0.7582500000000013,-0.17074999999999996,-179.66749999999993,-233.11975000000007,62.82849999999998
0.17475000000000038,-0.8773000000000011,-0.15262499999999982,-144.67847499999962,-220.05519999999984,53.0123249999999
0.2169999999999996,-0.9955999999999989,-0.1315000000000002,-103.27770000000038,-202.61440000000016,41.54990000000011
0.23037499999999986,-1.0831000000000004,-0.12192500000000002,-49.03524999999958,-183.93004999999988,43.10240000000011
0.2092499999999999,-1.1338000000000001,-0.12615,20.550500000000326,-163.7598999999999,60.20520000000008
0.1866250000000005,-1.1785,-0.1326249999999996,89.90487499999907,-144.94312500000007,77.03649999999982
0.14859999999999993,-1.1616,-0.16220000000000007,156.88380000000012,-140.021,91.08040000000003
0.11057499999999998,-1.1446999999999998,-0.19177500000000003,223.86272500000004,-135.098875,105.1243
0.06950000000000074,-1.0668000000000017,-0.2,261.6470499999995,-127.27620000000014,114.47729999999987
0.027250000000000087,-0.9654000000000001,-0.2,288.18427499999996,-118.33610000000002,122.02314999999999
-0.0045000000000001705,-0.8594999999999985,-0.19549999999999984,292.3024999999995,-114.42700000000006,131.03300000000016
-0.01717499999999994,-0.7454250000000006,-0.18282500000000007,255.69287500000019,-119.65754999999997,142.70244999999994
-0.029849999999999922,-0.6313500000000007,-0.17015000000000008,219.08325000000022,-124.88809999999997,154.37189999999993
0.02010000000000048,-0.5631999999999994,-0.14494999999999977,165.4437999999995,-127.34227500000003,156.72692500000002
0.0708000000000004,-0.49559999999999943,-0.1195999999999998,111.60039999999955,-129.7632,158.9704
0.08475000000000009,-0.45950000000000013,-0.08112500000000047,45.19375000000076,-124.15162500000011,153.6565000000001
0.07629999999999995,-0.4425999999999999,-0.03464999999999975,-28.870500000000398,-113.64404999999995,143.73619999999994
0.07430000000000007,-0.43215000000000003,-0.007525000000000122,-99.41520000000024,-102.25712499999995,136.012125
0.09119999999999977,-0.4405999999999999,-0.037099999999999585,-159.64679999999916,-88.2935000000002,134.7235
0.10810000000000003,-0.44905,-0.06667500000000004,-219.87840000000008,-74.32987499999999,133.43487499999998
0.1925,-0.49875,-0.13,-261.08625,-69.535,127.57499999999999
0.28544999999999987,-0.5536749999999999,-0.19759999999999991,-299.88442499999996,-65.9015,121.1361
0.35199999999999987,-0.6283999999999997,-0.2497999999999999,-324.83799999999997,-62.09420000000001,113.36840000000002
0.3942499999999998,-0.7213499999999996,-0.28782499999999983,-337.04824999999994,-58.126925000000014,104.37760000000003
0.43,-0.8175499999999994,-0.31935,-345.09720000000004,-56.34754999999995,95.28345000000004
0.43,-0.9316249999999993,-0.31512500000000004,-330.25900000000007,-66.60162499999994,85.62087500000007
0.43,-1.0456999999999992,-0.3109,-315.4208000000001,-76.85569999999993,75.95830000000008
0.43,-1.1231999999999993,-0.27010000000000045,-264.0475000000006,-86.39822499999991,74.26575
0.43,-1.1907999999999992,-0.21940000000000054,-202.78500000000065,-95.7481499999999,74.73049999999999
0.41757500000000036,-1.23,-0.17935000000000031,-129.3690750000011,-104.00644999999992,78.18257499999991
0.3879999999999994,-1.23,-0.1539999999999995,-39.177999999998185,-110.75800000000014,85.75800000000015
0.3582000000000005,-1.226625000000001,-0.13089999999999974,50.284749999998866,-117.60674999999988,93.55684999999983
0.3244000000000006,-1.163250000000001,-0.14779999999999974,126.79949999999877,-126.18349999999987,105.32769999999982
0.29059999999999947,-1.099874999999999,-0.1647000000000003,203.31425000000124,-134.76025000000013,117.0985500000002
0.28579999999999983,-1.0220000000000016,-0.19029999999999944,239.91919999999965,-142.36549999999986,126.78429999999985
0.2942500000000001,-0.9374999999999989,-0.2198750000000004,258.28950000000026,-149.5268750000001,135.51737500000013
0.3135000000000005,-0.8597499999999992,-0.2454000000000002,264.4503999999998,-158.61470000000017,138.1025499999999
0.355749999999999,-0.7963750000000014,-0.26229999999999964,244.60980000000046,-171.8051499999997,127.59497500000025
0.3980000000000004,-0.7329999999999994,-0.27920000000000017,224.7691999999998,-184.99560000000014,117.0873999999999
0.42817500000000025,-0.6816999999999995,-0.31220000000000026,186.2083249999997,-189.08150000000003,110.33112499999996
0.4577499999999992,-0.6310000000000013,-0.3459999999999991,146.7172500000011,-192.7149999999999,103.76125000000019
0.4625749999999999,-0.6025749999999999,-0.36990000000000006,95.31647499999967,-191.57917499999996,100.4361
0.44989999999999997,-0.5898999999999999,-0.3868000000000001,35.49469999999975,-187.0711,99.4052
0.44277500000000003,-0.5837,-0.40277500000000005,-25.04302500000017,-180.33469999999997,97.68054999999998
0.45545,-0.6006,-0.41545000000000004,-88.13495000000007,-165.6486,93.48089999999999
0.46812499999999996,-0.6174999999999999,-0.428125,-151.226875,-150.9625,89.28125
0.5095999999999999,-0.6703999999999999,-0.4264,-202.90319999999994,-148.3292,81.8776
0.5560749999999999,-0.7295499999999998,-0.422175,-252.59764999999987,-147.7884,73.91770000000001
0.6086999999999997,-0.7927999999999997,-0.41180000000000005,-283.68014999999997,-152.07329999999996,62.444100000000056
0.6678499999999996,-0.8603999999999996,-0.3949000000000001,-295.01582499999995,-161.47814999999994,47.24255000000008
0.7239999999999998,-0.9244999999999998,-0.37750000000000017,-301.77200000000016,-168.1235000000001,32.76400000000007
0.7577999999999997,-0.9625249999999997,-0.35637500000000016,-274.4109000000002,-154.21057500000012,23.671800000000076
0.7915999999999997,-1.0005499999999996,-0.3352500000000002,-247.04980000000026,-140.29765000000015,14.579600000000086
0.7936500000000001,-1.0227,-0.3236500000000001,-200.44502500000056,-125.16552500000017,8.332200000000057
0.7852000000000001,-1.0395999999999999,-0.3152000000000001,-147.47620000000063,-109.63020000000019,3.0256000000000647
0.7670000000000005,-1.0402500000000003,-0.3181249999999997,-98.59100000000056,-93.52125000000022,-1.9641249999999406
0.7331999999999993,-1.0148999999999995,-0.3392500000000004,-56.2395999999992,-76.49449999999968,-6.446850000000084
0.7003749999999996,-0.9890250000000009,-0.3600749999999999,-14.419125000000202,-59.70782500000006,-10.997299999999864
0.7215000000000004,-0.934099999999999,-0.36430000000000007,-1.9764999999998007,-56.205299999999944,-19.295200000000133
0.7426250000000003,-0.8791749999999992,-0.36852500000000005,10.466125000000185,-52.702774999999946,-27.59310000000012
0.7857499999999988,-0.8352500000000007,-0.3809999999999997,11.27075000000011,-42.37475000000028,-35.98999999999983
0.8406750000000006,-0.7972249999999995,-0.3979000000000002,5.833174999999935,-28.385774999999832,-44.440000000000104
0.8884000000000003,-0.7760000000000002,-0.40879999999999994,-0.9208000000001064,-16.51119999999993,-52.956000000000095
0.9179749999999993,-0.7971249999999994,-0.40457500000000013,-10.993199999999755,-9.966675000000158,-61.6383749999998
0.9475500000000002,-0.8182500000000001,-0.40035,-21.06560000000008,-3.422149999999947,-70.32075000000007
0.9112499999999997,-0.8975000000000005,-0.36124999999999974,-12.328749999999928,-0.6131249999999828,-83.9631250000001
0.8690000000000012,-0.9819999999999977,-0.31900000000000117,-1.8930000000002947,1.8584999999999305,-98.0534999999996
0.7848999999999995,-1.0595250000000003,-0.27674999999999983,30.8697250000002,9.605550000000047,-103.46929999999999
0.6665999999999996,-1.13135,-0.23449999999999988,81.87815000000015,21.663700000000034,-101.7962
0.5591499999999998,-1.189225,-0.20232500000000003,132.13095000000007,36.43435000000004,-95.14139999999998
0.5,-1.185,-0.21500000000000002,179.01999999999998,63.28,-66.31
0.4408500000000001,-1.180775,-0.227675,225.90904999999992,90.12564999999996,-37.478600000000036
0.43689999999999996,-1.1075500000000003,-0.22310000000000002,252.59834999999993,107.18709999999996,-15.488550000000053
0.44534999999999997,-1.0188250000000003,-0.21465000000000004,274.7500249999999,122.05064999999993,4.964674999999916
0.47089999999999976,-0.9244000000000006,-0.21379999999999993,284.9241,128.7936,11.874700000000049
0.5173749999999997,-0.8230000000000006,-0.22224999999999995,280.441375,125.59950000000002,2.2121250000000643
0.5596500000000001,-0.7261500000000004,-0.22965000000000005,272.5143000000004,123.52994999999991,-8.128749999999854
0.5554250000000001,-0.6796750000000005,-0.22542500000000004,226.45335000000043,133.91077499999992,-25.97937499999983
0.5512000000000001,-0.6332000000000005,-0.22120000000000004,180.3924000000005,144.2915999999999,-43.82999999999981
0.5227750000000005,-0.6351249999999997,-0.18672500000000056,134.34960000000058,150.02602499999995,-49.84077499999998
0.4847500000000005,-0.6562499999999998,-0.14025000000000062,88.31400000000062,153.91724999999994,-51.15474999999998
0.4526249999999996,-0.686225000000001,-0.1026249999999996,55.02239999999982,160.0652250000002,-50.697249999999926
0.4314999999999996,-0.7327000000000008,-0.08149999999999963,45.49079999999984,170.42070000000018,-46.936999999999934
0.4103750000000003,-0.7791749999999992,-0.060375000000000366,35.959200000000166,180.77617499999982,-43.17675000000006
0.38094999999999957,-0.7841500000000001,-0.07660000000000025,40.84885000000008,194.5761500000002,-45.89465000000004
0.3513749999999996,-0.788375,-0.09350000000000024,45.99912500000006,208.4383750000002,-48.72962500000004
0.34,-0.7926,-0.10779999999999973,46.23540000000006,206.11300000000028,-55.511399999999796
0.34,-0.7968250000000001,-0.12047500000000014,43.40042499999997,193.67037499999986,-64.7599250000001
0.3463000000000003,-0.8073500000000003,-0.13,41.276300000000006,181.4902499999999,-73.13695000000004
0.37164999999999937,-0.8369249999999993,-0.13,41.30165,170.1038750000003,-78.87872499999985
0.3970000000000002,-0.8665000000000002,-0.13,41.327,158.71749999999992,-84.62050000000004
0.37392499999999984,-0.881175,-0.11137499999999989,51.529050000000055,155.5969,-86.458475
0.3443499999999999,-0.89385,-0.09024999999999991,63.09710000000004,153.5858,-87.77245
0.3060749999999999,-0.8913,-0.07782499999999999,76.68137500000003,155.24827500000004,-86.54167499999998
0.25959999999999994,-0.8744,-0.0736,92.16600000000003,160.37320000000003,-82.91239999999999
0.21625,-0.854375,-0.07250000000000001,106.720625,164.290625,-78.924375
0.19090000000000004,-0.81635,-0.08939999999999998,115.91844999999998,161.25285000000002,-72.86995
0.16555000000000006,-0.7783250000000002,-0.10629999999999995,125.11627499999997,158.215075,-66.81552500000001
0.14680000000000007,-0.7370000000000002,-0.11329999999999998,114.55370000000006,155.95940000000002,-66.75719999999998
0.1299000000000001,-0.6947500000000003,-0.11752499999999998,98.45222500000008,153.92295000000001,-68.37959999999998
0.11825000000000002,-0.6630000000000001,-0.12524999999999992,77.45250000000019,154.43799999999996,-69.2985
0.11402500000000003,-0.6461000000000001,-0.13792499999999988,49.52525000000023,158.56159999999997,-69.22245000000001
0.11039999999999991,-0.6307999999999998,-0.1509999999999998,21.733400000000238,162.44000000000003,-68.94740000000004
0.11884999999999991,-0.6476999999999998,-0.17212499999999978,-3.3335249999997245,161.38375000000002,-64.66747500000005
0.1273000000000002,-0.6646000000000004,-0.19325000000000048,-28.400450000000536,160.3275,-60.38754999999991
0.13,-0.6987499999999994,-0.19712500000000008,-44.735999999999834,157.97462500000003,-58.373125000000016
0.13,-0.7409999999999994,-0.19290000000000007,-56.971599999999825,155.01290000000003,-57.422500000000014
0.13132500000000008,-0.7753000000000003,-0.1846999999999997,-63.4712749999999,153.22115,-56.744825
0.13554999999999995,-0.7921999999999998,-0.16780000000000028,-57.41685000000011,153.99009999999998,-56.66455
0.13977500000000007,-0.8091000000000003,-0.15089999999999976,-51.36242499999991,154.75905000000003,-56.584275
0.13599999999999995,-0.8340000000000004,-0.13799999999999982,-27.919999999999675,146.3639999999999,-58.31200000000002
0.1317750000000001,-0.8593499999999995,-0.12532500000000027,-3.499500000000525,137.4534750000002,-60.141424999999956
0.1250999999999999,-0.8896000000000004,-0.10284999999999968,22.028400000000282,124.93899999999985,-62.85285000000003
0.11664999999999992,-0.9234000000000003,-0.07327499999999973,48.35860000000025,109.81349999999986,-66.20327500000003
0.10640000000000044,-0.95,-0.046400000000000434,73.80499999999944,98.53639999999993,-67.04000000000022
0.08949999999999989,-0.95,-0.029499999999999887,95.98625000000015,101.47700000000002,-58.58999999999995
0.07259999999999991,-0.95,-0.01259999999999991,118.16750000000012,104.41760000000002,-50.13999999999996
0.019950000000001758,-0.9142500000000012,-0.006425000000000125,134.00312499999956,104.51965000000001,-38.81212500000035
-0.039200000000000165,-0.8719999999999999,-0.002199999999999989,148.68500000000006,104.1056,-26.96099999999997
-0.06189999999999998,-0.8054499999999999,-0.008100000000000024,155.98575,102.976725,-17.27054999999999
-0.04500000000000057,-0.7125000000000031,-0.024999999999999432,155.2675,101.07125000000006,-9.927500000000247
-0.02287500000000009,-0.6238250000000001,-0.04332499999999996,151.92772500000004,98.8499,-3.1117000000000035
0.04049999999999983,-0.5689000000000002,-0.07289999999999991,127.89170000000006,94.13480000000001,-0.45840000000000725
0.10387499999999761,-0.5139750000000021,-0.10247499999999889,103.8556750000009,89.41970000000018,2.1948999999999
0.1609499999999997,-0.5,-0.12889999999999988,71.90685000000018,90.71794999999999,0.1232000000000193
0.21587499999999962,-0.5,-0.15424999999999983,37.25762500000023,94.06837499999997,-3.560999999999975
0.2531999999999999,-0.5063999999999999,-0.17799999999999983,7.534800000000175,99.16439999999994,-10.709199999999896
0.2616500000000002,-0.5233000000000004,-0.19912500000000052,-14.105650000000526,107.12430000000019,-23.54052500000031
0.26950000000000046,-0.5406999999999994,-0.21975000000000022,-35.58939999999991,115.02229999999997,-36.26234999999996
0.22725000000000053,-0.5998499999999993,-0.19862500000000027,-43.988699999999895,117.75164999999997,-39.840924999999956
0.18499999999999917,-0.6590000000000013,-0.17749999999999957,-52.38800000000017,120.48100000000005,-43.41950000000007
0.17817499999999983,-0.7126999999999993,-0.16727500000000006,-44.52177500000025,119.72235000000003,-42.114875000000055
0.19085000000000024,-0.763400000000001,-0.16304999999999994,-27.702049999999705,117.04369999999996,-38.12224999999993
0.19882499999999995,-0.8117500000000007,-0.16,-3.974499999999324,115.052425,-34.818174999999975
0.19460000000000008,-0.8539999999999992,-0.16,37.683999999999216,114.84540000000001,-33.30140000000003
0.19037499999999993,-0.8962500000000005,-0.16,79.34250000000057,114.638375,-31.784624999999977
0.13224999999999923,-0.9115500000000002,-0.14844999999999986,115.31840000000042,117.01470000000003,-29.020449999999965
0.06887500000000145,-0.9242249999999997,-0.13577500000000028,150.74079999999918,119.64264999999995,-26.134775000000065
-0.017500000000000987,-0.9115999999999997,-0.12539999999999993,174.42630000000014,122.15790000000003,-16.489399999999854
-0.12312500000000084,-0.8777999999999997,-0.11694999999999993,188.2885250000001,124.57882500000002,-1.1864499999998763
-0.21749999999999886,-0.8350000000000023,-0.11074999999999989,198.69325000000015,128.21624999999975,15.122999999999436
-0.2597500000000002,-0.7504999999999995,-0.11497500000000002,193.07822499999997,137.49012500000006,36.095900000000114
-0.30200000000000016,-0.6659999999999997,-0.11920000000000001,187.46319999999997,146.76400000000004,57.06880000000008
-0.2723250000000014,-0.5883500000000024,-0.12684999999999974,166.66172500000076,153.23964999999984,66.2185999999998
-0.22584999999999994,-0.5122999999999999,-0.13530000000000003,142.31304999999998,159.06170000000003,72.6068
-0.16625,-0.46062499999999995,-0.153125,115.200625,159.819375,72.809375
-0.09020000000000267,-0.4395000000000007,-0.18269999999999897,84.62430000000107,154.2297000000002,65.25930000000027
-0.018375000000000058,-0.42357499999999987,-0.20870000000000005,53.607600000000105,148.89385,56.41150000000007
0.0027499999999999122,-0.4700499999999998,-0.19180000000000008,17.30640000000015,146.6039,31.991000000000096
0.023874999999999886,-0.5165249999999998,-0.1749000000000001,-18.994799999999806,144.31395,7.5705000000001315
-0.006000000000001365,-0.5750000000000017,-0.13099999999999853,-36.25200000000025,147.30700000000013,-10.487000000000414
-0.05669999999999959,-0.6383749999999996,-0.07607500000000045,-45.73289999999992,152.45727499999995,-25.946274999999876
-0.09144999999999996,-0.6901499999999998,-0.0327500000000002,-41.41125000000029,157.31609999999995,-31.23670000000013
-0.0956750000000001,-0.7197250000000007,-0.01162499999999952,-10.674374999999298,161.6171500000001,-17.066049999999674
-0.09989999999999996,-0.7492999999999996,0.009499999999999745,20.062499999999627,165.91819999999996,-2.895400000000172
-0.08350000000000023,-0.7417500000000001,0.0017500000000001143,63.623999999999405,176.91412499999987,13.915249999999773
-0.06659999999999969,-0.7332999999999998,-0.006700000000000159,107.49640000000082,188.07235000000023,30.78990000000032
-0.08059999999999945,-0.7171250000000003,-0.01,136.53164999999967,195.64874999999992,39.875174999999935
-0.11440000000000056,-0.6959999999999997,-0.01,156.0596000000003,200.9300000000001,43.969200000000065
-0.1461500000000004,-0.678975,-0.004874999999999692,170.64294999999998,204.54254999999998,49.00212500000012
-0.1714999999999995,-0.6747500000000002,0.016249999999999574,169.78950000000003,202.94550000000004,56.96624999999984
-0.19685000000000033,-0.670525,0.037375000000000255,168.93605,201.34844999999999,64.9303750000001
-0.17779999999999974,-0.6477999999999997,0.058500000000000225,159.30989999999989,194.08669999999992,69.03170000000004
-0.15245000000000064,-0.6224500000000006,0.07962499999999949,148.43897500000026,186.0211750000002,72.58492499999991
-0.11849999999999966,-0.5970999999999997,0.09645000000000009,145.69720000000004,182.54590000000002,71.53714999999995
-0.07624999999999972,-0.5717499999999999,0.10912500000000008,150.80100000000004,183.50075,66.04887499999997
-0.047799999999998455,-0.5494000000000001,0.12239999999999951,154.00880000000024,183.04680000000025,59.11940000000045
-0.10272500000000023,-0.5451750000000001,0.13930000000000006,145.76159999999996,174.08134999999996,43.48267499999994
-0.15765000000000015,-0.54095,0.15620000000000006,137.51439999999997,165.11589999999998,27.845949999999956
-0.1994749999999988,-0.5367250000000001,0.18619999999999892,118.9280250000007,152.79357500000043,21.055000000000135
-0.23750000000000002,-0.5325,0.22,97.3425,139.4975,16.83
-0.25827499999999987,-0.5334500000000003,0.2503500000000008,79.6261499999996,122.25807499999925,18.306125000000314
-0.25405,-0.5419,0.27569999999999995,67.51730000000003,99.30365000000006,28.044749999999972
-0.2510500000000008,-0.551225000000001,0.29982499999999984,56.0561250000001,75.97577499999905,37.5165000000001
-0.27639999999999987,-0.5807999999999999,0.29560000000000003,59.58399999999998,44.00520000000017,40.81199999999998
-0.30174999999999896,-0.6103749999999988,0.29137500000000016,63.11187499999986,12.034625000001292,44.10749999999987
-0.32139999999999985,-0.6342499999999999,0.29284999999999994,88.27694999999972,-20.856499999999734,47.16074999999998
-0.3383000000000004,-0.6553750000000005,0.2970750000000001,123.88102500000086,-54.19175000000081,50.09712500000008
-0.35,-0.67,0.3,158.09799999999967,-83.35789999999977,53.843399999999946
-0.35,-0.67,0.3,189.19400000000067,-103.14357500000042,59.411950000000125
-0.35,-0.67,0.3,220.28999999999957,-122.92924999999973,64.98049999999992
-0.3778249999999985,-0.6183250000000027,0.32384999999999875,223.9465749999999,-124.94667499999996,72.21457499999966
-0.4073999999999995,-0.5634000000000009,0.34919999999999957,225.87739999999997,-125.84659999999998,79.55339999999988
-0.4515250000000009,-0.5133249999999993,0.38182500000000064,221.96882499999987,-134.99880000000024,87.48635000000014
-0.506449999999999,-0.4668500000000009,0.4198499999999993,213.72585000000015,-150.2763999999997,95.86029999999984
-0.5456249999999998,-0.42124999999999946,0.4359999999999991,208.6355000000001,-165.22850000000017,102.07299999999998
-0.5245000000000005,-0.3790000000000009,0.36840000000000145,215.61519999999985,-178.9343999999997,100.01120000000004
-0.5033749999999998,-0.33674999999999955,0.30079999999999923,222.59490000000008,-192.64030000000017,97.94939999999998
-0.4254500000000021,-0.2838500000000013,0.23320000000000163,223.2769,-201.4968999999998,91.19095000000019
-0.3367249999999993,-0.22892499999999957,0.16559999999999947,222.76145,-209.43145000000007,83.53947499999994
-0.28599999999999964,-0.1939999999999995,0.11599999999999881,224.80800000000022,-206.81799999999944,71.71799999999934
-0.27754999999999996,-0.18132499999999993,0.08642499999999984,229.70477500000004,-192.46989999999994,55.25739999999991
-0.2776499999999979,-0.17854999999999763,0.06404999999999887,232.12070000000057,-177.67135000000056,39.779150000000215
-0.3494750000000002,-0.2588250000000002,0.1020750000000001,213.72504999999995,-159.09402499999996,32.54172499999998
-0.4212999999999977,-0.3390999999999974,0.14009999999999878,195.3294000000006,-140.5167000000006,25.304300000000236
-0.47750000000000004,-0.469375,0.19374999999999998,183.261875,-114.776875,33.766875
-0.5282000000000017,-0.6172500000000047,0.2529000000000019,173.4218499999997,-86.51584999999909,47.75585000000045
-0.5379500000000002,-0.7194499999999999,0.291575,193.75567499999983,-56.3160000000001,66.93917499999992
-0.4788000000000022,-0.744799999999999,0.29579999999999984,264.85819999999734,-22.85400000000126,94.86219999999895
-0.41957500000000036,-0.7692750000000006,0.29952500000000043,336.0816249999995,10.582124999999834,122.7350999999999
-0.34774999999999806,-0.6467499999999967,0.21924999999999784,427.6162500000025,39.67125000000078,142.18700000000052
-0.2759250000000006,-0.5242250000000009,0.13897500000000065,519.1508749999994,68.76037499999977,161.63889999999984
-0.21489999999999868,-0.3989999999999969,0.08299999999999898,557.1607000000002,73.57919999999979,177.27030000000033
-0.1599750000000006,-0.2722500000000013,0.04075000000000046,564.9389249999999,64.68980000000009,190.74382499999987
-0.11195000000000135,-0.1673500000000021,0.024949999999997502,562.8444000000013,57.31495000000015,198.06715000000042
-0.08237500000000039,-0.12087500000000062,0.07987499999999928,534.3510000000005,53.98987500000005,188.94537500000013
-0.052799999999999445,-0.07439999999999913,0.13480000000000106,505.8575999999995,50.664799999999936,179.82359999999983
-0.08824999999999932,-0.008800000000001099,0.14764999999999986,477.7390500000005,55.108299999999915,148.50152500000056
-0.13050000000000067,0.05880000000000109,0.15610000000000016,449.65969999999953,60.36420000000008,114.85784999999946
-0.15454999999999983,0.12184999999999889,0.13042500000000104,403.0049750000012,59.404800000000115,89.11980000000035
-0.16299999999999956,0.18099999999999683,0.07550000000000295,340.42850000000334,53.118000000000336,70.15800000000102
-0.15912500000000138,0.22637500000000046,0.03144999999999982,277.63960000000134,46.05835000000023,53.796050000000086
-0.09574999999999934,0.20524999999999977,0.03990000000000009,213.8251999999993,35.267699999999884,49.98509999999996
-0.032374999999997274,0.1841249999999991,0.048350000000000365,150.01079999999726,24.477049999999537,46.174149999999834
0.010600000000000304,0.11199999999999931,0.06360000000000013,111.11839999999975,28.04800000000006,28.69859999999983
0.04862499999999898,0.02750000000000227,0.08049999999999954,78.27325000000089,35.10374999999981,7.90737500000056
0.04779999999999973,-0.06625000000000059,0.08444999999999993,59.88955,45.217550000000074,-11.846000000000103
-0.002900000000001908,-0.171875000000004,0.07177499999999952,60.071225000000005,59.25722500000053,-30.267000000000696
-0.0524000000000001,-0.2727000000000001,0.060300000000000006,62.731500000000096,72.93840000000003,-47.2318
-0.08620000000000119,-0.31072500000000136,0.06452500000000015,97.82012500000123,81.92920000000031,-45.14464999999993
-0.12000000000000001,-0.34875,0.06875,132.90875,90.92,-43.0575
-0.13,-0.3421500000000009,0.0640500000000003,176.44934999999833,101.94272499999958,-38.304750000000205
-0.13,-0.3168000000000001,0.055600000000000024,223.54119999999986,113.81919999999997,-32.432000000000016
-0.13142500000000013,-0.2828999999999985,0.05712500000000063,265.46315000000095,121.55177499999999,-28.65257500000001
-0.13565,-0.23220000000000027,0.07824999999999989,297.2266999999998,121.14195,-28.986349999999998
-0.13987500000000014,-0.18149999999999863,0.09937500000000057,328.99025000000086,120.73212499999998,-29.320125000000008
-0.1522999999999999,-0.10210000000000065,0.13279999999999972,343.0827999999999,80.94590000000034,-30.678899999999988
-0.16497499999999946,-0.021825000000003453,0.16659999999999853,356.6365999999994,39.959175000001764,-32.068924999999936
-0.12410000000000083,0.02274999999999977,0.1468500000000006,344.8434000000003,54.71289999999945,-39.135249999999886
-0.048049999999998365,0.043875000000000455,0.09192499999999881,316.4006999999994,106.0804500000011,-49.93012500000023
-0.008999999999998898,0.05000000000000058,0.054999999999999716,293.4460000000001,148.3939999999998,-60.69399999999986
-0.0892750000000015,0.007749999999999209,0.0761250000000004,288.1900999999999,161.50840000000025,-71.3579000000002
-0.1695499999999987,-0.034499999999999316,0.09724999999999967,282.9342000000001,174.6227999999998,-82.02179999999983
-0.21307499999999807,-0.028975000000000646,0.1,273.33077500000053,168.93590000000046,-78.93017500000026
-0.2510999999999993,-0.016300000000000238,0.1,263.0767000000002,160.43520000000018,-73.7799000000001
-0.267875,0.000625000000000285,0.10637500000000018,256.26937499999997,149.78187499999984,-68.60199999999993
-0.2636500000000001,0.021749999999999544,0.11904999999999974,252.86825000000007,137.00125000000028,-63.39680000000011
-0.26057500000000006,0.04920000000000074,0.13057500000000005,249.8357,124.63117499999989,-62.02397500000025
-0.2647999999999999,0.11679999999999838,0.13479999999999992,249.14280000000002,114.86720000000022,-84.97839999999945
-0.26902500000000007,0.18440000000000056,0.13902500000000004,248.44989999999999,105.10322499999991,-107.9328250000002
-0.2894999999999993,0.18375000000000058,0.14,239.3720000000003,96.64900000000021,-113.80524999999999
-0.31485000000000013,0.16262499999999988,0.14,227.77859999999993,88.58769999999996,-114.553075
-0.32149999999999923,0.1329999999999984,0.15870000000000176,216.33989999999957,79.10519999999956,-111.21579999999965
-0.30037499999999995,0.09074999999999989,0.20517500000000014,205.13097499999998,67.51179999999997,-101.81094999999998
-0.2797000000000003,0.05074999999999932,0.25134999999999874,194.07040000000023,56.59699999999975,-91.86475000000078
-0.27125,0.07187500000000001,0.289375,187.04,64.11749999999999,-67.21187499999999
-0.26279999999999976,0.0930000000000007,0.32740000000000125,180.00959999999978,71.63800000000023,-42.5589999999992
-0.32497499999999974,0.11977499999999994,0.37672499999999987,149.29157500000014,37.286350000000134,-38.98909999999998
-0.42215000000000286,0.14935000000000087,0.43165000000000164,106.83454999999874,-17.816100000001633,-45.8674000000002
-0.45175000000000065,0.17,0.4343000000000006,51.674700000000456,-36.40382500000035,-59.20612499999985
-0.3250000000000051,0.17,0.3160000000000048,-32.875999999996594,29.493499999997354,-87.49249999999887
-0.19825000000000104,0.17,0.19770000000000096,-117.42669999999933,95.39082499999948,-115.77887499999977
-0.26110000000000183,0.1462999999999994,0.16234999999999927,-142.53780000000052,96.14079999999991,-104.64029999999967
-0.3371499999999992,0.12095000000000028,0.1327750000000003,-163.51069999999976,92.35520000000004,-90.75695000000016
-0.40120000000000117,0.14120000000000116,0.09599999999999909,-166.30599999999976,84.61679999999977,-80.64639999999984
-0.4561249999999993,0.19612499999999924,0.05375000000000056,-155.27875000000014,73.87262500000014,-73.4047500000001
-0.5,0.23490000000000122,0.02424999999999898,-152.21769999999862,63.62655000000041,-63.12095000000109
-0.5,0.2095500000000004,0.045374999999999666,-180.78714999999954,55.35822500000013,-40.758025000000366
-0.5,0.1841999999999996,0.06650000000000035,-209.35660000000047,47.089899999999865,-18.395099999999637
-0.45770000000000094,0.11302500000000151,0.055900000000000324,-206.80382500000016,38.64885000000016,-1.280900000000301
-0.4069999999999993,0.03274999999999892,0.03899999999999977,-198.07074999999986,30.173499999999887,14.791000000000217
-0.37407500000000027,-0.029749999999999083,0.037899999999999635,-167.60082500000118,21.72185000000018,34.58577499999948
-0.3614000000000007,-0.07199999999999761,0.05479999999999905,-112.36740000000312,13.297200000000476,58.62179999999864
-0.3521250000000009,-0.11212500000000092,0.07,-55.48327499999692,6.992450000000542,82.3883750000009
-0.3732500000000002,-0.13325000000000017,0.07,16.16005000000058,19.6421000000001,103.74575000000016
-0.3943749999999995,-0.15437499999999943,0.07,87.80337499999807,32.29174999999966,125.10312499999942
-0.34109999999999957,-0.20960000000000037,0.10410000000000025,166.91460000000043,37.26580000000001,143.5868000000001
-0.26082500000000236,-0.277199999999998,0.15057499999999863,248.7359499999976,39.454349999999934,161.02759999999947
-0.19139999999999985,-0.21924999999999922,0.15674999999999983,339.0730000000003,51.046750000000074,164.61294999999996
