-0.10815,-0.23274999999999998,-0.10955000000000001
-0.15,-0.07,-0.17
-0.18255,0.12529999999999994,-0.10955000000000001
-0.21509999999999999,0.32059999999999994,-0.04910000000000001
-0.1173000000000001,0.30260000000000004,-0.08739999999999995
0.0035999999999999643,0.24680000000000002,-0.1432
0.017249999999999995,0.16499999999999998,-0.12099999999999997
-0.015299999999999968,0.07200000000000009,-0.06520000000000005
-0.02235000000000003,-0.010799999999999838,-0.01450000000000011
-0.008400000000000006,-0.08519999999999997,0.03199999999999997
0.0036999999999999915,-0.14479999999999998,0.05260000000000001
0.013000000000000008,-0.18200000000000002,0.03399999999999998
0.016549999999999995,-0.21115,0.016549999999999995
0.002600000000000024,-0.2158,0.002600000000000024
-0.01,-0.22,-0.01
-0.01,-0.22,-0.01
-0.01,-0.22,-0.01
-0.00120000000000001,-0.20240000000000002,-0.01
0.008099999999999987,-0.18380000000000002,-0.01
0.006300000000000008,-0.15780000000000005,-0.017399999999999985
0.0016500000000000093,-0.12990000000000004,-0.02669999999999998
-0.009000000000000022,-0.09899999999999995,-0.023999999999999983
-0.022950000000000016,-0.06644999999999995,-0.014699999999999987
-0.02539999999999999,-0.043099999999999986,-0.01
-0.01610000000000003,-0.029150000000000044,-0.01
-0.008400000000000017,-0.029599999999999904,-0.0036000000000000684
-0.00375,-0.0575,0.015
-0.001799999999999996,-0.0827,0.031799999999999995
-0.011099999999999995,-0.09664999999999999,0.0411
-0.020399999999999956,-0.11019999999999998,0.05019999999999998
-0.02969999999999999,-0.11485,0.054849999999999996
-0.038999999999999986,-0.1195,0.05949999999999999
-0.04,-0.11170000000000002,0.06
-0.04,-0.10240000000000002,0.06
-0.04,-0.1,0.05655000000000001
-0.04,-0.1,0.051900000000000016
-0.03724999999999998,-0.1,0.05275000000000002
-0.03260000000000002,-0.1,0.057399999999999986
-0.03204999999999998,-0.09590000000000004,0.06
-0.03669999999999998,-0.08660000000000004,0.06
-0.0467499999999999,-0.07865000000000003,0.05730000000000004
-0.07000000000000006,-0.074,0.04799999999999997
-0.09519999999999981,-0.06870000000000005,0.04064999999999998
-0.1324000000000001,-0.05939999999999998,0.045300000000000014
-0.1695999999999998,-0.050100000000000054,0.04994999999999998
-0.18840000000000004,-0.05460000000000001,0.05460000000000001
-0.20700000000000002,-0.059250000000000004,0.059250000000000004
-0.22559999999999988,-0.04830000000000009,0.06
-0.24420000000000003,-0.034349999999999985,0.06
-0.26279999999999987,-0.023600000000000065,0.06319999999999996
-0.2814,-0.014299999999999997,0.06785000000000001
-0.2975,-0.0225,0.07
-0.31145,-0.04574999999999999,0.07
-0.32180000000000003,-0.06,0.0718
-0.32645,-0.06,0.07645
-0.3311,-0.05780000000000001,0.08549999999999996
-0.33575,-0.048500000000000015,0.10874999999999997
-0.33880000000000016,-0.04039999999999996,0.12960000000000005
-0.3248499999999999,-0.04505000000000003,0.12494999999999998
-0.3109,-0.049699999999999994,0.1203
-0.2839000000000001,-0.05869999999999998,0.14609999999999992
-0.25600000000000006,-0.06799999999999998,0.1739999999999999
-0.2317499999999999,-0.07365000000000002,0.17634999999999998
-0.2085000000000001,-0.07829999999999998,0.17170000000000002
-0.20589999999999997,-0.08589999999999996,0.17884999999999995
-0.21519999999999997,-0.09519999999999997,0.19279999999999994
-0.21325000000000005,-0.10449999999999995,0.20674999999999993
-0.19929999999999998,-0.11380000000000003,0.22070000000000006
-0.18689999999999998,-0.12310000000000001,0.23465000000000005
-0.17760000000000006,-0.13239999999999996,0.24859999999999993
-0.17169999999999988,-0.1374500000000002,0.26339999999999975
-0.1810000000000001,-0.12349999999999987,0.28200000000000014
-0.18969999999999998,-0.10954999999999998,0.3009
-0.18040000000000006,-0.0956000000000001,0.3287999999999998
-0.1711,-0.08164999999999999,0.3567
-0.1822999999999999,-0.07180000000000007,0.3559
-0.19625,-0.0625,0.35124999999999995
-0.20339999999999997,-0.05660000000000004,0.3567999999999999
-0.20804999999999998,-0.05195,0.3661
-0.2019000000000001,-0.04190000000000012,0.38619999999999977
-0.18795,-0.027950000000000016,0.41409999999999997
-0.1659999999999998,-0.017999999999999974,0.4360000000000001
-0.13345000000000007,-0.01335000000000001,0.44994999999999996
-0.11389999999999986,-0.011299999999999954,0.46519999999999984
-0.12784999999999996,-0.01594999999999999,0.48379999999999995
-0.14360000000000014,-0.023000000000000118,0.5012000000000001
-0.17149999999999993,-0.04624999999999993,0.5105
-0.19939999999999972,-0.06949999999999976,0.5197999999999999
-0.21819999999999992,-0.10184999999999989,0.5154500000000001
-0.23680000000000007,-0.13440000000000013,0.5108
-0.22075000000000009,-0.14769999999999997,0.5330999999999999
-0.19749999999999993,-0.15700000000000003,0.561
-0.17110000000000014,-0.16629999999999995,0.5794499999999999
-0.14320000000000035,-0.17559999999999987,0.5933999999999998
-0.13244999999999998,-0.18979999999999989,0.6146999999999998
-0.13710000000000003,-0.20840000000000003,0.6426000000000001
-0.15574999999999978,-0.22174999999999997,0.6617500000000001
-0.19759999999999942,-0.22639999999999993,0.6664
-0.24470000000000056,-0.23420000000000019,0.6742000000000001
-0.3098,-0.2528,0.6928
-0.37279999999999974,-0.26965000000000006,0.70965
-0.41000000000000003,-0.265,0.705
-0.4471999999999997,-0.26035,0.70035
-0.4328,-0.22560000000000002,0.7172
-0.4142000000000001,-0.18840000000000032,0.7357999999999998
-0.3884,-0.16200000000000003,0.7652
-0.3605000000000002,-0.1387500000000002,0.7977499999999997
-0.35,-0.14159999999999998,0.8216
-0.35,-0.16020000000000012,0.8402000000000001
-0.35,-0.17659999999999998,0.85
-0.35,-0.19055000000000008,0.85
-0.3589999999999999,-0.21649999999999986,0.8559999999999999
-0.3869000000000001,-0.2676500000000002,0.8746
-0.4171999999999992,-0.31879999999999903,0.8931999999999997
-0.4590499999999995,-0.3699499999999994,0.9117999999999998
-0.5006000000000003,-0.42,0.9304000000000002
-0.5284999999999996,-0.42,0.9489999999999997
-0.5563999999999999,-0.42,0.9675999999999999
-0.5681,-0.3875999999999999,0.9943000000000001
-0.5773999999999999,-0.3504000000000002,1.0221999999999998
-0.56995,-0.30649999999999994,1.0501
-0.5560000000000002,-0.2600000000000003,1.0779999999999998
-0.5685500000000001,-0.2347,1.08205
-0.6011000000000003,-0.2253999999999999,1.0681
-0.6336499999999995,-0.22779999999999972,1.0638999999999998
-0.6661999999999997,-0.24639999999999987,1.0732
-0.6862500000000001,-0.26499999999999974,1.08125
-0.6723000000000001,-0.28359999999999985,1.0859
-0.65945,-0.30165,1.08945
-0.6548,-0.3155999999999999,1.0848000000000002
-0.65015,-0.32955,1.0801500000000002
-0.6814999999999997,-0.3704999999999996,1.0935
-0.71405,-0.4123499999999999,1.10745
-0.7428000000000001,-0.45800000000000024,1.1176000000000001
-0.7706999999999995,-0.5044999999999992,1.1268999999999998
-0.8110000000000003,-0.5262000000000001,1.1424
-0.8575000000000006,-0.5355000000000002,1.1610000000000003
-0.8704000000000002,-0.5328000000000002,1.1795999999999998
-0.8518,-0.51885,1.1982
-0.8315000000000006,-0.51,1.2133999999999998
-0.8082500000000005,-0.51,1.2227
-0.79,-0.5170000000000006,1.2279999999999998
-0.79,-0.5495499999999999,1.2187000000000001
-0.7921000000000001,-0.5827000000000001,1.2109
-0.8246499999999993,-0.6245499999999992,1.2248499999999998
-0.8571999999999995,-0.6663999999999994,1.2388
-0.8727499999999999,-0.67425,1.2697499999999997
-0.8867,-0.6789000000000001,1.3023
-0.8971000000000001,-0.6942000000000002,1.3029
-0.9063999999999999,-0.7127999999999998,1.2936
-0.91285,-0.7256999999999999,1.3099499999999997
-0.9175,-0.735,1.3425
-0.9264499999999997,-0.7335500000000003,1.3664499999999997
-0.9403999999999998,-0.7196000000000002,1.3803999999999998
-0.9586999999999998,-0.7056500000000001,1.3972499999999997
-0.9865999999999999,-0.6917,1.4204999999999999
-1.0137500000000002,-0.6830000000000002,1.4369999999999998
-1.0369999999999997,-0.7015999999999997,1.4184000000000003
-1.0601999999999998,-0.7200999999999999,1.4
-1.0788,-0.7293999999999999,1.4
-1.0974000000000002,-0.7387,1.4
-1.104,-0.7319999999999999,1.396
-1.1086500000000001,-0.7227000000000001,1.3913499999999999
-1.1001,-0.7134,1.39
-1.08615,-0.7041,1.39
-1.08,-0.7181999999999993,1.3977999999999997
-1.08,-0.7507499999999996,1.4117499999999998
-1.1027999999999998,-0.7946999999999997,1.4238
-1.1586,-0.8551500000000002,1.4331
-1.2180000000000006,-0.9120000000000005,1.4424000000000001
-1.287749999999999,-0.9584999999999994,1.4516999999999998
-1.3535,-0.9995,1.4595
-1.38605,-0.99485,1.45485
-1.4185999999999992,-0.9902000000000001,1.4502000000000002
-1.4288999999999998,-0.9544000000000006,1.4633499999999997
-1.4382,-0.9172000000000003,1.4772999999999998
-1.4249999999999998,-0.91,1.48375
-1.4063999999999999,-0.91,1.4884
-1.4060999999999997,-0.9160999999999999,1.4808500000000002
-1.4153999999999998,-0.9254,1.4669
-1.4458499999999983,-0.9393999999999995,1.4717499999999992
-1.4970000000000003,-0.9580000000000001,1.495
-1.5415500000000004,-0.97,1.5116500000000002
-1.5740999999999998,-0.97,1.5163
-1.6095,-0.9681,1.51715
-1.6559999999999988,-0.9588000000000002,1.5032000000000003
-1.6987500000000004,-0.9497500000000001,1.4877500000000008
-1.6755000000000002,-0.9451,1.4459000000000004
-1.65225,-0.94045,1.40405
-1.671,-0.9946000000000003,1.3705999999999998
-1.6942500000000003,-1.0550500000000007,1.3380499999999997
-1.7454999999999992,-1.136499999999999,1.3195000000000003
-1.8059499999999997,-1.2248499999999996,1.3055500000000002
-1.8467999999999993,-1.26,1.3251999999999988
-1.8746999999999994,-1.26,1.367049999999999
-1.8710999999999993,-1.234799999999999,1.3921
-1.8292500000000003,-1.1790000000000003,1.39675
-1.7832,-1.1358,1.3943999999999999
-1.7274000000000012,-1.1218500000000002,1.3758000000000004
-1.687699999999999,-1.1155999999999995,1.3627999999999998
-1.7388499999999996,-1.1527999999999998,1.3814
-1.79,-1.19,1.4
-1.8318500000000002,-1.2132500000000002,1.4
-1.8736999999999993,-1.2364999999999997,1.4
-1.9115999999999995,-1.2479,1.4157999999999997
-1.9487999999999999,-1.2572,1.4344
-1.9372500000000008,-1.2729999999999995,1.44
-1.9047000000000005,-1.2915999999999996,1.44
-1.9027499999999997,-1.3,1.44
-1.926,-1.3,1.44
-1.9455500000000001,-1.3092500000000002,1.4363
-1.9594999999999998,-1.3324999999999996,1.427
-1.9780499999999996,-1.35115,1.4257499999999996
-2.0105999999999997,-1.3558000000000001,1.4489999999999998
-2.0382000000000007,-1.3617999999999997,1.4704499999999998
-2.0195999999999996,-1.3804000000000003,1.4751
-2.0010000000000003,-1.3989999999999998,1.47975
-1.9912,-1.3956,1.4624000000000001
-1.9819,-1.39095,1.4438
-1.98,-1.3825999999999998,1.4474
-1.98,-1.3733000000000004,1.4566999999999997
-1.98,-1.3430000000000004,1.4719999999999998
-1.98,-1.30115,1.4906
-1.9869,-1.2684999999999997,1.5046000000000002
-2.0008500000000002,-1.2452499999999995,1.5139000000000002
-1.9828000000000028,-1.2443999999999984,1.5231999999999997
-1.9037500000000023,-1.2862499999999988,1.5324999999999998
-1.84,-1.3262999999999994,1.5417999999999998
-1.84,-1.3588499999999994,1.5511
-1.8424000000000014,-1.3883999999999992,1.5595999999999999
-1.8981999999999983,-1.351200000000001,1.5503000000000002
-1.9539999999999986,-1.314000000000001,1.5410000000000004
-1.9848999999999994,-1.2477500000000012,1.54415
-2.0128,-1.1780000000000006,1.5488
-1.9648000000000003,-1.1117000000000001,1.5258500000000002
-1.8903999999999996,-1.0465999999999998,1.4932999999999998
-1.832500000000001,-1.0392499999999993,1.4772500000000002
-1.7860000000000005,-1.0717999999999996,1.4726000000000001
-1.7477,-1.1207499999999997,1.4618
-1.7197999999999998,-1.1905000000000003,1.4431999999999998
-1.69865,-1.2494500000000004,1.4218999999999997
-1.694,-1.2819999999999996,1.3940000000000003
-1.69065,-1.3041500000000004,1.3667500000000001
-1.6953,-1.2623,1.3435000000000001
-1.69995,-1.2204499999999996,1.32025
-1.6815999999999995,-1.1831999999999994,1.3292000000000002
-1.6630000000000007,-1.1460000000000012,1.3384999999999998
-1.66,-1.1322000000000003,1.3594999999999993
-1.66,-1.1229000000000002,1.3827499999999995
-1.6376000000000004,-1.0880000000000007,1.3836000000000002
-1.6050499999999992,-1.041499999999999,1.3742999999999999
-1.5825000000000005,-1.0175,1.3600000000000008
-1.5685500000000003,-1.01285,1.3414000000000006
-1.5510000000000004,-1.0279999999999994,1.3228000000000004
-1.5277500000000002,-1.0744999999999996,1.3042000000000002
-1.51,-1.1166,1.2911000000000001
-1.51,-1.1444999999999994,1.29575
-1.5084000000000004,-1.1672000000000005,1.3015999999999996
-1.4898000000000002,-1.1346500000000004,1.3201999999999998
-1.4712,-1.1021,1.3388
-1.4351999999999998,-1.0434499999999998,1.3008499999999998
-1.3980000000000006,-0.9830000000000011,1.2590000000000008
-1.3827,-0.9335000000000004,1.2317500000000003
-1.3734000000000002,-0.8870000000000001,1.2085000000000001
-1.36115,-0.87885,1.2177
-1.3472,-0.8928000000000001,1.2456000000000003
-1.3040000000000032,-0.9022499999999998,1.2734999999999987
-1.2296000000000027,-0.9068999999999998,1.301399999999999
-1.1583000000000019,-0.9084500000000002,1.3153500000000005
-1.0931999999999993,-0.9037999999999999,1.3014
-1.0357499999999997,-0.8957499999999996,1.2882999999999998
-1.0124999999999995,-0.8724999999999994,1.2789999999999997
-0.9907499999999994,-0.8473000000000024,1.268950000000001
-1.0139999999999996,-0.7636000000000018,1.2364000000000006
-1.0372499999999998,-0.6799000000000013,1.2038500000000005
-1.0768999999999997,-0.6372000000000003,1.1795000000000002
-1.11875,-0.6,1.15625
-1.0858000000000032,-0.6137999999999982,1.136400000000001
-1.0253500000000029,-0.6463499999999985,1.117800000000001
-0.9811000000000013,-0.7112999999999966,1.1369999999999982
-0.9485499999999991,-0.7996500000000026,1.1835000000000013
-0.9279999999999998,-0.8660000000000013,1.2079999999999997
-0.9233500000000001,-0.9031999999999993,1.2033500000000001
-0.92,-0.9222000000000004,1.1831000000000005
-0.92,-0.8943000000000001,1.1226500000000001
-0.9176,-0.8633999999999997,1.0657999999999999
-0.8989999999999998,-0.8122499999999994,1.0332499999999996
-0.8804000000000007,-0.7611000000000021,1.0007000000000013
-0.9027499999999993,-0.7372500000000007,0.9863500000000005
-0.9259999999999994,-0.7140000000000006,0.9724000000000004
-0.9069000000000006,-0.7292499999999995,0.9815499999999997
-0.8790000000000003,-0.7524999999999997,0.9954999999999998
-0.8385000000000002,-0.75055,0.9874
-0.7919999999999999,-0.7365999999999999,0.9687999999999999
-0.7798000000000002,-0.7054999999999996,0.9428499999999996
-0.7984000000000003,-0.6589999999999993,0.9102999999999994
-0.8029999999999996,-0.6089999999999987,0.8847499999999997
-0.7844000000000005,-0.5532000000000017,0.8708000000000004
-0.760550000000001,-0.49950000000000105,0.8631499999999996
-0.7187000000000007,-0.4530000000000007,0.8770999999999998
-0.6796500000000001,-0.40825000000000017,0.8872000000000003
-0.675,-0.385,0.8500000000000001
-0.6703500000000003,-0.36175000000000124,0.8128000000000021
-0.631300000000002,-0.37289999999999934,0.7971000000000007
-0.5894500000000016,-0.38684999999999947,0.7831500000000006
-0.5260000000000022,-0.4367999999999981,0.8123999999999987
-0.4562500000000017,-0.4972499999999985,0.854249999999999
-0.43,-0.5315999999999997,0.907699999999999
-0.43,-0.5501999999999999,0.9681499999999994
-0.42560000000000003,-0.5380000000000001,0.9890000000000001
-0.41629999999999995,-0.4914999999999998,0.9657499999999999
-0.4205000000000004,-0.4434999999999994,0.9199999999999988
-0.4530500000000006,-0.392349999999999,0.8269999999999982
-0.48319999999999935,-0.3412000000000017,0.7420000000000015
-0.5017999999999995,-0.29005000000000136,0.6955000000000012
-0.5197000000000003,-0.23960000000000037,0.6501999999999999
-0.5057500000000001,-0.22100000000000022,0.6594999999999999
-0.49180000000000007,-0.2024000000000001,0.6688
-0.4738000000000011,-0.20809999999999945,0.7185999999999968
-0.4551999999999998,-0.2174000000000001,0.7744000000000005
-0.44329999999999986,-0.21664999999999993,0.7967000000000002
-0.4339999999999998,-0.21199999999999988,0.8060000000000003
-0.411449999999999,-0.1993999999999994,0.791449999999999
-0.3789000000000007,-0.1808000000000004,0.7589000000000007
-0.36,-0.1622000000000003,0.7263500000000005
-0.36,-0.14360000000000014,0.6938000000000003
-0.3475,-0.13125,0.6625000000000001
-0.30099999999999966,-0.13590000000000005,0.6345999999999998
-0.252300000000003,-0.1438499999999985,0.6094500000000002
-0.18720000000000253,-0.17639999999999872,0.6048000000000001
-0.12210000000000207,-0.20894999999999897,0.6001500000000001
-0.12899999999999978,-0.23699999999999932,0.6
-0.13829999999999984,-0.2648999999999995,0.6
-0.19699999999999931,-0.24340000000000034,0.5848000000000002
-0.2667499999999998,-0.2108500000000001,0.5662
-0.29,-0.1969,0.5351999999999999
-0.29,-0.19224999999999995,0.49799999999999955
-0.2587999999999988,-0.17319999999999935,0.4751999999999998
-0.19835000000000208,-0.1406500000000011,0.4659000000000003
-0.14980000000000077,-0.10470000000000113,0.4549000000000004
-0.12190000000000055,-0.06285000000000082,0.4409500000000003
-0.1,-0.029000000000000054,0.42200000000000043
-0.1,-0.024350000000000024,0.38480000000000014
-0.10270000000000011,-0.02,0.3484999999999999
-0.14454999999999785,-0.02,0.32525000000000115
-0.18639999999999815,-0.02,0.302000000000001
-0.18575000000000016,-0.024249999999999827,0.2872500000000005
-0.18110000000000012,-0.028899999999999863,0.27330000000000043
-0.14804999999999835,-0.05485000000000127,0.2735500000000002
-0.10620000000000061,-0.08739999999999953,0.27819999999999995
-0.07005000000000024,-0.1170999999999998,0.26860000000000017
-0.0375,-0.14500000000000002,0.25
-0.039350000000000315,-0.1470999999999998,0.23139999999999986
-0.08120000000000062,-0.1191999999999996,0.21279999999999974
-0.11579999999999926,-0.09565000000000055,0.18550000000000183
-0.1343999999999994,-0.08170000000000045,0.13900000000000148
-0.1492500000000001,-0.07224999999999966,0.0947500000000008
-0.1446000000000001,-0.08619999999999976,0.06220000000000056
-0.1398000000000002,-0.10004999999999996,0.030199999999999817
-0.1212000000000012,-0.10469999999999971,0.04879999999999882
-0.10259999999999991,-0.10935000000000003,0.0674000000000001
-0.11600000000000024,-0.10199999999999988,0.05799999999999983
-0.13460000000000039,-0.09269999999999981,0.04404999999999973
-0.12349999999999939,-0.08669999999999987,0.030099999999999627
-0.10025000000000063,-0.08205000000000012,0.016150000000000376
-0.10299999999999954,-0.0774000000000001,0.01519999999999982
-0.12624999999999972,-0.07275000000000006,0.024499999999999886
-0.14,-0.07569999999999993,0.03189999999999998
-0.14,-0.08965000000000004,0.03655000000000001
-0.14239999999999953,-0.10479999999999906,0.03880000000000024
-0.1516999999999996,-0.12339999999999919,0.03415000000000021
-0.15950000000000017,-0.14399999999999863,0.029500000000000172
-0.15485000000000013,-0.18119999999999892,0.024850000000000136
-0.15020000000000008,-0.21839999999999918,0.020200000000000103
-0.12330000000000041,-0.21110000000000015,0.02
-0.0954000000000002,-0.2018000000000001,0.02
-0.09375,-0.17375000000000002,0.02375
-0.09840000000000004,-0.14119999999999977,0.028400000000000033
-0.12135000000000049,-0.11474999999999966,0.026949999999999932
-0.15390000000000073,-0.0914999999999995,0.022299999999999896
-0.17939999999999942,-0.06355000000000104,0.0035500000000010384
-0.19799999999999954,-0.031000000000000798,-0.028999999999999203
-0.17700000000000157,0.07414999999999594,-0.09454999999999783
-0.0840000000000009,0.3112999999999977,-0.22009999999999877
-0.032799999999999746,0.49240000000000006,-0.29910000000000025
-0.14439999999999373,0.4552000000000021,-0.19680000000000575
-0.24850000000000136,0.41200000000000725,-0.0982500000000016
-0.22060000000000116,0.2632000000000062,-0.06570000000000135
-0.19270000000000095,0.1144000000000051,-0.033150000000001116
-0.16479999999999906,0.015999999999996822,0.03300000000000239
-0.13690000000000055,-0.07699999999999818,0.10274999999999863
-0.08100000000000081,-0.2119999999999982,0.13749999999999973
-0.015900000000000324,-0.3607999999999993,0.1607499999999999
0.054800000000000196,-0.45640000000000014,0.15879999999999997
0.12920000000000073,-0.5168500000000006,0.14019999999999982
0.14270000000000266,-0.55,0.12370000000000062
0.08225000000000221,-0.55,0.10975000000000051
0.021800000000001776,-0.5625999999999988,0.0930000000000007
-0.038649999999998665,-0.6044499999999992,0.06975000000000052
-0.0879000000000002,-0.6246000000000015,0.043700000000000606
