0.0459,-0.018500000000000072,-0.3764
0.05,0.33,-0.36
-0.01150000000000001,0.35050000000000003,-0.31489999999999996
-0.07300000000000001,0.371,-0.2698
-0.0816,0.2995,-0.2477
-0.048799999999999996,0.15599999999999994,-0.24359999999999998
-0.016499999999999987,0.016999999999999932,-0.23399999999999996
0.012199999999999996,-0.08959999999999999,-0.1848
0.040900000000000006,-0.19620000000000004,-0.13559999999999997
0.05,-0.258,-0.10319999999999999
0.05,-0.29900000000000004,-0.07859999999999998
0.04499999999999998,-0.326,-0.06900000000000005
0.02450000000000001,-0.3096,-0.10589999999999998
0.0040000000000000036,-0.29319999999999996,-0.14279999999999998
-0.006600000000000002,-0.25039999999999996,-0.1566
-0.014800000000000004,-0.2012,-0.1648
-0.02,-0.15799999999999997,-0.1655
-0.02,-0.12519999999999998,-0.1532
-0.02,-0.09240000000000001,-0.14090000000000003
-0.02380000000000001,-0.07099999999999995,-0.1324
-0.02789999999999999,-0.050500000000000045,-0.12420000000000002
-0.03,-0.03199999999999996,-0.12
-0.03,-0.015600000000000024,-0.12
-0.030599999999999985,0.00019999999999999532,-0.12
-0.042899999999999994,0.004299999999999997,-0.12
-0.05519999999999999,0.0084,-0.12
-0.055,0.004999999999999999,-0.11499999999999999
-0.046799999999999994,-0.003200000000000003,-0.1068
-0.03860000000000003,-0.012799999999999943,-0.1
-0.03039999999999999,-0.02920000000000002,-0.1
-0.022200000000000025,-0.04559999999999995,-0.1
-0.016999999999999994,-0.053000000000000005,-0.09099999999999998
-0.012900000000000009,-0.05709999999999999,-0.07870000000000003
-0.014800000000000042,-0.056399999999999964,-0.07
-0.031200000000000047,-0.044099999999999966,-0.07
-0.04759999999999998,-0.031800000000000016,-0.07
-0.07449999999999998,-0.026500000000000003,-0.0875
-0.10320000000000011,-0.022399999999999986,-0.10800000000000008
-0.1302000000000001,-0.02,-0.12
-0.15479999999999988,-0.02,-0.12
-0.1793999999999999,-0.02,-0.12
-0.176,-0.02,-0.12
-0.17190000000000003,-0.02,-0.12
-0.16120000000000007,-0.024399999999999977,-0.12
-0.14480000000000004,-0.03259999999999998,-0.12
-0.12800000000000006,-0.04079999999999998,-0.1204
-0.10750000000000004,-0.04899999999999999,-0.1245
-0.08700000000000004,-0.05719999999999999,-0.1286
-0.08539999999999999,-0.07079999999999999,-0.11920000000000001
-0.0936,-0.08719999999999999,-0.10280000000000002
-0.1027,-0.1054,-0.0882
-0.115,-0.13,-0.08
-0.1273,-0.15460000000000002,-0.0718
-0.14600000000000002,-0.16,-0.057199999999999994
-0.1665,-0.16,-0.04079999999999998
-0.19259999999999972,-0.15020000000000022,-0.028600000000000028
-0.22950000000000007,-0.12149999999999994,-0.024499999999999994
-0.2664000000000001,-0.09279999999999994,-0.02039999999999999
-0.2810999999999999,-0.07150000000000012,-0.008900000000000076
-0.29339999999999994,-0.05100000000000012,0.0033999999999999283
-0.30950000000000005,-0.03429999999999996,0.006199999999999975
-0.33000000000000007,-0.021999999999999957,-0.002000000000000028
-0.35029999999999994,-0.01,-0.01
-0.3625999999999999,-0.01,-0.01
-0.37489999999999996,-0.01,-0.01
-0.35119999999999973,-0.00039999999999992125,-0.01
-0.30199999999999977,0.016000000000000084,-0.01
-0.2521999999999997,0.029399999999999975,-0.005799999999999833
-0.19890000000000016,0.02530000000000001,0.02289999999999992
-0.14560000000000015,0.02120000000000001,0.05159999999999993
-0.11840000000000003,0.0026000000000000467,0.07449999999999996
-0.10200000000000004,-0.02199999999999996,0.09499999999999996
-0.09329999999999987,-0.04879999999999968,0.11329999999999987
-0.10560000000000008,-0.08160000000000026,0.1256000000000001
-0.11789999999999999,-0.11439999999999997,0.1379
-0.1234,-0.14039999999999997,0.1434
-0.1275,-0.16499999999999998,0.1475
-0.13159999999999997,-0.18319999999999992,0.15319999999999992
-0.13569999999999993,-0.19139999999999988,0.16139999999999988
-0.13979999999999998,-0.19959999999999994,0.16959999999999995
-0.15170000000000003,-0.1883,0.1739
-0.16400000000000015,-0.17599999999999988,0.17800000000000005
-0.1679,-0.16369999999999998,0.18
-0.16380000000000003,-0.1514000000000001,0.18
-0.16120000000000007,-0.13909999999999997,0.18
-0.17759999999999992,-0.12680000000000008,0.18
-0.19399999999999978,-0.11450000000000017,0.18
-0.2285999999999998,-0.11259999999999998,0.19559999999999989
-0.27370000000000017,-0.11670000000000001,0.2202000000000001
-0.31,-0.12,0.24
-0.31,-0.12,0.24
-0.31,-0.12,0.24
-0.2944999999999999,-0.1075999999999999,0.2586000000000001
-0.2740000000000001,-0.09120000000000004,0.2831999999999999
-0.25090000000000034,-0.08129999999999996,0.3051999999999998
-0.22220000000000006,-0.08539999999999999,0.3216
-0.1934999999999998,-0.08950000000000002,0.33800000000000013
-0.1936,-0.09359999999999999,0.3472
-0.19770000000000004,-0.09770000000000004,0.35540000000000005
-0.2054,-0.1018,0.3618
-0.2176999999999999,-0.10589999999999997,0.36589999999999995
-0.23,-0.11,0.37
-0.23409999999999997,-0.12639999999999987,0.3781999999999999
-0.2382,-0.1428,0.3864
-0.24230000000000004,-0.1615000000000002,0.39460000000000006
-0.2464,-0.18200000000000002,0.4028
-0.2519999999999999,-0.20049999999999998,0.4105
-0.2684,-0.2046,0.41459999999999997
-0.2847999999999999,-0.20869999999999997,0.41869999999999996
-0.2816000000000002,-0.21839999999999982,0.42839999999999984
-0.2692999999999999,-0.23070000000000013,0.44070000000000015
-0.24799999999999983,-0.24400000000000005,0.44799999999999995
-0.19880000000000025,-0.2603999999999999,0.4398
-0.14959999999999982,-0.2768000000000001,0.4316
-0.14989999999999995,-0.29319999999999996,0.43
-0.16219999999999987,-0.3095999999999998,0.43
-0.1804999999999999,-0.32299999999999995,0.4389999999999999
-0.20919999999999966,-0.33119999999999994,0.4635999999999997
-0.23789999999999992,-0.3394,0.4881999999999999
-0.24380000000000002,-0.34380000000000005,0.5128000000000001
-0.24789999999999998,-0.3479,0.5374
-0.25,-0.36200000000000015,0.5620000000000002
-0.25,-0.38659999999999994,0.5866
-0.25119999999999976,-0.41159999999999963,0.61
-0.2758,-0.44439999999999996,0.61
-0.3003999999999998,-0.4771999999999997,0.61
-0.3174999999999998,-0.48500000000000015,0.6224999999999996
-0.3297999999999999,-0.47680000000000006,0.6429999999999998
-0.3372000000000003,-0.46510000000000046,0.6634999999999996
-0.32079999999999986,-0.43639999999999973,0.6840000000000002
-0.30439999999999995,-0.40769999999999995,0.7045
-0.2879999999999998,-0.38799999999999985,0.7190000000000001
-0.27159999999999995,-0.3716,0.7313000000000001
-0.2648000000000002,-0.36360000000000015,0.7472000000000003
-0.28120000000000006,-0.3759,0.7718
-0.2975999999999999,-0.38819999999999993,0.7963999999999999
-0.2965,-0.4075000000000001,0.8035000000000001
-0.2924,-0.4279999999999999,0.8076
-0.2967999999999998,-0.4433999999999999,0.8066000000000002
-0.3131999999999999,-0.4516,0.7984000000000001
-0.32959999999999984,-0.45979999999999993,0.7902000000000001
-0.35799999999999993,-0.4919999999999999,0.8099999999999999
-0.3866999999999997,-0.5247999999999996,0.8304999999999998
-0.41759999999999936,-0.5619999999999992,0.8575999999999994
-0.4504000000000002,-0.6030000000000003,0.8904000000000002
-0.48280000000000045,-0.64,0.9187999999999998
-0.5115000000000002,-0.64,0.9065
-0.5402,-0.64,0.8942
-0.5689000000000003,-0.6318999999999999,0.8927
-0.5976,-0.6196,0.8968
-0.6209,-0.6072999999999998,0.9045000000000002
-0.625,-0.595,0.925
-0.6291,-0.5827000000000001,0.9454999999999998
-0.6396000000000001,-0.5863999999999999,0.966
-0.6518999999999999,-0.5945999999999999,0.9864999999999998
-0.6627999999999997,-0.6013999999999998,1.0013999999999998
-0.6709999999999999,-0.6054999999999999,1.0055
-0.6791999999999999,-0.6095999999999999,1.0096
-0.6873999999999998,-0.6321999999999994,1.01
-0.6956,-0.6568,1.01
-0.7113999999999998,-0.6757,1.0175999999999998
-0.7360000000000005,-0.6880000000000003,1.0340000000000005
-0.7603000000000002,-0.7002,1.0503000000000002
-0.7726000000000001,-0.7084,1.0626000000000002
-0.7848999999999999,-0.7165999999999999,1.0749
-0.7995999999999999,-0.7391999999999996,1.0728000000000002
-0.8160000000000002,-0.7720000000000005,1.0604999999999998
-0.8360000000000002,-0.8024000000000001,1.0524000000000002
-0.8769999999999999,-0.8188,1.0688
-0.9179999999999996,-0.8351999999999998,1.0852
-0.9444999999999997,-0.8515999999999997,1.0986999999999998
-0.9649999999999994,-0.8679999999999995,1.1109999999999998
-0.9767,-0.8745,1.1156000000000001
-0.9644,-0.8540000000000002,1.0992000000000002
-0.9520999999999997,-0.8334999999999996,1.0827999999999998
-0.9772000000000003,-0.8129999999999998,1.08
-1.01,-0.7925,1.08
-1.0348,-0.7847999999999999,1.0784
-1.0471000000000004,-0.7971000000000003,1.0743
-1.0594000000000001,-0.8094000000000001,1.0702
-1.0405,-0.8529000000000001,1.0934
-1.0200000000000002,-0.8979999999999997,1.1179999999999997
-1.0079,-0.9514999999999991,1.1488999999999994
-1.0038,-1.0130000000000008,1.1858000000000004
-1.0012,-1.0706,1.2194
-1.0175999999999998,-1.0788,1.2112
-1.0339999999999998,-1.087,1.203
-1.0815999999999986,-1.0744000000000007,1.1792000000000007
-1.147199999999998,-1.0498000000000007,1.146400000000001
-1.2127999999999997,-1.0284,1.1128000000000002
-1.2784000000000015,-1.0201999999999998,1.0758999999999992
-1.344000000000001,-1.0119999999999998,1.0389999999999995
-1.4065000000000003,-1.0317000000000003,1.0703000000000003
-1.468,-1.0604,1.1235999999999997
-1.5022000000000002,-1.0955999999999995,1.1781999999999992
-1.4775999999999996,-1.1448000000000007,1.235600000000001
-1.4529999999999998,-1.1940000000000004,1.2930000000000004
-1.4716,-1.2468,1.3036
-1.4961999999999998,-1.3000999999999996,1.3077
-1.5441999999999987,-1.3228000000000004,1.3064000000000002
-1.6220999999999979,-1.3064000000000004,1.2982000000000002
-1.7,-1.29,1.29
-1.6877,-1.2203000000000006,1.2818
-1.6754000000000002,-1.1506000000000012,1.2736
-1.612499999999999,-1.1038999999999999,1.2792000000000001
-1.5099999999999998,-1.0752,1.2956
-1.4175,-1.0554999999999997,1.3144999999999998
-1.3969999999999996,-1.100600000000001,1.3514000000000006
-1.3764999999999998,-1.1457000000000004,1.3883000000000003
-1.3532,-1.1852,1.4083999999999999
-1.3286000000000002,-1.2220999999999997,1.4206999999999999
-1.313,-1.2719999999999987,1.4309999999999998
-1.3252999999999997,-1.362199999999998,1.4350999999999998
-1.3376000000000001,-1.4524000000000004,1.4392
-1.4620999999999995,-1.5194999999999999,1.4664
-1.6137999999999981,-1.5809999999999993,1.4991999999999996
-1.71,-1.6095000000000006,1.5170000000000001
-1.71,-1.5808000000000009,1.5088000000000001
-1.71,-1.5521,1.5006
-1.7176000000000002,-1.4739999999999982,1.461999999999999
-1.7258,-1.3919999999999988,1.4209999999999994
-1.726,-1.35,1.394
-1.7178,-1.35,1.3817000000000002
-1.7096,-1.3519999999999996,1.3696000000000002
-1.7013999999999998,-1.3930000000000007,1.3614
-1.6931999999999998,-1.4340000000000004,1.3532
-1.6949999999999998,-1.4449999999999998,1.3475000000000001
-1.7031999999999998,-1.4368,1.3434000000000001
-1.7086000000000001,-1.4251000000000005,1.3386000000000002
-1.7004000000000001,-1.3964000000000008,1.3304000000000002
-1.6922,-1.3677000000000001,1.3222
-1.6390000000000005,-1.3480000000000003,1.323
-1.569300000000001,-1.3316000000000003,1.3271
-1.5020000000000016,-1.3235999999999999,1.3323999999999998
-1.4405,-1.3359,1.3406
-1.3790000000000004,-1.3482,1.3488
-1.3735000000000002,-1.3780000000000008,1.3324999999999996
-1.3776,-1.4108000000000003,1.3119999999999998
-1.3868,-1.4368,1.3
-1.4031999999999998,-1.4531999999999998,1.3
-1.4195999999999998,-1.4695999999999998,1.3
-1.4079999999999997,-1.4139999999999993,1.3
-1.3957,-1.3565999999999998,1.3
-1.3416000000000001,-1.2838000000000003,1.2802000000000002
-1.251400000000001,-1.197700000000001,1.2433000000000005
-1.1628000000000014,-1.1132000000000015,1.2123999999999995
-1.089000000000002,-1.0435000000000019,1.2369999999999992
-1.0152,-0.9738000000000001,1.2616
-0.9792000000000002,-0.9176000000000004,1.2727
-0.9628000000000002,-0.8684000000000008,1.2768
-0.9562999999999993,-0.8326999999999997,1.2728000000000008
-0.984999999999999,-0.8449999999999995,1.240000000000001
-1.0136999999999998,-0.8572999999999998,1.2072000000000003
-0.9944000000000005,-0.8759999999999997,1.1712000000000007
-0.9616000000000008,-0.8964999999999995,1.134300000000001
-0.9260000000000013,-0.9239999999999987,1.100200000000001
-0.8849999999999988,-0.9650000000000012,1.0714999999999992
-0.8439999999999992,-1.006000000000001,1.0427999999999995
-0.8214999999999998,-1.0544000000000004,1.0807000000000004
-0.8009999999999999,-1.1036000000000001,1.1258000000000001
-0.7842999999999997,-1.1319,1.1442999999999997
-0.7719999999999998,-1.136,1.1319999999999997
-0.7594999999999997,-1.1377999999999988,1.1183999999999994
-0.7389999999999999,-1.0475999999999996,1.0527999999999997
-0.7185,-0.9574000000000004,0.9872000000000003
-0.7172000000000003,-0.8791999999999984,0.9287999999999987
-0.7295000000000001,-0.809499999999999,0.8754999999999993
-0.7466000000000003,-0.7530000000000001,0.8318
-0.7916999999999998,-0.7735,0.8441
-0.8367999999999994,-0.7939999999999998,0.8563999999999998
-0.8181000000000008,-0.8347999999999991,0.8976999999999989
-0.7729999999999997,-0.8840000000000003,0.9510000000000004
-0.7125000000000001,-0.9134000000000001,0.9856
-0.610000000000001,-0.8888000000000003,0.9692000000000002
-0.5075000000000018,-0.8642000000000004,0.9528000000000002
-0.459400000000001,-0.7954000000000021,0.8820000000000021
-0.4225,-0.7175,0.8
-0.41759999999999964,-0.6556000000000003,0.7244000000000006
-0.4626999999999993,-0.6187000000000006,0.658800000000001
-0.5077999999999989,-0.5818000000000009,0.5932000000000016
-0.5450999999999988,-0.6306999999999982,0.6133999999999992
-0.5819999999999997,-0.6839999999999996,0.6379999999999998
-0.5622000000000011,-0.7351999999999992,0.6646999999999996
-0.4884000000000017,-0.7843999999999988,0.6933999999999994
-0.41970000000000013,-0.8311999999999995,0.7197000000000001
-0.41560000000000014,-0.8475999999999994,0.7156000000000001
-0.41149999999999987,-0.8640000000000003,0.7114999999999999
-0.4542000000000008,-0.8361999999999994,0.7021999999999998
-0.5239000000000003,-0.7828999999999998,0.6899
-0.5791999999999998,-0.7199999999999969,0.672799999999999
-0.5750999999999998,-0.6174999999999977,0.6358999999999992
-0.5709999999999998,-0.5149999999999986,0.5989999999999994
-0.5079999999999996,-0.4124999999999994,0.5527999999999997
-0.4260000000000002,-0.3100000000000003,0.5036000000000002
-0.35699999999999904,-0.23869999999999988,0.4543999999999988
-0.3159999999999994,-0.23459999999999995,0.4051999999999992
-0.27499999999999974,-0.23049999999999998,0.35599999999999965
-0.24480000000000005,-0.2839999999999999,0.3464
-0.2161000000000003,-0.3454999999999994,0.34230000000000005
-0.18559999999999946,-0.4088000000000011,0.35080000000000044
-0.1527999999999997,-0.4744000000000006,0.37540000000000023
-0.12,-0.54,0.4
-0.15689999999999968,-0.5768999999999997,0.42869999999999975
-0.1937999999999994,-0.6137999999999993,0.45739999999999953
-0.22609999999999927,-0.63,0.4562000000000006
-0.2548,-0.63,0.43159999999999993
-0.28,-0.6220000000000004,0.40750000000000014
-0.28,-0.556400000000001,0.3870000000000003
-0.28,-0.4908000000000015,0.3665000000000005
-0.2632000000000008,-0.42800000000000193,0.32360000000000166
-0.23860000000000015,-0.3665000000000003,0.2703000000000003
-0.20900000000000063,-0.3150000000000003,0.22300000000000042
-0.163900000000001,-0.2945000000000005,0.19430000000000064
-0.11880000000000138,-0.27400000000000063,0.16560000000000089
-0.0704000000000019,-0.27,0.15670000000000017
-0.02120000000000232,-0.27,0.15260000000000018
0.005499999999999828,-0.2564999999999995,0.14699999999999988
-0.00680000000000007,-0.2195999999999998,0.13879999999999995
-0.019099999999999968,-0.18270000000000008,0.13060000000000002
-0.07699999999999932,-0.16100000000000023,0.09200000000000046
-0.13850000000000307,-0.140499999999999,0.05099999999999795
-0.19600000000000223,-0.11999999999999915,0.017999999999998975
-0.24930000000000177,-0.09949999999999933,-0.006600000000000817
-0.3002000000000001,-0.08120000000000062,-0.03220000000000113
-0.30430000000000007,-0.10580000000000042,-0.07730000000000076
-0.3084,-0.1304000000000002,-0.12240000000000038
-0.29,-0.1575,-0.15000000000000002
-0.25720000000000026,-0.18619999999999975,-0.16639999999999985
-0.22650000000000034,-0.2120999999999998,-0.17930000000000007
-0.20600000000000052,-0.22439999999999968,-0.1752000000000001
-0.18550000000000066,-0.23669999999999958,-0.17110000000000014
-0.19500000000000056,-0.23699999999999988,-0.16099999999999967
-0.2155000000000004,-0.2328999999999999,-0.14869999999999978
-0.2408000000000004,-0.2348000000000002,-0.1424000000000001
-0.2777000000000001,-0.25120000000000003,-0.15060000000000004
-0.3145999999999998,-0.26759999999999995,-0.15879999999999997
-0.3339999999999998,-0.27349999999999997,-0.1669999999999999
-0.3503999999999996,-0.27759999999999996,-0.1751999999999998
-0.36169999999999985,-0.2732000000000005,-0.1867999999999995
-0.36579999999999985,-0.25680000000000064,-0.20319999999999935
-0.3698999999999998,-0.24040000000000075,-0.21959999999999924
-0.38199999999999934,-0.21600000000000136,-0.22399999999999978
-0.3943000000000001,-0.19139999999999985,-0.22810000000000002
-0.4044,-0.1580000000000001,-0.22560000000000002
-0.4125999999999999,-0.11700000000000045,-0.2174000000000001
-0.41720000000000057,-0.0724000000000015,-0.21079999999999982
-0.3884999999999988,0.005500000000003238,-0.21900000000000033
-0.359799999999999,0.0834000000000026,-0.2272000000000003
-0.2743999999999971,0.29360000000000697,-0.2462000000000006
-0.15959999999999808,0.5724000000000047,-0.2708000000000004
-0.09160000000000082,0.6621999999999951,-0.2863999999999998
-0.19,0.07999999999999996,-0.27
-0.28839999999999916,-0.5021999999999952,-0.25360000000000016
-0.2972000000000003,-0.5980000000000008,-0.18280000000000143
-0.28080000000000044,-0.557000000000001,-0.09670000000000215
-0.2657999999999996,-0.5033999999999972,-0.04
-0.25349999999999967,-0.4254999999999979,-0.04
-0.24119999999999975,-0.3475999999999985,-0.04
-0.22149999999999975,-0.3140999999999997,-0.11770000000000097
-0.20099999999999996,-0.28539999999999993,-0.20380000000000023
-0.18620000000000006,-0.24910000000000027,-0.2670999999999998
-0.17800000000000013,-0.20400000000000063,-0.3039999999999995
-0.17009999999999992,-0.1597000000000003,-0.33950000000000047
-0.17419999999999988,-0.14740000000000036,-0.3190000000000006
-0.17829999999999985,-0.13510000000000047,-0.29850000000000076
-0.16319999999999935,-0.11319999999999936,-0.2851999999999998
-0.1344999999999996,-0.0844999999999996,-0.2769999999999999
-0.11,-0.05879999999999995,-0.2688
-0.11,-0.05060000000000002,-0.26060000000000005
-0.11,-0.04240000000000009,-0.25240000000000007
-0.10130000000000024,-0.03420000000000016,-0.24710000000000007
-0.08900000000000034,-0.026000000000000228,-0.2430000000000001
-0.07340000000000088,-0.026599999999999117,-0.24329999999999954
-0.04880000000000109,-0.05119999999999891,-0.25559999999999944
-0.024200000000001297,-0.0757999999999987,-0.26789999999999936
-0.036999999999998756,-0.06980000000000075,-0.2903999999999985
-0.05750000000000001,-0.0575,-0.315
-0.05880000000000024,-0.024400000000000546,-0.33479999999999993
-0.03010000000000048,0.041199999999998904,-0.3470999999999998
-0.001399999999998727,0.1068000000000029,-0.35940000000000055
-0.05850000000000222,0.04369999999999748,-0.34439999999999943
-0.1200000000000017,-0.02600000000000193,-0.32799999999999957
-0.13319999999999937,-0.08310000000000088,-0.32420000000000015
-0.10039999999999964,-0.1282000000000005,-0.3324000000000001
-0.06849999999999995,-0.17,-0.3369999999999999
-0.04800000000000011,-0.17,-0.29600000000000026
-0.027500000000000285,-0.17,-0.25500000000000056
0.005999999999999089,-0.20379999999999882,-0.23740000000000008
0.04699999999999875,-0.2570999999999984,-0.23330000000000012
0.07759999999999963,-0.30720000000000114,-0.23
0.06529999999999973,-0.34410000000000085,-0.23
0.05299999999999983,-0.3810000000000005,-0.23
0.00349999999999967,-0.3434999999999997,-0.22379999999999997
-0.05799999999999983,-0.28200000000000014,-0.2156
-0.07010000000000105,-0.2737999999999988,-0.2242999999999995
0.024199999999998167,-0.3803999999999979,-0.26939999999999914
0.11849999999999739,-0.48699999999999705,-0.3144999999999988
0.14439999999999942,-0.45320000000000193,-0.3415999999999991
0.16079999999999928,-0.39990000000000236,-0.3661999999999989
0.1466000000000028,-0.39699999999999674,-0.38359999999999955
