53264,0.53,0.21,0.56,-125.36,-107.85,-16.29
53284,0.22,0.12,0.63,-156.70,-41.08,-5.98
53305,0.24,0.08,0.64,-187.19,-29.62,-3.12
53325,0.22,0.05,0.61,-167.31,-1.75,-2.38
53344,0.24,0.03,0.59,-134.75,11.23,3.96
53364,0.24,0.06,0.60,-99.63,29.10,3.96
53384,0.23,0.10,0.56,-75.42,35.99,5.06
53404,0.23,0.13,0.55,-69.51,35.75,6.03
53425,0.23,0.09,0.52,-52.56,37.82,1.88
53444,0.21,0.11,0.54,-15.49,38.86,-1.10
53464,0.19,0.13,0.54,5.98,30.07,-10.37
53484,0.19,0.20,0.52,2.69,27.33,-11.96
53504,0.21,0.24,0.50,-19.88,32.76,-18.97
53525,0.21,0.25,0.51,-50.67,37.51,-20.55
53544,0.16,0.26,0.52,-82.74,38.86,-35.25
53564,0.14,0.32,0.54,-119.08,25.75,-55.62
53584,0.10,0.44,0.54,-163.90,14.89,-89.15
53604,0.08,0.54,0.53,-232.31,10.38,-139.15
53625,0.17,0.54,0.49,-289.69,19.83,-191.90
53645,0.14,0.46,0.52,-328.17,29.22,-234.76
53665,0.09,0.33,0.58,-345.67,5.81,-272.69
53684,0.11,0.26,0.59,-336.77,-22.06,-294.88
53704,0.04,0.26,0.61,-335.00,-34.32,-286.47
53725,-0.02,0.28,0.64,-350.49,-45.47,-267.69
53744,-0.04,0.30,0.63,-381.52,-44.68,-243.48
53764,0.05,0.25,0.66,-419.63,-26.88,-213.60
53784,0.08,0.29,0.74,-411.70,-31.33,-193.66
53804,-0.02,0.38,0.80,-390.85,-23.52,-147.75
53825,-0.15,0.35,0.78,-403.53,-44.62,-140.07
53844,-0.13,0.43,0.74,-408.35,-62.36,-209.58
53864,-0.05,0.53,0.76,-459.39,-96.51,-280.25
53884,-0.01,0.42,0.82,-532.86,-141.33,-313.42
53904,-0.09,0.34,0.82,-585.79,-182.24,-318.54
53924,-0.19,0.33,0.90,-632.56,-236.33,-286.96
53944,-0.18,0.31,0.89,-697.92,-220.96,-225.01
53964,-0.15,0.06,1.02,-728.35,-200.41,-200.80
53984,-0.11,-0.10,1.13,-655.42,-201.21,-213.05
54004,-0.20,-0.14,1.21,-562.56,-190.60,-239.52
54025,-0.13,-0.15,1.24,-486.83,-213.83,-254.03
54044,-0.07,-0.23,1.28,-440.79,-186.33,-256.77
54064,-0.05,-0.35,1.38,-407.38,-183.83,-243.24
54084,-0.07,-0.51,1.50,-373.23,-191.88,-240.25
54104,-0.06,-0.51,1.61,-354.51,-217.24,-256.83
54125,-0.08,-0.44,1.67,-358.23,-226.94,-272.14
54144,-0.16,-0.38,1.67,-416.52,-197.85,-229.21
54164,-0.23,-0.50,1.76,-453.11,-146.88,-158.91
54184,-0.29,-0.63,1.84,-429.69,-124.44,-105.43
54204,-0.15,-0.71,1.86,-332.68,-88.40,-44.03
54224,-0.18,-0.64,1.87,-223.11,-39.50,-1.04
54245,-0.24,-0.42,1.84,-193.11,-18.03,28.84
54264,-0.27,-0.29,1.78,-251.58,-9.01,32.37
54284,-0.24,-0.26,1.77,-320.24,-16.69,32.13
54304,-0.20,-0.26,1.73,-386.64,-35.47,23.41
54324,-0.15,-0.35,1.73,-425.12,-52.43,1.46
54345,-0.15,-0.40,1.74,-441.40,-49.74,-32.75
54364,-0.17,-0.42,1.75,-459.20,-54.01,-54.88
54384,-0.23,-0.44,1.75,-503.72,-61.02,-54.46
54404,-0.24,-0.56,1.74,-543.53,-92.67,-48.72
54424,-0.14,-0.66,1.75,-537.74,-123.58,-47.51
54445,-0.14,-0.68,1.73,-518.84,-113.28,-41.53
54464,-0.19,-0.71,1.78,-501.40,-110.72,-36.41
54484,-0.14,-0.74,1.81,-470.12,-112.18,-33.91
54504,-0.08,-0.79,1.81,-452.31,-100.05,-43.60
54524,-0.07,-0.80,1.87,-429.20,-102.18,-52.44
54545,-0.13,-0.83,1.90,-419.39,-85.47,-48.91
54565,-0.19,-0.86,1.94,-414.33,-89.99,-36.16
54584,-0.19,-0.86,2.00,-417.50,-105.41,-18.12
54604,-0.18,-0.97,2.04,-410.42,-108.16,-16.77
54624,-0.10,-1.02,2.04,-367.50,-110.47,-26.04
54645,-0.07,-1.02,2.08,-335.30,-79.44,-28.97
54664,-0.09,-0.98,2.12,-319.94,-66.33,-21.53
54684,-0.06,-1.01,2.09,-303.47,-31.21,-2.32
54704,-0.04,-1.12,2.13,-281.46,1.60,-14.03
54724,-0.07,-1.14,2.17,-244.51,-3.28,-52.51
54745,-0.10,-1.10,2.17,-237.31,-10.35,-72.14
54764,-0.09,-1.11,2.19,-252.31,13.37,-66.59
54784,-0.15,-1.19,2.20,-259.02,45.20,-43.72
54804,-0.08,-1.27,2.22,-243.47,72.45,-16.16
54824,-0.11,-1.34,2.20,-223.53,85.08,-15.49
54845,-0.08,-1.30,2.17,-206.58,62.09,-11.23
54865,-0.09,-1.24,2.08,-238.78,50.75,-3.54
54884,-0.02,-1.32,2.02,-269.08,69.89,-6.22
54904,-0.08,-1.34,2.02,-286.34,68.79,-25.13
54924,-0.11,-1.39,2.03,-315.67,41.97,-52.81
54945,-0.10,-1.46,2.03,-332.68,4.53,-79.58
54964,-0.07,-1.53,1.98,-332.19,-17.18,-92.08
54984,-0.10,-1.59,2.00,-319.33,-27.97,-103.05
55004,-0.17,-1.64,2.07,-323.72,-63.95,-118.36
55024,-0.14,-1.72,2.13,-328.96,-118.34,-130.43
55044,-0.13,-1.85,2.17,-307.86,-158.52,-135.86
55065,-0.06,-1.93,2.28,-263.17,-181.82,-132.75
55084,-0.08,-1.98,2.36,-247.62,-204.38,-135.07
55104,0.01,-2.04,2.43,-245.79,-189.86,-124.94
55124,0.06,-2.09,2.47,-262.19,-161.27,-107.26
55144,0.06,-2.19,2.48,-272.13,-133.16,-76.29
55165,0.07,-2.25,2.52,-247.25,-96.82,-38.91
55184,0.03,-2.30,2.48,-208.35,-72.43,-12.75
55204,0.03,-2.30,2.49,-162.19,-85.60,-4.15
55224,0.06,-2.27,2.47,-139.75,-99.13,7.62
55244,0.06,-2.28,2.49,-125.06,-80.41,1.03
55265,0.04,-2.34,2.48,-92.86,-55.78,-5.86
55284,0.05,-2.36,2.49,-64.57,-49.99,-13.97
55304,0.06,-2.38,2.50,-38.96,-46.45,-13.66
55324,0.04,-2.40,2.50,-23.47,-49.44,-2.57
55344,0.06,-2.38,2.51,-15.00,-49.93,18.53
55365,0.03,-2.37,2.52,-7.25,-50.05,34.87
55384,0.07,-2.32,2.52,-0.30,-54.80,50.91
55404,0.04,-2.27,2.55,10.43,-51.33,58.23
55424,0.03,-2.23,2.56,26.89,-34.07,65.91
55444,0.05,-2.16,2.55,45.37,-23.10,67.19
55465,0.04,-2.14,2.54,81.77,-9.62,71.95
55484,0.04,-2.08,2.54,128.42,-2.91,78.17
55504,0.03,-2.02,2.52,160.73,8.86,78.41
55524,0.06,-1.99,2.51,186.28,19.83,72.37
55544,0.06,-1.93,2.47,206.89,35.08,64.63
55565,0.05,-1.89,2.46,214.33,42.03,62.19
55584,0.07,-1.87,2.45,225.61,45.99,57.74
55604,0.03,-1.81,2.40,230.06,44.34,55.73
55624,0.03,-1.79,2.37,237.62,45.26,51.76
55644,0.03,-1.75,2.36,256.04,56.36,42.31
55665,0.02,-1.69,2.34,252.99,50.14,26.52
55684,0.04,-1.62,2.32,236.10,50.50,18.47
55704,0.03,-1.62,2.30,212.69,49.34,16.15
55724,0.02,-1.63,2.28,211.65,58.37,5.73
55744,0.00,-1.60,2.30,229.88,56.72,-18.85
55765,-0.01,-1.55,2.28,223.66,55.62,-39.64
55784,0.02,-1.52,2.25,220.19,55.87,-55.74
55804,-0.00,-1.51,2.23,193.11,60.87,-54.58
55824,-0.04,-1.60,2.23,199.03,62.21,-60.86
55844,-0.07,-1.60,2.23,232.14,53.73,-65.13
55865,-0.06,-1.56,2.24,256.77,38.55,-61.16
55885,-0.03,-1.54,2.24,257.08,34.34,-41.96
55904,-0.04,-1.56,2.25,262.20,36.23,-32.99
55924,-0.04,-1.54,2.24,284.51,42.76,-30.13
55944,-0.10,-1.49,2.22,311.89,49.65,-30.55
55964,-0.07,-1.43,2.21,335.43,35.81,-27.99
55985,0.03,-1.43,2.23,351.16,44.16,-21.59
56004,-0.03,-1.40,2.23,369.51,56.60,-28.36
56024,-0.06,-1.33,2.24,367.62,76.23,-14.27
56044,-0.11,-1.27,2.21,349.88,87.76,-0.01
56064,-0.02,-1.33,2.18,344.76,127.94,14.75
56085,-0.01,-1.29,2.16,390.98,163.12,14.08
56104,-0.12,-1.16,2.11,391.22,182.88,36.34
56124,-0.09,-1.13,2.07,377.26,176.54,62.37
56144,-0.11,-1.08,2.00,387.87,147.51,76.46
56164,-0.12,-1.02,1.95,403.78,125.93,89.26
56185,-0.12,-0.99,1.94,417.56,120.99,82.86
56204,-0.07,-0.95,1.86,414.70,135.32,68.23
56224,0.02,-0.89,1.81,393.66,131.11,54.75
56244,0.00,-0.85,1.75,370.19,122.15,61.64
56264,-0.03,-0.82,1.68,361.16,100.14,86.03
56285,-0.18,-0.78,1.70,376.47,114.10,117.25
56304,-0.30,-0.81,1.73,384.39,82.70,120.73
56324,-0.08,-0.85,1.74,420.00,12.39,89.63
56344,0.04,-0.74,1.68,444.39,-6.82,60.54
56364,-0.05,-0.56,1.72,409.39,15.93,63.04
56385,-0.13,-0.49,1.78,342.32,51.05,105.30
56404,-0.15,-0.53,1.81,301.59,84.22,150.91
56424,-0.03,-0.61,1.84,319.15,115.93,165.18
56444,0.03,-0.61,1.77,397.08,133.43,150.73
56464,0.04,-0.49,1.66,462.26,170.81,154.32
56485,-0.10,-0.39,1.62,486.95,215.99,175.36
56504,-0.16,-0.36,1.59,501.34,204.71,205.30
56524,-0.10,-0.44,1.57,538.84,189.71,213.10
56544,-0.02,-0.40,1.55,617.08,178.49,204.87
56564,-0.17,-0.19,1.57,650.43,189.40,217.68
56585,-0.29,0.05,1.62,614.27,143.18,276.95
56604,-0.34,0.11,1.61,561.22,108.25,341.70
56624,-0.12,0.00,1.56,561.04,104.65,350.85
56644,0.22,0.04,1.42,639.09,157.51,326.76
56664,0.04,0.15,1.39,645.73,267.39,266.46
56685,-0.15,0.27,1.26,569.51,243.79,225.79
56705,-0.29,0.31,1.16,424.15,193.25,201.46
56725,-0.17,0.25,1.09,317.01,142.94,224.02
56744,-0.02,0.07,1.05,336.65,125.14,249.99
56764,-0.08,0.05,1.10,424.45,124.04,260.36
56784,-0.14,0.14,1.13,501.83,110.81,260.79
56805,-0.07,0.23,1.04,511.10,118.31,254.93
56824,0.03,0.29,1.02,467.44,131.84,239.02
56844,0.06,0.41,1.04,420.86,156.84,254.63
56864,-0.05,0.54,1.10,361.53,174.22,324.99
56884,0.06,0.49,1.04,340.12,210.99,402.01
56905,0.17,0.36,0.94,377.32,291.36,402.13
56924,0.30,0.30,0.83,429.58,348.18,325.36
56944,0.33,0.27,0.75,451.10,372.51,250.24
56964,0.20,0.22,0.73,417.69,341.29,202.56
56984,0.18,0.22,0.61,358.84,283.92,204.51
57005,0.27,0.21,0.48,314.09,253.55,237.49
57025,0.27,0.15,0.46,311.22,253.49,270.42
57045,0.20,0.36,0.42,317.38,228.79,272.80
57064,0.26,-0.04,0.55,370.00,204.89,260.48
57084,0.25,0.23,0.52,455.06,180.56,227.98
57105,0.26,0.39,0.47,401.53,157.15,217.49
57124,0.34,0.41,0.42,301.16,141.36,205.73
57144,0.37,0.27,0.38,236.65,149.10,197.92
57164,0.30,0.23,0.39,221.04,123.06,172.19
57184,0.31,0.28,0.40,170.92,63.31,148.90
57205,0.33,0.26,0.38,114.39,33.37,136.64
57224,0.33,0.18,0.38,87.62,10.32,133.04
57244,0.35,0.08,0.42,114.70,-8.34,125.73
57264,0.44,0.16,0.36,166.16,2.21,110.06
57284,0.42,0.22,0.37,172.87,20.32,101.52
57305,0.41,0.15,0.39,176.22,18.73,90.42
57324,0.42,0.13,0.38,212.56,7.51,73.71
57344,0.45,0.19,0.36,238.42,-3.46,59.87
57364,0.51,0.31,0.25,197.75,24.34,46.88
57384,0.44,0.19,0.47,193.78,57.88,17.92