115.778,24.993199999999998,-29.239
93.06,40.4,-6.41
80.4726,25.73689999999999,8.730400000000003
67.8852,11.073799999999999,23.870799999999996
54.35069999999999,-3.49580000000001,35.731
38.5776,-17.844399999999997,39.838
22.804500000000015,-32.192999999999984,43.94499999999999
2.7809999999999917,-44.717800000000004,41.423399999999994
-20.14049999999999,-55.9991,34.3823
-43.062,-67.2804,27.3412
-66.4059,-65.761,4.585499999999996
-89.80099999999996,-62.690000000000005,-20.07499999999995
-98.56889999999993,-53.52479999999997,-34.90469999999998
-44.64879999999993,-18.241599999999963,-7.602399999999967
9.271300000000075,17.041600000000045,19.699900000000035
43.15019999999999,39.42959999999999,39.99659999999999
55.87449999999999,48.205999999999996,52.8985
68.5988,56.9824,65.8004
52.16649999999999,26.1854,54.2321
27.690999999999928,-15.528400000000111,35.91339999999995
2.1027999999998883,-54.293500000000016,18.41609999999997
-36.095999999999854,-59.63999999999998,10.22800000000003
-74.29479999999995,-64.98649999999999,2.039900000000009
-90.91119999999998,-57.72459999999995,1.7814000000000227
-72.07079999999992,-29.74889999999988,14.550100000000057
-53.23039999999996,-1.7731999999999415,27.318800000000028
-19.879999999999995,9.235,22.345
20.43520000000011,12.098800000000008,8.854799999999964
60.75040000000003,14.9626,-4.635400000000008
87.65559999999996,24.633999999999983,10.386399999999977
114.18830000000004,34.49450000000001,26.20020000000002
124.04400000000004,42.269,39.056999999999995
88.87179999999995,44.411300000000004,43.92990000000001
53.69960000000002,46.553599999999996,48.8028
19.705499999999923,36.03289999999995,38.84759999999995
-13.391000000000005,15.864199999999993,17.594799999999992
-46.4875000000001,-4.304500000000059,-3.6580000000000616
-54.31680000000002,-22.114800000000102,-8.206800000000012
-58.1981,-39.556599999999975,-10.145599999999998
-58.083999999999975,-52.66639999999999,-9.725199999999983
-37.32699999999992,-43.39419999999996,2.884400000000049
-16.570000000000057,-34.12200000000003,15.493999999999962
1.014800000000065,-24.756299999999957,22.5276
14.867599999999968,-15.280600000000021,23.001199999999997
28.72040000000014,-5.804899999999906,23.474800000000005
45.33680000000006,1.40000000000002,33.54400000000004
62.84150000000011,7.875000000000037,46.697500000000076
79.17439999999996,13.780599999999966,59.52540000000006
75.0008,9.721699999999993,66.65530000000001
70.82719999999999,5.662799999999983,73.78520000000003
63.90279999999992,-4.682900000000153,79.79710000000003
51.900000000000006,-26.634999999999998,83.745
39.89719999999997,-48.587100000000056,87.69290000000001
29.286399999999947,-72.32480000000012,84.85119999999996
19.429600000000015,-97.02969999999996,78.3318
9.572799999999988,-121.73460000000003,71.81239999999998
-8.86600000000007,-129.06550000000001,68.72649999999999
-27.79519999999994,-135.40359999999998,65.83680000000001
-38.613600000000005,-139.82739999999998,65.3132
-24.198399999999964,-138.29559999999998,72.15080000000002
-9.783199999999926,-136.7638,78.98840000000003
38.33999999999986,-143.486,99.36199999999994
115.11500000000007,-157.22410000000002,131.24120000000002
191.89000000000027,-170.96220000000005,163.1204000000001
252.3713999999998,-200.05149999999986,199.63099999999986
309.69919999999996,-232.11199999999997,237.03799999999995
357.0969999999999,-263.654,271.39300000000003
340.9427999999999,-291.87760000000014,286.21520000000004
324.78860000000003,-320.10119999999995,301.03739999999993
310.196,-341.3888,301.01959999999997
297.65299999999996,-353.57290000000006,281.5242999999999
285.10999999999996,-365.75700000000006,262.0289999999999
258.91850000000005,-365.9855,260.9747
227.67199999999966,-361.78599999999994,266.75040000000007
197.6688000000001,-359.0068000000002,273.52250000000015
212.42439999999996,-407.35839999999985,316.1649999999999
227.18000000000015,-455.71000000000043,358.8075000000004
224.4035999999999,-497.45320000000004,397.7324000000001
185.10220000000018,-525.4288999999999,428.91229999999985
145.8007999999997,-553.4046000000002,460.0922000000002
181.9785000000001,-571.4489,470.19259999999997
264.0999999999995,-583.4479999999999,467.462
346.22150000000056,-595.4471000000001,464.73139999999995
324.6022,-581.0792,434.3044
293.8292999999996,-564.3847999999998,401.4335999999996
259.0852000000002,-554.1247999999999,376.1676
209.9454999999996,-567.1895000000001,378.469
160.805799999999,-580.2542000000003,380.77040000000005
134.61809999999994,-581.0030999999999,392.66300000000024
130.17439999999996,-570.0844,413.6420000000001
125.73069999999991,-559.1656999999998,434.6210000000004
79.32299999999934,-568.4580000000002,438.44599999999997
23.123699999999737,-582.4662000000001,438.2684
-28.629200000000253,-595.6748000000001,436.46839999999975
-43.69930000000015,-602.2867000000001,421.28359999999986
-58.76940000000005,-608.8986000000001,406.0987999999999
-57.0754999999996,-625.2590000000005,393.48499999999984
-30.79439999999978,-655.9172000000003,384.64199999999994
-4.51329999999996,-686.5754000000001,375.799
26.320400000000447,-688.3345999999999,383.1254000000002
59.080200000000225,-677.8672999999999,397.2927000000001
91.84,-667.4,411.46
135.78860000000054,-671.4848000000001,440.13500000000033
179.73720000000023,-675.5696,468.8100000000001
224.63179999999994,-674.7979,494.70089999999993
271.7624000000005,-662.5471999999999,514.0112000000001
318.8930000000002,-650.2965,533.3215
343.88939999999997,-643.2906,548.4495999999999
353.7943000000001,-639.8607,560.7262000000002
363.6992,-636.4308,573.0028000000001
328.75050000000016,-622.0944000000001,564.5884000000001
288.36499999999967,-606.4359999999999,553.6659999999999
239.27289999999994,-599.4212,539.7692999999999
152.86680000000052,-629.4503999999998,513.1256000000002
66.46069999999946,-659.4796000000001,486.4818999999998
-7.269799999999947,-695.4793999999999,477.6186
-67.62049999999954,-737.7814999999997,487.5234999999999
-127.9712000000003,-780.0836000000002,497.42840000000007
-85.12540000000018,-785.5876000000001,499.9586
-13.811599999999288,-780.9404,500.4544
56.42670000000018,-775.0418999999999,502.75200000000007
114.47599999999979,-754.962,525.4699999999999
172.5253000000005,-734.8820999999998,548.1880000000001
229.0290000000001,-717.8752,556.2158
282.9934999999997,-705.9168000000001,540.1097000000001
336.95800000000037,-693.9584,524.0035999999999
342.4175,-712.1375,531.675
324.5946000000001,-744.7825999999998,550.7595999999999
306.7716999999999,-777.4277000000001,569.8442000000001
309.67040000000003,-762.7472,558.552
313.1447,-746.7521000000002,546.416
289.66199999999964,-723.6109999999999,541.017
193.3954000000003,-681.1757000000001,553.8078999999999
97.12879999999912,-638.7403999999996,566.5988000000001
18.033899999999846,-649.0844000000001,587.8170000000001
-47.97779999999969,-699.6411999999998,615.4559999999999
-113.9895000000005,-750.1980000000003,643.0950000000003
-137.1756,-748.6204,646.3788000000001
-153.67020000000022,-738.8967999999999,645.8571
-158.47859999999966,-725.6865999999998,646.335
-102.90830000000004,-694.4623,651.9775
-47.33799999999936,-663.2379999999996,657.62
26.05000000000041,-633.2988999999999,653.6727999999999
120.39999999999978,-604.8718,638.4436000000001
214.75000000000094,-576.4446999999997,623.2143999999998
273.02200000000107,-572.0920000000001,575.8887999999987
319.6974999999998,-575.4775,518.2465000000002
359.3231999999993,-580.4726000000003,464.2602000000001
275.5773999999983,-613.6357000000006,474.2539000000002
191.83160000000044,-646.7987999999998,484.2476
128.5841999999998,-666.4236999999999,496.7230000000001
103.1799999999995,-661.0549999999998,513.7800000000003
77.77580000000017,-655.6863,530.8369999999999
53.48519999999987,-643.9671999999999,534.238
29.797799999999583,-628.8082999999997,530.242
6.1104000000002,-613.6494000000001,526.246
34.62200000000012,-625.9760000000001,509.2999999999999
66.11640000000051,-639.8732000000002,491.6139999999997
88.40830000000007,-648.9905,474.13590000000016
82.07019999999999,-643.237,457.3046
75.7320999999999,-637.4834999999999,440.47329999999977
98.00199999999946,-618.9620000000003,429.59400000000005
144.58870000000002,-589.5877,423.77389999999997
191.1754000000006,-560.2133999999996,417.95379999999994
155.70820000000066,-559.1917,419.42799999999994
104.35960000000003,-563.6576,422.314
61.1270000000001,-565.1814999999998,423.24899999999985
69.83680000000021,-547.8765999999996,411.69759999999974
78.54659999999998,-530.5717000000001,400.1462
90.43560000000016,-499.3451999999995,382.0971999999997
106.49730000000037,-449.84659999999894,355.5200999999994
122.55899999999994,-400.34800000000024,328.9430000000001
108.92339999999933,-423.91410000000144,321.1201
84.28879999999901,-474.541200000002,320.24319999999994
59.86199999999977,-523.6243999999999,319.28509999999994
42.915999999999556,-517.1271999999998,315.4037999999999
25.96999999999935,-510.62999999999977,311.5224999999998
16.869600000000087,-495.6883999999996,300.20719999999966
24.114200000000178,-463.1542999999992,273.4043999999993
31.35880000000027,-430.6201999999988,246.60159999999902
39.247400000000084,-401.5107999999997,230.5282999999999
47.52800000000019,-374.48599999999936,220.98599999999976
55.80860000000029,-347.46119999999905,211.44369999999964
56.7078,-309.2571999999996,186.28859999999975
56.9557,-270.06679999999915,159.75589999999943
56.01799999999982,-241.15960000000027,140.53040000000024
50.782499999999956,-249.52900000000008,147.79350000000005
45.5469999999999,-257.8984000000002,155.05660000000015
51.377100000000524,-258.4606999999998,147.07409999999928
67.6904000000001,-251.62679999999997,124.64839999999987
84.00370000000031,-244.7928999999999,102.22269999999959
94.47900000000028,-229.8889999999995,108.17100000000039
103.59210000000004,-213.10209999999992,120.73990000000005
113.48600000000027,-191.62519999999898,130.58879999999976
129.82150000000047,-131.45579999999825,117.99769999999963
146.15700000000004,-71.28639999999982,105.40659999999995
164.71400000000034,-31.33849999999984,82.50899999999942
186.5292000000006,-21.048799999999716,44.49519999999895
208.34440000000004,-10.759099999999984,6.481399999999942
152.9837999999988,0.33660000000016055,-8.925400000000081
64.9718999999977,11.7733000000003,-14.767700000000152
-23.04,23.21,-20.61
-94.57950000000086,39.678700000000205,-54.657400000000415
-166.11900000000173,56.1474000000004,-88.70480000000083
-220.04529999999997,65.10420000000002,-110.7446
-232.34040000000013,56.305599999999906,-104.40279999999993
-244.6355000000003,47.50699999999979,-98.06099999999985
-211.3620000000002,86.80039999999977,-108.94519999999993
-147.0189999999994,158.88380000000066,-131.5744000000002
-82.67599999999861,230.96720000000155,-154.2036000000005
-20.32290000000029,277.8352999999998,-164.19709999999998
41.789000000000485,321.64700000000033,-172.65900000000008
83.93759999999914,356.68769999999995,-181.62840000000023
40.52920000000027,354.1384,-192.77279999999993
-2.8792000000002673,351.5891,-203.91720000000007
-27.551400000000093,346.8113999999998,-212.96460000000013
-32.446499999999965,339.6815,-219.79849999999996
-37.34160000000002,332.55159999999995,-226.63240000000005
-32.77689999999988,353.0964000000005,-248.34040000000044
-25.602600000000066,381.27559999999977,-274.15159999999975
-26.06750000000025,406.711,-298.2414
-113.11000000000132,401.0499999999999,-302.82200000000006
-200.15249999999907,395.38900000000007,-307.40259999999995
-255.9918,391.0076,-312.896
-260.56870000000004,388.72839999999997,-319.88900000000007
-265.14559999999994,386.4492,-326.8819999999999
-272.545,394.4,-319.3025
-281.2992000000001,407.26120000000014,-304.7281999999998
-290.0533999999999,420.12239999999986,-290.1539000000002
-217.2136000000001,438.776,-288.09319999999997
-142.10729999999919,457.5905000000002,-286.38009999999997
-71.83100000000088,474.3499999999998,-283.5080000000001
-14.595700000000178,485.561,-277.50660000000005
42.63960000000053,496.7720000000001,-271.50519999999995
48.09309999999927,505.69190000000015,-275.3759000000003
14.093800000000158,512.8661999999999,-286.7682
-19.90550000000026,520.0405000000001,-298.16050000000007
-81.26160000000131,512.7379999999998,-323.50480000000056
-146.8921999999996,503.17350000000005,-351.0290999999998
-209.6908000000003,490.9893999999999,-376.6910000000001
-257.8574000000009,465.2706999999995,-392.7305000000003
-306.02399999999966,439.5520000000002,-408.76999999999987
-310.6858999999998,417.6157999999999,-416.0936
-264.1657999999992,400.1295999999997,-413.16319999999996
-217.64570000000043,382.64340000000016,-410.2328
-165.52559999999986,413.2528000000001,-405.45439999999996
-111.60549999999918,459.3215000000007,-400.08199999999994
-59.511000000000216,504.2621999999997,-394.9622
-39.36449999999997,529.4629,-394.2629
-19.217999999999723,554.6636000000003,-393.5636
-22.383099999999445,563.3062000000002,-394.8221
-68.58500000000001,541.38,-399.695
-114.78690000000057,519.4537999999998,-404.56790000000007
-133.62639999999996,504.37240000000014,-405.0656
-137.6446,492.9986,-403.1934
-141.66280000000003,481.6247999999999,-401.32120000000003
-178.56699999999938,508.86299999999954,-393.9225000000001
-217.35039999999987,538.3076,-386.208
-240.63579999999976,561.0229,-380.3367
-215.70520000000042,562.8026,-380.1998
-190.7746000000001,564.5823,-380.0629
-159.03799999999973,560.3639999999999,-383.94000000000005
-121.51630000000068,551.0474000000002,-391.22899999999987
-83.99460000000023,541.7308,-398.518
-93.3542000000001,555.5495000000001,-392.38399999999996
-111.78760000000034,573.8460000000003,-383.6519999999999
-130.53799999999984,593.0849999999998,-377.27699999999993
-151.3172000000001,618.3560000000001,-385.9868000000001
-172.09640000000033,643.6270000000004,-394.69660000000016
-194.26119999999977,646.6516000000003,-399.69759999999997
-218.24460000000008,620.4777999999999,-399.8308
-242.22800000000038,594.3039999999996,-399.964
-260.10130000000044,604.0078000000007,-394.6674999999998
-275.71160000000003,626.9996000000001,-387.36
-289.11469999999906,649.5517000000001,-380.11949999999996
-223.05859999999825,656.2746000000002,-375.2909999999999
-157.0025,662.9975,-370.4625
-108.03079999999984,663.8151999999998,-367.5144
-94.65159999999968,652.3303999999997,-368.48380000000003
-81.27240000000002,640.8456,-369.4532
-93.19320000000029,637.1739,-379.06140000000016
-120.51400000000064,638.258,-393.92800000000034
-147.83480000000097,639.3421,-408.7946000000005
-158.3018000000001,623.1541999999998,-420.6352000000001
-167.2817000000002,605.4422999999996,-432.2088000000002
-173.01280000000003,587.3704,-443.7439999999999
-166.96699999999996,567.9934999999998,-455.14000000000004
-160.92119999999986,548.6165999999996,-466.53600000000023
-160.86420000000018,545.1085000000004,-475.9731000000002
-166.48080000000024,556.6340000000006,-483.5544000000003
-172.0974000000001,568.1595000000002,-491.13570000000016
-165.71400000000006,568.714,-482.7990000000001
-156.53059999999996,566.7085999999999,-470.74809999999997
-145.97919999999965,566.9028000000003,-458.55399999999975
-124.14179999999936,585.2437000000006,-445.17849999999964
-102.30439999999909,603.5846000000007,-431.8029999999995
-80.76699999999886,614.7555000000001,-422.6514999999999
-59.66960000000022,615.4104,-419.69520000000006
-38.57219999999997,616.0653,-416.7389
-48.17040000000031,625.8358000000002,-414.68739999999997
-70.7552000000006,639.4629000000003,-413.01869999999997
-93.34000000000154,653.0899999999997,-411.34999999999997
-133.11500000000203,644.9906999999996,-410.3769
-172.88999999999945,636.8914000000002,-409.40380000000005
-211.00179999999995,635.7342,-401.70420000000007
-245.18240000000037,650.9856000000002,-378.10559999999975
-279.3630000000008,666.2370000000003,-354.50699999999944
-263.19879999999824,666.4491999999996,-332.8003999999993
-212.7085999999976,656.4073999999995,-312.38379999999904
-162.21840000000086,646.3656000000001,-291.96720000000033
-161.80899999999997,615.9628000000001,-313.00189999999986
-167.47000000000006,583.0919999999998,-339.0610000000002
-165.26509999999928,557.3794000000001,-363.9889000000004
-129.34919999999883,562.3448000000002,-384.06880000000064
-93.4332999999984,567.3102000000002,-404.1487000000009
-48.3410000000011,561.2326000000004,-421.3197999999997
6.437499999999574,543.4985000000001,-435.4204999999999
61.21600000000025,525.7643999999999,-449.5212000000001
1.6735999999984585,520.3901,-433.4531999999996
-89.40560000000265,518.4254,-409.06279999999924
-171.5414999999992,518.0579000000007,-385.7370999999995
-152.32000000000045,535.7919999999996,-374.47800000000024
-133.0985000000002,553.5260999999998,-363.21890000000013
-145.3672000000001,558.6937999999999,-365.01340000000005
-209.36980000000088,543.2166999999998,-388.2531000000003
-273.3724000000017,527.7395999999997,-411.4928000000006
-309.1625000000008,531.5325000000005,-394.6099999999986
-331.4105999999994,544.5749999999997,-358.46840000000094
-353.65869999999967,557.6174999999998,-322.3268000000005
-321.5504,566.9016,-330.1052
-287.9321999999996,576.0813,-339.10360000000014
-266.25400000000025,570.974999999999,-349.96300000000036
-276.81380000000036,527.2964999999984,-365.8471000000006
-287.3736000000005,483.61799999999795,-381.7312000000008
-268.00840000000073,474.9107999999997,-372.5308000000005
-225.8432000000002,492.84839999999997,-344.21840000000014
-183.67799999999966,510.7860000000002,-315.9059999999998
-110.01839999999842,513.7572,-301.73759999999976
-31.43779999999746,514.3899,-289.7791999999996
27.335599999998067,506.6699999999977,-282.8074000000008
-16.228199999999134,455.795000000001,-301.59969999999964
-59.79199999999967,404.9200000000004,-320.3919999999999
-69.25379999999986,370.5876999999999,-325.33609999999993
-38.59559999999948,355.71739999999977,-313.98819999999984
-7.937399999999105,340.84709999999956,-302.6402999999997
-48.45520000000505,336.87159999999994,-301.8428000000002
-111.8509999999961,336.398,-304.43649999999985
-172.05660000000012,336.2086000000001,-307.23760000000016
-176.4337000000002,340.9927000000002,-313.66820000000024
-180.81080000000023,345.77680000000026,-320.0988000000003
-154.7964999999947,350.78190000000035,-308.6855999999971
-72.67499999999369,356.1950000000004,-264.3299999999966
9.44650000000101,361.60810000000004,-219.97439999999943
52.716800000000546,375.3636000000004,-181.50359999999912
74.94270000000083,393.6379000000006,-146.2203999999987
97.16860000000109,411.9122000000009,-110.93719999999827
90.7504999999995,395.2949999999988,-133.68050000000162
82.6955999999994,376.68399999999866,-159.73960000000193
81.54460000000017,353.6818999999997,-183.30120000000016
101.87240000000043,317.0185999999992,-199.09280000000035
122.20020000000068,280.35529999999875,-214.8844000000005
120.31999999999903,251.90199999999902,-204.96799999999854
99.56299999999878,230.42719999999875,-173.19979999999813
78.80599999999853,208.95239999999848,-141.43159999999776
69.56239999999995,183.39179999999985,-106.39599999999979
62.54719999999987,157.04039999999952,-70.72799999999935
52.086499999999006,131.03049999999928,-43.785500000000894
19.574599999998604,107.20619999999897,-72.68620000000125
-12.937300000001798,83.38189999999868,-101.58690000000159
-35.8396000000007,69.8296,-111.03479999999891
-46.12930000000003,69.7593,-94.95089999999995
-56.41900000000016,69.68900000000001,-78.86699999999975
-9.34719999999811,50.27589999999927,-35.4509999999985
58.96960000000273,23.698799999998936,18.088000000002147
126.0083000000011,-2.3709000000004075,69.57329999999884
147.03540000000135,-10.174200000000504,47.12539999999856
168.0625,-17.9775,24.677500000000002
163.2451999999993,-22.511999999999972,2.295599999999723
104.58539999999857,-20.236499999999946,-19.94880000000055
45.92559999999784,-17.960999999999917,-42.19320000000082
-8.890900000002588,1.3000000000014538,-10.810799999996874
-61.36800000000323,30.900000000001818,53.214000000003935
-113.84509999999983,60.49999999999991,117.23879999999981
-144.82400000000027,71.54620000000008,126.70380000000004
-173.90600000000063,80.95530000000021,131.3547000000001
-181.78719999999765,78.34439999999844,127.92159999999888
-112.81549999999683,32.16099999999786,95.18399999999849
-43.84379999999597,-14.022400000002701,62.44639999999809
16.71469999999968,-44.06529999999991,31.01790000000019
69.30280000000033,-58.81720000000009,0.8295999999998145
121.89090000000097,-73.56910000000028,-29.358700000000557
151.39400000000074,-60.117999999999384,-8.15999999999898
175.51060000000103,-40.08619999999914,25.029000000001428
195.74199999999936,-20.76639999999926,57.61040000000152
183.92050000000012,-7.3206000000001215,85.17909999999974
172.09899999999996,6.125200000000041,112.74780000000007
175.5985000000004,24.5195000000004,115.38349999999946
201.56880000000072,50.171600000000716,81.45079999999905
227.53910000000104,75.82370000000103,47.51809999999864
214.25199999999842,61.43059999999836,9.98959999999795
