388.52149999999995,-10.8192,-1.3262999999999892
193.71,-9.77,56.04
82.46040000000004,-20.808099999999996,18.023700000000005
-28.789199999999973,-31.846199999999996,-19.99259999999999
-117.56380000000001,-35.759,-37.9757
-195.48839999999996,-36.232,-46.2876
-234.84349999999995,-35.03999999999999,-45.068499999999986
-202.20219999999998,-30.74,-26.0582
-168.43160000000003,-26.613799999999998,-7.115600000000004
-87.2304000000001,-29.7872,8.983599999999981
-6.029199999999815,-32.96060000000001,25.082800000000038
57.9250000000001,-39.38900000000001,36.22300000000001
114.40550000000006,-47.227900000000005,45.21430000000001
138.582,-49.0188,51.7384
108.24549999999995,-40.60369999999998,54.09910000000001
78.15279999999996,-32.636,55.923199999999994
53.057999999999986,-33.84,46.747
27.963200000000008,-35.044000000000004,37.5708
16.46190000000002,-47.72419999999995,25.387600000000038
10.222599999999971,-64.84680000000009,12.040399999999938
5.010099999999985,-81.69910000000007,3.0995999999999913
1.3679999999999883,-98.13800000000006,0.897999999999993
-2.120800000000004,-113.83980000000003,0.37550000000005923
-3.5656000000000025,-119.71360000000001,22.241000000000046
-5.0104000000000015,-125.58740000000002,44.10650000000003
4.552800000000008,-135.7748,65.44720000000001
17.900000000000055,-147.44500000000005,86.60750000000009
42.023800000000136,-161.12220000000005,99.9972
81.1151000000001,-177.58690000000004,102.59440000000001
118.07520000000002,-191.29799999999997,104.89880000000001
134.2561,-178.1615,104.3484
150.437,-165.02499999999998,103.798
164.88209999999998,-179.1135,102.6635
178.8012,-201.45199999999997,101.352
180.0017,-234.26329999999996,106.1224
165.13660000000002,-280.3033999999999,118.57519999999998
153.00299999999993,-325.55399999999975,132.34499999999986
161.62880000000007,-364.8044000000003,156.12400000000022
170.25460000000007,-404.05480000000034,179.9030000000002
145.21359999999973,-410.3422,203.97440000000017
111.26079999999975,-407.90409999999997,228.12320000000017
95.28200000000002,-411.1260000000001,228.83399999999983
99.97330000000002,-420.85690000000005,202.59109999999984
100.08059999999986,-431.0444000000001,180.70120000000003
71.91989999999987,-444.0476000000001,185.65480000000002
43.75919999999989,-457.0508000000001,190.60840000000002
19.185999999999922,-452.53299999999996,208.09200000000007
-4.567200000000062,-444.01039999999995,228.43960000000004
4.011200000000088,-437.87129999999996,240.6812
46.460800000000056,-434.2292,244.4308
88.25730000000003,-429.9508,244.24499999999998
126.6950000000003,-422.3999999999999,223.81999999999982
165.13270000000028,-414.84919999999994,203.39499999999984
168.44879999999998,-418.07320000000004,191.90159999999992
164.93569999999997,-423.39230000000003,182.14489999999992
153.66759999999988,-435.55560000000014,172.13519999999994
134.9969999999999,-454.2520000000001,161.88399999999993
110.63439999999979,-477.6356000000002,159.2720000000001
61.369299999999825,-521.5257000000001,190.08150000000012
12.104199999999853,-565.4158000000001,220.89100000000008
16.896100000000143,-551.5303999999998,241.65870000000018
30.454000000000022,-528.276,260.798
64.72340000000048,-509.9849999999999,252.8846999999997
117.00280000000001,-496.01,221.4474
150.4046999999997,-485.635,190.48799999999977
112.49160000000003,-488.85999999999996,161.33400000000003
74.57849999999975,-492.085,132.1799999999998
69.22,-488.8196,137.91759999999996
68.145,-484.7002,148.24620000000004
57.25160000000007,-481.1976,165.90679999999992
38.585299999999926,-478.1833,189.3719000000001
20.497000000000085,-474.12600000000003,211.0939999999999
4.316099999999958,-466.6268,227.06420000000006
-11.864800000000166,-459.1275999999999,243.03440000000018
1.8985000000000234,-480.73800000000006,241.8797
18.733000000000292,-505.3340000000004,238.96859999999995
63.525000000000006,-517.7625,247.2625
128.44640000000103,-521.4304000000001,263.62400000000025
204.25339999999986,-525.6021,278.121
311.72760000000153,-531.2394,287.19400000000013
419.2017999999997,-536.8766999999999,296.26699999999994
406.99199999999973,-561.9540000000004,288.92399999999986
385.80590000000007,-588.4893,280.3498
335.17999999999915,-599.6612,287.0896000000002
265.3050000000004,-600.7878000000001,303.84239999999994
203.55159999999958,-610.0804000000003,314.16439999999994
162.7789999999996,-640.4685000000003,307.8735
122.00639999999962,-670.8566000000003,301.58259999999996
119.01119999999999,-660.1216999999999,275.11559999999974
117.8588,-647.3807999999999,247.66439999999977
75.57999999999953,-637.4371,235.50599999999997
8.92999999999956,-629.151,232.40999999999997
-51.05360000000026,-623.9563,238.89760000000018
-95.65320000000023,-625.8956000000001,267.50120000000015
-140.2528000000002,-627.8349,296.1048000000001
-50.863999999999635,-614.3853999999999,299.6386
41.71500000000031,-600.5695,302.57550000000003
172.8808000000004,-593.9748,309.27000000000004
324.7181000000003,-591.2486,317.9775
433.1904,-594.275,327.427
451.83520000000004,-609.2175,338.4135
470.4799999999993,-624.1600000000002,349.39999999999986
425.5364,-639.7088,340.87739999999997
380.59279999999933,-655.2576000000003,332.35479999999984
302.9575000000002,-674.6605,301.8357000000001
209.5399999999987,-695.9240000000003,260.6975999999994
115.7550000000003,-714.1514999999999,229.18050000000005
21.283999999998812,-726.7118000000002,215.62259999999984
-70.22840000000015,-739.0453,202.8171999999999
-37.47959999999963,-741.8532,221.6168000000002
-4.730800000000194,-744.6611,240.4163999999999
54.79900000000069,-728.5149999999998,263.20600000000024
125.93389999999948,-704.1555000000002,287.72459999999984
194.39520000000056,-684.5079999999999,308.52480000000014
258.34480000000053,-672.8119999999999,323.05020000000013
317.5137999999997,-660.7685999999999,336.4035999999999
278.6804999999997,-641.6034999999998,325.7309999999999
239.84719999999976,-622.4383999999999,315.0583999999999
104.63179999999912,-642.1349000000002,316.50370000000004
-67.89280000000365,-676.8746000000008,322.63980000000015
-183.1359000000001,-701.8512000000001,330.18520000000007
-210.77200000000008,-711.8960000000001,339.8860000000001
-231.92689999999982,-720.2466999999999,349.47520000000003
-166.6657999999988,-706.0093999999997,357.57640000000015
-101.4046999999999,-691.7721,365.67760000000004
8.22760000000008,-678.2547999999999,331.654
133.1125,-664.985,283.15
191.30919999999946,-652.7159999999998,255.65200000000002
156.88340000000005,-641.837,257.329
127.19399999999996,-631.104,259.1548
143.6845000000002,-621.7944999999999,262.43140000000005
160.1750000000002,-612.4849999999999,265.7080000000001
123.22199999999933,-611.1054,262.10409999999996
70.07400000000024,-612.1288000000001,256.4152
35.59159999999987,-618.7477000000002,253.66750000000002
24.686799999999884,-632.4346000000002,254.63500000000002
21.51050000000056,-643.0939999999998,257.0145000000001
77.0707999999996,-630.7444,270.1251999999999
132.63110000000046,-618.3947999999998,283.23590000000013
160.03600000000014,-615.3543999999999,279.0575999999999
179.98800000000014,-614.7782,270.30279999999993
193.85399999999993,-630.8359999999997,252.96000000000026
200.72110000000015,-666.0229000000007,225.7409999999994
191.31199999999944,-699.8850000000001,201.64679999999996
81.53299999999949,-725.5775000000001,196.82219999999998
-28.24600000000225,-751.2700000000004,191.9975999999999
-96.62350000000119,-719.684999999999,218.35450000000066
-155.53780000000017,-675.0079999999998,251.8386000000001
-170.50749999999942,-638.7561999999995,279.44480000000044
-139.43999999999895,-611.330799999999,300.8932000000008
-105.33729999999915,-586.5898999999998,315.8280999999997
-55.62500000000001,-575.655,297.265
-5.912700000000855,-564.7201000000002,278.7019000000003
41.43080000000148,-533.3083999999989,254.9367999999992
88.31370000000068,-497.9150999999995,230.16019999999963
100.74680000000005,-472.12480000000005,222.25759999999997
80.29599999999972,-455.5009999999998,230.4620000000001
66.00600000000037,-436.42839999999916,234.83279999999962
78.66950000000014,-406.64229999999964,222.43159999999986
91.33299999999993,-376.8562000000002,210.03040000000007
95.37920000000003,-383.41520000000014,196.02709999999985
98.02800000000008,-395.86800000000034,181.7639999999996
87.1849999999998,-376.7946999999996,164.63969999999983
64.61000000000018,-330.30740000000037,145.02740000000017
32.79289999999946,-288.5729999999998,134.7337000000002
-33.93880000000159,-264.7939999999994,159.6436000000006
-100.67050000000044,-241.01499999999984,184.55350000000016
-111.90319999999996,-234.42720000000006,188.2822
-115.83340000000001,-230.10139999999998,189.2239
-75.3659999999984,-240.32200000000046,190.168
0.24950000000030315,-262.0585000000001,191.114
73.04200000000125,-278.11199999999997,184.60199999999938
136.51860000000016,-275.41159999999996,153.47859999999991
199.99520000000118,-272.7111999999999,122.35519999999941
152.6805999999999,-264.231,120.4584
94.00279999999898,-255.15799999999984,121.55920000000002
45.8575,-246.1925,120.5875
5.295599999999354,-237.30439999999987,118.12359999999997
-24.413700000000002,-217.68470000000008,105.79930000000006
-22.55179999999997,-166.84579999999926,64.7901999999994
-20.689900000000005,-116.00690000000013,23.78110000000011
-9.803999999999848,-98.43599999999981,29.532000000000124
1.758699999999954,-83.36020000000006,38.78989999999997
23.833200000000346,-65.36719999999977,42.2108
52.78079999999985,-45.466800000000106,41.815200000000004
77.96640000000016,-33.98080000000011,34.85679999999975
93.43350000000041,-44.23200000000027,10.944499999999367
108.90060000000015,-54.483200000000096,-12.96780000000022
91.74400000000014,-60.53189999999995,-3.477400000000088
72.99599999999985,-66.37560000000005,7.642400000000087
65.49349999999997,-53.50289999999943,5.753599999999771
64.65499999999999,-29.53899999999984,-3.8440000000000625
52.46489999999913,-9.657099999999764,-14.408800000000287
14.078799999999799,0.8048000000000552,-27.205600000000068
-24.30730000000081,11.26670000000022,-40.002400000000264
-50.93760000000011,30.666200000000075,-36.94419999999999
-77.28800000000052,50.278500000000385,-33.508499999999934
-78.33479999999997,74.49960000000007,-31.5064
-65.82609999999977,101.1897000000005,-30.27229999999998
-46.702399999999955,121.7856,-33.56440000000002
-13.87619999999944,129.75780000000012,-46.23220000000022
18.950000000000014,137.73000000000027,-58.90000000000077
19.42300000000001,146.22250000000014,-82.23180000000036
19.896,154.71499999999997,-105.56359999999997
0.5996999999995793,186.14360000000062,-109.27109999999992
-28.24040000000088,228.64480000000128,-103.50479999999982
-47.69800000000003,257.40900000000005,-97.06049999999989
-49.64159999999999,260.5308,-89.35060000000003
-50.89179999999966,263.7788000000001,-81.88650000000003
-23.019199999999223,272.32720000000023,-84.74600000000008
4.8534000000002955,280.8756000000001,-87.60550000000003
33.18199999999981,302.0089999999998,-104.47499999999985
61.70820000000027,328.59590000000026,-127.41550000000021
66.3415999999991,348.8404000000003,-151.55760000000066
30.655899999999722,358.3821000000001,-177.72740000000022
-3.760199999999923,367.62399999999997,-203.7043999999998
-12.149500000000332,370.72000000000014,-225.7290000000009
-20.538800000000187,373.8160000000001,-247.7536000000005
-22.8428,373.1672,-260.40070000000003
-22.7912,371.0688,-269.4177999999999
-19.069299999999657,368.29719999999986,-264.027399999999
-9.733999999999815,364.4959999999999,-236.60199999999946
-2.3745000000000474,364.0131000000001,-209.17839999999993
-21.358999999999725,407.7741999999994,-181.7788000000004
-40.34350000000065,451.53530000000154,-154.37919999999906
-53.4336000000002,477.2068000000004,-136.36519999999976
-64.4975,496.66,-121.5775
-65.89179999999982,509.7484000000001,-117.18300000000016
-53.85609999999962,513.9968000000001,-127.22350000000033
-42.63759999999995,517.0083999999999,-137.71080000000023
-39.38680000000001,507.9612,-152.55439999999996
-36.13599999999996,498.9139999999999,-167.3980000000002
-36.828700000000055,498.47980000000007,-183.08310000000046
-38.71640000000003,500.65560000000005,-199.02320000000017
-47.46309999999991,507.24699999999996,-208.04729999999998
-64.87380000000019,519.416,-208.3354
-80.19900000000001,529.9504999999999,-210.5474999999999
-79.67439999999998,528.0627999999999,-227.38200000000072
-79.1498,526.1750999999999,-244.21650000000042
-91.12700000000012,519.5171999999999,-243.28259999999995
-106.41350000000037,511.5965999999998,-237.64529999999988
-99.75999999999979,507.884,-232.51999999999998
-67.87550000000033,509.0106,-227.98350000000005
-44.17140000000014,507.50319999999994,-224.131
-70.91310000000055,489.75279999999964,-224.49650000000003
-97.65480000000099,472.00239999999934,-224.86200000000002
-88.78049999999966,483.57500000000033,-222.64799999999994
-71.76539999999996,501.85,-219.84439999999998
-65.17260000000009,510.43139999999994,-219.19120000000004
-69.4984,508.8576,-220.7908
-71.48970000000017,506.5327000000001,-224.56669999999974
-61.475,500.345,-239.535
-51.460299999999506,494.1572999999997,-254.50330000000073
-64.20840000000054,504.25960000000043,-260.0792000000001
-81.38260000000025,517.5294000000002,-263.82880000000006
-114.76199999999987,527.7257999999999,-257.58600000000007
-163.61000000000064,534.9885,-241.8049999999998
-203.2132,547.2167999999998,-225.13520000000008
-202.37040000000002,581.1695999999993,-204.57690000000045
-201.52759999999998,615.122400000001,-184.01859999999942
-183.00249999999906,618.0765999999999,-181.49040000000002
-161.60999999999945,616.0039999999999,-181.886
-131.91219999999964,607.4959999999999,-192.56030000000018
-94.99239999999907,593.3919999999996,-212.1726000000005
-67.94650000000007,580.9286999999999,-231.20260000000013
-78.20199999999991,574.6636000000001,-248.03279999999984
-88.45749999999974,568.3985000000001,-264.86299999999954
-109.4594000000005,580.2746000000003,-256.04699999999974
-131.87530000000086,594.5377000000005,-243.85649999999953
-164.76960000000088,604.7160000000001,-239.68440000000004
-205.95930000000016,611.6605000000001,-241.86020000000002
-233.1009999999996,617.5640000000001,-244.34100000000007
-213.88429999999994,620.0322,-247.8283
-194.66760000000028,622.5004,-251.31559999999993
-148.3146999999983,639.5663000000006,-241.7963999999996
-99.17859999999915,658.1294000000003,-230.94319999999982
-84.76750000000035,662.3774999999997,-232.58750000000035
-95.35840000000016,656.3187999999999,-243.2300000000002
-99.37020000000001,648.9191999999999,-250.3052
-84.24279999999978,637.6187999999999,-247.00279999999995
-69.11540000000004,626.3184,-243.7004
-126.52399999999875,634.9699999999998,-235.00600000000017
-189.37280000000183,645.1180000000003,-225.90719999999973
-235.05120000000153,661.1472000000009,-219.29659999999978
-269.50280000000095,681.0218000000006,-214.31289999999987
-287.87199999999973,688.6107999999998,-213.0696000000001
-264.69500000000016,664.4620000000002,-221.48899999999995
-241.51799999999977,640.3131999999998,-229.90840000000009
-190.51430000000042,638.6652,-235.27329999999998
-138.15319999999787,638.1148,-240.4892000000002
-107.07889999999956,637.2997999999999,-246.31530000000015
-88.61899999999926,636.328,-252.50300000000024
-76.25610000000003,625.6789999999993,-260.53020000000026
-77.9632,592.6979999999999,-272.8024000000001
-79.67030000000003,559.7169999999993,-285.07460000000026
-132.5166000000002,577.6946000000002,-291.1224
-186.58050000000287,596.885500000001,-297.0220000000003
-221.06120000000166,600.8135999999997,-300.2224000000001
-245.05090000000047,596.5652,-301.9768
-258.0113999999997,601.1102000000009,-301.1719999999998
-248.12570000000017,623.8700999999996,-295.0660000000001
-238.24,646.63,-288.96
-250.7745000000002,665.0082000000003,-282.9012999999999
-263.30899999999957,683.3863999999994,-276.84260000000023
-225.87069999999704,701.5732000000008,-263.11049999999915
-164.30759999999609,719.6676000000011,-245.6739999999989
-102.01249999999916,730.151,-234.81500000000003
-38.35099999999815,726.4271999999999,-236.23400000000004
24.722699999999193,722.5449000000002,-237.8753999999998
63.108799999999796,712.0056000000001,-248.85759999999996
101.4949000000004,701.4662999999998,-259.83980000000014
113.064,674.2589999999991,-270.6060000000003
113.0124,639.8288999999986,-281.2786000000005
96.26639999999739,615.8307999999996,-295.0920000000011
51.34859999999965,609.4367,-314.20550000000014
3.560399999997486,603.1349999999999,-332.6422000000001
-103.07100000000423,598.7274999999998,-337.20450000000017
-209.70239999999887,594.32,-341.7668
-246.07540000000006,607.7034000000001,-326.0085999999999
-255.2516000000002,627.9736000000005,-302.3843999999995
-253.62769999999935,650.283800000001,-274.65639999999877
-235.48599999999905,675.7140000000013,-240.65199999999822
-218.4051,699.9481000000001,-208.4803
-215.46819999999997,708.2342000000001,-200.74459999999988
-212.5312999999999,716.5203000000002,-193.00889999999973
-151.4664000000013,687.7536000000007,-187.73080000000007
-70.41999999999464,646.2499999999973,-183.2974999999997
-11.095999999999535,613.7661999999997,-189.34740000000033
18.058000000000927,593.8098999999994,-209.95730000000066
42.06599999999875,575.2075999999997,-232.24040000000184
15.900500000000072,569.8068000000001,-270.83719999999994
-10.265000000000347,564.406,-309.43400000000054
-49.36980000000125,556.5499999999997,-319.9181000000001
-92.39559999999909,547.9500000000002,-321.8832
-125.8758000000013,540.7521999999997,-318.5662999999994
-147.2984000000002,535.3255999999999,-308.5773999999999
-163.36399999999935,527.6579999999993,-296.46649999999926
-138.71639999999894,502.9587999999989,-268.2283999999988
-114.0688000000002,478.25960000000015,-239.99030000000025
-87.80619999999979,469.83619999999996,-210.52819999999977
-61.11609999999936,465.72109999999986,-180.74209999999928
-22.49799999999793,427.3859999999969,-163.5779999999999
29.837300000002905,349.6978999999957,-160.92919999999987
83.17460000000031,282.83500000000004,-155.6757999999999
142.69090000000125,282.7275,-134.36069999999955
202.20720000000222,282.62,-113.04559999999921
174.03450000000063,285.73949999999996,-90.2780000000003
125.81859999999988,289.5966,-67.17839999999994
84.40039999999937,272.54189999999926,-63.97840000000033
50.10359999999882,233.57959999999866,-81.62560000000062
14.082699999997743,213.97370000000402,-103.95020000000234
-30.805,293.915,-150.32999999999998
-75.69270000000071,373.8563000000013,-196.70980000000074
-57.27439999999903,385.5523999999999,-217.8500000000005
-26.54660000000057,383.97860000000003,-234.0824999999997
-21.787599999999948,364.1228000000001,-197.6602000000002
-41.81700000000026,326.81599999999946,-110.97649999999885
-44.315199999997844,279.4739999999973,-37.263999999999506
29.885600000003336,188.2279999999959,-20.30049999999924
104.0863999999996,96.98200000000048,-3.3370000000000895
120.62270000000008,70.37499999999983,-10.175600000000113
127.80800000000019,54.249999999999574,-20.874000000000283
100.1552000000014,60.73169999999938,-22.777200000000136
42.208400000000466,86.8713999999998,-17.032400000000045
-9.081100000001932,104.65369999999899,-14.822800000000825
-35.22080000000062,90.86359999999968,-25.968400000000265
-61.36050000000104,77.07349999999946,-37.11400000000044
-33.53640000000037,38.74300000000044,-38.596199999999996
1.388200000000186,-2.816500000000218,-38.8069
30.999200000000542,-49.20240000000106,-26.50399999999953
56.403599999999265,-99.40919999999855,-4.294500000000646
66.1869999999978,-129.45299999999807,18.439000000001293
24.421099999997136,-92.9588999999975,42.90170000000168
-17.344800000000774,-56.46479999999932,67.36440000000046
-23.08640000000007,-14.424899999998537,56.58669999999951
-25.133199999999967,28.183799999999327,42.19460000000023
1.877500000000012,33.155,29.92
49.80960000000076,11.027199999999649,19.16999999999983
81.09980000000058,-9.847699999999406,14.818699999999513
63.977199999999186,-27.077800000000817,29.081800000000683
46.85459999999891,-44.30790000000109,43.344900000000905
-0.5840000000006569,-48.850000000000044,38.41199999999992
-50.29630000000145,-52.44050000000011,32.039399999999816
-154.43440000000626,-39.63799999999894,37.95440000000063
-294.15859999999924,-16.117000000000125,51.903599999999926
-411.3900000000006,-1.1220000000000727,68.60320000000024
-470.5150000000016,-8.152500000000185,92.40800000000063
-529.6400000000025,-15.183000000000296,116.212800000001
-523.4642999999994,-8.334999999999562,106.34839999999933
-514.1031999999999,-0.8099999999999403,94.84159999999991
-457.24639999999795,3.4723000000000566,67.98799999999915
-372.2439999999966,5.833000000000094,32.03999999999858
-278.6408000000012,9.350699999999936,-3.6141999999996415
-165.1895999999994,15.538400000000033,-38.59040000000019
-51.738399999997604,21.72610000000013,-73.56660000000073
56.005000000004,-32.087400000002035,-12.173799999997641
163.6125000000057,-87.32950000000292,51.51350000000337
255.39160000000024,-100.71159999999998,59.04679999999994
338.6912000000016,-91.66869999999983,36.49759999999958
430.13460000000373,-75.2995999999989,7.477599999998532
