451.7324,24.3724,70.9992
373.76,-40.91,100.26
272.5892,-53.2256,62.48160000000001
171.41840000000002,-65.5412,24.703200000000002
67.20279999999997,-71.1496,-8.962400000000002
-47.669599999999974,-53.28280000000001,-28.233199999999997
-162.5420000000001,-35.41599999999999,-47.50400000000002
-243.79360000000003,-21.645199999999996,-51.38119999999999
-283.0192,-12.994399999999999,-36.0164
-322.2448,-4.343600000000002,-20.651600000000002
-305.07039999999995,-8.544800000000006,-12.033199999999997
-259.6959999999999,-19.17200000000002,-6.787999999999992
-214.3215999999999,-29.799200000000027,-1.5427999999999875
-136.11199999999994,-33.495200000000004,5.888000000000005
-53.79800000000006,-36.3248,13.591999999999995
25.121200000000016,-38.618,21.95960000000001
76.88200000000006,-36.62,35.63600000000002
128.64279999999997,-34.622,49.3124
163.2304,-37.56320000000001,53.059999999999995
163.4716,-50.38279999999999,36.95000000000002
163.7128,-63.2024,20.840000000000007
147.2959999999999,-70.96200000000002,16.106000000000012
117.55279999999996,-74.67360000000001,20.472800000000007
87.80959999999986,-78.38520000000001,24.83960000000002
38.4328000000001,-77.6896,33.63039999999998
-16.55360000000009,-75.73479999999999,43.685200000000016
-71.54,-73.78,53.74
-75.4928,-101.50359999999995,60.65199999999999
-79.44560000000001,-129.22720000000004,67.56400000000001
-76.63199999999999,-154.70759999999999,74.4376
-50.1359999999999,-172.33680000000004,81.17680000000001
-23.639999999999947,-189.96600000000004,87.91600000000001
7.85120000000002,-211.60320000000002,99.10480000000001
45.586399999999955,-238.25039999999996,115.85559999999998
83.32160000000009,-264.8976,132.60640000000004
112.74320000000003,-275.916,149.77960000000002
138.00799999999998,-279.12,167.164
163.27279999999996,-282.324,184.54839999999996
191.44640000000015,-281.1184,189.328
219.98359999999997,-279.3616,192.53199999999998
247.00599999999997,-278.1296,195.2168
261.9100000000001,-281.09600000000006,193.748
276.8140000000001,-284.0624,192.2792
294.04480000000007,-292.25120000000004,199.04840000000007
315.9291999999998,-310.88479999999987,222.2935999999998
337.81360000000024,-329.5184000000002,245.53880000000024
342.35800000000006,-354.044,273.1499999999999
333.03040000000004,-383.2831999999999,304.2539999999999
323.70279999999997,-412.5224000000001,335.3580000000001
313.60519999999997,-441.1652000000001,351.678
303.2876,-469.6376,363.774
292.97,-498.11,375.87
228.06199999999947,-500.72360000000003,360.6815999999999
163.15400000000022,-503.3372,345.49320000000006
99.03080000000031,-507.8331999999999,337.3087999999999
37.65439999999979,-518.9176,353.63840000000005
-23.722000000000122,-530.002,369.9680000000001
-59.06,-536.472,385.81120000000004
-61.849999999999994,-537.174,401.0464
-64.64000000000001,-537.876,416.28160000000014
-92.57000000000022,-538.7532,380.7063999999997
-133.07000000000016,-539.718,319.7259999999998
-173.57000000000008,-540.6827999999999,258.74559999999985
-178.5564,-557.3564,263.3844
-179.1036,-575.9935999999999,276.2256
-175.86800000000008,-595.0039999999999,295.17639999999983
-142.3699999999998,-617.0000000000001,363.0040000000004
-108.87199999999986,-638.9960000000001,430.8316000000003
-66.29359999999986,-656.9012,483.22120000000007
-5.55439999999993,-666.6247999999999,504.7348
55.18479999999998,-676.3484,526.2484
100.99599999999994,-667.39,529.846
134.8647999999999,-643.4860000000001,519.1108
168.73359999999983,-619.5820000000001,508.3756000000001
168.16799999999986,-609.7955999999999,482.8731999999996
157.7639999999999,-604.0427999999999,453.1515999999997
147.36,-598.29,423.43
89.5836000000001,-633.5015999999999,419.434
31.80720000000018,-668.7131999999999,415.438
-8.558800000000097,-692.6072000000001,409.71080000000006
12.011599999999866,-676.8896000000001,397.92440000000005
32.58200000000024,-661.1719999999999,386.13799999999986
48.10760000000009,-667.7280000000004,383.19000000000005
57.32720000000008,-702.1260000000003,391.29
66.54680000000008,-736.5240000000002,399.39000000000004
73.67360000000004,-752.7612,398.18279999999993
79.75399999999996,-759.918,392.322
85.83439999999996,-767.0748,386.4612
89.49560000000007,-755.5947999999997,385.8484
92.85440000000007,-741.7851999999997,385.8916
98.86199999999994,-728.0468000000001,389.1275999999999
126.05999999999989,-714.878,417.9059999999999
153.25799999999984,-701.7092,446.68439999999987
179.7815999999998,-697.8835999999999,471.7091999999999
204.95639999999977,-712.7443999999998,489.22679999999986
230.13120000000023,-727.6052000000002,506.74440000000016
219.46799999999968,-736.1,510.65199999999993
180.13439999999974,-739.5020000000001,503.67159999999996
140.8007999999998,-742.904,496.6912
43.00599999999963,-758.8024,473.6443999999999
-71.49200000000019,-778.2712,446.00719999999995
-185.99,-797.74,418.37
-145.42519999999928,-810.0988000000002,408.9739999999998
-104.86039999999933,-822.4576000000003,399.57799999999986
-56.36840000000035,-825.1972000000002,395.4803999999999
19.868799999999524,-794.2696000000002,409.9271999999999
96.1059999999994,-763.3420000000002,424.37399999999985
116.74320000000048,-740.2672000000001,448.15519999999964
67.88040000000055,-727.0084000000002,483.6043999999996
19.017599999999657,-713.7496,519.0536000000003
-5.494800000000069,-722.0764000000001,515.6059999999999
-17.83200000000005,-741.1960000000001,492.7099999999999
-30.16920000000003,-760.3156000000001,469.8139999999999
-1.1015999999999764,-789.4832000000001,444.0508
33.14159999999997,-819.9068,417.9292
61.51920000000004,-843.0280000000001,397.4147999999999
42.9719999999997,-807.7299999999994,421.7580000000004
24.424799999999735,-772.4319999999994,446.10120000000035
4.961999999999733,-735.0123999999994,476.32080000000053
-16.332000000000235,-693.3495999999996,518.2932000000004
-37.626000000000204,-651.6867999999996,560.2656000000004
-88.66400000000058,-625.0239999999999,557.4079999999997
-163.49720000000048,-610.3611999999999,518.6863999999997
-238.33040000000037,-595.6984,479.96479999999985
-245.41479999999996,-617.9984000000002,452.52719999999994
-233.14239999999998,-650.8592000000001,428.31359999999995
-220.87,-683.72,404.1
-201.50920000000002,-700.3376,410.0292
-182.14840000000007,-716.9552,415.9584
-152.37800000000033,-718.6216000000002,422.26279999999997
-86.17399999999911,-667.9587999999993,429.8804000000001
-19.96999999999922,-617.2959999999994,437.4980000000001
32.176400000000356,-585.4123999999999,443.69000000000005
66.7508000000003,-577.0027999999999,448.1000000000001
101.32520000000024,-568.5931999999999,452.51000000000005
130.82120000000015,-556.0891999999999,434.0767999999998
157.7780000000001,-541.5379999999999,404.22199999999987
184.73480000000006,-526.9868,374.36719999999997
95.66919999999992,-571.2420000000001,374.33000000000004
-7.899199999999908,-622.848,378.02
-100.16719999999995,-666.4956000000004,378.9732000000005
-102.03199999999998,-646.4760000000001,358.0320000000001
-103.89680000000003,-626.4563999999997,337.0907999999997
-99.00800000000012,-606.1152000000002,316.2228000000001
-80.6119999999998,-585.1307999999998,295.50119999999976
-62.216000000000186,-564.1464000000003,274.7796000000002
-34.94199999999974,-559.4040000000001,251.1059999999998
-0.5655999999991081,-567.6552000000003,225.0707999999993
33.810800000000164,-575.9064000000001,199.03559999999987
64.9756000000007,-567.6347999999997,207.72880000000043
95.22280000000005,-554.6424,226.34440000000004
125.47,-541.65,244.96
132.868,-529.9032,253.89159999999998
140.266,-518.1564,262.8232
144.28319999999988,-506.14719999999977,269.9748
136.46760000000006,-493.21960000000007,270.89639999999997
128.6519999999999,-480.29199999999986,271.818
116.04760000000019,-471.39320000000004,274.48679999999996
97.45719999999984,-467.5304,279.3396
78.86680000000024,-463.66760000000005,284.19239999999996
23.337999999999596,-451.5511999999999,279.3708
-50.660000000001745,-435.3079999999996,269.71199999999976
-124.65800000000017,-419.06479999999993,260.0532
-201.9136000000016,-434.8184000000004,266.26000000000016
-279.5763999999999,-454.5716,274.45
-334.81999999999783,-468.4911999999994,279.40039999999965
-210.7100000000005,-435.74200000000013,258.4340000000001
-86.59999999999823,-402.99279999999953,237.46759999999972
0.8080000000001775,-367.7331999999995,222.54679999999996
14.812000000000154,-327.45279999999957,219.71719999999996
28.81600000000013,-287.1723999999996,216.88759999999996
41.55399999999986,-241.77000000000058,225.99599999999978
53.279200000000074,-192.2699999999997,244.6548000000001
65.00439999999982,-142.77000000000075,263.3135999999997
91.86920000000009,-139.19560000000004,250.6599999999999
123.05960000000067,-148.74280000000022,229.05999999999955
154.25,-158.29,207.46
128.41279999999904,-170.32120000000046,181.050399999999
102.57560000000008,-182.35239999999996,154.64080000000007
73.79280000000018,-186.10040000000012,129.92000000000007
34.70040000000025,-160.85720000000015,111.11000000000011
-4.39199999999969,-135.6140000000002,92.30000000000014
-52.228400000001756,-116.94519999999969,70.1219999999992
-110.99479999999934,-106.49440000000011,43.73400000000029
-169.76120000000157,-96.04359999999973,17.345999999999293
-184.9724000000001,-79.25680000000028,2.3604000000001335
-178.40599999999986,-59.30199999999953,-6.924000000000218
-171.83960000000013,-39.34720000000035,-16.208399999999838
-134.13719999999915,-9.891599999999372,-32.49760000000035
-92.54279999999922,20.751600000000582,-49.662400000000325
-51.16719999999931,48.92640000000015,-67.08120000000034
-11.541999999999376,57.354000000000134,-86.53200000000031
28.083200000000566,65.78160000000013,-105.98280000000028
59.123600000000174,81.19800000000038,-121.02720000000008
72.99440000000016,110.59200000000033,-127.25880000000006
86.86520000000013,139.98600000000027,-133.49040000000005
64.63999999999959,148.92799999999994,-141.37000000000006
13.53799999999967,141.50839999999997,-150.56800000000004
-37.56400000000025,134.08879999999996,-159.76600000000005
-64.09880000000007,138.1604,-159.4384
-83.61440000000003,145.51520000000002,-156.3892
-103.13,152.87,-153.34
-65.15360000000005,196.68199999999993,-155.4892
-27.17719999999862,240.4940000000016,-157.63840000000008
4.18479999999996,273.99,-160.91959999999997
12.396400000000273,271.3799999999999,-168.16280000000023
20.607999999999937,268.77000000000004,-175.40599999999995
9.062800000000351,269.7199999999999,-181.46039999999996
-27.1783999999996,275.11999999999995,-186.02879999999996
-63.41959999999954,280.5199999999999,-190.59719999999996
-76.36400000000003,303.4952000000008,-194.5200000000001
-77.65999999999998,335.2579999999995,-198.11999999999995
-78.95600000000002,367.0208000000007,-201.72000000000008
-84.2711999999999,372.69719999999995,-197.08320000000012
-90.0888000000001,375.11280000000005,-191.41679999999988
-93.12840000000043,379.6719999999995,-186.30960000000002
-73.9439999999997,401.38000000000034,-185.676
-54.75959999999973,423.0880000000003,-185.0424
-40.57919999999994,441.5620000000002,-182.71679999999992
-36.406799999999954,453.56800000000015,-177.00719999999993
-32.23439999999996,465.5740000000001,-171.29759999999993
-30.001999999999995,478.0460000000001,-163.56599999999992
-29.321599999999993,490.89080000000007,-154.21679999999992
-28.641199999999994,503.73560000000003,-144.86759999999995
-22.139599999999973,511.8484,-150.60760000000002
-13.974799999999988,518.6092,-160.6588
-5.81,525.37,-170.71
-45.27679999999994,522.2956,-172.0492
-84.74359999999987,519.2212000000001,-173.3884
-115.06,521.4835999999999,-172.51320000000004
-113.35000000000001,542.4247999999999,-163.88760000000005
-111.63999999999994,563.3660000000007,-155.26199999999972
-86.08520000000053,585.9263999999997,-152.58679999999995
-30.724399999998425,610.5108000000007,-157.34960000000012
24.636399999999306,635.0951999999996,-162.11239999999992
39.02199999999985,630.8651999999995,-172.80320000000034
32.9200000000001,612.2280000000003,-186.45799999999977
26.817999999999866,593.5907999999996,-200.1128000000003
0.5207999999994115,575.2287999999996,-216.79160000000036
-28.300800000000546,556.9011999999997,-233.8484000000003
-55.54680000000025,539.8684,-250.14640000000017
-70.18800000000023,533.194,-260.37400000000014
-84.82920000000021,526.5196,-270.60160000000013
-91.20239999999987,528.8236000000003,-275.0127999999999
-81.0395999999999,549.0844000000003,-267.79119999999995
-70.8767999999999,569.3452000000002,-260.5695999999999
-44.541999999999696,573.29,-260.12800000000004
-5.269599999999755,564.1819999999999,-265.1104
34.00280000000018,555.074,-270.0928
26.629999999999935,525.4587999999999,-286.37880000000007
5.929999999999968,489.98439999999994,-305.8944
-14.77,454.51,-325.41
-28.511200000000517,452.5335999999999,-327.8472000000001
-42.25239999999995,450.55719999999997,-330.2844
-54.2376000000002,455.742400000001,-329.8479999999996
-60.07679999999996,485.9931999999998,-319.35400000000004
-65.91599999999995,516.2439999999997,-308.86000000000007
-89.37439999999957,543.1571999999998,-298.5916000000001
-134.8567999999995,565.8983999999997,-288.6052000000001
-180.33920000000123,588.6396000000007,-278.61879999999974
-180.39920000000032,603.6551999999999,-264.92920000000026
-157.74799999999948,614.8080000000003,-249.38799999999964
-135.0968000000004,625.9607999999998,-233.8468000000003
-125.92399999999985,651.3152000000006,-223.2783999999998
-118.43600000000016,678.4447999999994,-213.3316000000002
-111.62159999999997,702.1183999999998,-204.16079999999997
-110.19599999999997,698.1439999999999,-201.19799999999995
-108.77039999999998,694.1696,-198.23519999999996
-93.95399999999947,685.8859999999997,-200.18280000000013
-52.35599999999954,668.9839999999998,-211.9512000000001
-10.757999999999605,652.0819999999999,-223.7196000000001
-2.392000000000145,633.3519999999999,-240.46200000000016
-20.611600000000116,613.1596,-261.1836000000001
-38.83120000000009,592.9671999999999,-281.9052000000001
-30.912799999999955,591.8596,-304.07720000000006
-15.526399999999978,596.2048,-326.66360000000003
-0.14,600.55,-349.25
-39.03799999999994,586.744,-349.754
-77.93599999999988,572.9380000000001,-350.258
-108.214,559.3752000000006,-351.1475999999999
-108.322,546.6636000000001,-353.3868
-108.42999999999999,533.9520000000001,-355.626
-120.73480000000082,535.2212000000005,-357.31000000000006
-148.28560000000078,553.9664000000006,-358.3
-175.83639999999966,572.7115999999997,-359.28999999999996
-128.5456000000012,598.8343999999996,-357.22
-43.83399999999799,628.6460000000008,-353.6199999999999
40.87760000000187,658.4576000000006,-350.0199999999999
32.609999999999594,664.3268,-341.0535999999998
12.720000000000407,667.2031999999999,-331.41640000000024
-4.203600000000151,669.4184,-321.4888000000003
2.6040000000001076,666.3439999999999,-309.23799999999983
9.411600000000096,663.2696,-296.9871999999998
16.05720000000033,661.9220000000001,-294.5644000000009
22.37879999999982,664.028,-311.79759999999953
28.700400000000062,666.134,-329.03080000000017
15.399999999999771,661.8639999999999,-346.8600000000001
-13.598000000001328,652.4931999999995,-365.16600000000085
-42.595999999998995,643.1224000000003,-383.4719999999994
-69.93920000000008,629.924,-392.4064
-96.80960000000005,615.632,-398.6632
-123.68,601.34,-404.92
-125.04080000000005,570.7183999999988,-399.1707999999998
-126.40159999999999,540.0968,-393.4216
-111.82560000000035,523.0991999999999,-386.9012
-41.47080000000045,553.7855999999998,-377.68160000000006
28.884000000002217,584.472000000001,-368.4619999999997
63.49159999999969,619.3552000000012,-369.8072000000004
53.41520000000011,659.4843999999996,-384.35839999999985
43.33880000000013,699.6135999999995,-398.9095999999998
21.526399999999292,697.4331999999994,-399.1807999999998
-6.154000000000657,674.0979999999994,-392.31199999999984
-33.83439999999952,650.7628000000003,-385.4432000000001
30.974799999998538,647.0372,-390.5135999999999
107.34520000000144,645.7628,-397.07640000000015
174.7711999999999,647.0472000000004,-404.8588000000003
170.64199999999994,668.8020000000004,-422.3980000000003
166.51280000000008,690.5567999999994,-439.93719999999956
143.5507999999992,693.3239999999995,-453.7084000000001
82.92319999999933,658.1159999999995,-459.94360000000006
22.295599999999425,622.9079999999997,-466.1788
-14.236000000000814,595.649999999999,-463.59599999999955
-31.490800000000107,574.7519999999998,-453.95879999999994
-48.74560000000008,553.8539999999999,-444.32159999999993
-34.480799999999924,580.5560000000002,-447.3852
-11.210399999999046,620.8580000000017,-454.07760000000025
12.06,661.16,-460.77
-22.733999999999945,671.762,-426.9012
-57.52799999999989,682.3639999999999,-393.0324000000001
-79.72679999999924,685.5267999999992,-361.3627999999992
-57.84239999999927,662.6523999999993,-337.3903999999992
-35.958000000000176,639.7780000000002,-313.41800000000023
6.278399999999351,592.0268000000008,-308.30479999999983
73.95480000000191,513.1795999999978,-326.7656000000005
141.6312000000018,434.3323999999979,-345.22640000000047
120.91799999999837,418.76120000000043,-377.986400000001
56.01000000000103,434.82799999999975,-417.8959999999994
-8.898000000001435,450.8948000000004,-457.8056000000009
-32.19000000000037,500.8176000000011,-513.5552000000012
-50.28000000000034,554.972400000001,-571.2848000000012
-74.81119999999834,600.6368000000004,-615.4100000000014
-150.8719999999982,578.3780000000005,-550.7000000000015
-226.93280000000107,556.1191999999996,-485.9899999999991
-288.9152000000004,541.9976,-399.7663999999984
-322.74080000000174,544.1504000000001,-270.51559999999347
-356.566399999999,546.3032,-141.26480000000387
-285.5999999999988,540.8079999999999,-104.62600000000029
-130.79999999999902,529.1944,-142.07680000000022
24.000000000006843,517.5807999999995,-179.52760000000166
73.92040000000085,506.72039999999953,-265.44640000000425
93.87520000000004,496.0752,-365.21320000000014
113.83,485.43,-464.98
42.532000000000124,508.3476,-389.4916000000001
-28.766000000002585,531.2652000000008,-314.00319999999726
-61.898400000004415,541.1332000000016,-253.6652000000003
38.548799999999375,505.32760000000025,-246.35360000000003
138.9960000000032,469.52199999999885,-239.04199999999975
170.14720000000054,427.2300000000005,-234.844
114.67839999999843,376.82999999999856,-234.53799999999998
59.209600000000705,326.43000000000063,-234.232
81.13840000000152,322.05480000000045,-196.8555999999986
141.76599999999905,340.69199999999967,-140.94400000000087
202.39360000000133,359.3292000000004,-85.03239999999876
258.96360000000334,318.7279999999971,-99.11440000000137
315.02640000000105,270.72199999999907,-121.94560000000044
345.7040000000038,224.70360000000068,-135.7252000000013
173.29999999999728,194.58599999999953,-77.09199999999908
0.8959999999907495,164.46839999999838,-18.458799999996852
-140.08120000000102,130.84559999999948,22.092800000000054
-218.2047999999978,90.21240000000115,26.481199999999873
-296.3284000000008,49.57919999999962,30.86960000000004
-288.7219999999964,30.519999999999914,-0.09400000000280784
-212.53159999999951,28.719999999999988,-59.339200000000375
-136.34120000000263,26.920000000000062,-118.58439999999794
-143.4480000000001,46.290800000000075,-90.58719999999983
-174.35400000000126,71.71040000000104,-37.66359999999783
-205.26,97.13,15.26
-300.7932000000036,99.10640000000008,69.87560000000207
-396.3263999999997,101.08279999999999,124.49119999999982
-474.4732000000006,95.23439999999884,159.63799999999884
-491.76759999999985,61.999200000000215,126.6440000000002
-509.0620000000005,28.76399999999895,93.64999999999895
-476.43640000000084,-13.123999999999484,47.53440000000057
-381.41079999999727,-65.8280000000015,-14.983200000001787
-286.3852000000012,-118.53199999999933,-77.50079999999922
-197.49159999999785,-120.3823999999994,-64.65119999999872
-111.66399999999457,-96.8059999999985,-14.117999999996812
-25.836399999998104,-73.22959999999948,36.41520000000112
15.42799999999933,-73.41959999999995,72.85879999999935
51.122000000000675,-76.58040000000005,107.54120000000066
87.48160000000236,-84.11680000000241,136.45559999999904
129.16600000000065,-126.65800000000067,119.22599999999973
170.85039999999893,-169.19919999999894,101.99640000000043
237.15760000000142,-198.51880000000003,70.35839999999924
352.71040000000585,-201.39520000000016,9.903599999996942
468.2632000000011,-204.27160000000003,-50.55120000000058
553.5699999999981,-163.7080000000024,-81.85999999999976
614.6800000000004,-88.39239999999953,-89.85200000000006
675.7900000000027,-13.07679999999667,-97.84400000000036
661.6443999999999,41.95560000000016,-66.41199999999986
