90.86037500000003,-38.100875,77.0515
-51.87,-31.99,61.12
-79.56012500000001,-47.325375,64.36425
-107.25025000000002,-62.66075000000001,67.6085
-134.940375,-77.99612499999999,70.85275
-162.6305,-93.3315,74.097
-172.335625,-94.65125,81.719375
-177.24475,-92.2335,90.50925
-182.153875,-89.81575,99.299125
-187.063,-87.398,108.089
-163.84374999999997,-86.5395,119.87225000000001
-120.1675,-86.815,133.8325
-76.49124999999995,-87.0905,147.79275
-32.81499999999998,-87.366,161.753
6.833625000000055,-81.97499999999998,176.722125
39.57775000000002,-66.86999999999999,193.42075
72.321875,-51.765,210.119375
105.06599999999997,-36.66000000000001,226.81799999999998
139.03562500000007,-22.492499999999982,241.803625
179.54125000000005,-13.324999999999989,247.65325
220.04687500000003,-4.157499999999995,253.502875
260.5525,5.01,259.35249999999996
301.05812500000013,14.177500000000027,265.202125
309.103,2.7372499999999675,264.40074999999996
315.34450000000004,-9.84787500000002,263.229875
321.586,-22.433000000000007,262.05899999999997
327.82750000000004,-35.018125,260.888125
324.12375000000003,-29.772499999999965,275.79625000000004
316.868125,-18.158749999999973,296.44687500000003
309.6125,-6.54499999999998,317.0975
302.356875,5.068750000000009,337.748125
286.68625000000003,29.732499999999987,363.23875
263.4421249999999,66.14125000000011,393.08537500000006
240.19800000000004,102.54999999999995,422.93199999999996
216.95387499999998,138.95875000000007,452.77862500000003
195.54874999999993,186.79975000000036,480.3610000000001
178.128125,259.410625,503.03749999999997
160.70749999999995,332.02150000000023,525.714
143.2868749999999,404.6323750000005,548.3905000000001
127.42575,476.09225000000015,575.1192500000001
124.82037500000001,537.7686249999998,636.2921249999997
122.215,599.4449999999999,697.4649999999999
119.609625,661.1213750000002,758.6378750000001
117.00424999999998,722.7977500000003,819.8107500000003
194.71962500000012,796.4485000000001,886.7338750000001
281.8845000000004,871.5080000000003,954.3335000000004
369.0493750000007,946.5675000000006,1021.9331250000006
456.2142500000003,1021.6270000000002,1089.5327500000003
624.2423749999997,1089.205,1155.913625
829.5920000000003,1153.33,1221.7320000000002
1034.9416250000008,1217.4550000000002,1287.5503750000003
1240.29125,1281.58,1353.36875
1423.4502500000003,1330.52425,1390.706625
1581.9530000000009,1362.601,1396.3995
1740.4557500000014,1394.6777500000003,1402.092375
1898.9585000000006,1426.7545000000002,1407.7852500000001
2015.75,1466.9981250000005,1407.2124999999999
2015.75,1530.1090000000002,1389.096
2015.75,1593.2198749999998,1370.9795000000001
2015.75,1656.33075,1352.863
2015.75,1718.5582499999998,1333.598625
2015.75,1764.8850000000002,1293.6724999999997
2015.75,1811.2117500000002,1253.746375
2015.75,1857.5385000000003,1213.8202499999998
2015.75,1903.86525,1173.8941249999998
2015.75,1913.96,1109.7
2015.75,1917.26125,1040.955625
2015.75,1920.5625,972.2112499999997
2015.75,1923.86375,903.4668749999996
2015.75,1938.2965000000002,834.0819999999994
2015.75,1959.2226250000003,764.3234999999992
2015.75,1980.14875,694.5649999999999
2015.75,2001.074875,624.8064999999998
2001.4509999999998,2013.19,561.4869999999996
1967.4908750000002,2013.19,507.0211250000003
1933.5307499999997,2013.19,452.5552499999993
1899.570625,2013.19,398.08937499999996
1852.5559999999996,2013.19,348.3214999999999
1756.5869999999995,2013.19,316.1711249999998
1660.6180000000006,2013.19,284.0207500000002
1564.648999999999,2013.19,251.87037499999963
1468.68,2013.19,219.72
1391.2882499999998,2013.19,188.4982499999999
1313.8964999999996,2013.19,157.27649999999983
1236.5047499999994,2013.19,126.05474999999973
1159.112999999999,2013.19,94.83299999999963
1099.2506249999992,2013.19,67.08562499999961
1044.0627499999998,2013.19,40.26474999999992
988.8748749999996,2013.19,13.443874999999842
933.6869999999996,2013.19,-13.377000000000242
884.3415000000002,2013.19,-33.06299999999996
839.2449999999994,2013.19,-47.560000000000215
794.1484999999999,2013.19,-62.057000000000045
749.0519999999998,2013.19,-76.55400000000009
705.4972499999997,2008.185875,-92.48512500000015
664.5855000000001,1994.6032500000001,-110.87474999999993
623.6737499999994,1981.0206249999999,-129.26437500000026
582.7619999999998,1967.4379999999999,-147.65400000000005
542.6688749999997,1957.07925,-166.0717500000001
506.9417499999996,1963.9145,-184.63950000000017
471.21462499999956,1970.7497500000002,-203.20725000000022
435.48749999999995,1977.585,-221.77499999999998
399.7603749999999,1984.42025,-240.34275000000005
360.64699999999976,1991.17225,-240.60449999999997
321.3454999999997,1997.919625,-239.84924999999998
282.0439999999995,2004.6670000000001,-239.09399999999997
242.7425,2011.414375,-238.33874999999998
199.5332499999992,2013.19,-241.03275000000005
154.92837500000041,2013.19,-244.95862499999996
110.3234999999996,2013.19,-248.88450000000003
65.71862499999946,2013.19,-252.81037500000002
64.33875000000057,2004.3637499999998,-257.7637500000001
101.86137500000012,1987.593875,-263.641875
139.38400000000024,1970.8239999999998,-269.52000000000004
176.90662500000036,1954.0541249999999,-275.39812500000005
219.95824999999985,1942.7727499999999,-279.61725
274.989375,1943.383125,-280.241875
330.0205000000002,1943.9935,-280.86650000000003
385.0516250000012,1944.603875,-281.491125
443.1862499999995,1946.851,-284.0179999999999
527.7006250000011,1963.0105000000003,-302.7140000000002
612.2150000000013,1979.1700000000003,-321.41000000000025
696.7293750000002,1995.3295,-340.10600000000005
781.2437500000005,2011.4890000000003,-358.8020000000001
869.1666250000007,2013.19,-397.5813750000003
957.490500000001,2013.19,-438.7235000000005
1045.814375,2013.19,-479.865625
1134.1382500000002,2013.19,-521.0077500000001
1199.0881250000002,2012.587125,-565.5981250000003
1253.2499999999995,2011.7060000000001,-611.7799999999997
1307.4118749999998,2010.824875,-657.9618749999998
1361.5737500000007,2009.94375,-704.1437500000008
1389.8055,1999.5676249999997,-747.3826250000008
1389.2259999999999,1978.6415,-787.3515000000002
1388.6465,1957.7153749999995,-827.3203750000009
1388.067,1936.7892499999996,-867.2892500000005
1373.9281250000001,1913.64125,-903.9125
1321.8229999999992,1884.2719999999995,-931.1680000000005
1269.7178749999998,1854.9027499999997,-958.4235000000002
1217.6127499999989,1825.5334999999993,-985.6790000000007
1164.2546249999991,1795.7404999999997,-1011.7561250000001
1088.3425,1758.3200000000002,-1016.6225
1012.4303749999987,1720.8994999999993,-1021.4888750000001
936.5182499999995,1683.4789999999998,-1026.35525
860.6061250000005,1646.0585000000003,-1031.221625
764.6559999999988,1600.7219999999995,-1016.0259999999997
664.9487499999971,1553.9012499999985,-997.0687499999995
565.2415000000012,1507.0805000000005,-978.1115000000002
465.5342499999994,1460.2597499999997,-959.1542499999998
374.97399999999794,1400.3694999999984,-943.1339999999996
289.749499999999,1332.8553749999992,-928.8269999999998
204.52499999999998,1265.34125,-914.52
119.30049999999846,1197.827124999999,-900.2129999999997
38.87999999999957,1118.3379999999995,-891.838
-34.93499999999955,1022.3832500000005,-891.6195
-108.75000000000088,926.4284999999988,-891.401
-182.565,830.47375,-891.1825
-266.68099999999856,729.8630000000014,-889.7690000000001
-389.42575000000073,611.7922499999993,-883.87425
-512.1705000000029,493.72149999999715,-877.9794999999999
-634.9152500000015,375.6507499999986,-872.08475
-757.66,257.58,-866.19
-853.8047500000017,203.86937499999902,-806.874374999999
-949.9495000000006,150.15874999999966,-747.5587499999997
-1046.0942500000024,96.4481249999987,-688.2431249999986
-1142.2390000000012,42.73749999999936,-628.9274999999993
-1118.096875,35.121875,-580.1850000000001
-1061.878249999999,39.79825000000008,-534.2619999999993
-1005.6596249999997,44.474625000000024,-488.3389999999997
-949.4409999999987,49.15100000000011,-442.4159999999989
-845.4507499999984,5.007999999999072,-411.82837499999977
-706.7174999999959,-74.64000000000237,-392.3937499999994
-567.9842499999975,-154.28800000000143,-372.95912499999963
-429.2509999999992,-233.9360000000005,-353.5244999999999
-283.7679999999963,-283.824375,-298.0556249999971
-126.71399999999812,-282.69625,-180.81374999999858
30.339999999999975,-281.568125,-63.57187499999998
187.3940000000028,-280.44,53.67000000000212
326.8346250000016,-283.1485000000008,163.47862500000252
372.3372499999997,-306.31899999999985,233.6432499999996
417.8398750000005,-329.4895000000003,303.8078750000009
463.34250000000134,-352.6600000000007,373.9725000000021
508.8451249999995,-375.83049999999974,444.1371249999992
474.8147499999998,-413.86000000000024,455.651
436.3658749999991,-452.71500000000094,463.90650000000016
397.9169999999996,-491.57000000000045,472.1620000000001
359.46812500000004,-530.425,480.41749999999996
267.12099999999805,-586.5122500000011,500.0690000000004
155.52449999999934,-648.7538750000003,523.7905000000002
43.92800000000065,-710.9954999999997,547.5119999999998
-67.66850000000133,-773.2371250000008,571.2335000000003
-148.9137500000016,-835.3187500000018,596.3262500000008
-202.842875000001,-897.2563750000011,622.6531250000005
-256.77200000000033,-959.1940000000004,648.9800000000002
-310.7011250000013,-1021.1316250000015,675.3068750000007
-359.21600000000046,-1077.3670000000004,701.1080000000004
-396.0,-1121.2475,725.77
-432.7840000000007,-1165.1280000000008,750.4320000000005
-469.5680000000002,-1209.0085000000001,775.0940000000002
-504.9587500000006,-1252.1145000000008,799.4085000000005
-528.5068750000003,-1288.6372500000004,820.7692500000003
-552.0550000000001,-1325.1599999999999,842.13
-575.6031250000004,-1361.6827500000006,863.4907500000004
-599.1512500000001,-1398.2055000000003,884.8515000000001
-579.2261249999995,-1432.0337500000007,899.3315000000003
-554.1864999999997,-1465.5450000000005,913.0020000000002
-529.1468749999992,-1499.056250000001,926.6725000000004
-504.10724999999957,-1532.5675000000008,940.3430000000002
-441.0994999999995,-1561.7968750000002,936.8128749999998
-360.56799999999805,-1589.0500000000006,925.3439999999997
-280.036499999999,-1616.3031250000004,913.8751249999998
-199.505,-1643.55625,902.40625
-102.98274999999796,-1665.2473750000004,880.8326249999994
11.307000000004109,-1680.7585000000006,848.0314999999988
125.59675000000274,-1696.2696250000004,815.2303749999992
239.88649999999797,-1711.7807499999997,782.4292500000006
351.485625,-1727.863125,748.1
455.55100000000186,-1745.5450000000003,709.4919999999993
559.6163750000006,-1763.226875,670.8839999999998
663.6817500000025,-1780.9087500000005,632.2759999999992
766.1092500000009,-1797.227875,594.1534999999997
839.0550000000022,-1789.0174999999997,564.7699999999992
912.0007499999991,-1780.807125,535.3865000000004
984.9465000000005,-1772.59675,506.0029999999999
1057.8922499999996,-1764.386375,476.6195000000002
1041.3859999999997,-1736.2599999999995,485.3700000000002
1008.107499999999,-1704.399374999999,501.27062500000045
974.8289999999994,-1672.5387499999995,517.1712500000002
941.5504999999988,-1640.678124999999,533.0718750000005
840.0670000000008,-1624.6965,546.5754999999999
698.7972499999983,-1617.977625,558.6808750000001
557.5275,-1611.25875,570.78625
416.2577499999975,-1604.539875,582.8916250000002
263.12199999999905,-1604.796,581.0159999999998
93.67049999999597,-1614.6427500000002,559.9164999999995
-75.78100000000705,-1624.4895000000004,538.8169999999991
-245.2325,-1634.3362499999998,517.7175
-403.7809999999986,-1647.8449999999996,489.9075000000006
-521.4432500000007,-1675.08625,436.9331249999997
-639.1055000000028,-1702.3275000000006,383.95874999999876
-756.7677500000013,-1729.5687500000004,330.9843749999994
-874.4300000000014,-1756.8100000000013,278.0099999999994
-926.1456250000024,-1798.617125000002,258.5183749999991
-977.8612500000003,-1840.4242500000003,239.02674999999988
-1029.5768749999997,-1882.2313749999996,219.5351250000001
-1081.2925000000007,-1924.0385000000003,200.04349999999977
-1099.861875,-1942.215,195.9175
-1109.5922500000001,-1954.0900000000001,195.88899999999998
-1119.3226250000005,-1965.9650000000004,195.8605
-1129.0530000000003,-1977.8400000000001,195.832
-1111.7536250000007,-1982.84,191.44337500000012
-1074.79625,-1982.84,183.88375
-1037.8388749999995,-1982.84,176.32412499999987
-1000.8814999999997,-1982.84,168.76449999999997
-962.6063749999989,-1978.6889999999996,165.7452500000001
-922.0722499999995,-1967.4219999999998,170.50950000000006
-881.5381249999988,-1956.1549999999997,175.27375000000015
-841.0040000000005,-1944.8880000000001,180.03799999999995
-802.0909999999998,-1929.498625,187.29937500000014
-771.8240000000002,-1892.1232500000003,207.87874999999988
-741.5569999999996,-1854.7478749999996,228.45812500000025
-711.289999999999,-1817.3724999999988,249.03750000000062
-681.0229999999995,-1779.9971249999994,269.61687500000033
-663.6934999999994,-1785.6710000000003,288.6302500000007
-647.08275,-1793.7365,307.5566249999999
-630.4719999999998,-1801.8020000000001,326.48300000000023
-613.86125,-1809.8675,345.409375
-645.4717500000023,-1819.5657500000004,328.33474999999856
-694.3041250000017,-1829.8471250000005,298.4026249999989
-743.1365000000012,-1840.1285000000003,268.4704999999993
-791.9688750000035,-1850.4098750000007,238.53837499999787
-863.7737500000001,-1866.195,204.79375000000005
-956.253874999999,-1886.9334999999996,167.61787500000048
-1048.7340000000033,-1907.6720000000007,130.44199999999867
-1141.2141250000022,-1928.4105000000004,93.2661249999991
-1234.545500000001,-1945.618,67.15349999999998
-1329.72125,-1955.175,65.01125
-1424.8970000000045,-1964.7320000000004,62.8689999999999
-1520.0727499999978,-1974.2889999999998,60.72675000000005
-1607.5425000000005,-1981.3262499999996,56.77174999999954
-1629.5112500000002,-1966.9456249999998,37.40837499999977
-1651.48,-1952.565,18.045
-1673.4487500000012,-1938.1843749999994,-1.3183750000009269
-1695.4175000000007,-1923.8037499999994,-20.681750000000694
-1519.0599999999952,-1861.4554999999984,-127.50587500000285
-1319.3699999999976,-1793.4639999999993,-244.61950000000144
-1119.6799999999998,-1725.4725,-361.73312500000003
-919.9900000000024,-1657.481000000001,-478.8467499999986
-752.8211249999945,-1652.1917500000009,-475.58037499999796
-600.6619999999964,-1675.8420000000006,-416.7539999999986
-448.50287499999814,-1699.4922500000002,-357.9276249999993
-296.3437499999909,-1723.1425000000013,-299.10124999999647
-264.2513749999988,-1726.7340000000002,-269.62274999999994
-365.5664999999976,-1708.0380000000005,-272.75299999999993
-466.88162500000243,-1689.3419999999994,-275.8832500000001
-568.1967500000012,-1670.6459999999997,-279.0135
-672.6481249999999,-1630.421875,-292.265
-785.8810000000054,-1529.918999999995,-333.856000000002
-899.113875000004,-1429.4161249999963,-375.4470000000015
-1012.3467500000027,-1328.9132499999976,-417.038000000001
-1123.3463750000008,-1232.6176249999999,-458.6160000000005
-1194.1475,-1212.0525,-499.96
-1264.948624999999,-1191.4873750000002,-541.3039999999995
-1335.7497500000025,-1170.9222499999992,-582.6480000000015
-1406.5508750000017,-1150.3571249999993,-623.992000000001
-1443.7040000000004,-1147.818,-641.8140000000002
-1474.548125,-1148.65875,-655.225625
-1505.3922499999996,-1149.4995000000001,-668.6372499999999
-1536.236375000001,-1150.3402500000002,-682.0488750000005
-1528.7674999999992,-1114.7219999999986,-685.6355
-1498.9493749999995,-1057.8359999999993,-683.490875
-1469.13125,-1000.95,-681.34625
-1439.3131249999985,-944.0639999999972,-679.2016249999999
-1388.0200000000018,-894.6550000000009,-669.2960000000005
-1307.198749999998,-855.5268749999991,-648.7189999999996
-1226.377499999999,-816.3987499999995,-628.1419999999998
-1145.55625,-777.270625,-607.565
-1059.975499999995,-749.5810000000007,-586.706999999999
-956.5466249999963,-764.7857500000006,-564.7952499999992
-853.1177499999975,-779.9905000000003,-542.8834999999995
-749.6888749999925,-795.1952500000011,-520.9717499999985
-646.26,-810.4,-499.06
-596.9075000000006,-785.6667500000003,-482.2022500000002
-547.5549999999982,-760.9334999999991,-465.34449999999936
-498.2024999999988,-736.2002499999994,-448.4867499999996
-448.8499999999994,-711.4669999999996,-431.6289999999998
-406.3787499999976,-679.7118749999979,-389.4493749999971
-365.742499999998,-646.0842499999984,-340.51724999999766
-325.10625000000095,-612.4566250000008,-291.5851250000012
-284.46999999999906,-578.8289999999992,-242.65299999999883
-330.4092500000013,-613.6172500000009,-238.52387500000037
-439.3125,-698.1624999999999,-266.97875
-548.2157500000052,-782.707750000004,-295.43362500000137
-657.1190000000039,-867.253000000003,-323.88850000000105
-719.9613749999996,-837.4077499999946,-323.94437499999884
-703.8422499999998,-611.4644999999973,-275.3162499999994
-687.723125,-385.52125,-226.688125
-671.6039999999992,-159.5779999999892,-178.05999999999767
-656.2397499999996,34.98900000000097,-134.63574999999946
-644.9014999999997,62.21600000000065,-118.96549999999964
-633.5632499999998,89.44300000000032,-103.29524999999981
-622.2249999999993,116.67000000000164,-87.62499999999906
-610.8867500000001,143.89699999999968,-71.95475000000019
-583.879499999999,146.92075000000008,-89.36400000000069
-556.0017499999993,148.59987500000005,-108.61100000000044
-528.1239999999997,150.27900000000002,-127.85800000000022
-500.2462499999983,151.9581250000001,-147.10500000000113
-486.6782499999996,160.33975000000052,-138.5969999999991
-478.2208749999997,171.1151250000004,-120.17649999999932
-469.7634999999998,181.89050000000026,-101.75599999999956
-461.3061249999999,192.66587500000014,-83.33549999999978
-456.17125,205.81125000000003,-73.92375
-454.0266249999999,221.08962500000075,-72.61987499999994
-451.8819999999999,236.36800000000056,-71.31599999999996
-449.73737499999993,251.64637500000038,-70.01212499999997
-446.78874999999965,257.554249999999,-67.38674999999961
-442.098125,243.159375,-61.898125
-437.4075,228.7645000000002,-56.409500000000065
-432.7168749999998,214.3696249999995,-50.9208749999998
-427.8034999999998,199.54174999999958,-45.947499999999984
-420.9967499999999,181.03337499999978,-45.35374999999999
-414.1899999999996,162.5249999999989,-44.75999999999996
-407.3832499999997,144.01662499999912,-44.16624999999997
-400.5765000000002,125.50825000000044,-43.57250000000001
-413.3877500000004,97.4904999999993,-53.62925000000027
-428.5070000000002,68.35399999999964,-64.93900000000014
-443.62624999999997,39.21750000000001,-76.24875
-458.74550000000073,10.080999999998607,-87.55850000000054
-479.7098750000008,17.099125000000853,-129.00062500000197
-503.3720000000005,40.80400000000056,-184.35000000000133
-527.0341250000002,64.50887500000027,-239.69937500000066
-550.69625,88.21375,-295.04875
-582.2615000000019,91.12749999999903,-335.21062500000113
-622.6080000000014,70.93999999999927,-358.49750000000085
-662.954500000001,50.752499999999515,-381.7843750000006
-703.3010000000005,30.564999999999756,-405.0712500000003
-713.1862499999954,5.827499999997741,-417.763749999999
-637.7800000000009,-31.64999999999955,-400.7920000000002
-562.3737499999972,-69.12750000000135,-383.8202499999994
-486.96749999999815,-106.6050000000009,-366.8484999999996
-411.7083749999991,-140.7044999999997,-348.7211249999995
-339.09749999999565,-113.99999999999841,-309.79249999999763
-266.4866249999965,-87.29549999999873,-270.86387499999813
-193.87574999999737,-60.59099999999904,-231.9352499999986
-121.26487499999826,-33.886499999999366,-193.00662499999908
-22.629999999998745,-52.78000000000033,-150.0559999999995
80.884375,-80.223125,-106.35125000000001
184.39875000000495,-107.66625000000131,-62.646499999997914
287.91312500000373,-135.109375000001,-18.941749999998432
364.34650000000147,-150.06800000000018,15.7360000000007
424.98262500000436,-157.74400000000054,45.14800000000211
485.61875,-165.42,74.56
546.2548749999993,-173.0959999999999,103.97199999999964
583.9270000000002,-164.89299999999892,120.87199999999999
590.0236250000002,-134.85637499999928,120.568
596.12025,-104.81974999999964,120.264
602.2168750000003,-74.78312499999821,119.95999999999998
604.1334999999993,-51.402500000000074,120.14400000000009
590.3751249999995,-52.98187500000006,122.15800000000007
576.6167499999997,-54.56125000000004,124.17200000000004
