313.6875,-57.8925,154.5725
302.5,1.07,195.32
274.115,-0.4375,186.22
245.73000000000002,-1.9449999999999998,177.12
217.345,-3.4524999999999997,168.01999999999998
188.96,-4.96,158.92
179.6925,-5.3275,134.605
170.425,-5.695,110.28999999999999
161.1575,-6.0625,85.975
151.89,-6.43,61.66
183.765,-3.9450000000000003,55.074999999999996
215.64,-1.46,48.489999999999995
247.515,1.025,41.905
279.39,3.51,35.32
336.73749999999995,57.579999999999984,51.525000000000006
394.085,111.64999999999999,67.73
451.4325,165.72,83.935
508.78,219.79,100.14
599.2825,322.58,154.6375
689.785,425.37,209.135
780.2874999999999,528.1600000000001,263.6325
870.79,630.95,318.13
957.055,708.6800000000001,405.4925
1043.32,786.4100000000001,492.855
1129.585,864.14,580.2175
1215.85,941.87,667.58
1279.4325,1002.7525,786.115
1343.0149999999999,1063.635,904.6500000000001
1406.5975,1124.5175000000002,1023.1850000000001
1470.18,1185.4,1141.72
1494.6325000000002,1235.7375000000002,1211.4
1519.085,1286.075,1281.08
1543.5375,1336.4125,1350.76
1567.99,1386.75,1420.44
1624.5275000000001,1419.7825,1447.1950000000002
1681.065,1452.815,1473.95
1737.6025,1485.8475,1500.705
1794.14,1518.88,1527.46
1848.41,1598.545,1542.14
1902.68,1678.21,1556.8200000000002
1956.95,1757.875,1571.5
2011.22,1837.54,1586.18
2011.22,1878.9425,1579.335
2011.22,1920.345,1572.49
2011.22,1961.7475,1565.645
2011.22,2003.15,1558.8
2011.22,2003.15,1520.6125
2011.22,2003.15,1482.425
2011.22,2003.15,1444.2375
2011.22,2003.15,1406.05
2011.22,2003.15,1325.5175
2011.22,2003.15,1244.9850000000001
2011.22,2003.15,1164.4525
2011.22,2003.15,1083.92
2011.22,2003.15,992.5925000000001
2011.22,2003.15,901.2650000000001
2011.22,2003.15,809.9374999999993
2011.2199999999998,2003.15,718.6099999999994
1989.1000000000001,2003.15,650.1050000000005
1966.9800000000002,2003.15,581.6000000000005
1944.8600000000001,2003.15,513.095
1922.74,2003.15,444.59
1784.6625,2003.15,394.27
1646.585,2003.15,343.95
1508.5075000000002,2003.15,293.63
1370.43,2003.15,243.31
1231.0075000000002,2003.15,210.3825
1091.585,2003.15,177.45499999999998
952.1625,2003.15,144.5275
812.74,2003.15,111.6
701.14,2003.15,78.155
589.54,2003.15,44.71
477.94,2003.15,11.265
366.34,2003.15,-22.18
257.48249999999996,2003.15,-64.9075
148.62499999999997,2003.15,-107.635
39.767499999999984,2003.15,-150.3625
-69.09,2003.15,-193.09
-146.26999999999998,2003.15,-191.6275
-223.45,2003.15,-190.16500000000002
-300.63,2003.15,-188.70250000000001
-377.81,2003.15,-187.24
-389.135,2003.15,-169.3125
-400.46000000000004,2003.15,-151.385
-411.785,2003.15,-133.4575
-423.11,2003.15,-115.53
-388.72,2003.15,-130.195
-354.33000000000004,2003.15,-144.86
-319.94,2003.15,-159.525
-285.55,2003.15,-174.19
-162.54749999999999,2003.15,-193.855
-39.54499999999999,2003.15,-213.51999999999998
83.45750000000001,2003.15,-233.185
206.46,2003.15,-252.85
343.625,2003.15,-272.7725
480.79,2003.15,-292.695
617.955,2003.15,-312.6175
755.12,2003.15,-332.54
863.855,2003.15,-364.37
972.5899999999999,2003.15,-396.20000000000005
1081.325,2003.15,-428.03000000000003
1190.06,2003.15,-459.86
1264.175,2003.15,-510.2875
1338.29,2003.15,-560.715
1412.405,2003.15,-611.1425
1486.52,2003.15,-661.57
1498.8825,2003.15,-725.2900000000001
1511.245,2003.15,-789.01
1523.6075,2003.15,-852.73
1535.97,2003.15,-916.45
1493.2724999999994,2003.15,-969.6950000000008
1450.5749999999994,2003.15,-1022.9400000000009
1407.8774999999994,2003.15,-1076.1850000000009
1365.179999999999,2003.1499999999999,-1129.4300000000003
1282.7100000000012,1990.5425000000002,-1153.0274999999997
1200.2400000000011,1977.9350000000002,-1176.6249999999998
1117.7700000000011,1965.3275000000003,-1200.2224999999996
1035.300000000001,1952.7200000000003,-1223.8199999999997
935.9875,1898.1175,-1206.9924999999998
836.675,1843.5149999999999,-1190.165
737.3625,1788.9125,-1173.3375
638.05,1734.31,-1156.51
489.0249999999999,1671.565,-1141.57
339.99999999999994,1608.82,-1126.63
190.97499999999997,1546.0749999999998,-1111.69
41.95,1483.33,-1096.75
-40.81,1335.2975,-1091.2625
-123.57,1187.2649999999999,-1085.775
-206.32999999999998,1039.2325,-1080.2875
-289.09,891.2,-1074.8
-335.71999999999997,833.1800000000001,-1046.4775
-382.35,775.1600000000001,-1018.155
-428.98,717.14,-989.8325
-475.61,659.12,-961.51
-529.895,628.815,-920.1825
-584.1800000000001,598.51,-878.855
-638.465,568.2049999999999,-837.5275
-692.75,537.9,-796.2
-624.425,482.46,-689.4025
-556.1,427.02,-582.605
-487.775,371.58,-475.8075
-419.45,316.14,-369.01
-307.6225,241.0775,-283.46
-195.79500000000002,166.015,-197.91
-83.9675,90.9525,-112.36
27.86,15.89,-26.81
138.45500000000004,-62.02000000000001,53.02249999999998
249.05,-139.93,132.855
359.645,-217.84,212.6875
470.24,-295.75,292.52
407.8625,-391.48249999999996,338.66249999999997
345.485,-487.215,384.80499999999995
283.1075,-582.9475,430.9475
220.73,-678.68,477.09
112.39250000000004,-776.6075,531.8924999999999
4.055000000000007,-874.5350000000001,586.6949999999999
-104.2825,-972.4625000000001,641.4975
-212.62,-1070.39,696.3
-284.985,-1166.7775000000001,737.625
-357.35,-1263.165,778.95
-429.715,-1359.5525,820.275
-502.08,-1455.94,861.6
-512.46,-1540.7575000000002,872.3775
-522.84,-1625.575,883.155
-533.22,-1710.3925,893.9325
-543.6,-1795.21,904.71
-522.8075,-1844.63,895.7325000000001
-502.015,-1894.0500000000002,886.755
-481.2225,-1943.47,877.7774999999999
-460.43,-1992.89,868.8
-411.77,-1992.89,864.0425
-363.11,-1992.89,859.285
-314.45000000000005,-1992.89,854.5274999999999
-265.79,-1992.89,849.77
-181.95000000000002,-1992.89,853.49
-98.11000000000001,-1992.89,857.21
-14.27000000000001,-1992.89,860.93
69.57,-1992.89,864.65
159.495,-1992.89,868.43
249.42,-1992.89,872.21
339.34499999999997,-1992.89,875.99
429.27,-1992.89,879.77
496.3125,-1992.89,890.99
563.355,-1992.89,902.21
630.3975,-1992.89,913.43
697.44,-1992.89,924.65
709.8325,-1992.89,948.1875
722.225,-1992.89,971.7249999999999
734.6175000000001,-1992.89,995.2624999999999
747.01,-1992.89,1018.8
693.885,-1992.89,1035.125
640.76,-1992.89,1051.4499999999998
587.635,-1992.89,1067.7749999999999
534.51,-1992.89,1084.1
396.85749999999996,-1992.89,1075.2275
259.205,-1992.89,1066.355
121.55250000000001,-1992.89,1057.4824999999998
-16.1,-1992.89,1048.61
-172.97500000000002,-1992.89,1009.5725
-329.85,-1992.89,970.535
-486.725,-1992.89,931.4975
-643.6,-1992.89,892.46
-775.9624999999962,-1992.89,835.9800000000016
-908.325,-1992.89,779.5
-1040.6874999999961,-1992.89,723.0200000000016
-1173.05,-1992.89,666.54
-1252.9574999999977,-1992.89,623.5525000000011
-1332.865,-1992.89,580.5649999999999
-1412.7724999999978,-1992.89,537.5775000000012
-1492.68,-1992.89,494.59
-1517.315,-1992.89,484.72749999999996
-1541.95,-1992.89,474.865
-1566.585,-1992.89,465.0025
-1591.22,-1992.89,455.14
-1561.8,-1992.89,461.28249999999997
-1532.38,-1992.89,467.42499999999995
-1502.96,-1992.89,473.5675
-1473.54,-1992.89,479.71
-1451.07,-1992.89,453.42999999999995
-1428.5999999999995,-1992.89,427.14999999999924
-1406.13,-1992.89,400.87
-1383.6599999999992,-1992.89,374.58999999999867
-1352.44,-1992.89,329.72749999999996
-1321.2199999999991,-1992.89,284.8649999999987
-1290.0,-1992.89,240.0025
-1258.78,-1992.89,195.139999999999
-1257.9125,-1992.89,159.98749999999998
-1257.045,-1992.89,124.83500000000099
-1256.1775,-1992.89,89.6825
-1255.31,-1992.89,54.530000000001
-1312.5349999999999,-1992.89,18.72250000000001
-1369.7599999999984,-1992.89,-17.08499999999897
-1426.9850000000001,-1992.89,-52.8925
-1484.2099999999984,-1992.89,-88.69999999999898
-1509.925,-1956.1225,-150.85
-1535.6399999999999,-1919.355,-213.0
-1561.355,-1882.5875,-275.15
-1587.07,-1845.82,-337.3
-1562.925,-1813.73,-417.24
-1538.78,-1781.6399999999999,-497.17999999999995
-1514.635,-1749.55,-577.12
-1490.49,-1717.46,-657.06
-1614.0725,-1687.125,-693.7674999999999
-1737.655,-1656.79,-730.4749999999999
-1861.2375000000034,-1626.454999999999,-767.182500000001
-1984.82,-1596.12,-803.89
-1984.82,-1533.4374999999982,-833.2650000000008
-1984.82,-1470.755,-862.64
-1984.82,-1408.0724999999982,-892.0150000000008
-1984.82,-1345.39,-921.39
-1984.82,-1309.597499999999,-927.1500000000001
-1984.82,-1273.805,-932.91
-1984.82,-1238.012500000001,-938.6699999999998
-1984.82,-1202.22,-944.43
-1984.82,-1149.3525,-916.885
-1984.82,-1096.4850000000001,-889.3399999999999
-1984.82,-1043.6175,-861.795
-1984.82,-990.75,-834.25
-1984.82,-961.2075,-809.7525
-1984.82,-931.665,-785.255
-1984.82,-902.1225000000001,-760.7574999999999
-1984.82,-872.58,-736.26
-1903.905,-811.255,-712.9225
-1822.99,-749.9300000000001,-689.585
-1742.075,-688.605,-666.2475
-1661.16,-627.28,-642.91
-1547.6550000000002,-568.0425,-598.7025
-1434.15,-508.80499999999995,-554.495
-1320.645,-449.5675,-510.28749999999997
-1207.14,-390.33,-466.08
-1025.355,-327.79999999999995,-442.03999999999996
-843.57,-265.27,-418.0
-661.7850000000001,-202.74,-393.96000000000004
-480.0,-140.21,-369.92
-470.335,-75.4825,-340.47
-460.66999999999996,-10.75500000000001,-311.02
-451.005,53.9725,-281.57
-441.34,118.7,-252.12
-455.24249999999995,139.34,-236.6625
-469.145,159.98,-221.20499999999998
-483.0475,180.62,-205.7475
-496.95,201.26,-190.29
-531.205,216.23,-193.185
-565.46,231.2,-196.07999999999998
-599.715,246.17,-198.975
-633.97,261.14,-201.87
-654.09,254.4325,-197.085
-674.21,247.725,-192.3
-694.33,241.01749999999998,-187.515
-714.45,234.31,-182.73
-706.965,229.965,-175.77749999999997
-699.48,225.62,-168.825
-691.995,221.275,-161.8725
-684.51,216.93,-154.92
-656.265,228.21,-144.92
-628.02,239.49,-134.92
-599.775,250.77,-124.92
-571.53,262.05,-114.92
-535.355,261.6225,-109.0675
-499.17999999999995,261.195,-103.215
-463.005,260.7675,-97.36250000000001
-426.83,260.34,-91.51
-492.3025,218.09999999999997,-112.5
-557.775,175.85999999999999,-133.49
-623.2475000000001,133.62,-154.48
-688.72,91.38,-175.47
-574.1625,114.6575,-180.075
-459.605,137.935,-184.68
-345.0475,161.2125,-189.285
-230.49,184.49,-193.89
-124.07249999999999,196.685,-192.45499999999998
-17.655,208.88,-191.01999999999998
88.7625,221.07500000000002,-189.585
195.18,233.27,-188.15
211.065,197.8425,-189.20250000000001
226.95000000000002,162.41500000000002,-190.255
242.83500000000004,126.98750000000001,-191.3075
258.72,91.56,-192.36
219.08500000000004,34.7475,-171.84250000000003
179.45000000000002,-22.064999999999998,-151.32500000000002
139.815,-78.8775,-130.8075
100.18,-135.69,-110.29
134.4025,-91.86500000000002,-85.70000000000002
168.625,-48.040000000000006,-61.11000000000001
202.8475,-4.215000000000003,-36.52
237.07,39.61,-11.93
275.6675,37.644999999999996,-18.8825
314.265,35.68,-25.835
352.86249999999995,33.715,-32.7875
391.46,31.75,-39.74
379.0525,28.7925,-38.870000000000005
366.645,25.835,-38.0
354.23749999999995,22.8775,-37.129999999999995
341.83,19.92,-36.26
312.5775,-5.797499999999999,-27.342499999999998
283.325,-31.515,-18.424999999999997
254.0725,-57.2325,-9.507499999999999
224.82,-82.95,-0.59
191.86249999999998,-92.2175,4.3475
158.90499999999997,-101.485,9.285
125.94749999999999,-110.7525,14.2225
92.99,-120.02,19.16
59.39249999999999,-121.485,19.985
25.794999999999995,-122.94999999999999,20.810000000000002
-7.802500000000002,-124.41499999999999,21.635
-41.4,-125.88,22.46
-91.1275,-131.915,20.4
-140.85500000000002,-137.95,18.34
-190.5825,-143.985,16.28
-240.31,-150.02,14.22
-262.4125,-147.29250000000002,20.79
-284.515,-144.565,27.36
-306.6175,-141.8375,33.93
-328.72,-139.11,40.5
-315.55,-49.76499999999996,41.2175
-302.38,39.58000000000001,41.935
-289.21000000000004,128.925,42.652499999999996
-276.04,218.27,43.37
-247.58,187.92000000000002,39.315
-219.12,157.57,35.26
-190.66,127.22,31.205
-162.2,96.87,27.15
-150.98,102.77000000000001,39.832499999999996
-139.76,108.67,52.515
-128.54,114.57,65.19749999999999
-117.32,120.47,77.88
-103.34,96.61250000000001,102.0275
-89.36,72.755,126.175
-75.38,48.8975,150.3225
-61.4,25.04,174.47
-82.01,21.4275,185.0325
-102.62,17.814999999999998,195.595
-123.23,14.2025,206.1575
-143.84,10.59,216.72
-156.7825,36.825,204.8625
-169.72500000000002,63.06,193.005
-182.66750000000002,89.295,181.14749999999998
-195.61,115.53,169.29
-153.43,74.6,127.0625
-111.25000000000001,33.67,84.835
-69.07000000000001,-7.259999999999998,42.6075
-26.89,-48.19,0.38
80.70000000000005,-74.365,-26.417500000000004
188.29000000000002,-100.53999999999999,-53.215
295.88,-126.71499999999999,-80.0125
403.47,-152.89,-106.81
417.235,-175.70999999999998,-102.13
431.0,-198.52999999999997,-97.45
444.765,-221.35,-92.77000000000001
458.53,-244.17,-88.09
431.2,-253.82,-67.39
403.87,-263.46999999999997,-46.69
376.53999999999996,-273.12,-25.99
349.21,-282.77,-5.29
353.63,-300.1925,-1.2049999999999983
358.04999999999995,-317.615,2.880000000000001
362.46999999999997,-335.03749999999997,6.965000000000001
366.89,-352.46,11.05
361.98,-323.03999999999996,16.37
357.07,-293.62,21.689999999999998
