698.473475,-34.77800000000002,68.10740000000001
575.81,39.67,33.2
504.9557,-2.5114250000000027,25.73045
434.1013999999999,-44.69285000000001,18.2609
363.24709999999993,-86.87427500000001,10.791349999999996
292.3927999999999,-129.05570000000003,3.3217999999999934
171.14337500000005,-129.0215,7.798499999999997
47.77204999999981,-127.20979999999999,12.778200000000007
-75.59927499999998,-125.3981,17.7579
-198.97060000000022,-123.5864,22.737600000000008
-279.57647499999996,-140.96205,35.111050000000006
-356.42275,-160.02450000000002,48.1345
-433.269025,-179.08695,61.157950000000014
-510.1153,-198.1494,74.18140000000001
-502.33449999999993,-195.34005,72.060325
-482.881,-189.5139,67.85035
-463.42749999999995,-183.68775,63.64037499999999
-443.97399999999993,-177.86159999999998,59.430399999999985
-377.75829999999985,-166.16527499999995,66.68272500000002
-302.52819999999997,-153.33735,76.14465000000001
-227.2981000000001,-140.50942500000002,85.60657499999999
-152.06799999999996,-127.6815,95.06850000000001
-67.22755000000006,-106.68892500000003,122.53452499999999
20.045900000000103,-83.62934999999997,154.55855000000005
107.31934999999996,-60.56977500000001,186.582575
194.59280000000012,-37.51019999999997,218.60660000000004
273.3725,5.568750000000023,255.261875
349.43420000000015,55.05390000000011,293.3991500000001
425.4958999999998,104.53904999999986,331.5364249999999
501.5576,154.02419999999995,369.67369999999994
550.0730750000001,220.93452500000004,436.94582500000007
587.7252500000002,294.71675000000016,515.7077500000003
625.3774249999999,368.4989749999998,594.4696749999998
663.0296000000003,442.2812000000005,673.2316000000006
678.1932250000001,522.8136750000001,775.1370000000002
682.6160500000001,606.5701500000002,888.0960000000005
687.0388750000001,690.3266249999998,1001.0549999999998
691.4617000000001,774.0831000000001,1114.014
712.5165250000001,826.9365,1210.849725
743.07535,862.1309999999999,1298.4721499999996
773.634175,897.3254999999999,1386.0945749999998
804.193,932.5200000000001,1473.717
887.7175999999995,984.8643249999998,1535.9030499999997
1007.1511999999998,1048.83565,1580.8440999999998
1126.5848,1112.806975,1625.78515
1246.0184000000002,1176.7783000000002,1670.7262
1397.5884999999994,1217.492875,1726.3826249999997
1574.8677999999998,1239.60205,1790.61135
1752.1471000000001,1261.711225,1854.840075
1929.4264000000007,1283.8204,1919.0688000000002
2015.38,1301.7399249999999,1955.90925
2015.38,1315.71625,1966.9725
2015.38,1329.692575,1978.03575
2015.38,1343.6689000000001,1989.0990000000002
2015.38,1374.1010999999996,1988.6625250000002
2015.38,1422.7397999999996,1975.50295
2015.38,1471.3784999999998,1962.3433750000002
2015.38,1520.0171999999998,1949.1838
2015.38,1552.964125,1923.706875
2015.38,1565.47525,1882.18875
2015.38,1577.986375,1840.6706250000002
2015.38,1590.4975,1799.1525000000001
2015.38,1604.7567999999999,1733.62305
2015.38,1621.7055999999998,1631.1531000000004
2015.38,1638.6544000000001,1528.6831499999996
2015.38,1655.6032000000002,1426.2131999999986
2015.38,1674.3702499999997,1322.9907500000006
2015.38,1696.4621,1218.3922999999998
2015.38,1718.55395,1113.7938500000002
2015.38,1740.6458,1009.1953999999993
2009.3505,1762.223825,913.0413499999999
1990.095,1782.67475,835.4105000000003
1970.8395,1803.1256749999998,757.7796500000006
1951.5839999999998,1823.5766,680.1487999999999
1922.2487250000001,1837.993025,613.0094750000002
1866.0340499999998,1836.31745,573.8475499999998
1809.819375,1834.641875,534.6856250000001
1753.6047000000003,1832.9663,495.5237000000002
1695.1423499999999,1828.6854,459.6467499999999
1629.2529000000002,1815.7956,434.6245
1563.3634499999996,1802.9057999999998,409.6022499999998
1497.474,1790.0159999999998,384.5799999999999
1424.8419250000002,1776.4288999999999,358.50087500000006
1323.8198500000008,1759.9058,327.97175000000027
1222.7977749999998,1743.3826999999999,297.44262499999996
1121.7757000000004,1726.8596,266.9135000000001
1020.0879999999993,1710.4388749999998,237.46099999999984
914.6727999999998,1694.59145,214.0376
809.2576000000005,1678.744025,190.6142000000001
703.8423999999995,1662.8965999999998,167.19079999999988
599.537375,1650.1399,146.276225
504.11375000000055,1662.109,145.43225
408.6901249999996,1674.0781,144.588275
313.2665000000002,1686.0472,143.7443
219.6441500000005,1698.99245,142.45407500000005
149.69569999999985,1724.7671,135.29885
79.74725000000021,1750.5417499999999,128.14362500000001
9.79879999999956,1776.3164000000002,120.98839999999996
-58.24817500000001,1801.726625,114.29930000000002
-65.44794999999998,1815.47525,122.52619999999996
-72.64772499999994,1829.223875,130.7530999999999
-79.8475,1842.9724999999999,138.98
-87.04727499999997,1856.7211249999998,147.20689999999996
-24.28484999999978,1886.0958500000002,151.87640000000002
39.19147499999991,1915.630025,156.50959999999998
102.6678000000005,1945.1642000000002,161.14280000000002
166.14412500000017,1974.6983750000002,165.776
261.6720999999984,1984.51605,147.10895000000033
358.9049499999993,1993.2849749999998,127.20252500000015
456.13779999999883,2002.0538999999999,107.29610000000025
553.3706499999997,2010.822825,87.38967500000007
627.1044999999995,2006.44725,49.04450000000034
698.4884500000001,2000.757225,8.855449999999976
769.8723999999996,1995.0672000000002,-31.333599999999812
841.2563500000003,1989.377175,-71.52265000000018
892.3313999999999,1987.8044,-117.96389999999997
940.3365000000003,1986.854,-165.35025000000041
988.3416000000001,1985.9036,-212.73660000000015
1036.3467000000005,1984.9532,-260.12295000000057
1048.403,1990.2901499999998,-312.3472999999996
1053.0065,1996.9305749999999,-365.57464999999934
1057.61,2003.571,-418.80199999999985
1062.2135,2010.2114249999997,-472.02934999999957
1041.15695,2006.3276999999998,-515.4131
1013.1919250000002,1999.6105499999999,-556.1466499999998
985.2268999999999,1992.8934,-596.8802000000002
957.261875,1986.17625,-637.61375
913.4719499999995,1965.7783499999998,-669.2083000000002
864.3357749999991,1940.7585749999996,-697.7153500000005
815.1995999999987,1915.7387999999994,-726.2224000000008
766.063425000001,1890.7190250000006,-754.7294499999995
713.8315000000006,1865.1095000000005,-770.1552499999999
660.3170500000001,1839.25565,-780.161675
606.8025999999996,1813.4017999999999,-790.1681000000001
553.2881500000008,1787.5479500000004,-800.1745249999999
508.81735000000015,1764.2813,-800.35025
468.8683749999998,1742.30825,-795.610625
428.9193999999994,1720.3351999999998,-790.871
388.9704250000002,1698.3621500000002,-786.131375
359.7505499999999,1682.4093,-774.9840499999999
336.9335249999997,1670.0491499999998,-760.0127749999998
314.11650000000014,1657.689,-745.0415
291.2994749999999,1645.32885,-730.0702249999999
257.92500000000064,1640.7494,-722.9507
217.0875000000003,1641.6701,-721.38155
176.24999999999991,1642.5908,-719.8124
135.41249999999954,1643.5115,-718.24325
40.780200000001116,1626.1424000000004,-737.3358499999997
-98.68110000000013,1593.5318,-773.646575
-238.14240000000143,1560.9211999999998,-809.9573000000004
-377.60370000000273,1528.3105999999993,-846.2680250000008
-515.5475,1417.75625,-870.8175
-652.0041499999974,1230.8170250000037,-883.8409499999998
-788.4607999999986,1043.877800000002,-896.8643999999999
-924.9174499999999,856.9385750000002,-909.88785
-993.1733499999999,676.9775499999986,-862.6064499999991
-982.8501250000002,505.056625000002,-745.8433750000013
-972.5269000000001,333.1357000000004,-629.0803000000003
-962.203675,161.2147749999988,-512.3172249999992
-952.6038999999998,31.926999999998884,-431.18379999999945
-943.98595,-39.50149999999974,-398.4049000000001
-935.3679999999999,-110.9300000000004,-365.6259999999998
-926.7500499999999,-182.35850000000107,-332.8470999999995
-875.1512500000006,-276.1984499999994,-312.4885
-754.5568749999995,-406.0146750000006,-312.06775
-633.9625000000018,-535.8308999999981,-311.647
-513.3681250000006,-665.6471249999993,-311.22625
-394.4677999999996,-789.6119500000004,-303.5175999999999
-278.80609999999854,-902.3902750000013,-281.8761999999997
-163.1444000000008,-1015.1685999999992,-260.2348000000001
-47.48269999999973,-1127.9469250000002,-238.59339999999995
35.34325000000008,-1240.1537500000013,-217.48224999999977
42.646975000000154,-1351.0461250000021,-197.59067499999958
49.95070000000001,-1461.9385,-177.69909999999996
57.25442499999987,-1572.8308749999978,-157.80752500000034
52.21205000000036,-1676.0382999999993,-139.54550000000012
12.505624999999995,-1757.66875,-125.85874999999999
-27.20080000000037,-1839.2992000000008,-112.17199999999987
-66.9072249999996,-1920.9296499999991,-98.48525000000014
-103.86969999999998,-1984.42,-83.49005000000002
-131.22835000000023,-1984.42,-63.915274999999845
-158.5869999999997,-1984.42,-44.340500000000226
-185.94564999999994,-1984.42,-24.765725000000046
-206.22579999999994,-1984.42,-8.99435000000001
-194.6526999999998,-1984.42,-10.33827500000002
-183.07960000000003,-1984.42,-11.682199999999995
-171.50650000000027,-1984.42,-13.026124999999968
-157.80540000000036,-1984.42,-15.637399999999857
-131.18430000000012,-1984.42,-25.94329999999995
-104.56319999999988,-1984.42,-36.249200000000044
-77.9421000000004,-1984.42,-46.55509999999985
-45.84675000000044,-1984.42,-56.75149999999995
34.969425000000285,-1984.42,-65.97335000000004
115.78560000000101,-1984.42,-75.19520000000011
196.60177499999944,-1984.42,-84.41704999999993
277.8715500000002,-1984.42,-92.43244999999997
366.172125000001,-1984.42,-81.74787499999988
454.47269999999924,-1984.42,-71.06330000000008
542.773275,-1984.42,-60.37872499999999
630.8585999999985,-1984.42,-49.40695000000045
708.5042999999993,-1984.42,-24.50597500000022
786.15,-1984.42,0.3950000000000031
863.7957000000007,-1984.42,25.295975000000233
941.4413999999991,-1984.42,50.196949999999745
979.0745999999999,-1984.42,79.62297499999997
1015.8828000000003,-1984.42,109.14230000000023
1052.6910000000007,-1984.42,138.6616250000005
1089.4992,-1984.42,168.18094999999994
1076.5593749999998,-1984.42,210.1762250000003
1060.4099999999999,-1984.42,252.9764000000007
1044.2606249999997,-1984.42,295.77657500000106
1028.11125,-1984.42,338.57675000000023
947.7505999999987,-1984.42,359.9657500000003
860.1752000000029,-1984.42,378.9489999999994
772.5998000000021,-1984.42,397.93224999999956
685.0244000000013,-1984.42,416.9154999999997
581.7835000000006,-1937.0346250000005,419.61275
475.9624000000026,-1881.8446000000015,419.62760000000003
370.1413000000017,-1826.654575000001,419.64245
264.32020000000074,-1771.4645500000004,419.6573
154.50984999999974,-1714.4844249999999,412.400375
43.81300000000189,-1657.106500000001,403.52750000000015
-66.88384999999911,-1599.7285750000003,394.65462500000007
-177.58070000000015,-1542.3506499999999,385.78175
-308.7229750000014,-1555.0716000000002,362.85829999999976
-445.7067999999987,-1587.8207999999997,335.92040000000026
-582.690625,-1620.57,308.9825
-719.6744500000012,-1653.3192000000004,282.0445999999998
-820.6492000000017,-1720.7762500000015,252.90209999999948
-908.7987999999998,-1800.595,222.97440000000006
-996.9484000000007,-1880.4137500000006,193.04669999999976
-1085.0980000000015,-1960.2325000000014,163.1189999999995
-1111.746175,-1984.42,163.7807250000004
-1111.6546,-1984.42,177.7422000000001
-1111.563025,-1984.42,191.70367500000023
-1111.47145,-1984.42,205.66515000000035
-1085.737375000001,-1984.42,227.35349999999943
-1046.5903000000005,-1984.42,253.08359999999965
-1007.4432250000002,-1984.42,278.8136999999999
-968.2961500000009,-1984.42,304.5437999999994
-891.1262500000015,-1984.42,300.17497500000036
-790.2700000000006,-1984.42,277.05600000000015
-689.4137499999996,-1984.42,253.93702499999992
-588.5575000000016,-1984.42,230.81805000000037
-484.5562750000007,-1963.5052750000004,208.07955000000015
-378.23769999999973,-1927.1797,185.62139999999994
-271.91912499999876,-1890.8541249999996,163.16324999999975
-165.60055000000085,-1854.5285500000005,140.7051000000002
-141.12457500000005,-1800.55795,127.361625
-187.68180000000046,-1731.2727999999993,121.92899999999995
-234.2390250000009,-1661.9876499999987,116.49637499999989
-280.79625,-1592.7025,111.06375
-436.05752500000244,-1552.91535,121.54877500000023
-702.2413000000048,-1543.2281999999998,148.2763000000005
-968.4250750000073,-1533.5410499999998,175.00382500000075
-1234.6088500000021,-1523.8538999999998,201.73135000000022
-1443.2803750000064,-1472.5676249999954,134.85774999999177
-1582.9372000000076,-1371.3623999999945,-44.33720000000989
-1722.5940249999928,-1270.157175000005,-223.5321499999909
-1862.2508499999942,-1168.9519500000042,-402.72709999999256
-1894.4630750000038,-1121.3039999999992,-516.0227499999993
-1774.6805000000027,-1149.4199999999994,-536.0949999999995
-1654.8979250000016,-1177.5359999999996,-556.1672499999997
-1535.1153500000005,-1205.6519999999998,-576.2394999999999
-1442.2548999999997,-1220.315725,-580.0002999999998
-1394.5071999999993,-1212.4378,-556.4283999999997
-1346.759499999999,-1204.559875,-532.8564999999994
-1299.0118000000011,-1196.6819500000001,-509.2846000000006
-1313.3445249999977,-1163.9335750000014,-517.7259999999987
-1451.838099999999,-1081.4443000000006,-590.1939999999995
-1590.3316750000004,-998.9550249999999,-662.6620000000001
-1728.8252500000017,-916.465749999999,-735.1300000000008
-1837.9077500000008,-861.4467250000002,-797.7488750000008
-1875.9980000000012,-872.7352000000003,-836.5940000000012
-1914.0882499999993,-884.0236749999998,-875.4391249999993
-1952.1784999999998,-895.3121499999999,-914.2842499999997
-1980.65,-899.020625,-940.82375
-1980.65,-880.2922999999998,-930.9386
-1980.65,-861.5639749999997,-921.0534499999999
-1980.65,-842.8356499999995,-911.1682999999997
-1980.65,-825.5127500000003,-899.7564500000003
-1980.65,-813.4100000000002,-882.6740000000002
-1980.65,-801.3072500000001,-865.5915500000001
-1980.65,-789.2044999999999,-848.5090999999999
-1970.3569250000025,-775.0490000000009,-829.1694750000013
-1910.414900000002,-750.9920000000008,-798.942300000001
-1850.4728750000015,-726.9350000000005,-768.7151250000007
-1790.5308500000008,-702.8780000000004,-738.4879500000004
-1722.4378250000007,-675.2203250000002,-706.7524500000002
-1600.4227999999994,-623.7427999999998,-665.0387999999998
-1478.4077749999983,-572.2652749999993,-623.3251499999994
-1356.3927499999972,-520.7877499999988,-581.6114999999991
-1233.2691500000033,-470.0648750000011,-539.4411000000013
-1099.0598000000023,-426.8885000000007,-492.70320000000083
-964.8504500000009,-383.7121250000003,-445.96530000000035
-830.6410999999997,-340.5357499999999,-399.22739999999993
-699.0347499999991,-297.1863749999995,-353.3019999999997
-616.3647999999984,-250.58459999999906,-322.65159999999935
-533.6948499999976,-203.98282499999863,-292.0011999999991
-451.02489999999676,-157.3810499999982,-261.3507999999988
-368.97962500000017,-110.89695000000032,-230.7915500000002
-348.15250000000003,-75.945,-209.165
-327.32537500000103,-40.99305000000169,-187.53845000000103
-306.49825000000084,-6.041100000001364,-165.91190000000083
-285.67112500000064,28.910849999998955,-144.28535000000065
-311.0751999999994,44.67719999999969,-131.70200000000025
-337.9239999999997,59.843999999999824,-119.40125000000015
-364.7727999999999,75.01079999999996,-107.10050000000004
-391.62160000000017,90.1776000000001,-94.79974999999992
-432.70280000000065,114.12350000000039,-81.8273999999998
-474.8668999999986,138.7373749999992,-68.80395000000043
-517.030999999999,163.35124999999942,-55.7805000000003
-559.1950999999995,187.96512499999966,-42.757050000000184
-588.7377999999999,208.31319999999988,-29.77320000000006
-616.7028250000001,228.1280500000001,-16.794299999999943
-644.6678500000004,247.94290000000026,-3.815399999999821
-672.6328750000007,267.75775000000044,9.1635000000003
-678.214,277.6753000000003,18.633300000000286
-679.798,285.82547499999987,27.47647499999986
-681.382,293.9756499999999,36.31964999999994
-682.966,302.125825,45.16282500000002
-612.269999999999,300.5079999999999,41.81199999999993
-524.4074999999982,296.5702749999999,35.56509999999987
-436.54499999999734,292.63254999999987,29.318199999999813
-348.68249999999654,288.6948249999998,23.071299999999756
-318.4584000000001,288.6255,22.777099999999987
-305.6775,289.726875,24.284375
-292.89659999999986,290.82825,25.791650000000015
-280.1157000000005,291.929625,27.298924999999944
-246.43500000000122,289.7820000000001,26.53640000000005
-204.91687500000086,286.41600000000005,24.922700000000034
-163.39875000000046,283.05000000000007,23.30900000000002
-121.8806250000001,279.684,21.695300000000003
-62.80489999999952,280.43370000000004,5.662199999999842
4.275025000001108,283.059675,-16.944450000000366
71.35495000000171,285.68565000000007,-39.551100000000574
138.43487499999847,288.31162499999994,-62.15774999999949
181.4571999999996,297.16159999999985,-82.27799999999974
211.32302499999986,309.41532499999994,-101.03849999999991
241.18885000000014,321.6690500000001,-119.79900000000008
271.05467500000043,333.9227750000002,-138.55950000000024
276.8574999999998,335.49349999999987,-151.95900000000023
267.0193749999997,330.1202749999998,-161.87385000000032
257.1812499999996,324.7470499999998,-171.7887000000004
247.34312500000007,319.37382500000007,-181.70354999999992
242.3868,293.8377999999999,-192.85600000000002
241.17899999999997,252.81962499999955,-204.95875000000012
239.97120000000004,211.80145000000152,-217.06149999999954
238.76340000000002,170.78327500000114,-229.16424999999967
185.67520000000187,140.32370000000037,-225.8815000000003
85.69510000000093,119.40747500000019,-208.69262500000016
-14.284999999999997,98.49125000000001,-191.50375
-114.26510000000093,77.57502499999981,-174.31487499999986
-195.18560000000113,77.10920000000038,-163.16919999999993
-255.8552749999982,98.37192499999937,-158.44442500000014
-316.52494999999874,119.63464999999957,-153.71965000000012
-377.1946249999993,140.89737499999976,-148.99487500000006
-418.05659999999995,148.30340000000004,-142.98970000000003
-434.1589500000001,138.38854999999995,-135.38402499999995
-450.26130000000023,128.47369999999984,-127.77834999999988
-466.3636500000004,118.55884999999975,-120.17267499999981
-493.89299999999895,106.85200000000034,-108.7620000000004
-538.2771749999994,92.50195000000019,-91.73895000000024
-582.6613499999997,78.15190000000007,-74.71590000000008
-627.0455250000002,63.80184999999994,-57.69284999999992
-674.5572000000006,51.915099999999896,-35.01779999999954
-727.5420000000012,44.339124999999825,-2.4517499999992367
-780.5268000000017,36.763149999999754,30.11430000000105
-833.5116000000022,29.187174999999687,62.68035000000135
-866.7460000000001,27.96719999999992,82.33520000000004
-858.628,40.05510000000003,74.95722499999998
-850.5100000000004,52.14299999999945,67.57925000000034
-842.3920000000004,64.23089999999956,60.201275000000265
-819.0609000000018,76.89489999999961,52.203800000000264
-757.1537250000013,91.01972499999974,42.635450000000176
-695.2465500000006,105.14454999999987,33.06710000000008
-633.339375,119.269375,23.49875
-566.1533999999992,129.37359999999998,13.99639999999992
-482.4711749999985,126.91344999999995,4.700299999999832
-398.7889500000025,124.45330000000007,-4.59579999999972
-315.10672500000175,121.99315000000006,-13.891899999999806
-235.0160000000008,116.57600000000019,-25.245999999999782
-169.11170000000018,99.47870000000003,-44.729199999999956
-103.20739999999955,82.38139999999989,-64.21240000000014
-37.30309999999895,65.28409999999973,-83.69560000000031
26.80120000000136,46.4107999999993,-100.27160000000003
81.56800000000189,18.324499999999034,-101.76650000000005
136.33479999999923,-9.76179999999961,-103.26139999999998
191.10159999999973,-37.848099999999874,-104.75629999999998
252.77920000000051,-67.18000000000018,-104.39059999999992
364.56010000000157,-105.54250000000053,-90.5355499999998
476.34100000000257,-143.90500000000088,-76.68049999999968
588.1218999999971,-182.26749999999902,-62.82545000000035
696.4871999999989,-220.28239999999946,-46.418000000000745
766.0000499999995,-254.34334999999976,-0.9770000000003165
835.5129000000002,-288.40430000000003,44.4640000000001
905.0257500000008,-322.46525000000037,89.90500000000051
972.7268999999991,-354.2098000000008,133.9172999999996
997.4001749999993,-330.9398500000006,143.9979749999997
1022.0734499999996,-307.66990000000044,154.0786499999998
