-136.684275,-26.78987500000001,72.20667500000002
-180.44,-73.01,108.65
-151.68025,-100.969325,124.969075
-122.9205,-128.92865,141.28815
-94.16075,-156.887975,157.607225
-67.50889999999998,-183.0199,173.72269999999997
-91.97362500000003,-164.837375,184.900875
-116.43835000000001,-146.65485,196.07905000000002
-140.903075,-128.472325,207.257225
-160.2324,-109.808,216.5378
-119.8627,-85.54275,203.758775
-79.49300000000001,-61.27750000000002,190.97975000000002
-39.12330000000002,-37.012250000000016,178.200725
4.220600000000076,-18.29340000000002,165.83329999999998
69.62315000000018,-40.710350000000055,156.51857499999997
135.02570000000003,-63.127300000000005,147.20385
200.4282499999999,-85.54424999999996,137.88912500000004
264.4504,-98.57839999999999,132.64520000000002
321.1391749999999,-61.76642500000006,149.02739999999997
377.82795,-24.95445,165.4096
434.5167249999999,11.85752499999992,181.79179999999997
485.044,57.16349999999994,200.6585
510.6171999999999,136.8701749999998,229.58742499999994
536.1904,216.57684999999992,258.51635
561.7636,296.28352500000005,287.44527500000004
579.2662,374.6510000000002,322.7222000000001
570.875625,448.721875,378.365625
562.48505,522.7927500000001,434.0090500000001
554.094475,596.863625,489.652475
553.5957,668.2248000000001,554.2636000000001
573.671975,732.5213999999999,642.2547999999999
593.7482499999999,796.8179999999998,730.2459999999998
613.824525,861.1146000000001,818.2372000000003
642.2864,917.8688,900.7444
688.8297249999999,958.3597,971.4267249999999
735.3730499999998,998.8505999999999,1042.1090499999998
781.916375,1039.3415000000002,1112.791375
828.7837,1084.8598,1161.9187
876.2360249999999,1139.45535,1172.127275
923.6883499999998,1194.0508999999997,1182.33585
971.140675,1248.64645,1192.544425
1042.7939999999999,1292.773,1218.753
1151.3538499999995,1320.934325,1269.361575
1259.9136999999994,1349.0956499999998,1319.9701499999999
1368.47355,1377.256975,1370.578725
1484.4847999999997,1395.3368,1425.5125
1610.1490000000003,1400.3565,1486.0493750000003
1735.8132,1405.3762,1546.58625
1861.4774,1410.3959,1607.123125
1937.8912000000003,1426.8000000000002,1628.1932
1959.92435,1455.774375,1605.68535
1981.9575,1484.74875,1583.1775
2003.99065,1513.723125,1560.66965
2014.68,1554.1765,1501.7045999999998
2014.68,1605.446625,1408.38565
2014.68,1656.7167499999998,1315.0667
2014.68,1707.9868749999998,1221.7477500000002
1985.0742,1758.3428000000001,1146.7071999999998
1931.6780250000002,1807.9641,1086.35465
1878.28185,1857.5854,1026.0021000000002
1824.8856750000002,1907.2066999999997,965.6495500000002
1749.0555000000006,1940.0189999999998,915.4310000000003
1657.8954250000002,1961.3451499999999,872.13735
1566.7353499999997,1982.6713,828.8436999999998
1475.5752750000004,2003.9974499999998,785.5500500000003
1418.092,2010.3364,749.7188
1380.0781250000005,2008.010875,718.2017500000003
1342.0642500000001,2005.68535,686.6847000000001
1304.050375,2003.359825,655.16765
1270.8254000000004,1988.2112000000002,626.4080000000002
1239.9244500000002,1966.8396,598.9865000000001
1209.0235,1945.4679999999998,571.5649999999999
1178.1225500000003,1924.0964000000001,544.1435000000001
1162.5324,1891.9482,524.768
1153.1091000000001,1855.4594250000005,508.63325000000015
1143.6858000000002,1818.9706500000002,492.4985000000001
1134.2625,1782.481875,476.36375
1131.4208,1754.4728000000002,465.94040000000007
1130.7441000000001,1729.2531000000001,457.3958
1130.0674,1704.0334,448.85119999999995
1129.3907,1678.8137000000002,440.30660000000006
1117.934,1676.23,431.968
1103.6475500000001,1679.5882499999998,423.6834750000001
1089.3611,1682.9464999999998,415.39895000000007
1075.07465,1686.3047499999998,407.11442500000004
1030.8863000000006,1704.5645999999997,386.44830000000024
980.6463750000004,1725.84025,363.27637500000014
930.4064500000001,1747.1159,340.10445000000004
880.1665250000005,1768.3915499999998,316.9325250000002
805.0578000000004,1787.377,296.2026000000001
726.2752750000011,1806.024125,275.83342500000026
647.4927499999997,1824.67125,255.46424999999988
568.7102250000003,1843.318375,235.09507500000007
486.22469999999987,1862.7912000000001,212.75019999999995
403.37692499999946,1882.3448,190.21204999999986
320.5291500000002,1901.8984,167.67390000000006
237.68137499999978,1921.4520000000002,145.13574999999994
238.43760000000006,1919.6672,133.10239999999993
243.5482,1916.771025,121.61617500000003
248.6588,1913.8748500000002,110.12994999999995
253.76939999999996,1910.978675,98.64372500000006
309.005,1918.5875,94.78
364.7418500000003,1926.301375,90.99249999999998
420.4786999999998,1934.01525,87.20500000000001
475.46727500000003,1942.027325,82.86137499999998
506.0122000000002,1959.7806,60.350999999999864
536.5571249999999,1977.5338749999999,37.84062500000007
567.1020500000001,1995.28715,15.33024999999995
597.1914499999998,2011.81,-8.090299999999758
621.1637999999999,2011.81,-43.73319999999994
645.13615,2011.81,-79.37610000000012
669.1084999999998,2011.81,-115.0189999999998
689.8243,2011.81,-150.17047499999998
683.8956,2011.81,-181.30120000000014
677.9669,2011.81,-212.43192499999986
672.0382,2011.81,-243.56265000000002
664.1366250000002,2011.81,-274.3869999999997
644.9239000000001,2011.81,-303.45479999999986
625.7111749999999,2011.81,-332.52260000000007
606.4984500000002,2011.81,-361.59039999999976
588.021025,2011.81,-389.17524999999995
572.7169999999999,2011.81,-410.36000000000007
557.4129750000001,2011.81,-431.54474999999985
542.1089499999999,2011.81,-452.7295
520.9002500000004,2007.4026250000002,-469.7776999999999
479.6669999999996,1988.0484999999999,-472.7976
438.43375,1968.694375,-475.8175
397.2005000000004,1949.3402500000002,-478.8374
356.8697250000007,1912.7776750000016,-481.0824
319.01239999999996,1829.0511999999999,-481.2036
281.1550750000003,1745.3247250000006,-481.3248
243.29775000000063,1661.5982500000014,-481.44599999999997
201.7250749999999,1567.5518749999997,-486.35515
151.76290000000034,1450.2025000000008,-502.07579999999984
101.80072500000078,1332.853125000002,-517.7964499999997
51.83854999999983,1215.5037499999996,-533.5171
-7.892124999999567,1093.3628750000007,-552.4866249999998
-86.04339999999885,962.1866000000018,-577.5825999999996
-164.19467500000036,831.0103249999993,-602.678575
-242.34594999999965,699.8340500000005,-627.7745499999999
-316.57967499999904,599.5126250000006,-644.9632749999998
-384.58550000000037,548.2424999999996,-649.5815
-452.59132499999976,496.97237500000017,-654.199725
-520.5971499999991,445.7022500000006,-658.81795
-588.6223249999985,430.9294499999993,-664.9970749999999
-656.6735999999999,465.38559999999995,-673.2816
-724.7248749999992,499.84174999999965,-681.5661249999999
-792.7761499999986,534.2978999999993,-689.8506499999999
-802.178475,548.9294500000001,-686.899825
-744.1969000000006,540.7838000000002,-671.0403000000001
-686.215325000001,532.6381500000002,-655.1807750000003
-628.23375,524.4925000000001,-639.32125
-491.55917500000186,498.72380000000044,-612.5082000000003
-277.7346000000038,455.6776000000008,-574.9564000000007
-63.910024999999735,412.6314,-537.4046
149.91454999999831,369.5852000000004,-499.8528000000003
318.5992499999979,312.79587500000116,-446.36337500000116
449.53060000000033,244.51229999999987,-379.54429999999985
580.4619499999992,176.22872500000045,-312.7252250000005
711.393299999998,107.94515000000108,-245.90615000000105
718.693100000002,39.69845000000171,-165.47872500000219
637.9840000000005,-28.521999999999593,-75.36400000000049
557.2749000000011,-96.742449999999,14.750724999998695
476.5658000000019,-164.96289999999837,104.86544999999788
363.0321250000005,-232.3674999999997,175.08162499999975
229.6995000000018,-299.27999999999906,233.2954999999992
96.366875000003,-366.1924999999985,291.50937499999867
-36.965749999999545,-433.1049999999998,349.7232499999998
-142.7831499999989,-507.34059999999903,386.31454999999966
-234.63759999999806,-585.2923999999983,411.93319999999943
-326.4920499999998,-663.2441999999999,437.55184999999994
-418.34649999999897,-741.1959999999991,463.17049999999966
-473.3803499999992,-826.3347749999982,479.8821999999997
-512.8562,-914.5102999999999,492.83039999999994
-552.3320499999996,-1002.6858249999991,505.7785999999998
-591.8078999999992,-1090.8613499999983,518.7267999999997
-606.1662499999999,-1151.3112499999986,543.4181249999991
-611.8172,-1202.1495999999995,572.1803999999997
-617.4681499999999,-1252.987949999999,600.9426749999994
-623.1190999999999,-1303.8262999999988,629.7049499999993
-611.1017000000002,-1344.8745749999998,642.6297
-594.1639999999998,-1383.1965000000005,651.1440000000001
-577.2262999999999,-1421.5184250000002,659.6583
-560.2886000000001,-1459.8403499999997,668.1726
-530.0688249999996,-1497.8717750000005,663.7181499999999
-496.96859999999987,-1535.8402,656.4512
-463.8683750000002,-1573.8086249999997,649.18425
-430.76814999999954,-1611.7770500000004,641.9172999999998
-380.2526999999998,-1659.3850750000001,606.3340249999998
-326.9348000000002,-1708.5442999999998,566.1941000000002
-273.61689999999925,-1757.7035250000008,526.0541749999994
-220.29899999999972,-1806.8627500000002,485.91424999999975
-182.61490000000012,-1850.9737499999999,435.87125000000015
-146.64879999999943,-1894.5300000000007,384.7399999999992
-110.68269999999976,-1938.0862500000003,333.60874999999965
-74.71660000000008,-1981.6425,282.47750000000013
-37.14262500000041,-1984.23,238.5876250000005
0.5329000000002964,-1984.23,195.15509999999966
38.208424999999956,-1984.23,151.72257500000006
75.88394999999961,-1984.23,108.29005000000045
111.03745000000032,-1984.23,92.15677499999987
146.14,-1984.23,76.575
181.24254999999968,-1984.23,60.99322500000014
216.49910000000045,-1984.23,45.82215000000005
259.37865000000005,-1984.23,50.98072500000001
302.25819999999965,-1984.23,56.13929999999996
345.1377500000005,-1984.23,61.29787500000006
386.18250000000006,-1983.9885,66.57810000000002
398.1762499999999,-1979.92325,73.78444999999995
410.1700000000002,-1975.858,80.99080000000009
422.16375000000005,-1971.79275,88.19715000000002
432.1772500000001,-1967.2855000000002,94.35600000000002
424.1704749999999,-1958.75605,90.98259999999995
416.16369999999995,-1950.2266,87.60919999999999
408.15692500000006,-1941.69715,84.23580000000001
399.6573500000002,-1930.4979000000003,80.09030000000013
388.09537499999993,-1902.7077499999998,71.14674999999994
376.53340000000003,-1874.9176,62.203200000000024
364.9714250000002,-1847.1274500000004,53.25965000000011
350.75579999999985,-1820.9644999999998,45.58869999999999
324.3039000000001,-1802.30475,43.78585
297.8520000000003,-1783.6450000000002,41.98300000000002
271.4000999999998,-1764.98525,40.18014999999999
234.83755000000014,-1750.69525,42.016649999999984
161.96857500000075,-1752.0966250000001,56.92172499999985
89.09959999999936,-1753.498,71.82680000000013
16.230625000000003,-1754.899375,86.731875
-57.86359999999928,-1763.9304499999998,98.75094999999996
-135.4921999999986,-1794.9702749999994,102.44502499999993
-213.1208000000001,-1826.0101,106.13910000000001
-290.74939999999935,-1857.0499249999996,109.83317499999998
-356.2092499999994,-1879.3815,110.11175000000014
-392.8697250000001,-1881.10355,102.306975
-429.53019999999975,-1882.8256,94.50220000000006
-466.19067499999943,-1884.54765,86.69742500000012
-493.65075,-1879.23255,84.37005000000002
-502.980625,-1860.0501250000002,92.83637499999995
-512.3104999999999,-1840.8677000000002,101.30269999999987
-521.6403750000001,-1821.685275,109.76902500000003
-544.1885499999999,-1809.8245,122.85899999999991
-588.6512749999994,-1810.10225,143.6144999999997
-633.1140000000003,-1810.3799999999999,164.37000000000012
-677.5767249999998,-1810.6577499999999,185.12549999999993
-731.9902999999991,-1819.6357999999996,197.30775
-800.3824500000004,-1840.8357,197.446625
-868.7745999999999,-1862.0356,197.5855
-937.1667499999992,-1883.2354999999998,197.724375
-1001.1819999999988,-1884.9555500000004,184.6026000000006
-1059.964,-1863.384475,155.62570000000005
-1118.7459999999994,-1841.8134000000002,126.6488000000003
-1177.5279999999989,-1820.2423250000004,97.67190000000056
-1224.79375,-1795.98875,63.94000000000001
-1260.3129249999997,-1768.9990250000003,25.358000000000345
-1295.8320999999994,-1742.0093000000004,-13.223999999999307
-1331.351274999999,-1715.0195750000007,-51.80599999999896
-1411.3218999999958,-1703.2916,-64.22905000000037
-1529.9817500000013,-1704.847,-53.884124999999884
-1648.6416000000004,-1706.4024,-43.53919999999998
-1767.3014499999992,-1707.9578,-33.19427500000007
-1841.5332999999994,-1665.076500000001,-47.13539999999949
-1882.827149999999,-1589.2507500000017,-79.0816999999992
-1924.1209999999985,-1513.4250000000025,-111.02799999999891
-1965.4148500000006,-1437.5992499999988,-142.97430000000043
-1890.0897999999993,-1377.0828499999998,-257.20390000000066
-1741.4077000000007,-1326.1965250000003,-423.19234999999924
-1592.725600000002,-1275.3102000000006,-589.1807999999978
-1444.0435000000034,-1224.423875000001,-755.1692499999963
-1323.8734000000034,-1223.4912999999992,-783.8348000000015
-1218.8233000000043,-1249.0493499999989,-739.6776000000018
-1113.7731999999992,-1274.6074,-695.5203999999997
-1008.7231000000003,-1300.16545,-651.3632
-1029.1287499999992,-1267.0670000000007,-644.1922499999998
-1105.0933749999986,-1207.992100000001,-653.4009249999998
-1181.0579999999977,-1148.9172000000017,-662.6095999999997
-1257.022624999997,-1089.8423000000023,-671.8182749999996
-1347.563400000001,-1045.3065499999996,-720.0675000000006
-1443.4225,-1006.075625,-782.56125
-1539.2815999999991,-966.8447000000003,-845.0549999999994
-1635.1406999999983,-927.6137750000007,-907.5487499999988
-1707.3852999999983,-927.2892499999997,-904.8364500000006
-1772.6666499999976,-938.4371249999996,-882.8967250000007
-1837.9480000000008,-949.5850000000002,-860.9569999999998
-1903.22935,-960.732875,-839.0172749999999
-1929.0092499999998,-940.7925000000002,-813.4511000000001
-1945.6363749999996,-913.6487500000005,-787.0446500000004
-1962.2634999999996,-886.5050000000007,-760.6382000000007
-1978.8906249999993,-859.361250000001,-734.2317500000008
-1923.4024500000028,-832.5572000000012,-743.1067999999993
-1855.3360249999996,-805.8123999999999,-758.1356000000001
-1787.2696000000003,-779.0676000000001,-773.1644
-1719.2031750000008,-752.3228000000004,-788.1931999999998
-1644.0020000000018,-735.9235000000003,-791.96975
-1567.9288000000024,-720.7886500000004,-794.3710249999999
-1491.855600000003,-705.6538000000006,-796.7723
-1415.7823999999994,-690.5189499999999,-799.173575
-1312.1672000000003,-682.43645,-774.8365500000001
-1206.501000000001,-674.879125,-748.5083750000003
-1100.8348000000021,-667.3218000000002,-722.1802000000006
-995.168600000003,-659.7644750000002,-695.8520250000008
-859.5952500000052,-623.1036000000014,-647.7286500000018
-723.1063749999987,-585.5517999999996,-598.9380749999996
-586.6175000000001,-548.0,-550.1475
-450.7559250000006,-510.20215000000053,-501.3375500000004
-377.6243500000013,-447.79930000000115,-450.5901000000009
-304.492775000002,-385.39645000000166,-399.84265000000136
-231.3612000000026,-322.99360000000223,-349.09520000000185
-163.0527499999989,-260.1411250000032,-299.98125000000084
-187.34830000000005,-188.65584999999984,-282.23049999999995
-211.64384999999982,-117.17057500000047,-264.47975000000014
-235.9393999999996,-45.68530000000113,-246.72900000000027
-264.53582499999817,19.52877499999997,-231.6712749999997
-337.09674999999754,20.637249999999963,-244.1422499999996
-409.6576749999969,21.745724999999954,-256.6132249999995
-482.2186000000004,22.854200000000006,-269.08420000000007
-550.1307249999999,21.80857500000007,-280.31854999999996
-586.5740499999995,6.181350000000208,-283.1819
-623.0173749999992,-9.44587499999965,-286.04524999999995
-659.4606999999988,-25.073099999999506,-288.9085999999999
-686.9637250000006,-33.941975000000994,-288.5066750000007
-670.2911500000008,-9.416650000001212,-271.9704500000008
-653.6185750000001,15.108674999999948,-255.43422500000005
-636.9460000000001,39.63399999999973,-238.8980000000002
-619.1079250000005,64.67802499999945,-222.19850000000037
-596.8298500000006,91.69804999999921,-204.87700000000052
-574.5517750000008,118.71807499999896,-187.55550000000068
-552.2737000000011,145.73809999999872,-170.2340000000008
-531.954375,170.19,-153.301875
-517.5896500000001,186.83479999999986,-137.55345000000014
-503.22492500000027,203.4795999999997,-121.80502500000028
-488.8602000000004,220.12439999999955,-106.05660000000043
-473.7168250000006,231.79570000000004,-92.92905000000025
-456.6402500000008,231.11900000000003,-86.3085000000003
-439.56367500000096,230.44230000000005,-79.68795000000036
-422.4871000000001,229.7656,-73.06740000000005
-402.7350500000004,225.84830000000017,-68.50935
-377.4699000000006,215.25340000000025,-68.2013
-352.20475000000084,204.65850000000034,-67.89325000000001
-326.93960000000106,194.06360000000046,-67.58520000000001
-300.3378250000015,181.96372500000075,-68.0384249999999
-271.42405000000014,167.26065000000006,-69.80845
-242.51027500000038,152.5575750000002,-71.57847499999998
-213.59650000000065,137.85450000000034,-73.34849999999996
-189.8764000000005,127.08947500000016,-74.23702500000002
-173.75680000000065,122.0874500000002,-73.83555000000003
-157.6372000000008,117.08542500000026,-73.43407500000002
-141.51760000000004,112.08340000000001,-73.0326
-129.1161250000001,109.96137499999999,-75.10162499999994
-121.34165000000017,111.42334999999997,-80.2450499999999
-113.56717500000023,112.88532499999995,-85.38847499999986
-105.79270000000031,114.34729999999993,-90.53189999999981
-101.71527500000002,118.78969999999964,-97.61694999999958
-101.56125000000002,126.39499999999957,-106.76249999999949
-101.40722500000001,134.00029999999992,-115.90804999999992
-101.2532,141.60559999999987,-125.05359999999985
-106.05997499999975,149.54214999999976,-131.6061249999999
-115.35954999999967,157.7786999999997,-135.81024999999985
-124.65912499999958,166.01524999999964,-140.01437499999983
-133.95869999999948,174.25179999999955,-144.21849999999978
-141.10224999999997,178.970025,-146.031475
-146.58149999999992,180.97234999999998,-145.99865
-152.06075000000018,182.97467500000008,-145.965825
-157.54000000000013,184.97700000000006,-145.933
-158.95665,181.1202749999999,-144.02289999999994
-157.7093,173.42154999999997,-140.88179999999997
-156.46195,165.72282500000003,-137.7407
-155.21460000000002,158.02410000000012,-134.59960000000004
-148.64699999999968,155.340125,-124.79112499999954
-139.13279999999978,155.43355,-111.28994999999966
-129.61859999999984,155.526975,-97.78877499999979
-120.10439999999994,155.62040000000002,-84.28759999999991
-121.697475,157.02655,-69.30292500000004
-128.44174999999993,159.04149999999998,-53.63025000000019
-135.18602500000026,161.05645000000007,-37.95757499999944
-141.9303000000002,163.07140000000004,-22.284899999999578
-121.41089999999946,163.37449999999998,-15.423324999999938
-90.43419999999973,163.021,-11.94134999999997
-59.45750000000001,162.6675,-8.459375000000001
-28.48080000000028,162.314,-4.977400000000031
-6.387975000000353,175.93984999999967,4.241074999999803
12.935850000000563,193.9229000000005,15.24755000000032
32.259675000000385,211.90595000000036,26.254025000000222
51.583500000000214,229.88900000000018,37.26050000000012
52.001924999999986,194.53152499999987,51.84920000000003
47.75235000000003,146.00355000000033,67.3223999999999
43.502775000000064,97.47557500000076,82.79559999999975
39.253199999999865,48.94759999999847,98.26880000000048
25.93412499999966,-1.6416250000011416,114.71525000000037
10.907849999999797,-52.61885000000069,131.34490000000022
-4.1184250000000695,-103.59607500000023,147.97455000000008
-19.144699999999933,-154.57329999999976,164.60419999999993
-20.400450000000006,-138.55800000000033,149.3229000000003
-19.799500000000013,-113.51000000000056,129.73900000000043
-19.198549999999987,-88.46199999999938,110.15509999999952
-18.597599999999993,-63.413999999999604,90.57119999999969
-19.231225000000006,-37.924249999999816,72.10562499999988
-19.971049999999998,-12.396500000000053,53.73625000000004
-20.71087499999999,13.131249999999717,35.366875000000206
-21.450699999999987,38.65899999999949,16.99750000000037
-18.00497500000011,56.734724999999486,3.672125000000385
-14.386649999999936,74.50315000000032,-9.445250000000236
