39546,0.56,0.25,0.25,-392.01,-111.14,-284.40
39566,0.44,0.30,0.35,-309.33,-183.46,-358.24
39587,0.55,0.37,0.29,-288.96,-204.56,-398.91
39606,0.51,0.47,0.26,-342.19,-225.60,-429.82
39626,0.41,0.50,0.28,-378.23,-229.80,-460.37
39646,0.24,0.52,0.33,-376.95,-253.40,-492.75
39666,0.33,0.43,0.23,-326.52,-275.17,-549.15
39687,0.38,0.37,0.21,-285.91,-273.95,-587.93
39706,0.37,0.40,0.26,-253.66,-289.56,-596.41
39726,0.28,0.44,0.31,-256.95,-288.58,-548.18
39746,0.12,0.31,0.38,-301.22,-267.61,-489.94
39766,0.10,0.21,0.46,-324.39,-289.74,-468.79
39787,0.15,0.16,0.53,-324.20,-315.72,-467.75
39807,0.14,0.13,0.62,-334.69,-347.97,-457.51
39826,0.09,0.25,0.63,-360.00,-363.52,-417.69
39846,0.08,0.26,0.70,-410.30,-347.55,-362.02
39866,0.06,0.17,0.72,-454.57,-316.08,-318.85
39886,0.11,0.05,0.75,-454.27,-336.51,-291.83
39907,0.23,-0.05,0.74,-416.70,-357.73,-267.51
39926,0.07,-0.03,0.81,-371.95,-343.34,-242.51
39946,-0.11,-0.02,0.92,-371.28,-352.97,-215.80
39966,-0.05,-0.11,0.88,-362.13,-367.61,-204.52
39986,0.03,-0.21,0.85,-342.13,-365.66,-212.14
40007,0.00,-0.22,0.92,-334.57,-346.63,-223.18
40026,-0.11,-0.17,1.04,-374.51,-383.03,-214.88
40046,-0.12,-0.12,1.11,-421.89,-417.73,-164.76
40066,-0.16,-0.24,1.28,-464.02,-432.85,-120.80
40086,-0.04,-0.23,1.38,-475.67,-455.66,-96.96
40107,0.12,-0.29,1.48,-496.77,-434.93,-100.62
40126,0.17,-0.30,1.56,-472.01,-399.19,-85.37
40146,-0.01,-0.16,1.70,-475.91,-285.47,-4.88
40166,-0.16,-0.17,1.86,-557.56,-185.11,80.67
40186,-0.13,-0.33,1.96,-573.90,-123.64,110.91
40207,-0.01,-0.29,1.95,-507.86,-67.73,143.59
40226,-0.12,-0.14,1.90,-499.75,15.50,171.03
40246,-0.07,-0.08,1.81,-530.00,66.78,196.46
40266,-0.06,-0.13,1.76,-543.84,100.75,195.91
40286,-0.02,-0.11,1.67,-540.12,133.79,176.27
40307,0.01,-0.12,1.63,-540.97,156.42,159.81
40326,-0.07,-0.18,1.67,-549.45,164.47,153.41
40346,-0.02,-0.31,1.65,-546.22,132.21,125.24
40366,0.07,-0.30,1.61,-515.61,142.88,99.08
40386,0.01,-0.33,1.61,-502.62,150.87,73.53
40407,-0.05,-0.42,1.64,-489.20,152.94,38.96
40426,-0.05,-0.46,1.67,-473.96,99.40,-12.26
40446,-0.01,-0.47,1.65,-468.17,53.61,-61.90
40466,-0.03,-0.50,1.65,-460.79,35.20,-75.25
40486,-0.07,-0.56,1.68,-447.86,21.84,-57.32
40507,-0.12,-0.68,1.75,-435.12,-31.08,-46.59
40526,-0.09,-0.76,1.83,-386.03,-74.32,-63.79
40546,0.02,-0.81,1.84,-351.16,-91.75,-91.83
40566,0.06,-0.74,1.86,-298.41,-68.77,-86.16
40586,0.03,-0.73,1.93,-288.78,-50.29,-37.63
40607,-0.06,-0.81,2.00,-295.24,-54.56,-13.12
40627,-0.00,-0.87,2.01,-280.36,-33.89,-37.26
40646,0.08,-0.84,2.01,-264.75,-21.45,-78.97
40666,0.07,-0.79,2.05,-286.34,9.16,-86.53
40686,0.03,-0.84,2.05,-330.67,11.60,-75.37
40706,0.08,-0.92,2.06,-342.99,33.67,-54.76
40727,-0.02,-1.00,2.09,-340.12,42.33,-68.72
40746,0.03,-1.04,2.06,-330.12,34.77,-89.88
40766,0.04,-1.05,2.07,-327.38,44.53,-117.44
40786,-0.04,-1.10,2.06,-334.45,40.38,-131.04
40806,-0.03,-1.18,2.07,-321.28,30.32,-115.86
40827,-0.08,-1.27,2.08,-287.19,20.56,-102.99
40846,-0.11,-1.28,2.14,-237.01,18.12,-90.86
40866,-0.11,-1.23,2.15,-228.90,-9.50,-81.59
40886,-0.03,-1.21,2.16,-248.84,-21.63,-73.05
40906,0.00,-1.31,2.24,-272.50,-18.16,-81.59
40927,-0.05,-1.34,2.25,-269.57,-42.18,-93.85
40946,-0.03,-1.39,2.25,-265.55,-47.30,-80.25
40966,0.01,-1.46,2.27,-255.73,-12.49,-61.47
40986,-0.03,-1.46,2.28,-243.23,18.67,-40.07
41006,-0.04,-1.48,2.29,-252.86,34.83,-14.52
41027,-0.02,-1.54,2.26,-249.63,57.58,14.02
41046,-0.09,-1.58,2.25,-232.68,59.77,20.79
41066,-0.04,-1.60,2.24,-195.79,50.14,24.69
41086,-0.05,-1.62,2.24,-165.49,43.25,23.41
41106,-0.06,-1.62,2.23,-152.92,26.54,19.38
41127,-0.11,-1.64,2.24,-143.29,5.50,7.37
41146,-0.11,-1.65,2.26,-140.12,-29.99,-3.12
41166,-0.09,-1.69,2.29,-134.45,-38.58,-18.66
41186,-0.10,-1.67,2.31,-134.20,-41.88,-30.25
41206,-0.11,-1.73,2.31,-142.31,-46.45,-34.58
41227,-0.07,-1.75,2.34,-127.74,-43.52,-35.62
41246,-0.08,-1.78,2.36,-111.40,-43.22,-32.57
41266,-0.10,-1.78,2.40,-87.86,-59.07,-26.35
41286,-0.12,-1.79,2.42,-71.52,-71.57,-25.25
41306,-0.08,-1.78,2.41,-49.63,-64.19,-30.13
41327,-0.07,-1.79,2.45,-34.33,-41.08,-34.70
41346,-0.07,-1.77,2.43,-35.49,-32.00,-40.55
41366,-0.04,-1.81,2.43,-36.52,-14.56,-47.08
41386,-0.02,-1.81,2.44,-31.16,-13.03,-59.27
41406,-0.05,-1.84,2.43,-31.22,-21.02,-60.07
41427,-0.09,-1.89,2.46,-13.66,-31.63,-58.24
41446,-0.10,-1.90,2.43,6.83,-56.21,-47.38
41466,-0.06,-1.91,2.49,31.16,-67.73,-27.08
41486,-0.04,-1.91,2.50,55.80,-54.62,-0.80
41506,-0.04,-1.89,2.51,84.39,-34.74,19.75
41526,-0.03,-1.85,2.50,110.31,-9.80,37.92
41547,-0.03,-1.84,2.50,141.77,4.34,55.24
41566,-0.03,-1.80,2.48,168.36,11.78,63.59
41586,-0.02,-1.76,2.45,203.23,17.82,65.24
41606,0.01,-1.68,2.44,212.56,18.18,64.20
41626,-0.02,-1.66,2.43,217.99,30.68,63.53
41647,-0.05,-1.60,2.44,215.25,35.93,69.75
41666,-0.06,-1.64,2.39,218.60,51.72,72.19
41686,-0.04,-1.57,2.35,226.95,66.05,72.13
41706,-0.05,-1.53,2.32,227.44,63.92,72.62
41726,-0.05,-1.49,2.34,226.59,58.86,68.71
41746,-0.05,-1.49,2.31,240.80,45.01,64.93
41766,-0.05,-1.45,2.31,269.39,41.36,55.18
41786,0.01,-1.39,2.28,294.15,40.38,58.17
41806,-0.00,-1.37,2.26,304.64,43.25,56.40
41826,-0.03,-1.35,2.24,317.14,51.42,52.80
41847,0.01,-1.31,2.19,320.12,61.36,48.71
41866,-0.00,-1.24,2.14,306.22,62.70,43.10
41886,-0.02,-1.18,2.07,281.53,57.88,40.42
41906,-0.05,-1.18,2.03,278.84,66.05,45.60
41926,-0.01,-1.17,2.01,308.17,73.43,48.29
41946,-0.08,-1.14,2.03,332.01,48.31,41.76
41966,-0.12,-1.05,2.08,320.25,-4.68,39.75
41986,-0.09,-1.04,2.12,295.80,-68.58,46.64
42006,-0.07,-1.01,2.13,295.31,-99.50,53.53
42026,-0.06,-0.95,2.15,291.65,-77.79,70.60
42047,-0.06,-0.94,2.16,285.37,-46.33,91.15
42066,0.00,-0.92,2.16,282.32,-19.99,98.96
42086,0.05,-0.91,2.16,291.47,12.09,98.96
42106,0.02,-0.85,2.09,268.84,30.56,97.62
42126,0.10,-0.86,2.01,251.04,48.79,83.23
42147,-0.03,-0.80,2.01,236.04,66.36,54.08
42166,-0.03,-0.76,1.97,214.76,68.98,46.76
42186,0.12,-0.79,1.93,219.88,77.15,60.12
42206,0.11,-0.81,1.88,251.71,96.36,82.01
42226,0.06,-0.70,1.89,252.26,74.28,91.70
42247,-0.10,-0.69,1.94,219.21,46.60,68.78
42266,-0.12,-0.73,1.96,198.90,5.81,-1.71
42286,0.00,-0.70,1.88,194.88,-15.66,-68.12
42306,0.11,-0.63,1.81,169.45,-2.00,-83.24
42326,0.10,-0.60,1.79,147.26,30.38,-43.48
42347,0.03,-0.70,1.80,161.04,64.28,2.25
42367,0.00,-0.75,1.81,211.28,73.98,15.12
42386,-0.01,-0.78,1.75,257.08,56.11,-13.48
42406,0.08,-0.68,1.67,280.19,18.55,-34.03
42426,0.01,-0.58,1.59,247.93,-3.22,-14.70
42446,0.03,-0.62,1.65,211.71,-13.28,36.34
42467,-0.05,-0.71,1.74,223.48,-21.21,53.23
42486,-0.09,-0.72,1.78,248.78,-49.25,37.07
42506,-0.03,-0.65,1.76,257.01,-62.97,11.70
42526,0.02,-0.54,1.71,242.38,-34.68,26.70
42546,0.07,-0.47,1.68,220.92,22.51,79.51
42566,-0.03,-0.50,1.70,224.58,62.82,125.36
42586,-0.08,-0.60,1.73,256.40,64.95,127.62
42606,0.02,-0.61,1.70,316.53,22.70,92.37
42626,0.05,-0.49,1.68,354.21,-5.05,63.90
42646,-0.09,-0.34,1.65,341.71,-45.35,47.07
42667,-0.16,-0.34,1.63,344.15,-117.79,14.69
42686,0.10,-0.33,1.60,413.78,-72.06,-8.91
42706,0.24,-0.27,1.66,479.27,24.83,-32.08
42727,0.12,-0.17,1.74,476.65,80.26,-43.79
42746,0.03,-0.20,1.80,454.88,70.75,-43.91
42767,-0.03,-0.13,1.81,469.39,36.29,-22.81
42786,0.03,0.06,1.66,502.62,47.94,46.40
42806,0.03,0.16,1.66,513.05,135.14,140.91
42826,0.08,0.06,1.71,549.33,197.39,201.03
42846,0.19,-0.04,1.60,614.39,252.39,185.36
42867,0.43,0.05,1.36,661.28,328.00,167.37
42886,0.18,0.18,1.24,606.77,387.15,170.30
42906,-0.03,0.18,1.12,465.61,359.04,196.95
42927,-0.00,-0.02,1.00,386.04,311.05,213.47
42946,0.08,-0.09,0.91,414.27,306.29,211.70
42967,0.07,0.02,0.93,490.73,308.67,250.06
42987,-0.06,0.18,1.01,525.06,280.14,322.37
43006,-0.11,0.22,1.01,546.40,226.36,391.52
43026,0.13,0.21,0.87,585.37,239.04,427.13
43046,0.30,0.25,0.80,630.49,306.17,432.68
43067,0.23,0.32,0.78,661.04,372.82,407.92
43086,0.18,0.44,0.74,651.28,381.84,394.51
43106,0.18,0.44,0.61,611.77,403.12,393.96
43126,0.13,0.41,0.46,572.20,427.76,391.46
43146,0.09,0.41,0.37,561.53,451.60,374.32
43167,0.15,0.41,0.29,554.09,456.84,358.84
43187,0.22,0.41,0.25,512.26,442.39,337.37
43206,0.32,0.47,0.18,447.01,401.72,292.49
43226,0.30,0.43,0.08,327.08,340.44,253.53
43246,0.32,0.33,0.03,230.92,261.72,208.71
43266,0.27,0.30,-0.00,197.26,196.36,157.01
43287,0.27,0.32,0.02,168.54,105.99,133.84
43306,0.36,0.29,0.01,162.75,51.90,134.08
43326,0.40,0.20,0.05,186.89,7.82,137.31
43346,0.42,0.17,0.12,217.75,-26.75,117.86
43366,0.47,0.23,0.11,228.17,-38.28,92.98
43387,0.49,0.24,0.19,196.71,-36.82,72.74
43406,0.54,0.20,0.23,170.49,-29.56,54.87
43426,0.54,0.17,0.27,164.64,-19.01,37.07
43446,0.48,0.16,0.31,147.44,-24.68,25.24
43466,0.54,0.19,0.27,141.71,-45.29,18.84
43487,0.75,0.27,-0.06,43.78,38.00,32.92
43506,0.53,0.13,0.33,-6.10,135.01,52.68