-0.00825,-0.08475000000000002,-0.0545
0.03,0.03,-0.08
0.013,0.149,-0.041749999999999995
-0.0040000000000000036,0.268,-0.003499999999999991
-0.012750000000000004,0.2935,0.021000000000000015
-0.017,0.268,0.038000000000000006
-0.018750000000000003,0.235,0.04625
-0.014499999999999997,0.18399999999999997,0.033499999999999995
-0.010249999999999999,0.133,0.020749999999999998
-0.01,0.08999999999999997,0.02
-0.01,0.04750000000000007,0.02
-0.0125,0.0025000000000000022,0.025
-0.016749999999999998,-0.044249999999999984,0.033499999999999995
-0.017999999999999988,-0.08800000000000005,0.03799999999999999
-0.009499999999999993,-0.12200000000000003,0.02949999999999999
-0.0009999999999999966,-0.15600000000000003,0.020999999999999998
0.01125,-0.1675,0.0275
0.02400000000000002,-0.17600000000000002,0.03600000000000002
0.03675000000000004,-0.17099999999999993,0.04900000000000006
0.049499999999999954,-0.15400000000000005,0.06599999999999995
0.06,-0.13324999999999992,0.08300000000000005
0.06,-0.095,0.1
0.06,-0.05674999999999994,0.11700000000000002
0.06,-0.022000000000000033,0.1235
0.06,0.012000000000000028,0.12775
0.04799999999999993,0.042000000000000065,0.1480000000000001
0.02249999999999989,0.0675000000000001,0.18625000000000017
0.0010000000000000148,0.09,0.22100000000000003
0.009499999999999993,0.09,0.22949999999999998
0.01800000000000001,0.09,0.238
0.04275000000000008,0.09325000000000001,0.26600000000000007
0.0725,0.0975,0.3
0.09350000000000001,0.10525000000000002,0.33050000000000007
0.10200000000000004,0.11800000000000005,0.3560000000000001
0.10949999999999996,0.12949999999999995,0.38025000000000003
0.10099999999999998,0.12099999999999998,0.3845
0.09249999999999996,0.11249999999999996,0.38875000000000004
0.09,0.11,0.3780000000000001
0.09,0.11,0.36099999999999993
0.08399999999999991,0.10549999999999994,0.35300000000000004
0.06700000000000003,0.09275000000000003,0.3615
0.05,0.08,0.37
0.05850000000000002,0.08425,0.37425
0.06700000000000003,0.08850000000000001,0.3785
0.06450000000000003,0.09,0.39374999999999993
0.05600000000000002,0.09,0.415
0.043750000000000004,0.08875,0.42874999999999996
0.022499999999999964,0.08449999999999999,0.4245
0.0012499999999999291,0.08024999999999999,0.42024999999999996
-0.008000000000000044,0.08,0.424
-0.016500000000000056,0.08,0.42825
-0.03250000000000018,0.08,0.44250000000000017
-0.05375000000000004,0.08,0.46375
-0.07300000000000005,0.08100000000000002,0.482
-0.08575000000000008,0.08525000000000002,0.49050000000000005
-0.09849999999999999,0.0895,0.499
-0.11125,0.105,0.50375
-0.12400000000000003,0.12200000000000003,0.508
-0.14800000000000013,0.13450000000000004,0.5145000000000001
-0.18200000000000016,0.14300000000000004,0.523
-0.2182500000000003,0.15,0.5337500000000002
-0.265,0.15,0.5549999999999999
-0.31175000000000047,0.15,0.5762500000000002
-0.32,0.1465,0.5975
-0.32,0.14225000000000002,0.6187499999999999
-0.32400000000000007,0.14800000000000013,0.6380000000000001
-0.3325,0.165,0.655
-0.3445000000000004,0.18200000000000016,0.6689999999999999
-0.38275000000000015,0.19900000000000007,0.6605
-0.4210000000000002,0.21600000000000008,0.652
-0.4430000000000001,0.2102499999999999,0.6532500000000001
-0.46000000000000013,0.1974999999999999,0.6575000000000001
-0.46649999999999997,0.18825,0.6687500000000001
-0.458,0.18400000000000002,0.6899999999999998
-0.4494999999999999,0.17949999999999988,0.7107500000000001
-0.44099999999999995,0.17099999999999993,0.7235
-0.4325,0.1625,0.73625
-0.43,0.1449999999999998,0.7460000000000001
-0.43,0.12374999999999993,0.7545000000000001
-0.4434999999999999,0.09500000000000014,0.7645
-0.48175000000000023,0.05249999999999972,0.7772500000000001
-0.52,0.01,0.79
-0.5752499999999996,-0.0027499999999999157,0.8069999999999999
-0.6305000000000002,-0.015500000000000043,0.8240000000000001
-0.6609999999999999,-0.006250000000000075,0.8354999999999999
-0.678,0.01500000000000014,0.8440000000000001
-0.69,0.039999999999999994,0.855
-0.69,0.07399999999999977,0.8719999999999999
-0.69,0.10800000000000011,0.8890000000000001
-0.698,0.11,0.9139999999999999
-0.7065,0.11,0.9395000000000001
-0.72,0.0975,0.955
-0.7370000000000002,0.07624999999999979,0.9635
-0.7580000000000001,0.054999999999999924,0.974
-0.7920000000000005,0.03374999999999971,0.9910000000000002
-0.8260000000000002,0.012499999999999858,1.0080000000000002
-0.85625,-0.00875,1.0362500000000001
-0.8860000000000003,-0.030000000000000214,1.0660000000000003
-0.9157500000000001,-0.04225000000000002,1.09125
-0.9455000000000003,-0.04650000000000006,1.1125000000000003
-0.9752500000000002,-0.049249999999999974,1.1315
-1.0050000000000006,-0.04499999999999993,1.1400000000000001
-1.0347500000000003,-0.04074999999999996,1.1485
-1.0505,-0.029499999999999957,1.136
-1.0632500000000003,-0.016749999999999828,1.1189999999999998
-1.0619999999999998,-0.005999999999999945,1.1240000000000003
-1.045,0.0025000000000000005,1.15375
-1.0279999999999998,0.007999999999999834,1.1845000000000003
-1.011,-0.009000000000000057,1.22275
-0.9940000000000001,-0.02599999999999994,1.261
-1.0095000000000003,-0.039750000000000084,1.2895000000000003
-1.0350000000000001,-0.0525,1.315
-1.06225,-0.06699999999999989,1.3282500000000002
-1.092,-0.08400000000000006,1.324
-1.12,-0.10049999999999998,1.3219999999999998
-1.12,-0.10900000000000006,1.3560000000000003
-1.12,-0.1175,1.39
-1.117,-0.12,1.4180000000000001
-1.1127500000000001,-0.12,1.4435
-1.1009999999999998,-0.11249999999999971,1.4585
-1.0755,-0.09124999999999986,1.4542499999999998
-1.05,-0.07,1.45
-1.0627499999999999,-0.08274999999999992,1.4372500000000001
-1.0755000000000003,-0.09550000000000027,1.4244999999999997
-1.1130000000000007,-0.11650000000000035,1.4255
-1.1640000000000004,-0.14200000000000018,1.434
-1.2075,-0.1725,1.44875
-1.2329999999999999,-0.21499999999999972,1.4784999999999997
-1.2585000000000006,-0.25750000000000084,1.5082500000000005
-1.26,-0.3040000000000006,1.5460000000000005
-1.26,-0.35075000000000034,1.5842500000000004
-1.27,-0.3825,1.6075
-1.2870000000000006,-0.40375000000000055,1.6202500000000002
-1.3030000000000004,-0.4139999999999995,1.6269999999999996
-1.3157500000000002,-0.3884999999999996,1.6142499999999997
-1.3285000000000002,-0.3629999999999998,1.6015
-1.30375,-0.3225,1.57375
-1.2739999999999998,-0.2799999999999996,1.5439999999999998
-1.25325,-0.23974999999999988,1.5165
-1.2404999999999997,-0.2014999999999995,1.4909999999999997
-1.2360000000000002,-0.1752500000000002,1.4662499999999998
-1.2700000000000007,-0.20500000000000052,1.4449999999999996
-1.3040000000000005,-0.2347500000000003,1.4237499999999996
-1.289,-0.3240000000000003,1.4445000000000001
-1.2635,-0.42599999999999966,1.4742499999999998
-1.2579999999999998,-0.5319999999999989,1.5019999999999998
-1.2750000000000004,-0.6425000000000018,1.5275000000000005
-1.2980000000000007,-0.7470000000000006,1.5520000000000003
-1.3660000000000003,-0.8065000000000002,1.5690000000000002
-1.4339999999999997,-0.8659999999999998,1.586
-1.5117499999999977,-0.905999999999999,1.6127499999999992
-1.5924999999999998,-0.94,1.6425
-1.64,-0.9564999999999997,1.66175
-1.64,-0.9479999999999997,1.666
-1.6387499999999997,-0.9369999999999993,1.6697499999999998
-1.6175,-0.8859999999999996,1.6655
-1.59625,-0.835,1.66125
-1.6109999999999998,-0.7510000000000006,1.6779999999999997
-1.6407499999999995,-0.6532500000000012,1.7034999999999996
-1.6584999999999999,-0.5539999999999986,1.7139999999999997
-1.6542499999999998,-0.4519999999999993,1.6969999999999998
-1.65,-0.35,1.68
-1.616,-0.33725000000000005,1.6842499999999998
-1.5820000000000005,-0.3245000000000002,1.6885
-1.5589999999999997,-0.3502500000000006,1.6955
-1.5419999999999998,-0.3970000000000003,1.704
-1.5350000000000001,-0.45125,1.70125
-1.5519999999999998,-0.5234999999999995,1.6715000000000002
-1.5689999999999997,-0.595749999999999,1.6417500000000003
-1.6060000000000005,-0.6560000000000008,1.6760000000000004
-1.6442500000000002,-0.7155000000000004,1.7142500000000003
-1.7,-0.7375,1.74
-1.7679999999999996,-0.7332500000000001,1.757
-1.82,-0.7379999999999995,1.7690000000000001
-1.82,-0.7720000000000005,1.76475
-1.82,-0.8060000000000003,1.7605
-1.82,-0.82875,1.77125
-1.82,-0.8499999999999999,1.784
-1.81775,-0.8622500000000001,1.7945000000000002
-1.8135,-0.8665,1.8030000000000002
-1.8152500000000003,-0.8820000000000005,1.81075
-1.845,-0.95,1.815
-1.8747499999999997,-1.0179999999999996,1.81925
-1.9290000000000012,-1.0124999999999995,1.8445000000000007
-1.9885000000000008,-0.9912499999999997,1.8742500000000004
-2.0380000000000003,-0.9579999999999996,1.9000000000000001
-2.07625,-0.91125,1.92125
-2.116500000000001,-0.8720000000000004,1.944500000000001
-2.171750000000001,-0.8890000000000003,1.9827500000000007
-2.2270000000000008,-0.9060000000000002,2.0210000000000004
-2.2367500000000002,-0.9490000000000004,2.056
-2.2325,-1.0,2.09
-2.2072499999999984,-1.0527500000000014,2.1222500000000006
-2.151999999999999,-1.108000000000001,2.1520000000000006
-2.0964999999999994,-1.1620000000000004,2.18075
-2.0369999999999995,-1.1960000000000002,2.1935000000000002
-1.9775,-1.23,2.20625
-1.932999999999999,-1.24,2.2009999999999996
-1.8947499999999993,-1.24,2.18825
-1.8820000000000006,-1.2445000000000002,2.177
-1.9160000000000001,-1.2572500000000002,2.1685
-1.9500000000000013,-1.2699999999999991,2.1600000000000006
-1.988250000000001,-1.2444999999999993,2.1770000000000005
-2.026500000000001,-1.2189999999999994,2.1940000000000004
-2.0620000000000007,-1.157749999999999,2.19725
-2.0960000000000005,-1.0769999999999995,2.193
-2.1124999999999994,-1.0250000000000006,2.181249999999999
-2.0869999999999993,-1.0420000000000005,2.151499999999999
-2.0614999999999997,-1.0590000000000004,2.1217499999999996
-2.0159999999999996,-1.1080000000000008,2.124
-1.9692499999999997,-1.1590000000000003,2.12825
-1.955,-1.2025,2.12
-1.9635000000000002,-1.240750000000001,2.1029999999999993
-1.9740000000000002,-1.2649999999999997,2.0849999999999995
-1.991,-1.2437499999999997,2.0637499999999998
-2.008,-1.2225,2.0425
-1.9425,-1.175,2.03625
-1.8660000000000005,-1.1240000000000003,2.032
-1.8165000000000004,-1.068500000000001,2.03225
-1.7909999999999997,-1.0089999999999992,2.0365
-1.7737500000000002,-0.9517499999999997,2.043
-1.795,-0.905,2.06
-1.81625,-0.8582500000000003,2.077
-1.7990000000000004,-0.8010000000000008,2.0730000000000004
-1.7734999999999996,-0.7414999999999992,2.0645
-1.7479999999999998,-0.6979999999999998,2.048
-1.7225,-0.6725,2.0225
-1.697,-0.651,1.9965000000000002
-1.6715000000000002,-0.6594999999999999,1.9667500000000004
-1.6459999999999995,-0.6680000000000001,1.9369999999999996
-1.6237499999999998,-0.66675,1.9202499999999998
-1.6025,-0.6625000000000001,1.9075
-1.59175,-0.6512500000000001,1.9052499999999999
-1.596,-0.6299999999999996,1.9180000000000001
-1.6010000000000004,-0.6077499999999995,1.9287499999999997
-1.618,-0.5694999999999998,1.9074999999999998
-1.635,-0.53125,1.88625
-1.6249999999999993,-0.5169999999999999,1.8469999999999986
-1.6037500000000002,-0.51275,1.8002500000000006
-1.5704999999999993,-0.5130000000000001,1.7624999999999997
-1.5152499999999978,-0.5215000000000004,1.741249999999999
-1.46,-0.53,1.72
-1.387749999999998,-0.53,1.6944999999999992
-1.315500000000001,-0.53,1.6690000000000003
-1.28725,-0.5107499999999996,1.66275
-1.283,-0.4809999999999988,1.667
-1.30375,-0.445,1.6624999999999999
-1.384500000000002,-0.3939999999999987,1.6369999999999993
-1.4652499999999988,-0.3430000000000007,1.6115000000000004
-1.4780000000000002,-0.32799999999999985,1.5699999999999994
-1.4865000000000004,-0.3152499999999995,1.5274999999999983
-1.4475,-0.32,1.5075
-1.375249999999998,-0.33700000000000047,1.50325
-1.306000000000001,-0.34700000000000014,1.4980000000000002
-1.2464999999999993,-0.3342499999999998,1.4894999999999998
-1.1869999999999976,-0.3214999999999995,1.4809999999999997
-1.19875,-0.28625,1.4649999999999999
-1.2200000000000006,-0.247999999999999,1.4479999999999995
-1.2254999999999996,-0.22099999999999909,1.410749999999997
-1.2169999999999999,-0.20399999999999976,1.3554999999999993
-1.2069999999999992,-0.19600000000000137,1.3077499999999995
-1.19,-0.23,1.295
-1.1729999999999994,-0.2640000000000009,1.2822499999999997
-1.1174999999999966,-0.28750000000000114,1.3080000000000018
-1.053749999999999,-0.3087500000000003,1.3420000000000005
-1.0099999999999991,-0.31199999999999933,1.36
-0.98875,-0.29500000000000004,1.36
-0.9775000000000017,-0.2724999999999983,1.354499999999999
-1.0412500000000013,-0.20874999999999874,1.307749999999999
-1.1050000000000009,-0.14499999999999916,1.2609999999999995
-1.11675,-0.12349999999999967,1.2369999999999992
-1.1125,-0.115,1.22
-1.0749999999999977,-0.12750000000000114,1.2170000000000005
-0.9899999999999983,-0.17000000000000084,1.2340000000000004
-0.9064999999999992,-0.21125000000000027,1.25
-0.8469999999999996,-0.23250000000000015,1.25
-0.7875,-0.25375000000000003,1.25
-0.7519999999999993,-0.24199999999999933,1.225999999999999
-0.7264999999999995,-0.2164999999999995,1.1919999999999993
-0.7265000000000006,-0.20600000000000024,1.1654999999999998
-0.7732500000000002,-0.22300000000000011,1.1527499999999997
-0.8200000000000008,-0.23999999999999927,1.1400000000000001
-0.8454999999999998,-0.21875000000000014,1.1484999999999999
-0.8710000000000006,-0.19749999999999956,1.157
-0.8277499999999989,-0.1707499999999996,1.1324999999999994
-0.7469999999999994,-0.1409999999999998,1.0899999999999996
-0.6649999999999971,-0.10874999999999872,1.0474999999999985
-0.5800000000000005,-0.07050000000000026,1.0050000000000003
-0.4949999999999983,-0.03224999999999923,0.9624999999999991
-0.47400000000000037,0.005999999999999235,0.9719999999999998
-0.4569999999999999,0.044250000000000254,0.9847500000000001
-0.4625000000000007,0.07500000000000084,0.9950000000000003
-0.48374999999999985,0.10049999999999983,1.0034999999999998
-0.5,0.12500000000000042,0.9929999999999986
-0.5,0.14624999999999957,0.9207500000000014
-0.5,0.16750000000000015,0.8484999999999995
-0.48499999999999943,0.14374999999999902,0.7762499999999976
-0.46800000000000014,0.11400000000000021,0.7040000000000005
-0.4464999999999995,0.06849999999999881,0.6609999999999997
-0.42100000000000054,0.009000000000001195,0.6440000000000003
-0.3977500000000004,-0.0512499999999983,0.6412499999999983
-0.385,-0.115,0.7050000000000001
-0.37224999999999964,-0.1787500000000017,0.7687500000000017
-0.3279999999999973,-0.19700000000000045,0.8360000000000036
-0.2769999999999993,-0.2055000000000001,0.9040000000000009
-0.23999999999999916,-0.18599999999999794,0.9279999999999989
-0.21875,-0.135,0.9025
-0.2075000000000017,-0.08749999999999943,0.8719999999999982
-0.27124999999999916,-0.06625000000000028,0.8040000000000009
-0.33500000000000085,-0.044999999999999714,0.7359999999999991
-0.3597499999999996,-0.06599999999999909,0.664750000000002
-0.3725,-0.1,0.5925
-0.3537499999999983,-0.12,0.5447499999999997
-0.29000000000000087,-0.12,0.5320000000000003
-0.22674999999999926,-0.11824999999999959,0.52
-0.17150000000000148,-0.0885000000000008,0.52
-0.11625,-0.058750000000000004,0.52
-0.11500000000000057,-0.001999999999998184,0.4779999999999984
-0.1362499999999997,0.06599999999999909,0.4185000000000008
-0.18300000000000125,0.12950000000000073,0.3739999999999998
-0.2764999999999975,0.18474999999999853,0.3570000000000005
-0.37,0.24,0.34
-0.37,0.23150000000000034,0.34424999999999983
-0.37,0.22300000000000011,0.3484999999999999
-0.3067499999999987,0.1759999999999991,0.37200000000000044
-0.20900000000000263,0.10800000000000182,0.4059999999999991
-0.13,0.045,0.41125
-0.09599999999999909,-0.006000000000001365,0.3474999999999983
-0.06200000000000045,-0.056999999999999315,0.2837500000000009
-0.14000000000000112,0.06800000000000184,0.3080000000000004
-0.22499999999999773,0.20399999999999638,0.3377499999999992
-0.265,0.13999999999999999,0.3725
-0.27350000000000024,-0.06400000000000547,0.410750000000001
-0.2839999999999998,-0.21900000000000006,0.4290000000000006
-0.30100000000000027,-0.21474999999999994,0.38224999999999937
-0.31799999999999956,-0.2105000000000001,0.33550000000000124
-0.35000000000000003,-0.20249999999999999,0.29625
-0.38400000000000095,-0.19399999999999978,0.25799999999999895
-0.35275000000000123,-0.14500000000000113,0.21750000000000058
-0.26349999999999885,-0.05999999999999887,0.17499999999999943
-0.1840000000000009,0.01824999999999874,0.13250000000000114
-0.15,0.065,0.09
-0.11599999999999909,0.11175000000000125,0.04749999999999886
-0.1344999999999996,0.11650000000000005,0.05399999999999977
-0.1642500000000004,0.11224999999999995,0.07100000000000023
-0.1939999999999992,0.07800000000000183,0.08
-0.22375,0.009999999999999995,0.08
-0.24649999999999922,-0.05400000000000091,0.08500000000000114
-0.2167500000000004,-0.08799999999999955,0.12749999999999942
-0.18699999999999958,-0.12200000000000046,0.17000000000000057
-0.17674999999999982,-0.11374999999999916,0.18325000000000016
-0.17250000000000001,-0.0925,0.1875
-0.17700000000000046,-0.07474999999999966,0.1672499999999985
-0.19399999999999978,-0.06200000000000017,0.11200000000000074
-0.20249999999999826,-0.051500000000000344,0.06
-0.07499999999999488,-0.07700000000000103,0.06
0.0525,-0.10250000000000001,0.06
0.09600000000000022,-0.10699999999999989,0.06900000000000034
0.10449999999999988,-0.10275000000000006,0.08174999999999982
0.10099999999999966,-0.08799999999999955,0.08849999999999994
0.07549999999999898,-0.05399999999999863,0.08424999999999983
0.05,-0.02,0.08
0.10950000000000158,-0.0029999999999995447,0.10550000000000069
0.1689999999999992,0.013999999999999773,0.13099999999999967
0.16799999999999954,0.03375000000000029,0.1344999999999999
0.13399999999999865,0.05500000000000086,0.12599999999999967
0.10875,0.053750000000000006,0.1075
0.10449999999999988,-0.0015000000000014724,0.06499999999999886
0.10025000000000006,-0.05674999999999926,0.022500000000000568
0.10400000000000006,-0.0960000000000005,0.036000000000000226
0.10825000000000017,-0.13425000000000153,0.05300000000000068
0.095,-0.12,0.055
0.06949999999999931,-0.06899999999999863,0.04649999999999977
0.038999999999997495,-0.038000000000001824,0.03799999999999955
-0.0077500000000006244,-0.07200000000000045,0.029499999999999887
-0.05450000000000187,-0.10600000000000137,0.020999999999999658
-0.0375,-0.125,0.0012500000000000011
-0.011999999999999317,-0.14200000000000046,-0.020000000000000566
-0.013500000000001365,-0.15900000000000092,-0.04125000000000113
-0.03900000000000034,-0.17600000000000024,-0.06250000000000028
-0.05924999999999983,-0.19150000000000034,-0.08150000000000035
-0.055,-0.2,-0.09
-0.050749999999999885,-0.2085000000000002,-0.09850000000000023
0.08300000000000865,-0.09099999999999225,-0.285500000000012
0.24450000000000216,0.05350000000000195,-0.510750000000003
0.1999999999999889,0.1239999999999995,-0.4999999999999889
-0.07624999999999998,0.11125,-0.22375000000000003
-0.3049999999999966,0.08849999999999739,0.023000000000000687
-0.17749999999999316,-0.009250000000005226,0.04850000000000137
-0.049999999999998296,-0.10700000000000132,0.07400000000000034
0.019000000000002043,-0.15600000000000136,0.047499999999998294
0.07,-0.19,0.005000000000000001
0.10175000000000012,-0.24675000000000238,-0.007749999999999209
0.10600000000000023,-0.33600000000000474,0.02200000000000159
0.10924999999999983,-0.4217500000000004,0.044999999999998874
0.09649999999999949,-0.4515000000000012,-0.040000000000003394
0.08374999999999914,-0.48125000000000195,-0.12500000000000566
0.03499999999999831,-0.4749999999999994,-0.11699999999999874
-0.02875000000000341,-0.4537499999999989,-0.0702499999999975
-0.06849999999999995,-0.40999999999999887,-0.03699999999999989
