0.07525000000000001,-0.017249999999999988,-0.07425
0.08,0.13,-0.06
-0.038750000000000034,0.111,-0.017249999999999995
-0.1575,0.092,0.025499999999999995
-0.11900000000000004,0.026250000000000023,0.013000000000000006
-0.06200000000000001,-0.044999999999999984,-0.005999999999999997
-0.023750000000000004,-0.0525,-0.0325
0.009500000000000005,-0.043,-0.06100000000000001
0.013499999999999996,-0.023749999999999993,-0.06675
0.0040000000000000036,-8.673617379884035e-18,-0.062
0.0027500000000000033,0.02375000000000002,-0.06275
0.0075,0.0475,-0.0675
0.01675000000000002,0.06225000000000001,-0.07
0.031000000000000007,0.067,-0.07
0.032999999999999974,0.07,-0.06825
0.013999999999999986,0.07,-0.0635
-0.0024999999999999988,0.07250000000000001,-0.056249999999999994
-0.011999999999999993,0.08199999999999999,-0.04200000000000001
-0.017749999999999967,0.09225000000000003,-0.029249999999999988
-0.003499999999999979,0.10650000000000001,-0.024499999999999994
0.011250000000000017,0.12,-0.019749999999999997
0.035,0.12,-0.015
0.058750000000000066,0.12,-0.010249999999999987
0.06450000000000002,0.11099999999999997,-0.005499999999999989
0.06925000000000002,0.10149999999999999,-0.0007499999999999929
0.066,0.088,-0.0
0.06125,0.07375000000000001,-0.0
0.04949999999999996,0.05949999999999996,-0.01050000000000004
0.03524999999999997,0.04524999999999997,-0.02475000000000003
0.023999999999999983,0.03399999999999999,-0.020999999999999977
0.014499999999999992,0.024499999999999994,-0.0067499999999999895
0.0024999999999999467,0.01749999999999998,-0.002500000000000018
-0.011750000000000043,0.012749999999999987,-0.007250000000000014
-0.02,0.01,-0.013999999999999988
-0.02,0.01,-0.023500000000000014
-0.02,0.008499999999999978,-0.03
-0.02,0.00375,-0.03
-0.01599999999999994,0.004000000000000059,-0.02799999999999997
0.0030000000000001137,0.023000000000000114,-0.01849999999999994
0.020500000000000008,0.04250000000000004,-0.011500000000000024
0.025249999999999984,0.06624999999999992,-0.02574999999999996
0.03,0.09,-0.04
0.025249999999999984,0.10425000000000004,-0.03049999999999997
0.020499999999999973,0.11850000000000008,-0.020999999999999942
0.024250000000000008,0.12425,-0.0029999999999999714
0.02900000000000002,0.12900000000000003,0.016000000000000084
0.05625000000000025,0.13750000000000007,0.023750000000000035
0.08950000000000011,0.14700000000000002,0.028500000000000015
0.07400000000000005,0.137,0.03
0.03599999999999995,0.11799999999999997,0.03
0.011749999999999936,0.11275000000000002,0.041000000000000085
-0.0025000000000000005,0.1175,0.060000000000000005
0.005750000000000102,0.13125000000000006,0.06774999999999999
0.0390000000000002,0.15500000000000014,0.06299999999999997
0.06525000000000013,0.17875000000000021,0.06875000000000021
0.07950000000000006,0.20250000000000012,0.09250000000000011
0.09500000000000014,0.21499999999999986,0.11750000000000022
0.11400000000000006,0.19599999999999995,0.1460000000000001
0.13149999999999998,0.17850000000000002,0.17
0.14100000000000001,0.16899999999999998,0.17
0.14850000000000008,0.16025,0.17124999999999996
0.11999999999999979,0.16500000000000004,0.19500000000000017
0.09149999999999991,0.16975000000000004,0.21875000000000008
0.09450000000000003,0.17450000000000004,0.22
0.09925000000000002,0.17925,0.22
0.104,0.17600000000000002,0.23199999999999996
0.10875000000000004,0.17124999999999999,0.2462500000000001
0.11,0.17700000000000005,0.257
0.11,0.18650000000000005,0.26650000000000007
0.09199999999999975,0.19900000000000012,0.27
0.06349999999999967,0.21325000000000016,0.27
0.04,0.2225,0.27
0.020999999999999942,0.22725000000000004,0.27
0.005999999999999945,0.2219999999999999,0.2760000000000001
-0.0034999999999999433,0.20300000000000012,0.2902499999999999
-0.008499999999999943,0.18399999999999977,0.29849999999999993
-0.00375,0.165,0.29374999999999996
0.0010000000000000148,0.15200000000000002,0.29500000000000004
0.0057500000000000285,0.16150000000000006,0.31875000000000014
0.0075000000000001454,0.17,0.34249999999999986
-0.016250000000000285,0.17,0.3662500000000003
-0.04,0.17,0.39
-0.06375000000000007,0.16049999999999998,0.40425000000000005
-0.08750000000000013,0.15099999999999994,0.4185000000000001
-0.10275000000000012,0.14574999999999996,0.4285000000000001
-0.11700000000000016,0.14099999999999996,0.4380000000000001
-0.1312500000000002,0.15875000000000036,0.4475000000000002
-0.14550000000000005,0.18250000000000008,0.4570000000000001
-0.18250000000000027,0.1997500000000001,0.46325000000000005
-0.23000000000000043,0.21400000000000013,0.468
-0.26374999999999993,0.22549999999999998,0.46725
-0.28750000000000037,0.23500000000000013,0.4624999999999999
-0.30675,0.2512500000000001,0.46225000000000005
-0.3210000000000001,0.27500000000000013,0.467
-0.33525000000000016,0.2952500000000001,0.47
-0.3495,0.30949999999999994,0.47
-0.36250000000000016,0.31249999999999956,0.4812500000000006
-0.372,0.2839999999999999,0.5240000000000001
-0.37925,0.25099999999999967,0.5645000000000002
-0.37449999999999994,0.1939999999999995,0.5930000000000003
-0.37,0.13774999999999948,0.6232500000000007
-0.37,0.095,0.685
-0.37,0.05224999999999987,0.7467500000000001
-0.3925000000000001,0.03649999999999992,0.7770000000000002
-0.4162500000000002,0.022249999999999874,0.8055000000000003
-0.44400000000000034,0.03200000000000017,0.8140000000000001
-0.4725,0.04625,0.81875
-0.4940000000000003,0.07100000000000051,0.8340000000000003
-0.5129999999999998,0.09949999999999974,0.8529999999999998
-0.5320000000000003,0.13400000000000034,0.8690000000000001
-0.5510000000000003,0.17200000000000046,0.8832500000000002
-0.5650000000000002,0.2000000000000003,0.8925000000000001
-0.5745,0.21900000000000006,0.89725
-0.5860000000000001,0.23800000000000013,0.902
-0.6002500000000001,0.2570000000000002,0.9067500000000001
-0.6234999999999998,0.26400000000000007,0.913
-0.66625,0.24500000000000002,0.9225000000000001
-0.703,0.22299999999999992,0.93
-0.7172500000000003,0.1897499999999993,0.93
-0.7295,0.15900000000000006,0.93
-0.7247499999999999,0.14949999999999988,0.93
-0.7199999999999999,0.13999999999999974,0.9300000000000005
-0.7152499999999999,0.12099999999999995,0.9585000000000001
-0.7104999999999999,0.1019999999999999,0.9870000000000002
-0.7270000000000002,0.06599999999999966,1.0325000000000004
-0.7460000000000002,0.027999999999999546,1.0800000000000007
-0.74625,-0.009999999999999995,1.12
-0.7414999999999999,-0.04800000000000011,1.1580000000000001
-0.7660000000000002,-0.0827500000000002,1.1765
-0.8039999999999997,-0.1159999999999998,1.186
-0.8282499999999999,-0.12175000000000005,1.19275
-0.8425000000000001,-0.10749999999999979,1.1975
-0.8567500000000002,-0.07299999999999898,1.1977499999999999
-0.8710000000000001,-0.015999999999999664,1.1929999999999998
-0.8940000000000009,0.028750000000000574,1.2092500000000013
-0.9320000000000004,0.05250000000000029,1.2615000000000007
-0.9575,0.07125000000000001,1.31
-0.9479999999999997,0.0760000000000001,1.3480000000000005
-0.9415,0.07774999999999992,1.38
-0.9510000000000002,0.06349999999999967,1.38
-0.9605000000000001,0.0482499999999996,1.3794999999999997
-0.97,0.015000000000000003,1.37
-0.9795000000000001,-0.018250000000000596,1.3604999999999998
-0.98,-0.047000000000000174,1.3645
-0.98,-0.07549999999999983,1.36925
-1.0040000000000004,-0.11200000000000046,1.3860000000000003
-1.0325000000000009,-0.15000000000000113,1.4050000000000005
-1.0644999999999996,-0.17399999999999977,1.4309999999999996
-1.0977500000000002,-0.19300000000000012,1.4595000000000002
-1.1160000000000003,-0.21200000000000047,1.473
-1.1255,-0.23100000000000023,1.4777500000000001
-1.14,-0.235,1.4875
-1.1590000000000003,-0.22549999999999984,1.5017500000000004
-1.17,-0.21199999999999988,1.508
-1.17,-0.19300000000000012,1.50325
-1.1760000000000002,-0.17849999999999994,1.4969999999999999
-1.1949999999999998,-0.17375000000000002,1.4875
-1.2139999999999997,-0.1749999999999997,1.4829999999999999
-1.233,-0.19875000000000015,1.4972500000000002
-1.2489999999999997,-0.2235000000000008,1.5105000000000002
-1.2394999999999998,-0.25675000000000037,1.51525
-1.23,-0.29,1.52
-1.23475,-0.29950000000000015,1.5104999999999997
-1.2395,-0.30900000000000005,1.501
-1.2910000000000015,-0.30149999999999977,1.5127500000000003
-1.3480000000000008,-0.29199999999999987,1.5270000000000001
-1.3787500000000001,-0.30125,1.5525
-1.4025000000000003,-0.3155000000000003,1.5810000000000006
-1.42625,-0.33300000000000013,1.6030000000000002
-1.4500000000000006,-0.3520000000000004,1.6220000000000003
-1.4847500000000005,-0.3682500000000002,1.6437500000000003
-1.5275000000000014,-0.38250000000000045,1.6675000000000006
-1.5590000000000004,-0.40125000000000044,1.6687499999999995
-1.5780000000000003,-0.42500000000000016,1.6449999999999998
-1.5987500000000006,-0.43474999999999964,1.6264999999999996
-1.6225000000000003,-0.4204999999999998,1.617
-1.6312499999999999,-0.4075,1.6075000000000002
-1.5979999999999994,-0.39799999999999985,1.5979999999999999
-1.5669999999999993,-0.39225000000000054,1.5922500000000006
-1.5480000000000003,-0.4064999999999999,1.6065
-1.5279999999999996,-0.4212500000000003,1.6192499999999999
-1.4899999999999989,-0.4450000000000007,1.6049999999999998
-1.4520000000000004,-0.46874999999999967,1.5907500000000003
-1.4680000000000002,-0.5240000000000004,1.6170000000000002
-1.4870000000000005,-0.5810000000000013,1.6455000000000006
-1.5260000000000005,-0.6100000000000003,1.6940000000000006
-1.56875,-0.63375,1.74625
-1.6115000000000008,-0.6154999999999994,1.7845000000000006
-1.6542500000000002,-0.5822499999999997,1.8177500000000002
-1.676,-0.5490000000000002,1.8030000000000004
-1.6855,-0.5157499999999996,1.7602499999999994
-1.6849999999999996,-0.49249999999999955,1.7475000000000005
-1.6754999999999998,-0.47824999999999973,1.7617500000000004
-1.674,-0.4840000000000002,1.7840000000000003
-1.6835000000000002,-0.5172500000000008,1.817250000000001
-1.7065000000000006,-0.5580000000000007,1.8430000000000002
-1.75875,-0.615,1.8525
-1.8060000000000005,-0.6690000000000008,1.8539999999999996
-1.8345000000000002,-0.7117500000000003,1.8255
-1.8625000000000007,-0.7464999999999992,1.8020000000000005
-1.8862500000000002,-0.7132499999999996,1.8210000000000004
-1.91,-0.68,1.84
-1.9052499999999999,-0.6657499999999997,1.8304999999999998
-1.9004999999999999,-0.6515,1.821
-1.870249999999999,-0.65,1.7944999999999993
-1.8369999999999997,-0.65,1.7659999999999996
-1.8487500000000008,-0.6537500000000002,1.7675000000000003
-1.8725000000000003,-0.6585000000000001,1.7770000000000001
-1.8995000000000002,-0.7120000000000004,1.8060000000000003
-1.9280000000000006,-0.7880000000000018,1.844000000000001
-1.9289999999999996,-0.8502500000000006,1.8820000000000006
-1.91,-0.9025000000000001,1.92
-1.8864999999999994,-0.92775,1.9647500000000009
-1.857999999999999,-0.9229999999999998,2.0170000000000017
-1.8452500000000005,-0.9112499999999994,2.065750000000001
-1.8595,-0.8875000000000004,2.1084999999999994
-1.885,-0.8825,2.17
-1.942000000000001,-0.9300000000000008,2.284000000000002
-1.98775,-0.9715,2.38375
-1.9734999999999996,-0.9810000000000002,2.4075000000000006
-1.9577499999999994,-0.9889999999999998,2.4284999999999997
-1.9149999999999987,-0.9699999999999994,2.3999999999999995
-1.8722500000000006,-0.9510000000000002,2.3715000000000006
-1.8880000000000001,-0.9860000000000002,2.3204999999999996
-1.9069999999999998,-1.0239999999999998,2.26825
-1.9300000000000002,-1.026,2.2479999999999998
-1.9537500000000008,-1.0212499999999998,2.2337499999999997
-1.9389999999999994,-1.013,2.223
-1.910499999999999,-1.0034999999999996,2.2135
-1.9089999999999998,-1.0119999999999998,2.18
-1.9232500000000001,-1.0310000000000004,2.1324999999999994
-1.9549999999999998,-1.075,2.1275
-2.002500000000001,-1.141500000000001,2.1607500000000006
-2.026,-1.1619999999999997,2.188
-2.0164999999999997,-1.119249999999999,2.2070000000000007
-1.9949999999999979,-1.0419999999999936,2.210999999999999
-1.9474999999999998,-0.89,2.1825
-1.8940000000000008,-0.7560000000000008,2.1420000000000012
-1.8179999999999996,-0.6894999999999996,2.0564999999999993
-1.7479999999999996,-0.6355000000000013,1.9769999999999992
-1.7289999999999996,-0.6877500000000006,1.9484999999999997
-1.7100000000000015,-0.740000000000003,1.92
-1.7622500000000025,-0.8397500000000048,1.92
-1.8145000000000004,-0.9395000000000006,1.92
-1.8157500000000002,-0.9669999999999999,1.8817500000000003
-1.811,-0.9860000000000002,1.8389999999999995
-1.82125,-0.9525,1.815
-1.8355000000000004,-0.9049999999999991,1.7959999999999996
-1.817249999999999,-0.8965000000000004,1.79
-1.7839999999999991,-0.9060000000000002,1.79
-1.739750000000001,-0.91275,1.7625000000000008
-1.6875,-0.9175,1.7149999999999999
-1.6690000000000003,-0.9042499999999994,1.69225
-1.6880000000000002,-0.8709999999999998,1.697
-1.6982499999999998,-0.8429999999999995,1.6912499999999995
-1.6934999999999998,-0.8239999999999998,1.6674999999999995
-1.6799999999999988,-0.81,1.65
-1.6420000000000006,-0.81,1.65
-1.60475,-0.80775,1.6484999999999999
-1.5715000000000003,-0.7935000000000001,1.639
-1.5394999999999999,-0.7794999999999999,1.6320000000000003
-1.5299999999999998,-0.7699999999999997,1.670000000000001
-1.5204999999999997,-0.7604999999999998,1.7080000000000006
-1.5425000000000009,-0.7239999999999986,1.7460000000000013
-1.56625,-0.6860000000000003,1.7839999999999998
-1.5299999999999994,-0.5959999999999989,1.7379999999999993
-1.4825,-0.49624999999999997,1.67625
-1.424499999999999,-0.389499999999998,1.5864999999999982
-1.362749999999998,-0.28024999999999606,1.4867499999999965
-1.3430000000000002,-0.2910000000000019,1.4860000000000013
-1.3477500000000004,-0.3717500000000058,1.5430000000000041
-1.3375000000000001,-0.425,1.58
-1.3137500000000004,-0.4534999999999996,1.5989999999999998
-1.2719999999999976,-0.4279999999999964,1.6019999999999994
-1.2054999999999985,-0.3282499999999976,1.5829999999999995
-1.1735000000000004,-0.24499999999999944,1.5655
-1.21625,-0.1975,1.55125
-1.2600000000000022,-0.17400000000000318,1.5339999999999987
-1.307499999999999,-0.2404999999999984,1.5055000000000007
-1.3439999999999988,-0.3040000000000009,1.4784999999999997
-1.2869999999999993,-0.34200000000000047,1.4642499999999998
-1.23,-0.38,1.45
-1.1682499999999971,-0.37524999999999975,1.45
-1.1064999999999978,-0.37049999999999983,1.45
-1.1255000000000006,-0.30199999999999816,1.411749999999999
-1.1540000000000004,-0.2259999999999991,1.3689999999999996
-1.17125,-0.18,1.315
-1.1854999999999998,-0.14200000000000046,1.2580000000000007
-1.170499999999999,-0.18850000000000305,1.2692500000000015
-1.1419999999999992,-0.274000000000002,1.3120000000000012
-1.0777499999999989,-0.35125000000000084,1.3382500000000002
-0.9874999999999945,-0.42250000000000426,1.352500000000001
-0.9242500000000003,-0.41500000000000115,1.3330000000000009
-0.8910000000000008,-0.3200000000000023,1.2760000000000014
-0.9015000000000021,-0.22499999999999773,1.2032499999999975
-0.9870000000000011,-0.12999999999999887,1.1034999999999988
-1.05,-0.07,1.0225
-1.05,-0.10800000000000182,0.9939999999999987
-1.0334999999999963,-0.14375000000000088,0.9767500000000016
-0.9289999999999975,-0.16750000000000057,1.019500000000001
-0.8274999999999993,-0.18899999999999978,1.0635000000000008
-0.78,-0.16999999999999998,1.13
-0.7325000000000006,-0.15100000000000022,1.1964999999999992
-0.7660000000000013,-0.12299999999999897,1.1189999999999969
-0.8040000000000009,-0.09449999999999932,1.0334999999999979
-0.8260000000000003,-0.09,0.9839999999999995
-0.845,-0.09,0.94125
-0.7800000000000011,-0.10749999999999972,0.9579999999999996
-0.6849999999999966,-0.13125000000000087,0.9960000000000013
-0.595999999999998,-0.14300000000000013,1.061000000000002
-0.510499999999999,-0.14775000000000005,1.141750000000001
-0.46749999999999997,-0.12,1.17
-0.4627499999999998,-0.06299999999999727,1.150999999999999
-0.48599999999999854,-0.014000000000000914,1.088000000000003
-0.5477500000000015,0.024000000000000913,0.964499999999997
-0.5975000000000003,0.05150000000000006,0.8574999999999992
-0.62125,0.05625,0.78625
-0.6249999999999967,0.05399999999999863,0.7310000000000002
-0.5537499999999974,0.025499999999998975,0.7357500000000001
-0.4819999999999982,-0.0,0.7450000000000011
-0.40599999999999453,-0.0,0.7925000000000034
-0.33,-0.0,0.84
-0.24450000000000102,0.023749999999999716,0.8210000000000003
-0.15899999999999692,0.047500000000000854,0.8019999999999994
-0.15850000000000022,0.04149999999999977,0.7702499999999992
-0.16800000000000012,0.03199999999999988,0.7369999999999995
-0.2525000000000063,-2.275957200481571e-15,0.6924999999999971
-0.35700000000000504,-0.038000000000001824,0.6449999999999977
-0.3964999999999998,-0.059749999999999664,0.6137500000000006
-0.4060000000000002,-0.07400000000000034,0.5899999999999994
-0.3769999999999993,-0.07724999999999994,0.5579999999999995
-0.31999999999999995,-0.07250000000000001,0.52
-0.26299999999999724,-0.036249999999996604,0.4774999999999977
-0.20599999999999796,0.03500000000000255,0.42999999999999833
-0.17175000000000012,0.1150000000000023,0.39474999999999966
-0.17650000000000005,0.21000000000000116,0.38049999999999984
-0.1975,0.27625,0.36375
-0.2640000000000032,0.26199999999999934,0.33999999999999886
-0.32150000000000034,0.24099999999999794,0.31624999999999914
-0.33100000000000024,0.18399999999999864,0.2924999999999994
-0.3332499999999985,0.12699999999999934,0.2702500000000001
-0.20499999999999236,0.06999999999999659,0.2750000000000003
-0.07675000000000154,0.013000000000000683,0.27974999999999994
-0.056499999999999495,-0.00800000000000068,0.29350000000000054
-0.04224999999999966,-0.027000000000000454,0.30775000000000036
-0.04800000000000011,-0.025999999999999943,0.30599999999999994
-0.057500000000000565,-0.021249999999999717,0.3012499999999997
-0.0985000000000025,0.022000000000002726,0.2719999999999982
-0.15075000000000188,0.07900000000000205,0.23399999999999863
-0.13699999999999876,0.10300000000000012,0.20499999999999943
-0.08474999999999938,0.10775000000000005,0.18124999999999972
-0.0925,0.125,0.1625
-0.15425000000000294,0.15350000000000139,0.14824999999999933
-0.17999999999999916,0.15999999999999914,0.1540000000000012
-0.15624999999999944,0.13624999999999943,0.1872500000000008
-0.13099999999999795,0.12,0.20849999999999966
-0.10250000000000001,0.12,0.20375000000000001
-0.07100000000000051,0.12099999999999994,0.19200000000000045
-0.028249999999998464,0.12575000000000017,0.15399999999999864
0.008499999999999657,0.13050000000000012,0.12050000000000011
-0.005750000000000172,0.13525000000000006,0.12525000000000006
-0.020000000000000285,0.14,0.13000000000000056
-0.024750000000000227,0.14,0.13950000000000046
-0.029499999999999884,0.14,0.14899999999999977
-0.02149999999999977,0.11874999999999944,0.14574999999999988
-0.011999999999999886,0.09499999999999971,0.14099999999999996
0.00875,0.08625,0.11750000000000001
0.03250000000000114,0.08149999999999977,0.08899999999999864
0.056250000000000855,0.09300000000000068,0.06374999999999914
0.08000000000000057,0.11200000000000045,0.03999999999999943
0.07899999999999976,0.14200000000000046,0.05475000000000051
0.06,0.18,0.0975
0.05900000000000091,0.17524999999999752,0.12
0.07800000000000068,0.12299999999999812,0.12
0.09700000000000045,0.06724999999999853,0.09549999999999839
0.11600000000000023,0.005499999999999262,0.028999999999999197
0.12874999999999973,-0.03749999999999944,-0.01874999999999972
0.12400000000000005,-0.028000000000000115,-0.014000000000000058
0.11324999999999846,-0.02,-0.005499999999998978
0.07049999999999898,-0.02,0.023000000000000683
0.03100000000000023,-0.01599999999999907,0.044999999999998874
0.05000000000000114,0.060000000000004564,-0.05000000000000568
0.06900000000000092,0.13600000000000365,-0.14500000000000454
0.03849999999999881,0.10399999999999865,-0.14549999999999982
0.005249999999999205,0.06599999999999909,-0.1407499999999999
-0.004000000000000057,0.06,-0.1520000000000002
-0.00875,0.06,-0.16625
-0.013500000000000227,-0.01000000000000456,-0.17350000000000024
-0.018250000000000172,-0.10500000000000342,-0.17825000000000016
-0.02900000000000034,-0.15200000000000047,-0.14699999999999874
-0.043250000000001024,-0.17100000000000137,-0.09474999999999625
-0.035,-0.1925,-0.052500000000000005
-0.006500000000000341,-0.21624999999999972,-0.0192500000000004
0.02000000000000085,-0.21999999999999914,-0.00800000000000068
0.043750000000000566,-0.19624999999999942,-0.027000000000000454
0.052499999999999714,-0.1830000000000001,-0.03549999999999983
0.028749999999998575,-0.19250000000000056,-0.021249999999999145
0.029000000000004328,-0.1959999999999991,-0.019000000000002043
0.11925000000000326,-0.17699999999999932,-0.06175000000000153
0.19349999999999853,-0.16100000000000023,-0.0994999999999999
