-0.04262499999999997,-0.11297499999999999,-0.22632499999999997
0.1,-0.06,-0.1
0.095925,-0.047775,-0.079625
0.09185,-0.03555,-0.059250000000000004
0.092225,0.005600000000000022,-0.056675
0.0963,0.07079999999999999,-0.0689
0.09512499999999999,0.12925,-0.077375
0.04215000000000002,0.12110000000000001,-0.04885000000000002
-0.010825000000000001,0.11295,-0.020325
0.00379999999999997,0.09440000000000001,-0.017799999999999996
0.05677500000000006,0.06994999999999998,-0.030025000000000013
0.0985,0.04925,-0.03699999999999999
0.09035,0.045175,-0.020700000000000003
0.08220000000000001,0.041100000000000005,-0.004400000000000013
0.0681,0.028099999999999986,0.00892500000000001
0.0518,0.011799999999999998,0.021150000000000002
0.036625000000000005,-0.003374999999999996,0.023250000000000007
0.024400000000000012,-0.015599999999999987,-0.0011999999999999754
0.012174999999999993,-0.027825000000000006,-0.025650000000000013
-0.016800000000000072,-0.019949999999999975,-0.03670000000000002
-0.049399999999999986,-0.007725000000000008,-0.044849999999999994
-0.07600000000000001,0.003000000000000006,-0.0485
-0.09229999999999997,0.011149999999999985,-0.044425000000000006
-0.1086,0.019299999999999998,-0.040350000000000004
-0.13980000000000004,0.023725000000000003,-0.03254999999999999
-0.17239999999999994,0.02779999999999999,-0.024400000000000012
-0.206875,0.03375,-0.018125000000000002
-0.24355000000000007,0.041900000000000014,-0.014049999999999993
-0.28015,0.05,-0.009975000000000005
-0.30460000000000004,0.05,-0.005899999999999999
-0.32905000000000006,0.05,-0.0018249999999999922
-0.33775000000000005,0.05449999999999999,0.002249999999999997
-0.33367500000000005,0.06264999999999997,0.006324999999999985
-0.3304,0.06960000000000001,0.011599999999999965
-0.334475,0.06552499999999999,0.027900000000000064
-0.33855,0.06145,0.04420000000000002
-0.32425000000000004,0.03900000000000006,0.06837499999999995
-0.2998,0.006400000000000006,0.09689999999999999
-0.27535,-0.020775000000000005,0.12542500000000004
-0.25090000000000007,-0.024849999999999994,0.15394999999999998
-0.2264499999999999,-0.028925000000000017,0.18247500000000014
-0.23500000000000004,-0.03300000000000001,0.19
-0.255375,-0.037075,0.19
-0.27459999999999996,-0.04,0.18540000000000006
-0.29090000000000005,-0.04,0.16909999999999997
-0.3072,-0.04,0.15280000000000002
-0.28974999999999984,-0.016374999999999855,0.153375
-0.2652999999999999,0.012150000000000067,0.15745
-0.2378,0.03762499999999999,0.15695
-0.2052000000000001,0.05799999999999994,0.14880000000000004
-0.1726000000000002,0.07837499999999988,0.14065000000000005
-0.15875,0.06875,0.14
-0.14652499999999993,0.05652499999999993,0.14
-0.14,0.038599999999999926,0.1362
-0.14,0.014149999999999994,0.12805
-0.14015,-0.01039999999999991,0.12
-0.15237499999999995,-0.04299999999999982,0.12
-0.16460000000000002,-0.07560000000000001,0.12
-0.172275,-0.10592499999999994,0.12454999999999998
-0.17635,-0.13445000000000012,0.13270000000000004
-0.182125,-0.16212500000000002,0.14255000000000004
-0.20249999999999996,-0.18249999999999997,0.16699999999999998
-0.2228749999999999,-0.2028749999999999,0.1914499999999999
-0.2379499999999999,-0.22059999999999988,0.20264999999999997
-0.250175,-0.23689999999999997,0.206725
-0.2584,-0.24440000000000012,0.2108
-0.2502500000000001,-0.2158750000000002,0.21487499999999995
-0.24209999999999993,-0.18734999999999977,0.21895000000000003
-0.23394999999999996,-0.15882499999999986,0.23815000000000014
-0.22579999999999997,-0.13029999999999994,0.26260000000000006
-0.223525,-0.111175,0.285875
-0.23574999999999996,-0.11524999999999998,0.30624999999999997
-0.24797500000000003,-0.119325,0.32662500000000005
-0.2602,-0.137,0.3436
-0.272425,-0.15737499999999993,0.35989999999999994
-0.28,-0.17464999999999994,0.37619999999999987
-0.28,-0.1868749999999999,0.39249999999999985
-0.28,-0.19909999999999997,0.40879999999999994
-0.3177499999999998,-0.2,0.43642499999999984
-0.3585000000000004,-0.2,0.46495000000000025
-0.3896250000000001,-0.19422499999999993,0.481925
-0.4100000000000001,-0.18199999999999997,0.486
-0.42985,-0.16992500000000002,0.48977499999999996
-0.4217,-0.16585000000000003,0.47755000000000003
-0.41355000000000003,-0.16177500000000003,0.4653250000000001
-0.39850000000000013,-0.15540000000000007,0.45770000000000005
-0.3781250000000002,-0.1472500000000001,0.45362500000000006
-0.3609,-0.1418000000000001,0.4527000000000001
-0.36905,-0.15810000000000002,0.4771500000000001
-0.3772,-0.17439999999999997,0.5015999999999999
-0.382675,-0.18267499999999998,0.51535
-0.38675000000000004,-0.18675000000000005,0.5235000000000001
-0.38504999999999984,-0.19082500000000002,0.5349500000000003
-0.3605999999999999,-0.19490000000000002,0.5594000000000001
-0.33614999999999995,-0.198975,0.58385
-0.30865000000000004,-0.2,0.59
-0.2801250000000001,-0.2,0.59
-0.26,-0.20359999999999995,0.5947999999999999
-0.26,-0.2158249999999999,0.6110999999999999
-0.26,-0.22804999999999986,0.6273999999999998
-0.27027500000000004,-0.24027500000000004,0.63685
-0.2825,-0.2525,0.645
-0.291575,-0.27102499999999996,0.6626
-0.29565,-0.29955000000000037,0.6952000000000004
-0.299725,-0.3280750000000003,0.7278000000000002
-0.29239999999999994,-0.36800000000000027,0.7528000000000001
-0.28425,-0.40875000000000017,0.7772500000000001
-0.28195000000000003,-0.44755,0.7997500000000001
-0.286025,-0.4842249999999999,0.820125
-0.29059999999999986,-0.5199,0.8406999999999998
-0.3150499999999998,-0.5158250000000001,0.8692249999999998
-0.33949999999999975,-0.51175,0.8977499999999997
-0.36859999999999954,-0.4960500000000003,0.91
-0.40120000000000006,-0.47159999999999996,0.91
-0.43237499999999995,-0.45237499999999997,0.91095
-0.4527499999999999,-0.4727499999999999,0.9191
-0.4731250000000002,-0.4931250000000002,0.9272500000000001
-0.4908000000000001,-0.5027,0.9435000000000002
-0.5071000000000001,-0.506775,0.9638750000000001
-0.52,-0.51,0.9834
-0.52,-0.51,0.9997
-0.52,-0.51,1.016
-0.5415249999999998,-0.51615,1.023075
-0.5700499999999997,-0.5243,1.02715
-0.6022500000000002,-0.5324500000000001,1.0349000000000002
-0.6429999999999993,-0.5406,1.0512
-0.68375,-0.5487500000000001,1.0675000000000001
-0.7003499999999999,-0.56035,1.0838
-0.7125749999999998,-0.572575,1.1001
-0.7152000000000001,-0.5752,1.1084
-0.7029749999999999,-0.5629749999999999,1.104325
-0.6907500000000001,-0.5507500000000002,1.1002500000000002
-0.6670499999999999,-0.55765,1.0961750000000001
-0.6425999999999996,-0.5658000000000001,1.0921
-0.6457999999999998,-0.5917249999999997,1.099875
-0.6784000000000003,-0.6365500000000004,1.1202500000000002
-0.7119999999999993,-0.680375,1.1401249999999998
-0.7772000000000002,-0.6926000000000001,1.1441999999999999
-0.8423999999999989,-0.7048249999999998,1.148275
-0.8841,-0.70765,1.1453
-0.90855,-0.703575,1.1371499999999999
-0.9275000000000002,-0.7024999999999998,1.1334999999999997
-0.9071250000000002,-0.7228749999999998,1.1620249999999996
-0.8867499999999999,-0.7432500000000001,1.19055
-0.8718250000000002,-0.7445500000000002,1.20545
-0.8596,-0.7363999999999999,1.2136
-0.8587500000000006,-0.7335000000000003,1.22
-0.8994999999999997,-0.7497999999999999,1.22
-0.9402500000000003,-0.7661000000000001,1.22
-1.011999999999999,-0.7885999999999997,1.2045000000000001
-1.0935000000000001,-0.81305,1.1841249999999999
-1.1624999999999992,-0.8437499999999992,1.1737499999999996
-1.20325,-0.8885749999999998,1.185975
-1.2439999999999998,-0.9333999999999997,1.1982
-1.2256750000000003,-0.943475,1.2173749999999999
-1.1971500000000004,-0.9475499999999999,1.2377499999999997
-1.178375,-0.9402500000000003,1.248375
-1.1743,-0.9157999999999995,1.2443
-1.170225,-0.8913500000000005,1.2402250000000001
-1.2316000000000007,-0.9208000000000004,1.2477
-1.2968000000000006,-0.9534000000000002,1.2558500000000001
-1.3420000000000003,-0.9920000000000003,1.266
-1.3664500000000002,-1.0368250000000003,1.2782250000000002
-1.39,-1.0797,1.28985
-1.39,-1.07155,1.2857750000000001
-1.39,-1.0634000000000001,1.2817
-1.39475,-1.0433750000000002,1.2728750000000002
-1.4028999999999998,-1.0148500000000003,1.26065
-1.4157749999999993,-0.9863250000000003,1.2515749999999999
-1.4605999999999992,-0.9578000000000004,1.2637999999999998
-1.5054250000000007,-0.9292749999999995,1.2760250000000002
-1.5447499999999992,-0.9419999999999994,1.2992499999999993
-1.5814250000000005,-0.9746000000000004,1.3277750000000004
-1.6037,-1.0171000000000006,1.3554000000000004
-1.575175,-1.0945250000000004,1.3798500000000002
-1.5466499999999999,-1.1719500000000003,1.4043
-1.524375,-1.211875,1.42875
-1.504,-1.2404,1.4531999999999998
-1.501475,-1.256175,1.47255
-1.5381499999999997,-1.2439500000000001,1.4807
-1.5748249999999997,-1.2317250000000002,1.48885
-1.6290000000000013,-1.2229999999999999,1.4865
-1.686049999999999,-1.2148500000000002,1.482425
-1.7249500000000002,-1.2033999999999998,1.4816500000000001
-1.7371749999999997,-1.1871000000000003,1.485725
-1.7494,-1.1707999999999998,1.4898
-1.7732500000000002,-1.173875,1.486125
-1.7977,-1.17795,1.4820499999999999
-1.816075,-1.198225,1.48405
-1.8283,-1.2348999999999999,1.4922
-1.8393000000000002,-1.27105,1.50035
-1.8230000000000002,-1.2954999999999999,1.5085
-1.8067000000000002,-1.3199499999999997,1.5166499999999998
-1.7736000000000005,-1.3491999999999997,1.52
-1.728774999999999,-1.3818000000000006,1.52
-1.6872500000000004,-1.4127499999999995,1.5150500000000007
-1.6668749999999997,-1.4331250000000002,1.4783749999999996
-1.6465000000000003,-1.4534999999999996,1.4417000000000009
-1.6899500000000005,-1.4405749999999997,1.4494250000000002
-1.7633000000000005,-1.4120499999999998,1.47795
-1.8237,-1.3853749999999998,1.5037
-1.84,-1.365,1.52
-1.8563,-1.3446250000000002,1.5363
-1.8222000000000003,-1.3053500000000002,1.53055
-1.7733000000000003,-1.2605250000000003,1.5183250000000001
-1.725699999999999,-1.218299999999999,1.5021999999999993
-1.6808750000000006,-1.1816250000000004,1.4777500000000003
-1.6360499999999991,-1.1449499999999992,1.4532999999999996
-1.6123750000000003,-1.1646749999999995,1.4394250000000002
-1.5919999999999999,-1.1932000000000003,1.4271999999999998
-1.5883749999999994,-1.2233999999999992,1.4233499999999997
-1.6087500000000001,-1.2560000000000002,1.4315
-1.629125,-1.2886000000000002,1.4396499999999999
-1.6417,-1.2744,1.4439
-1.6539249999999999,-1.2581,1.447975
-1.64155,-1.2315500000000001,1.4418
-1.6048750000000003,-1.1948750000000001,1.4255
-1.5672000000000006,-1.1574000000000004,1.4094
-1.5101499999999988,-1.1044249999999989,1.3971749999999996
-1.453100000000001,-1.0514500000000009,1.3849500000000001
-1.4008999999999991,-1.0251499999999998,1.3945500000000004
-1.352000000000001,-1.0170000000000001,1.4189999999999994
-1.309425,-1.0071249999999998,1.439425
-1.3053500000000002,-0.9867500000000006,1.4353500000000001
-1.301275,-0.9663749999999999,1.4312749999999999
-1.3056,-0.9347999999999999,1.4327999999999999
-1.31375,-0.898125,1.436875
-1.3143,-0.8681,1.43905
-1.2898500000000002,-0.85995,1.434975
-1.2654000000000003,-0.8518,1.4309
-1.2282500000000005,-0.846825,1.4173
-1.1874999999999991,-0.8427499999999999,1.4009999999999996
-1.1520500000000005,-0.8386750000000001,1.3926499999999997
-1.1275999999999997,-0.8345999999999999,1.4008
-1.1031500000000005,-0.8305250000000001,1.4089499999999997
-1.10355,-0.8157999999999999,1.3922499999999998
-1.107625,-0.7995000000000004,1.3718750000000006
-1.1134000000000002,-0.7848999999999999,1.3464
-1.12155,-0.772675,1.3138
-1.1297,-0.7604500000000001,1.2812000000000001
-1.12215,-0.7757,1.2446750000000002
-1.114,-0.7919999999999999,1.2080000000000002
-1.0933999999999993,-0.8041500000000003,1.1837749999999996
-1.0608000000000004,-0.8122999999999999,1.17155
-1.0261749999999987,-0.8188749999999996,1.1588749999999994
-0.9569000000000013,-0.7985000000000003,1.1385000000000003
-0.887624999999999,-0.7781249999999997,1.1181249999999998
-0.8649000000000001,-0.76755,1.10265
-0.8730499999999998,-0.7634750000000001,1.0904250000000004
-0.8841999999999992,-0.7605999999999999,1.0823999999999996
-0.912725,-0.764675,1.0987000000000002
-0.9412499999999999,-0.76875,1.1150000000000002
-0.9245750000000014,-0.7784749999999996,1.1115250000000005
-0.8879000000000001,-0.7907,1.0993000000000002
-0.8483000000000004,-0.7902500000000003,1.0822000000000003
-0.7994000000000006,-0.7495000000000005,1.0496000000000003
-0.750499999999999,-0.7087499999999991,1.0169999999999992
-0.7176000000000005,-0.6776000000000004,0.9876000000000005
-0.6890750000000005,-0.6490750000000005,0.9590750000000006
-0.6740500000000001,-0.6313500000000001,0.9345999999999998
-0.6862750000000001,-0.635425,0.9182999999999998
-0.6984999999999996,-0.6394999999999998,0.9020000000000005
-0.7071499999999997,-0.6507249999999997,0.8857000000000005
-0.7152999999999999,-0.66295,0.8694
-0.701025,-0.67345,0.858275
-0.6561999999999986,-0.6816000000000002,0.8541999999999998
-0.6113750000000003,-0.6897499999999999,0.850125
-0.5586500000000005,-0.69395,0.84605
-0.5056749999999988,-0.698025,0.8419749999999999
-0.48630000000000023,-0.7147000000000006,0.8589000000000007
-0.4985249999999998,-0.7432249999999995,0.8955749999999993
-0.5119999999999993,-0.7682500000000007,0.93
-0.5446000000000003,-0.7397249999999996,0.93
-0.5772000000000003,-0.7111999999999997,0.93
-0.5875250000000001,-0.6628750000000018,0.9052500000000012
-0.5834500000000001,-0.601750000000002,0.8645000000000013
-0.574375,-0.541875,0.823125
-0.5377000000000001,-0.48890000000000017,0.7783000000000001
-0.5010249999999989,-0.43592499999999845,0.7334749999999987
-0.47005000000000025,-0.3972000000000003,0.7057500000000002
-0.4415250000000003,-0.36460000000000037,0.6853750000000003
-0.41300000000000037,-0.3390000000000001,0.6650000000000004
-0.38447499999999946,-0.334925,0.6446249999999997
-0.35595000000000054,-0.3308500000000001,0.6242500000000004
-0.33710000000000034,-0.3557999999999993,0.6071000000000003
-0.3207999999999998,-0.3884000000000003,0.5907999999999998
-0.3141250000000001,-0.4251250000000003,0.581375
-0.32634999999999964,-0.46994999999999865,0.5854499999999998
-0.3385749999999996,-0.5147749999999985,0.5895249999999999
-0.34,-0.5559999999999999,0.6152
-0.34,-0.5967499999999998,0.6437249999999999
-0.3364999999999998,-0.6340000000000009,0.66
-0.3283500000000001,-0.6665999999999996,0.66
-0.3202000000000001,-0.6991999999999996,0.66
-0.2802499999999992,-0.6721749999999994,0.6679500000000002
-0.23949999999999932,-0.6436499999999995,0.6761000000000001
-0.19875000000000087,-0.5896250000000016,0.6608750000000008
-0.15800000000000097,-0.5122000000000019,0.6242000000000009
-0.12,-0.4339499999999993,0.5875249999999996
-0.12,-0.3442999999999995,0.5508499999999997
-0.12,-0.2546500000000029,0.5141750000000012
-0.1499999999999983,-0.16250000000000328,0.4750000000000014
-0.19889999999999985,-0.06877500000000027,0.43425000000000014
-0.24064999999999998,0.0190999999999997,0.3922000000000003
-0.2447250000000001,0.07615000000000151,0.3432999999999987
-0.24879999999999997,0.13319999999999937,0.29440000000000055
-0.2614999999999998,0.15287499999999993,0.25700000000000045
-0.2777999999999997,0.15694999999999992,0.22440000000000057
-0.2858999999999997,0.143599999999999,0.19794999999999988
-0.26960000000000034,0.07840000000000145,0.1898000000000002
-0.2533000000000004,0.013200000000001638,0.1816500000000002
-0.2402499999999999,-0.05525000000000049,0.19950000000000018
-0.22802499999999995,-0.1245250000000003,0.2239500000000001
-0.20739999999999867,-0.18260000000000134,0.24700000000000072
-0.17072500000000135,-0.21927499999999867,0.26737499999999925
-0.13405000000000145,-0.25594999999999857,0.2877499999999992
-0.1046249999999992,-0.26725000000000027,0.30087500000000034
-0.07609999999999928,-0.2754000000000002,0.3131000000000003
-0.06709999999999922,-0.2782250000000002,0.3146750000000006
-0.08340000000000032,-0.27414999999999995,0.3024499999999998
-0.09970000000000027,-0.27007499999999995,0.2902249999999998
-0.12000000000000029,-0.2419999999999996,0.2539999999999995
-0.1403749999999988,-0.2134750000000017,0.21732500000000216
-0.15430000000000008,-0.17634999999999962,0.1741999999999996
-0.16245000000000004,-0.13152499999999975,0.12529999999999974
-0.17270000000000013,-0.08639999999999987,0.0797
-0.209375,-0.037500000000000006,0.075625
-0.2460499999999999,0.011399999999999862,0.07155000000000002
-0.2499000000000001,0.0527249999999998,0.044750000000000234
-0.23360000000000014,0.08939999999999969,0.0040000000000003436
-0.20920000000000072,0.11460000000000034,-0.03337499999999977
-0.1440000000000009,0.08200000000000045,-0.053749999999999715
-0.07880000000000109,0.04940000000000055,-0.07412499999999966
-0.12669999999999818,0.03420000000000016,-0.07710000000000009
-0.2204249999999979,0.026050000000000184,-0.07302500000000009
-0.28685000000000027,0.018950000000000102,-0.06685000000000031
-0.27462500000000034,0.014875000000000114,-0.05462500000000035
-0.26240000000000036,0.010800000000000125,-0.042400000000000375
-0.26327500000000015,0.04275000000000148,-0.0465500000000003
-0.26735000000000014,0.08350000000000136,-0.05470000000000027
-0.297074999999997,0.07722500000000365,-0.05715000000000031
-0.3744999999999968,-0.016499999999996087,-0.04900000000000034
-0.45192500000000196,-0.11022500000000235,-0.040849999999999796
-0.4344499999999994,-0.15285000000000082,-0.025399999999999638
-0.4059250000000014,-0.18952499999999814,-0.00910000000000082
-0.3918000000000001,-0.1919999999999993,-0.009000000000000341
-0.3958750000000001,-0.15124999999999944,-0.029375000000000286
-0.3999500000000001,-0.11049999999999954,-0.04975000000000023
-0.39597500000000024,-0.08585000000000151,-0.0741499999999985
-0.39189999999999997,-0.061399999999999864,-0.09860000000000013
-0.39,-0.03042499999999989,-0.11435000000000002
-0.39,0.006249999999999999,-0.1225
-0.38967500000000005,0.04064999999999998,-0.13
-0.38560000000000005,0.048799999999999955,-0.13
-0.38152500000000006,0.05694999999999993,-0.13
-0.37490000000000007,0.06254999999999995,-0.13509999999999991
-0.36675000000000013,0.06662499999999995,-0.14324999999999988
-0.35300000000000065,0.06720000000000029,-0.1437000000000006
-0.3122500000000008,0.05090000000000032,-0.1070250000000007
-0.2715000000000009,0.03460000000000037,-0.07035000000000081
-0.18102500000000277,0.04462499999999949,-0.0629249999999999
-0.0709999999999954,0.06500000000000085,-0.06700000000000017
-0.0007499999999987517,0.08214999999999975,-0.06785000000000026
-0.041499999999998635,0.09029999999999973,-0.05970000000000028
-0.08225000000000136,0.09845000000000027,-0.05154999999999973
-0.10650000000000062,0.12970000000000112,-0.03349999999999938
-0.12687499999999916,0.16637499999999847,-0.013125000000000853
-0.12550000000000183,0.1827500000000009,0.004349999999999455
-0.0847499999999991,0.16237499999999955,0.01657500000000027
-0.043999999999999206,0.14199999999999963,0.02880000000000024
0.0004249999999976217,0.13632500000000022,0.015300000000000863
0.04525000000000063,0.13224999999999995,-0.0010000000000002281
0.0900750000000005,0.1263499999999999,-0.024600000000000358
0.13490000000000038,0.11819999999999993,-0.05720000000000027
0.17972500000000025,0.11004999999999995,-0.08980000000000019
0.13544999999999988,0.19100000000000023,-0.1588500000000002
0.09062500000000001,0.27249999999999996,-0.22812500000000002
0.032600000000000184,0.29900000000000004,-0.25340000000000007
-0.03667499999999961,0.2786250000000001,-0.24117500000000008
-0.09195000000000078,0.2558000000000004,-0.22580000000000042
0.001774999999998944,0.20690000000000056,-0.17690000000000056
0.0954999999999987,0.1580000000000007,-0.12800000000000067
0.17377499999999885,0.08335000000000152,-0.06622500000000114
0.24304999999999866,-0.0062999999999982376,0.003049999999998651
0.29637500000000044,-0.08144999999999983,0.05927500000000009
0.2760000000000005,-0.0895999999999998,0.0552000000000001
0.25562500000000055,-0.09774999999999978,0.051125000000000115
0.22344999999999857,-0.10590000000000033,-0.014900000000003494
0.18677500000000125,-0.11404999999999972,-0.104549999999997
0.1391000000000028,-0.12769999999999895,-0.16670000000000046
0.06167499999999762,-0.1562250000000009,-0.15447499999999964
-0.015750000000002158,-0.1847500000000008,-0.14224999999999968
-0.08652499999999691,-0.21327499999999872,-0.10010000000000219
-0.15579999999999672,-0.24179999999999865,-0.05120000000000233
-0.17344999999999858,-0.2659000000000003,-0.0273750000000004
-0.10009999999999879,-0.2822000000000003,-0.04775000000000035
-0.026750000000004093,-0.2984999999999991,-0.06812499999999887
-0.05330000000000041,-0.2851999999999998,-0.08480000000000018
-0.0899750000000003,-0.26889999999999986,-0.10110000000000013
-0.1359000000000003,-0.24704999999999985,-0.16550000000000067
