38658,-0.20,0.10,-0.41,302.50,1.07,195.32
38678,-0.09,0.41,-0.17,188.96,-4.96,158.92
38698,-0.33,0.38,-0.39,151.89,-6.43,61.66
38718,-0.14,-0.01,-0.15,279.39,3.51,35.32
38738,0.37,-0.82,0.05,508.78,219.79,100.14
38758,0.82,-1.66,0.41,870.79,630.95,318.13
38779,0.76,-2.30,0.72,1215.85,941.87,667.58
38798,1.21,-1.96,0.71,1470.18,1185.40,1141.72
38818,1.19,-1.81,1.05,1567.99,1386.75,1420.44
38838,1.75,-1.83,1.36,1794.14,1518.88,1527.46
38858,1.96,-1.76,1.79,2011.22,1837.54,1586.18
38878,1.96,-1.59,2.10,2011.22,2003.15,1558.80
38898,1.96,-1.41,2.15,2011.22,2003.15,1406.05
38918,1.96,-0.67,1.99,2011.22,2003.15,1083.92
38938,1.88,-0.14,1.61,2011.22,2003.15,718.61
38958,0.74,0.10,0.91,1922.74,2003.15,444.59
38978,-0.23,0.33,0.17,1370.43,2003.15,243.31
38998,-0.87,0.53,-0.36,812.74,2003.15,111.60
39018,-0.99,0.73,-0.61,366.34,2003.15,-22.18
39038,-0.76,0.90,-0.60,-69.09,2003.15,-193.09
39058,-0.70,0.83,-0.55,-377.81,2003.15,-187.24
39078,-0.71,0.64,-0.77,-423.11,2003.15,-115.53
39098,-0.91,0.21,-1.06,-285.55,2003.15,-174.19
39118,-1.11,-0.36,-0.96,206.46,2003.15,-252.85
39138,-1.16,-0.39,-0.81,755.12,2003.15,-332.54
39158,-1.12,-0.27,-0.91,1190.06,2003.15,-459.86
39178,-1.16,-0.00,-0.94,1486.52,2003.15,-661.57
39198,-1.31,0.36,-0.91,1535.97,2003.15,-916.45
39218,-1.50,0.64,-0.84,1365.18,2003.15,-1129.43
39238,-1.86,0.81,-0.71,1035.30,1952.72,-1223.82
39258,-2.69,0.94,-0.55,638.05,1734.31,-1156.51
39278,-4.61,0.98,-0.12,41.95,1483.33,-1096.75
39298,-5.82,0.53,0.05,-289.09,891.20,-1074.80
39318,-4.98,-0.12,0.04,-475.61,659.12,-961.51
39338,-6.04,-1.17,0.20,-692.75,537.90,-796.20
39358,-6.04,-2.51,0.09,-419.45,316.14,-369.01
39378,-6.04,-2.87,0.47,27.86,15.89,-26.81
39398,-6.04,-1.56,0.22,470.24,-295.75,292.52
39418,-6.04,-0.90,-0.12,220.73,-678.68,477.09
39438,-6.04,-0.52,0.07,-212.62,-1070.39,696.30
39458,-5.56,-0.38,0.21,-502.08,-1455.94,861.60
39479,-4.49,-0.34,0.30,-543.60,-1795.21,904.71
39499,-3.44,-0.33,0.16,-460.43,-1992.89,868.80
39518,-2.17,-0.26,-0.03,-265.79,-1992.89,849.77
39538,-0.99,-0.11,-0.26,69.57,-1992.89,864.65
39558,-0.17,-0.02,-0.46,429.27,-1992.89,879.77
39578,0.02,0.10,-0.55,697.44,-1992.89,924.65
39599,-0.30,0.28,-0.75,747.01,-1992.89,1018.80
39618,-0.64,0.60,-0.96,534.51,-1992.89,1084.10
39638,-0.92,1.07,-1.13,-16.10,-1992.89,1048.61
39658,-1.12,1.24,-1.17,-643.60,-1992.89,892.46
39678,-1.13,0.84,-1.05,-1173.05,-1992.89,666.54
39698,-1.06,0.29,-0.97,-1492.68,-1992.89,494.59
39718,-0.74,-0.22,-0.98,-1591.22,-1992.89,455.14
39738,-0.44,-0.50,-0.75,-1473.54,-1992.89,479.71
39758,-0.31,-0.53,-0.35,-1383.66,-1992.89,374.59
39778,-0.33,-0.38,0.25,-1258.78,-1992.89,195.14
39798,-0.19,-0.18,1.01,-1255.31,-1992.89,54.53
39818,0.53,-0.11,1.66,-1484.21,-1992.89,-88.70
39838,1.23,-0.48,1.98,-1587.07,-1845.82,-337.30
39858,1.21,-0.76,2.36,-1490.49,-1717.46,-657.06
39878,1.96,-0.38,2.09,-1984.82,-1596.12,-803.89
39898,1.96,-0.98,1.67,-1984.82,-1345.39,-921.39
39918,1.96,-1.61,1.46,-1984.82,-1202.22,-944.43
39938,1.96,-1.93,0.36,-1984.82,-990.75,-834.25
39958,1.72,-2.13,-0.10,-1984.82,-872.58,-736.26
39978,1.55,-2.19,-0.16,-1661.16,-627.28,-642.91
39998,0.94,-2.10,-0.48,-1207.14,-390.33,-466.08
40018,0.98,-1.17,0.03,-480.00,-140.21,-369.92
40038,0.50,-0.44,0.01,-441.34,118.70,-252.12
40058,0.07,0.00,-0.01,-496.95,201.26,-190.29
40078,-0.37,0.16,-0.08,-633.97,261.14,-201.87
40098,-0.75,0.02,-0.24,-714.45,234.31,-182.73
40118,-0.84,-0.18,-0.38,-684.51,216.93,-154.92
40138,-0.94,-0.25,-0.45,-571.53,262.05,-114.92
40158,-0.91,-0.20,-0.48,-426.83,260.34,-91.51
40178,-0.34,-0.53,-0.92,-688.72,91.38,-175.47
40198,-0.35,-0.44,-0.55,-230.49,184.49,-193.89
40218,-0.27,0.28,-0.25,195.18,233.27,-188.15
40238,-0.31,0.57,-0.05,258.72,91.56,-192.36
40258,0.69,0.03,-0.53,100.18,-135.69,-110.29
40278,0.20,-0.47,-0.29,237.07,39.61,-11.93
40299,0.26,-0.37,-0.18,391.46,31.75,-39.74
40318,-0.03,-0.25,-0.12,341.83,19.92,-36.26
40338,-0.09,-0.18,-0.18,224.82,-82.95,-0.59
40358,0.02,-0.01,-0.17,92.99,-120.02,19.16
40378,0.09,0.16,-0.10,-41.40,-125.88,22.46
40398,0.07,0.18,-0.17,-240.31,-150.02,14.22
40419,0.09,0.04,-0.29,-328.72,-139.11,40.50
40438,0.25,-0.21,-0.25,-276.04,218.27,43.37
40458,-0.16,0.15,-0.07,-162.20,96.87,27.15
40478,-0.08,0.11,-0.28,-117.32,120.47,77.88
40498,-0.27,-0.09,-0.18,-61.40,25.04,174.47
40518,0.10,-0.12,-0.44,-143.84,10.59,216.72
40538,-0.04,-0.20,-0.46,-195.61,115.53,169.29
40558,-0.15,-0.03,-0.17,-26.89,-48.19,0.38
40578,-0.07,-0.15,0.11,403.47,-152.89,-106.81
40598,-0.07,0.12,-0.18,458.53,-244.17,-88.09
40618,-0.01,0.20,-0.38,349.21,-282.77,-5.29
40638,-0.10,0.11,-0.24,366.89,-352.46,11.05
40658,0.17,0.07,-0.29,347.25,-234.78,32.33