0.34745,-0.08609999999999998,-0.6528
0.31,0.16,-0.61
0.200325,0.25362500000000004,-0.4709
0.09065000000000004,0.34725,-0.33180000000000004
-0.019024999999999903,0.4408749999999999,-0.19270000000000012
-0.09370000000000002,0.51,-0.0697000000000001
-0.06962500000000002,0.51,0.007874999999999965
-0.04555000000000005,0.51,0.08544999999999986
-0.021475000000000036,0.51,0.1630249999999999
0.015199999999999936,0.4666000000000001,0.17620000000000005
0.06334999999999995,0.3836750000000001,0.13072500000000004
0.11149999999999997,0.3007500000000001,0.08525000000000003
0.15965,0.21782500000000005,0.03977500000000002
0.16160000000000005,0.13700000000000032,0.021600000000000036
0.1509,0.056749999999999995,0.010899999999999998
0.14020000000000005,-0.023499999999999757,0.00020000000000003175
0.128125,-0.10100000000000002,-0.00824999999999998
0.08800000000000009,-0.12239999999999995,0.029199999999999907
0.047875000000000084,-0.14379999999999996,0.06664999999999992
0.007750000000000073,-0.16519999999999996,0.10409999999999993
-0.019175000000000005,-0.17340000000000003,0.12257500000000005
-0.016500000000000004,-0.15200000000000002,0.09850000000000003
-0.013825000000000004,-0.13060000000000002,0.07442500000000002
-0.011150000000000002,-0.10920000000000002,0.05035000000000002
-0.01,-0.08932500000000002,0.024750000000000022
-0.01,-0.07060000000000008,-0.0019999999999998977
-0.01,-0.05187500000000006,-0.028749999999999908
-0.01,-0.03314999999999999,-0.05550000000000001
-0.05005000000000004,-0.023324999999999995,-0.055549999999999995
-0.09819999999999972,-0.015300000000000046,-0.05020000000000003
-0.14635000000000006,-0.0072749999999999915,-0.044849999999999994
-0.18925,0.0,-0.04225000000000004
-0.181225,0.0,-0.06632500000000005
-0.17320000000000005,0.0,-0.0903999999999999
-0.16517500000000004,0.0,-0.1144749999999999
-0.15525000000000005,-0.005699999999999934,-0.1319
-0.14187499999999997,-0.02175000000000004,-0.13725
-0.12850000000000006,-0.03779999999999994,-0.14259999999999998
-0.11512500000000005,-0.05384999999999994,-0.14794999999999997
-0.12319999999999993,-0.05340000000000003,-0.13680000000000006
-0.1446000000000001,-0.04269999999999996,-0.11539999999999992
-0.16599999999999995,-0.03200000000000003,-0.09400000000000006
-0.18739999999999996,-0.021300000000000027,-0.07260000000000005
-0.21114999999999995,0.012899999999999925,-0.05825000000000004
-0.23522499999999996,0.050349999999999936,-0.044875000000000026
-0.2593,0.08779999999999993,-0.03150000000000002
-0.2919999999999999,0.12524999999999994,-0.018125000000000023
-0.37759999999999994,0.16269999999999996,-0.004750000000000018
-0.46319999999999995,0.20014999999999997,0.008624999999999987
-0.5487999999999994,0.23759999999999973,0.0219999999999999
-0.6558999999999999,0.230975,0.033225
-0.794999999999999,0.15875000000000047,0.041249999999999946
-0.9340999999999992,0.08652500000000048,0.049274999999999944
-1.0732000000000002,0.014299999999999964,0.057300000000000004
-1.12355,-0.08632499999999932,0.06
-1.1289,-0.20135000000000014,0.06
-1.13425,-0.3163750000000002,0.06
-1.1396,-0.4313999999999994,0.06
-1.0756499999999993,-0.4598000000000002,0.1243500000000006
-1.0060999999999998,-0.48120000000000007,0.19390000000000016
-0.9365500000000003,-0.5025999999999999,0.26344999999999974
-0.8374999999999994,-0.5570000000000005,0.34950000000000037
-0.6101250000000008,-0.7549499999999992,0.5073249999999994
-0.38274999999999926,-0.9529000000000006,0.6651500000000005
-0.1553750000000007,-1.1508499999999993,0.8229749999999996
0.12719999999999665,-1.393199999999997,0.9639999999999989
0.4776249999999991,-1.6901249999999992,1.0843749999999996
0.8280499999999968,-1.9870499999999973,1.2047499999999989
1.1784749999999993,-2.2839749999999994,1.3251249999999999
1.3996999999999986,-2.5238999999999985,1.4226999999999994
1.5682249999999998,-2.7405749999999998,1.510975
1.736750000000001,-2.9572500000000015,1.5992500000000005
1.9052749999999998,-3.173925,1.687525
1.9203999999999999,-3.0292000000000012,1.6978
1.9310999999999998,-2.874050000000002,1.705825
1.9418,-2.718900000000001,1.7138499999999999
1.95,-2.5375,1.7275
1.95,-2.270000000000002,1.7595999999999998
1.95,-2.0025,1.7917
1.95,-1.734999999999998,1.8238000000000003
1.95,-1.59735,1.881075
1.95,-1.592,1.9639999999999995
1.95,-1.5866500000000001,2.046924999999999
1.95,-1.5813000000000001,2.1298499999999994
1.95,-1.549625,2.188475
1.95,-1.5095,2.2392999999999996
1.95,-1.4693749999999999,2.290125
1.95,-1.4285500000000002,2.33915
1.95,-1.3509750000000007,2.2936750000000004
1.95,-1.2734,2.2482
1.95,-1.1958250000000006,2.2027250000000005
1.9237500000000003,-1.13175,2.12725
1.830125000000001,-1.1023250000000002,1.9747750000000013
1.7365000000000002,-1.0729,1.8223000000000003
1.6428749999999996,-1.043475,1.6698249999999994
1.4129500000000006,-1.0010000000000001,1.4869000000000003
1.0678750000000028,-0.9475000000000005,1.2782500000000017
0.722800000000005,-0.8940000000000008,1.069600000000003
0.377724999999998,-0.8404999999999997,0.8609499999999988
0.12940000000000018,-0.7483,0.7254
-0.09529999999999844,-0.6466500000000007,0.6077000000000008
-0.319999999999997,-0.5450000000000014,0.49000000000000155
-0.5373499999999993,-0.4409000000000009,0.3740500000000006
-0.6496999999999986,-0.3018000000000018,0.2831000000000012
-0.7620499999999979,-0.16270000000000265,0.19215000000000176
-0.8744000000000001,-0.023599999999999843,0.1011999999999999
-0.9613749999999998,0.10149999999999948,0.01112500000000044
-0.9961499999999996,0.19779999999999887,-0.07714999999999897
-1.0309250000000003,0.2941000000000008,-0.16542500000000077
-1.0657,0.3904000000000002,-0.25370000000000015
-1.0532250000000003,0.47252499999999964,-0.3214999999999998
-1.00775,0.5447500000000002,-0.3750000000000001
-0.9622750000000002,0.6169749999999997,-0.42849999999999977
-0.9168000000000005,0.6891999999999993,-0.48199999999999943
-0.8827000000000006,0.7545999999999988,-0.49
-0.8505999999999999,0.8188000000000002,-0.49
-0.8185000000000001,0.8829999999999998,-0.49
-0.7863999999999999,0.9457000000000002,-0.4939000000000001
-0.7543000000000001,0.9965249999999999,-0.5286749999999999
-0.7222000000000003,1.0473499999999996,-0.5634499999999997
-0.6901000000000005,1.0981749999999992,-0.5982249999999995
-0.6790000000000002,1.0859999999999994,-0.6590000000000005
-0.703075,0.9683,-0.7633249999999999
-0.7271499999999999,0.8506000000000008,-0.8676499999999993
-0.7512249999999997,0.7329000000000016,-0.9719749999999986
-0.7923000000000003,0.5590999999999986,-1.0236
-0.843125,0.3531249999999999,-1.045
-0.8939499999999997,0.14715000000000128,-1.0664
-0.9447749999999993,-0.05882499999999738,-1.0877999999999999
-0.9452,-0.17599999999999794,-1.0204000000000015
-0.9398500000000002,-0.28299999999999725,-0.942825000000002
-0.9345000000000001,-0.3899999999999994,-0.8652500000000005
-0.9444499999999989,-0.4757500000000003,-0.7893750000000008
-1.0353999999999983,-0.44900000000000045,-0.7225000000000013
-1.1263500000000002,-0.42224999999999996,-0.6556249999999999
-1.2172999999999996,-0.39550000000000013,-0.5887500000000003
-1.3318749999999984,-0.3586250000000005,-0.5398750000000003
-1.4789999999999974,-0.30780000000000085,-0.5158000000000005
-1.6261250000000005,-0.25697499999999984,-0.49172499999999997
-1.7732499999999995,-0.20615000000000017,-0.4676500000000001
-1.885699999999999,-0.16627500000000034,-0.5019749999999994
-1.982000000000001,-0.13149999999999962,-0.5635000000000007
-2.0783000000000005,-0.09672499999999985,-0.6250250000000003
-2.1746,-0.061950000000000074,-0.6865499999999998
-2.18,0.025849999999999262,-0.7177749999999997
-2.18,0.11679999999999865,-0.7471999999999995
-2.18,0.2077499999999981,-0.7766249999999995
-2.1728500000000013,0.30529999999999663,-0.7879000000000016
-2.138075,0.4283499999999991,-0.7290500000000004
-2.1033000000000004,0.5513999999999983,-0.6702000000000008
-2.0685250000000006,0.6744499999999976,-0.6113500000000012
-2.04875,0.7637499999999999,-0.565
-2.046075,0.8145749999999997,-0.5329000000000002
-2.0434,0.8653999999999994,-0.5008000000000004
-2.040725,0.9162250000000004,-0.4686999999999998
-2.1141,0.8871,-0.46
-2.2157499999999994,0.8282500000000004,-0.46
-2.3174000000000015,0.7693999999999991,-0.46
-2.419050000000001,0.7105499999999995,-0.46
-2.8652000000000006,0.6410999999999998,-0.3301499999999997
-3.3145999999999978,0.5715500000000002,-0.19907500000000056
-3.763999999999995,0.5020000000000008,-0.06800000000000139
-4.173574999999994,0.4452750000000003,0.05969999999999803
-4.465149999999993,0.42655000000000043,0.17739999999999728
-4.756724999999999,0.40782500000000005,0.2950999999999996
-5.048299999999998,0.38910000000000017,0.41279999999999883
-5.188625,0.3222500000000018,0.5359999999999979
-5.18595,0.2098999999999995,0.6644000000000005
-5.183275,0.09755000000000022,0.7927999999999997
-5.1806,-0.014799999999999047,0.9211999999999989
-5.333549999999997,-0.3699249999999936,1.0641249999999978
-5.531500000000001,-0.7952500000000022,1.2112500000000008
-5.72945,-1.2205749999999995,1.3583749999999999
-5.9213,-1.6463999999999965,1.505799999999999
-5.956074999999999,-2.085099999999994,1.660949999999998
-5.990849999999999,-2.523799999999991,1.816099999999997
-6.025624999999999,-2.9624999999999884,1.971249999999996
-6.05,-3.225200000000001,2.1023999999999994
-6.05,-3.075400000000002,2.177299999999999
-6.05,-2.925600000000003,2.2521999999999984
-6.05,-2.7758,2.3271
-6.05,-2.528500000000002,2.3569999999999998
-6.05,-2.204825000000004,2.35165
-6.05,-1.8811500000000059,2.3463
-6.05,-1.5574749999999993,2.34095
-6.05,-1.2030000000000016,2.3202
-6.05,-0.8418750000000039,2.296125
-6.05,-0.48074999999999657,2.2720499999999997
-6.0497749999999995,-0.14190000000000222,2.2405500000000025
-6.0470999999999995,-0.04560000000000028,2.1282000000000005
-6.044425,0.05069999999999908,2.0158500000000013
-6.04175,0.14699999999999847,1.9035000000000017
-6.011325000000002,0.194275000000001,1.8327749999999998
-5.928400000000003,0.1488000000000013,1.8407999999999998
-5.845475000000003,0.10332500000000158,1.8488249999999997
-5.762549999999999,0.05784999999999947,1.8568500000000001
-5.663375,0.04812500000000007,1.8323749999999999
-5.5537,0.061499999999999985,1.7869000000000002
-5.444025000000001,0.0748749999999999,1.7414250000000004
-5.3343500000000015,0.08824999999999981,1.6959500000000005
-4.989850000000008,0.07605000000000031,1.557475000000003
-4.61000000000001,0.06000000000000043,1.405000000000004
-4.230150000000003,0.0439500000000001,1.252525000000001
-3.854150000000004,0.02475000000000052,1.1081000000000012
-3.5037250000000064,-0.015374999999999236,1.0171500000000018
-3.1533000000000087,-0.05549999999999898,0.9262000000000024
-2.802875000000011,-0.09562499999999871,0.8352500000000029
-2.4808000000000106,-0.13994999999999805,0.7411500000000038
-2.2025999999999977,-0.19077500000000042,0.6421749999999992
-1.9243999999999994,-0.2416000000000001,0.5431999999999998
-1.6462000000000012,-0.29242499999999977,0.4442250000000004
-1.4677500000000014,-0.33099999999999963,0.34000000000000113
-1.3420250000000022,-0.3630999999999994,0.23300000000000182
-1.216300000000003,-0.3951999999999992,0.1260000000000025
-1.0905750000000038,-0.427299999999999,0.01900000000000318
-1.1437000000000013,-0.36629999999999885,-0.09045000000000186
-1.2132500000000008,-0.2967499999999993,-0.20012500000000116
-1.2828000000000004,-0.22719999999999974,-0.30980000000000046
-1.343325,-0.14150000000000035,-0.41994999999999977
-1.36205,0.01899999999999863,-0.5322999999999991
-1.3807749999999996,0.1794999999999976,-0.6446499999999983
-1.3995,0.34000000000000086,-0.7570000000000006
-1.399425,0.4887499999999999,-0.8411499999999998
-1.37535,0.622499999999999,-0.8892999999999996
-1.3512750000000004,0.7562499999999982,-0.9374499999999993
-1.3272000000000006,0.8899999999999973,-0.985599999999999
-1.348124999999999,0.9543749999999991,-0.9700000000000011
-1.3882499999999987,0.9891499999999989,-0.9272000000000014
-1.4283750000000006,1.0239250000000006,-0.8843999999999994
-1.4685000000000004,1.0587000000000004,-0.8415999999999997
-1.529225,0.9982,-0.79365
-1.5907499999999997,0.9340000000000004,-0.7455000000000003
-1.6522749999999993,0.8698000000000007,-0.6973500000000006
-1.7,0.7972000000000018,-0.6570000000000003
-1.7,0.6955500000000024,-0.6436250000000003
-1.7,0.5939000000000004,-0.6302500000000001
-1.7,0.4922500000000011,-0.6168750000000002
-1.6740000000000008,0.39320000000000166,-0.6203999999999996
-1.6205000000000012,0.2969000000000022,-0.6417999999999995
-1.5670000000000015,0.20060000000000286,-0.6631999999999993
-1.5135000000000018,0.10430000000000347,-0.6845999999999992
-1.435999999999999,0.033999999999999336,-0.7000000000000001
-1.3503999999999996,-0.02752500000000027,-0.713375
-1.2648000000000001,-0.08904999999999987,-0.72675
-1.1792250000000006,-0.1498750000000001,-0.7397750000000002
-1.0963000000000012,-0.1365000000000002,-0.7157000000000003
-1.0133750000000017,-0.12312500000000029,-0.6916250000000005
-0.9304500000000022,-0.10975000000000038,-0.6675500000000006
-0.8634749999999995,-0.08187499999999873,-0.6383999999999992
-0.8393999999999997,-0.014999999999999153,-0.5955999999999995
-0.8153249999999999,0.05187500000000042,-0.5527999999999997
-0.79125,0.11875,-0.51
-0.7899749999999999,0.1827749999999996,-0.4672000000000003
-0.8086999999999998,0.2442999999999992,-0.42440000000000055
-0.8274249999999996,0.3058249999999988,-0.3816000000000008
-0.8461499999999995,0.36734999999999846,-0.3388000000000011
-0.8542499999999998,0.3948749999999994,-0.30025000000000124
-0.8595999999999998,0.4135999999999993,-0.2628000000000014
-0.8649499999999998,0.4323249999999992,-0.22535000000000166
-0.8705999999999995,0.44895000000000096,-0.186700000000003
-0.8812999999999994,0.4302250000000011,-0.12785000000000338
-0.8919999999999999,0.4115000000000002,-0.06900000000000063
-0.9026999999999998,0.3927750000000003,-0.010150000000000999
-0.8998000000000008,0.36385000000000123,0.10734999999999428
-0.867700000000001,0.3130250000000015,0.35077499999999273
-0.8356000000000012,0.2622000000000018,0.5941999999999912
-0.8035000000000014,0.21137500000000217,0.8376249999999896
-0.4815499999999977,0.14039999999999964,1.1694000000000015
0.050774999999998904,0.05480000000000018,1.5652999999999992
0.5830999999999954,-0.030799999999999272,1.9611999999999965
1.1154249999999921,-0.11639999999999873,2.357099999999994
1.3687499999999957,-0.32124999999999515,2.3570000000000015
1.5693749999999944,-0.5486249999999937,2.282100000000002
1.7699999999999931,-0.7759999999999923,2.2072000000000025
1.9241499999999967,-0.9951250000000018,2.156500000000002
1.6726999999999985,-1.1422500000000009,2.317000000000001
1.4212500000000001,-1.289375,2.4775
1.1698000000000017,-1.436499999999999,2.637999999999999
1.0918999999999972,-1.4656500000000023,2.689300000000002
1.3165999999999958,-1.2891000000000035,2.550200000000003
1.5412999999999943,-1.1125500000000046,2.411100000000004
1.766000000000005,-0.9359999999999963,2.271999999999997
1.8667500000000006,-0.8884250000000005,2.228375
1.8935000000000002,-0.9178500000000003,2.24175
1.92025,-0.9472750000000001,2.255125
1.9469999999999998,-0.9766999999999999,2.2685
1.95,-0.9135000000000008,2.1631250000000013
1.95,-0.8386000000000012,2.042750000000002
1.95,-0.7637000000000017,1.9223750000000028
1.945200000000001,-0.6932000000000014,1.790000000000006
1.9131000000000011,-0.6477250000000017,1.5893750000000073
1.8810000000000013,-0.602250000000002,1.3887500000000086
1.8489000000000015,-0.5567750000000022,1.1881250000000099
1.793700000000005,-0.5904999999999919,1.0458000000000034
1.7054250000000009,-0.7376249999999989,0.9869500000000005
1.6171500000000014,-0.8847499999999979,0.9281000000000009
1.528875000000002,-1.031874999999997,0.8692500000000012
1.4892000000000005,-1.1807999999999959,0.8302000000000008
1.4731500000000006,-1.330599999999995,0.800775000000001
1.4571000000000005,-1.480399999999994,0.7713500000000012
1.44105,-1.6302000000000008,0.7419249999999998
0.71,-0.7974999999999999,0.8225
-0.07109999999999506,0.10397499999999416,0.9107749999999994
-0.8521999999999901,1.0054499999999886,0.9990499999999989
-1.2999250000000175,1.481675000000025,1.0175000000000052
-0.3824000000000234,0.21640000000003257,0.7500000000000069
0.5351249999999708,-1.0488749999999596,0.48250000000000853
1.4526500000000135,-2.314150000000019,0.21499999999999603
1.630274999999994,-2.8750499999999977,0.16677500000000178
0.9320999999999985,-2.6021999999999994,0.37810000000000044
0.23392500000000294,-2.329350000000001,0.5894249999999991
-0.4642499999999926,-2.056500000000003,0.8007499999999977
-0.6272750000000008,-1.6893250000000068,0.773375000000002
-0.5817999999999987,-1.285399999999988,0.6529999999999964
-0.5363250000000014,-0.881475000000012,0.5326250000000036
-0.49084999999999923,-0.4775499999999931,0.41224999999999795
-0.5214999999999986,-0.2573750000000092,0.30500000000000455
-0.5536000000000001,-0.04069999999999907,0.19799999999999954
-0.5856999999999982,0.17597499999998803,0.0910000000000059
-0.6216999999999996,0.34909999999999974,0.01
-0.6698499999999993,0.38654999999999945,0.01
-0.717999999999999,0.4239999999999992,0.01
-0.7661499999999987,0.46144999999999897,0.01
-0.7711000000000013,0.4813499999999999,0.022149999999999184
-0.7336500000000016,0.48402499999999987,0.046224999999999024
-0.6962000000000018,0.48669999999999985,0.07029999999999888
-0.6587500000000021,0.48937499999999984,0.09437499999999872
-0.5946500000000005,0.4346500000000005,0.08360000000000015
-0.5224250000000009,0.36242500000000094,0.06220000000000027
-0.4502000000000014,0.2902000000000014,0.040800000000000405
-0.37880000000000114,0.21587500000000376,0.01932500000000062
-0.33600000000000135,0.0687500000000047,-0.004749999999999227
-0.2932000000000016,-0.07837499999999437,-0.02882499999999908
-0.2503999999999996,-0.22550000000000125,-0.05290000000000021
-0.22620000000000004,-0.33387500000000003,-0.069225
-0.2475999999999999,-0.34724999999999995,-0.06655000000000001
-0.2689999999999998,-0.36062499999999986,-0.06387500000000003
-0.2903999999999996,-0.3739999999999998,-0.061200000000000046
-0.2572250000000018,-0.3770500000000001,-0.0717999999999995
-0.1796500000000023,-0.37170000000000014,-0.09319999999999937
-0.10207499999999867,-0.3663499999999999,-0.11460000000000037
-0.024499999999999175,-0.36099999999999993,-0.13600000000000023
0.06830000000000042,-0.3273749999999998,-0.15957500000000013
0.16459999999999977,-0.28725000000000006,-0.18364999999999995
0.26089999999999913,-0.24712500000000032,-0.2077249999999998
0.34520000000000095,-0.20560000000000087,-0.22840000000000032
0.28100000000000136,-0.14675000000000124,-0.20700000000000046
0.21680000000000177,-0.08790000000000163,-0.1856000000000006
0.15260000000000218,-0.029050000000001998,-0.16420000000000073
0.1324999999999973,0.012699999999999677,-0.14280000000000087
0.19937499999999686,0.020724999999999626,-0.12140000000000101
0.26624999999999643,0.028749999999999575,-0.10000000000000114
0.333124999999996,0.03677499999999952,-0.07860000000000128
0.3616,0.0304000000000002,-0.06680000000000008
0.36427499999999996,0.014350000000000303,-0.06145000000000011
0.36694999999999994,-0.0016999999999995907,-0.05610000000000014
0.3696249999999999,-0.01774999999999949,-0.05075000000000017
0.3608000000000004,-0.040699999999999084,-0.08679999999999838
0.35010000000000047,-0.06477499999999893,-0.1295999999999981
0.3394,-0.08885000000000005,-0.17240000000000008
0.3225250000000003,-0.11259999999999991,-0.21194999999999992
0.2610000000000007,-0.13399999999999979,-0.22799999999999981
0.19947500000000107,-0.15539999999999965,-0.24404999999999974
0.13795000000000146,-0.1767999999999995,-0.26009999999999966
0.0549000000000035,-0.1992249999999993,-0.2597500000000008
-0.06279999999999575,-0.22329999999999914,-0.23300000000000098
-0.18050000000000124,-0.2473750000000003,-0.20624999999999974
-0.2982000000000005,-0.27145000000000014,-0.1794999999999999
-0.3227500000000001,-0.2593000000000001,-0.19759999999999991
-0.29600000000000026,-0.2272000000000003,-0.24039999999999967
-0.2692500000000004,-0.1951000000000005,-0.2831999999999994
-0.24250000000000055,-0.1630000000000007,-0.3259999999999991
-0.20604999999999904,-0.08239999999999781,-0.38820000000000165
-0.16859999999999928,0.003200000000001646,-0.4524000000000012
-0.13114999999999952,0.08880000000000109,-0.5166000000000008
-0.09145000000000239,0.16629999999999825,-0.5646000000000014
-0.040624999999999994,0.20375,-0.5325
0.010199999999999668,0.24119999999999975,-0.5004000000000002
0.061024999999999344,0.2786499999999995,-0.4683000000000004
0.11989999999999865,0.2793000000000009,-0.4189500000000014
0.1894499999999982,0.23115000000000122,-0.34672500000000184
0.2589999999999978,0.18300000000000152,-0.2745000000000023
0.32854999999999734,0.13485000000000183,-0.20227500000000276
0.2260500000000079,0.0904000000000019,-0.07640000000000674
0.04682500000000911,0.04760000000000219,0.07339999999999236
-0.13239999999998975,0.004800000000002455,0.2231999999999914
-0.3116249999999886,-0.03799999999999727,0.37299999999999045
-0.24095000000000583,-0.07569999999999738,0.36725000000000096
-0.15802500000000635,-0.11314999999999714,0.35387500000000105
-0.07509999999999806,-0.15060000000000087,0.3404999999999997
-0.007699999999999818,-0.20070000000000165,0.3282749999999999
0.0030000000000001137,-0.29700000000000104,0.3202499999999999
0.013700000000000045,-0.3933000000000004,0.312225
0.024399999999999977,-0.4895999999999998,0.3042
0.032549999999999954,-0.5540249999999998,0.2732250000000005
0.03789999999999992,-0.5834499999999996,0.21705000000000083
0.043249999999999886,-0.6128749999999994,0.16087500000000118
0.04859999999999985,-0.6422999999999992,0.10470000000000154
0.12899999999999634,-0.671724999999999,-0.0798499999999922
0.23599999999999569,-0.7011499999999988,-0.30989999999999074
