-0.25085,0.45265,-0.2255
-0.17,0.46,-0.25
-0.17980000000000002,0.46245,-0.21814999999999998
-0.1896,0.4649,-0.1863
-0.1994,0.46735,-0.15445
-0.2092,0.4698,-0.1226
-0.16050000000000006,0.42725,-0.16274999999999992
-0.10660000000000006,0.38070000000000004,-0.20929999999999993
-0.05270000000000003,0.33415000000000006,-0.25584999999999997
0.0011999999999999927,0.2876,-0.3024
-0.03920000000000001,0.2226,-0.32230000000000003
-0.09799999999999995,0.15400000000000008,-0.33699999999999997
-0.15679999999999997,0.08540000000000006,-0.3517
-0.21559999999999999,0.016800000000000016,-0.3664
-0.25589999999999996,-0.0406999999999999,-0.3441000000000001
-0.29019999999999996,-0.09459999999999993,-0.3098000000000001
-0.32449999999999996,-0.14849999999999997,-0.2755
-0.3588,-0.2024,-0.24120000000000003
-0.3634,-0.28104999999999997,-0.197
-0.3536,-0.37170000000000003,-0.14799999999999996
-0.3438,-0.46235000000000004,-0.09899999999999995
-0.334,-0.5529999999999997,-0.05000000000000011
-0.26765000000000017,-0.6885999999999997,0.045399999999999774
-0.16230000000000014,-0.8551999999999997,0.1727999999999998
-0.05695000000000011,-1.0217999999999998,0.3001999999999999
0.04839999999999996,-1.1884,0.4275999999999999
0.125,-1.3675,0.56875
0.17399999999999985,-1.5585999999999993,0.7230999999999995
0.22300000000000003,-1.7497,0.8774500000000002
0.27199999999999985,-1.9407999999999994,1.0317999999999998
0.3441000000000002,-2.0625999999999998,1.1452000000000002
0.44699999999999984,-2.0919999999999996,1.204
0.5498999999999995,-2.1214,1.2628
0.6527999999999999,-2.1508,1.3216
0.7599499999999995,-2.1258000000000004,1.37785
0.8751,-1.9984,1.4293
0.9902499999999996,-1.8710000000000002,1.48075
1.1054000000000002,-1.7435999999999998,1.5322000000000002
1.2250999999999996,-1.6454499999999999,1.58105
1.3574000000000002,-1.6282999999999999,1.6227
1.4896999999999998,-1.61115,1.66435
1.6219999999999994,-1.594,1.7059999999999997
1.7399,-1.5935000000000001,1.75035
1.7937999999999998,-1.6669999999999998,1.8066999999999998
1.8477,-1.7405,1.86305
1.9015999999999997,-1.8139999999999998,1.9193999999999998
1.95,-1.87675,1.97425
1.95,-1.8449,2.0159
1.95,-1.81305,2.05755
1.95,-1.7812,2.0992
1.95,-1.7473000000000005,2.1397500000000003
1.95,-1.615,2.1275
1.95,-1.4827000000000004,2.11525
1.95,-1.350400000000001,2.103
1.95,-1.2181000000000002,2.09075
1.95,-1.1041999999999998,2.1061
1.95,-0.9915000000000009,2.1232499999999996
1.95,-0.8788000000000005,2.1404
1.95,-0.7661000000000001,2.15755
1.95,-0.6281999999999995,2.097
1.95,-0.486100000000001,2.0235000000000007
1.95,-0.3440000000000004,1.9500000000000004
1.95,-0.20189999999999986,1.8765
1.699200000000003,-0.09780000000000086,1.708000000000002
1.3758000000000017,-0.004700000000000509,1.5120000000000011
1.0524000000000004,0.08839999999999988,1.3160000000000003
0.7289999999999991,0.18150000000000027,1.1199999999999994
0.4294000000000022,0.21509999999999993,0.9461000000000013
0.1403000000000011,0.22244999999999998,0.7819500000000006
-0.14880000000000015,0.2298,0.6177999999999999
-0.4378999999999972,0.23714999999999992,0.45365000000000166
-0.6414999999999992,0.24899999999999992,0.3375000000000005
-0.7909499999999997,0.26369999999999993,0.25175000000000014
-0.9404000000000003,0.27840000000000004,0.16599999999999981
-1.0898499999999987,0.29309999999999986,0.08025000000000071
-1.1794999999999998,0.3285999999999998,0.0010000000000002784
-1.21625,0.3825,-0.07250000000000001
-1.2530000000000001,0.43640000000000023,-0.1460000000000003
-1.2897499999999997,0.4902999999999997,-0.21949999999999953
-1.2968000000000002,0.5398,-0.27979999999999994
-1.2673999999999999,0.5839000000000001,-0.3239000000000001
-1.2380000000000002,0.6279999999999996,-0.3679999999999996
-1.2086000000000001,0.6720999999999998,-0.4120999999999998
-1.1684,0.7143999999999999,-0.4418
-1.1095999999999997,0.7536,-0.44670000000000004
-1.0508000000000004,0.7927999999999997,-0.4516
-0.9920000000000001,0.8319999999999999,-0.4565
-0.9471999999999999,0.867,-0.4523
-0.9374000000000001,0.8914999999999997,-0.42535000000000023
-0.9276000000000001,0.9159999999999998,-0.39840000000000014
-0.9178000000000001,0.9404999999999999,-0.37145
-0.9225000000000002,0.9424999999999997,-0.35550000000000004
-0.9837499999999996,0.8567500000000006,-0.3824499999999998
-1.0449999999999997,0.7710000000000002,-0.40939999999999993
-1.10625,0.6852499999999999,-0.43635
-1.1635999999999997,0.5902000000000016,-0.46719999999999945
-1.1929999999999998,0.428500000000001,-0.5259999999999997
-1.2224,0.2668000000000003,-0.5847999999999999
-1.2518,0.10509999999999962,-0.6436000000000001
-1.2782000000000004,-0.05369999999999925,-0.6992000000000002
-1.2341000000000002,-0.14434999999999965,-0.6796000000000001
-1.19,-0.235,-0.6599999999999999
-1.1459000000000006,-0.32564999999999905,-0.6404000000000002
-1.1018000000000003,-0.4162999999999994,-0.6208000000000001
-1.1258499999999996,-0.42,-0.5965000000000005
-1.1527999999999996,-0.42,-0.5720000000000003
-1.1797499999999999,-0.42,-0.5475000000000002
-1.2066999999999999,-0.42,-0.5230000000000001
-1.25515,-0.35335000000000005,-0.5286000000000001
-1.3066000000000002,-0.27739999999999976,-0.5384000000000001
-1.3580500000000004,-0.2014499999999994,-0.5482000000000001
-1.409499999999999,-0.12550000000000133,-0.5579999999999998
-1.4609499999999993,-0.04760000000000106,-0.5970499999999994
-1.5123999999999995,0.030799999999999272,-0.6435999999999996
-1.5638499999999995,0.10919999999999958,-0.6901499999999998
-1.6152999999999997,0.1875999999999999,-0.7366999999999999
-1.6212499999999999,0.26075000000000015,-0.75
-1.609,0.3318000000000005,-0.75
-1.5967500000000003,0.4028499999999987,-0.75
-1.5845000000000002,0.473899999999999,-0.75
-1.5614000000000003,0.5495999999999992,-0.7128000000000005
-1.5320000000000003,0.6279999999999996,-0.6540000000000004
-1.5026000000000002,0.7063999999999998,-0.5952000000000001
-1.4731999999999998,0.7848000000000002,-0.5363999999999999
-1.4910500000000004,0.8483500000000003,-0.4694999999999996
-1.547399999999999,0.899799999999999,-0.39600000000000135
-1.6037499999999991,0.9512499999999993,-0.32250000000000106
-1.6600999999999995,1.0026999999999995,-0.24900000000000078
-1.7601499999999968,0.9966500000000015,-0.21574999999999975
-1.9095999999999995,0.9256000000000002,-0.22799999999999998
-2.0590500000000023,0.8545499999999988,-0.2402500000000002
-2.208500000000001,0.7834999999999996,-0.25250000000000006
-2.3987999999999987,0.6839500000000006,-0.26095
-2.653599999999996,0.5394000000000021,-0.26339999999999997
-2.908399999999993,0.3948500000000037,-0.26585
-3.163199999999998,0.25030000000000097,-0.2683
-3.5364999999999887,0.1657499999999991,-0.21750000000000297
-4.178400000000001,0.21720000000000006,-0.04599999999999976
-4.820299999999994,0.2686499999999995,0.12549999999999845
-5.462199999999987,0.320099999999999,0.2969999999999966
-5.96495,0.3957499999999998,0.4470499999999999
-5.987,0.5549999999999982,0.5229999999999991
-6.009049999999999,0.7142499999999965,0.5989499999999983
-6.0310999999999995,0.8734999999999995,0.6748999999999997
-6.045100000000001,0.9883000000000022,0.7539999999999987
-6.0108,0.8363999999999994,0.8520000000000004
-5.976500000000001,0.6845000000000009,0.9499999999999994
-5.942200000000001,0.5326000000000025,1.0479999999999983
-5.912100000000001,0.35114999999999874,1.1457000000000002
-5.9464,-0.28339999999999477,1.2387999999999992
-5.9807,-0.9179499999999883,1.3318999999999983
-6.015,-1.5525000000000002,1.425
-6.0493,-2.1870499999999935,1.5180999999999991
-6.05,-2.531200000000003,1.6016000000000008
-6.05,-2.869299999999999,1.6848999999999998
-6.05,-3.207399999999996,1.768199999999999
-6.05,-3.545499999999992,1.8514999999999981
-6.05,-3.360000000000001,1.8885999999999998
-6.05,-3.1150000000000038,1.9204499999999995
-6.05,-2.869999999999999,1.9523000000000001
-6.05,-2.6250000000000018,1.9841499999999999
-6.05,-2.3640000000000048,1.8760000000000023
-6.05,-2.0994000000000073,1.7363500000000038
-6.05,-1.8348000000000024,1.5967000000000013
-6.05,-1.5702000000000051,1.4570500000000026
-6.05,-1.3560000000000003,1.3588
-6.05,-1.1600000000000024,1.275500000000001
-6.05,-0.9639999999999986,1.1921999999999995
-6.05,-0.7680000000000007,1.1089000000000004
-5.990800000000001,-0.6008000000000021,1.0464000000000007
-5.900150000000002,-0.44890000000000374,0.9949500000000013
-5.8095,-0.2970000000000009,0.9435000000000003
-5.7188500000000015,-0.14510000000000245,0.8920500000000008
-5.509199999999999,-0.08,0.8433999999999999
-5.210300000000002,-0.08,0.7968500000000004
-4.911400000000006,-0.08,0.7503000000000009
-4.6125,-0.08,0.7037500000000001
-4.325600000000003,-0.10159999999999955,0.6560000000000006
-4.051200000000006,-0.1456999999999991,0.6070000000000011
-3.7768000000000006,-0.1897999999999999,0.5580000000000002
-3.5024000000000033,-0.23389999999999944,0.5090000000000006
-3.2439999999999984,-0.26300000000000007,0.4459999999999995
-3.008800000000001,-0.27035,0.36270000000000036
-2.7736000000000036,-0.2776999999999999,0.27940000000000126
-2.538400000000006,-0.2850499999999998,0.19610000000000213
-2.312800000000001,-0.27800000000000025,0.11440000000000056
-2.1070000000000038,-0.24125000000000063,0.036000000000001364
-1.9011999999999998,-0.20449999999999996,-0.042400000000000077
-1.695400000000002,-0.16775000000000034,-0.12079999999999927
-1.4986000000000033,-0.12620000000000112,-0.19079999999999914
-1.3295500000000051,-0.06985000000000172,-0.23489999999999867
-1.160500000000002,-0.013500000000000664,-0.27899999999999947
-0.9914500000000037,0.04284999999999875,-0.323099999999999
-0.8420000000000001,0.1019999999999997,-0.36559999999999987
-0.7930000000000007,0.17549999999999896,-0.39989999999999953
-0.7439999999999998,0.24900000000000033,-0.43420000000000014
-0.6950000000000003,0.32249999999999956,-0.4684999999999998
-0.6523999999999995,0.39639999999999875,-0.505199999999999
-0.6817999999999993,0.4747999999999979,-0.5688999999999983
-0.7111999999999998,0.5531999999999994,-0.6325999999999995
-0.7405999999999995,0.6315999999999985,-0.6962999999999988
-0.77,0.71,-0.76
-0.7969499999999997,0.7565499999999995,-0.7967499999999996
-0.8238999999999994,0.803099999999999,-0.8334999999999992
-0.85085,0.8496499999999999,-0.87025
-0.8777999999999997,0.8961999999999994,-0.9069999999999996
-0.9249999999999989,0.9134999999999996,-0.8965000000000004
-0.9739999999999984,0.9281999999999995,-0.8818000000000005
-1.0229999999999992,0.9428999999999997,-0.8671000000000002
-1.0719999999999987,0.9575999999999996,-0.8524000000000004
-1.1209999999999998,0.9374500000000001,-0.8356500000000001
-1.1699999999999993,0.9105000000000004,-0.8185000000000003
-1.219,0.88355,-0.80135
-1.2679999999999996,0.8566000000000003,-0.7842000000000002
-1.2541000000000007,0.8019000000000012,-0.7744500000000002
-1.2198,0.7382000000000001,-0.7671
-1.1855000000000004,0.6745000000000008,-0.7597500000000001
-1.1511999999999998,0.6107999999999996,-0.7524
-1.0707000000000033,0.5586500000000014,-0.75
-0.9677999999999984,0.5120999999999993,-0.75
-0.8649000000000024,0.46555000000000113,-0.75
-0.7620000000000036,0.41900000000000165,-0.75
-0.6953500000000007,0.37390000000000073,-0.7615999999999997
-0.6537000000000011,0.3298000000000012,-0.7811999999999995
-0.6120500000000003,0.2857000000000004,-0.8007999999999998
-0.5704000000000008,0.24160000000000081,-0.8203999999999996
-0.59875,0.18875,-0.80875
-0.694299999999999,0.12750000000000064,-0.7671000000000004
-0.7898499999999979,0.06625000000000128,-0.7254500000000008
-0.8853999999999997,0.005000000000000143,-0.6838000000000001
-0.971499999999999,-0.04154999999999966,-0.6190500000000012
-1.0450000000000004,-0.06850000000000016,-0.5234999999999994
-1.1184999999999996,-0.09544999999999988,-0.4279500000000005
-1.192000000000001,-0.12240000000000038,-0.3323999999999987
-1.211100000000002,-0.13575000000000031,-0.23940000000000225
-1.127800000000003,-0.12350000000000044,-0.15120000000000317
-1.0445000000000015,-0.11125000000000021,-0.06300000000000153
-0.9612000000000024,-0.09900000000000034,0.025199999999997544
-0.8610000000000015,-0.09454999999999984,0.12314999999999882
-0.714000000000003,-0.11169999999999966,0.2480999999999975
-0.5670000000000002,-0.12885,0.3730499999999998
-0.4200000000000017,-0.1459999999999998,0.49799999999999855
-0.27255000000000323,-0.17349999999999838,0.6364499999999956
-0.12310000000000049,-0.24699999999999972,0.8348999999999993
0.02634999999999793,-0.320499999999999,1.033349999999997
0.1758000000000007,-0.39400000000000035,1.231800000000001
0.33924999999999006,-0.47299999999999554,1.4219999999999957
0.6259000000000037,-0.6004000000000016,1.5396000000000014
0.9125499999999924,-0.7277999999999966,1.657199999999997
1.1991999999999894,-0.8551999999999953,1.7747999999999955
1.4785000000000013,-0.9837999999999966,1.8938999999999964
1.405000000000002,-1.1699999999999946,2.0849999999999946
1.3315000000000008,-1.356199999999998,2.276099999999998
1.2580000000000016,-1.5423999999999962,2.467199999999996
1.1845,-1.7285999999999995,2.6582999999999997
1.329499999999998,-1.5054000000000032,2.6975999999999996
1.4887499999999962,-1.2555000000000058,2.7269999999999994
1.6479999999999992,-1.0056000000000012,2.7563999999999997
1.8072499999999976,-0.7557000000000037,2.7857999999999996
1.855200000000001,-0.6002999999999954,2.6954999999999965
1.8845999999999998,-0.4606500000000009,2.5852500000000007
1.9140000000000004,-0.3209999999999984,2.4749999999999988
1.9433999999999991,-0.1813500000000039,2.364750000000003
1.95,-0.16519999999999982,2.2203000000000013
1.95,-0.1848000000000002,2.0659499999999986
1.95,-0.20439999999999942,1.9116000000000046
1.95,-0.22399999999999978,1.7572500000000018
1.95,-0.32859999999999273,1.6437000000000048
1.95,-0.4707000000000036,1.5481499999999975
1.95,-0.612799999999998,1.4526000000000014
1.95,-0.7548999999999925,1.3570500000000052
1.95,-0.9104999999999943,1.2915000000000016
1.95,-1.0746499999999974,1.2449500000000007
1.95,-1.2388000000000003,1.1984
1.95,-1.402949999999994,1.1518500000000016
1.861600000000003,-1.5436999999999976,1.0806000000000016
1.6949999999999998,-1.6637499999999998,0.9874999999999999
1.5284000000000066,-1.7837999999999952,0.8944000000000036
1.3618000000000035,-1.9038499999999974,0.8013000000000019
1.1831000000000005,-2.0008,0.7236000000000001
0.9895499999999968,-2.0694000000000012,0.6647999999999991
0.7960000000000045,-2.1379999999999986,0.6060000000000014
0.6024500000000009,-2.2066,0.5472000000000002
0.4521000000000033,-2.2212000000000036,0.4902000000000024
0.37614999999999754,-2.1427999999999976,0.43629999999999824
0.3002000000000005,-2.0644000000000005,0.38240000000000035
0.22425000000000353,-1.9860000000000035,0.32850000000000246
0.14900000000000208,-1.8726000000000056,0.3032999999999987
0.0755000000000007,-1.6717000000000017,0.34984999999999955
0.0019999999999993356,-1.470799999999998,0.3964000000000004
-0.07149999999999779,-1.269900000000006,0.44294999999999857
-0.15199999999999875,-1.0685000000000024,0.4824999999999998
-0.25980000000000075,-0.8651499999999986,0.4947500000000001
-0.3675999999999965,-0.6618000000000066,0.5069999999999996
-0.4753999999999985,-0.4584500000000029,0.5192499999999999
-0.5733,-0.25539999999999907,0.5269999999999999
-0.6002500000000006,-0.05449999999999533,0.5024999999999995
-0.6271999999999995,0.14639999999999675,0.4780000000000004
-0.6541500000000001,0.3473000000000005,0.45349999999999996
-0.6842999999999961,0.5428999999999974,0.4276000000000022
-0.7896499999999982,0.6139499999999987,0.3688000000000011
-0.895,0.685,0.31
-1.0003499999999959,0.7560499999999972,0.2512000000000023
-1.105699999999998,0.8270999999999985,0.19240000000000124
-1.1194,0.7172000000000003,0.13125000000000014
-1.1292000000000002,0.599599999999998,0.06999999999999901
-1.1389999999999998,0.4820000000000027,0.008750000000001423
-1.1487999999999998,0.3644000000000005,-0.052499999999999714
-1.083349999999999,0.25109999999999844,-0.053549999999999896
-1.0074000000000018,0.13840000000000285,-0.046200000000000185
-0.9314500000000004,0.025700000000000764,-0.03885000000000005
-0.8555000000000035,-0.08699999999999478,-0.03150000000000034
-0.7795499999999977,-0.1392500000000011,-0.008549999999999183
-0.7036000000000007,-0.17599999999999966,0.01839999999999975
-0.6276500000000037,-0.21274999999999822,0.04534999999999869
-0.5517000000000023,-0.2494999999999989,0.07229999999999918
-0.46700000000000097,-0.2530000000000001,0.07650000000000005
-0.37879999999999936,-0.24319999999999994,0.07159999999999997
-0.29060000000000286,-0.23340000000000033,0.06670000000000016
-0.20240000000000125,-0.22360000000000013,0.06180000000000006
-0.09869999999999945,-0.20139999999999986,0.047599999999999906
0.013999999999996071,-0.17200000000000104,0.02800000000000068
0.12669999999999818,-0.14260000000000048,0.008400000000000317
0.2393999999999937,-0.11320000000000165,-0.011199999999998909
0.3453500000000021,-0.06759999999999877,-0.03080000000000041
0.4457999999999981,-0.008800000000001085,-0.05039999999999964
0.5462499999999999,0.05,-0.07
0.646699999999996,0.10879999999999769,-0.08959999999999924
0.7172499999999992,0.15839999999999918,-0.09195000000000036
0.7539999999999999,0.19759999999999991,-0.07480000000000003
0.7907499999999984,0.23679999999999835,-0.057650000000000715
0.8274999999999991,0.2759999999999991,-0.0405000000000004
0.8158000000000004,0.3,-0.027150000000000032
0.7275999999999987,0.3,-0.019799999999999898
0.6394000000000022,0.3,-0.012450000000000187
0.5512000000000006,0.3,-0.005100000000000051
0.4472499999999983,0.27749999999999914,-0.0022500000000000853
0.3076000000000038,0.20400000000000204,-0.009599999999999796
0.16795000000000126,0.13050000000000067,-0.01694999999999993
0.028300000000006792,0.057000000000003576,-0.02429999999999964
-0.08110000000000014,-0.015400000000001912,-0.031650000000000206
-0.08599999999999995,-0.08399999999999921,-0.03899999999999991
-0.09089999999999976,-0.15259999999999652,-0.04634999999999962
-0.09579999999999984,-0.2211999999999978,-0.05369999999999976
-0.10349999999999966,-0.28384999999999966,-0.06279999999999973
-0.1280000000000001,-0.31080000000000013,-0.08240000000000008
-0.15249999999999916,-0.3377499999999991,-0.10199999999999931
-0.1769999999999996,-0.3646999999999996,-0.1215999999999997
-0.20120000000000005,-0.3913500000000001,-0.14045000000000002
-0.22079999999999927,-0.4133999999999992,-0.14779999999999974
-0.24039999999999967,-0.43544999999999956,-0.15514999999999987
-0.26,-0.4575,-0.1625
-0.2796000000000004,-0.47955000000000036,-0.16985000000000014
-0.28719999999999984,-0.4008000000000016,-0.16280000000000017
-0.29455,-0.3199500000000002,-0.15545000000000003
-0.3018999999999997,-0.23910000000000337,-0.14810000000000031
-0.3092499999999998,-0.15825000000000186,-0.14075000000000018
-0.2704000000000002,-0.07960000000000036,-0.15539999999999993
-0.22630000000000194,-0.0012000000000034483,-0.17254999999999926
-0.18220000000000114,0.077199999999998,-0.18969999999999956
-0.1381000000000003,0.15559999999999946,-0.20684999999999987
-0.09399999999999949,0.22000000000000072,-0.24800000000000053
-0.04990000000000122,0.28124999999999833,-0.2945499999999987
-0.005800000000000402,0.3424999999999994,-0.34109999999999957
0.03830000000000041,0.40375000000000055,-0.38765000000000044
0.037400000000000516,0.39840000000000086,-0.3496000000000021
0.020250000000000202,0.3690000000000003,-0.2810000000000008
0.0031000000000008764,0.3396000000000015,-0.2124000000000035
-0.014050000000000437,0.31019999999999925,-0.14379999999999826
-0.007200000000000276,0.21840000000000173,-0.0880000000000007
0.012399999999998954,0.09345000000000667,-0.039000000000002616
0.031999999999999314,-0.03149999999999564,0.009999999999998288
0.05159999999999968,-0.15644999999999795,0.058999999999999206
0.048799999999999955,-0.19879999999999995,0.07299999999999998
0.02920000000000073,-0.17920000000000072,0.060750000000000456
0.009600000000000365,-0.15960000000000035,0.048500000000000223
-0.01,-0.14,0.03625
0.009999999999997594,-0.12760000000000019,0.02520000000000039
0.07124999999999873,-0.1227000000000001,0.015400000000000203
0.13249999999999632,-0.1178000000000003,0.005600000000000591
0.193750000000001,-0.11289999999999992,-0.004200000000000159
0.23,-0.11999999999999943,0.00799999999999898
0.23,-0.14449999999999988,0.0520999999999998
0.23,-0.16899999999999893,0.09619999999999806
0.23,-0.19349999999999937,0.14029999999999887
0.21880000000000024,-0.22279999999999972,0.17799999999999983
0.1845000000000016,-0.2619999999999982,0.20249999999999888
0.15020000000000094,-0.3011999999999989,0.22699999999999934
0.11590000000000032,-0.34039999999999965,0.2514999999999998
0.08579999999999983,-0.37720000000000026,0.2639999999999998
0.06865000000000052,-0.4065999999999991,0.23950000000000077
0.0515000000000002,-0.43599999999999967,0.2150000000000003
0.03434999999999988,-0.4654000000000002,0.19049999999999984
0.011200000000001736,-0.48560000000000086,0.17039999999999994
-0.042699999999999266,-0.4586500000000004,0.17284999999999998
-0.09659999999999713,-0.4317000000000014,0.17529999999999987
-0.15050000000000127,-0.4047499999999994,0.17775000000000005
-0.2059999999999988,-0.3638000000000033,0.1734000000000013
-0.2794999999999959,-0.16535000000001104,0.09255000000000449
-0.3529999999999973,0.03309999999999258,0.011700000000002986
