0.2194,0.06680000000000001,-0.221
0.17,0.02,-0.0
0.06599999999999998,0.1084,0.0104
-0.038000000000000006,0.1968,0.020800000000000003
-0.14199999999999993,0.2851999999999999,0.03119999999999999
-0.2196,0.3528,0.037599999999999995
-0.15200000000000005,0.30600000000000005,0.02200000000000001
-0.0844000000000001,0.25920000000000004,0.006400000000000024
-0.016800000000000044,0.21240000000000003,-0.009199999999999991
0.026,0.15439999999999998,-0.013600000000000001
0.013000000000000008,0.07120000000000004,0.007199999999999984
-3.469446951953614e-18,-0.012000000000000038,0.028000000000000004
-0.012999999999999994,-0.09519999999999998,0.04879999999999999
-0.022399999999999986,-0.1555999999999999,0.05280000000000005
-0.0276,-0.1894,0.037200000000000004
-0.032799999999999996,-0.22319999999999998,0.02160000000000002
-0.038000000000000006,-0.25700000000000006,0.0059999999999999784
-0.035199999999999995,-0.2604,0.011200000000000009
-0.0274,-0.24480000000000002,0.029399999999999996
-0.019600000000000006,-0.22920000000000001,0.04759999999999999
-0.011800000000000015,-0.2136,0.06579999999999997
-0.001999999999999995,-0.19399999999999998,0.045999999999999985
0.008399999999999998,-0.1732,0.014800000000000008
0.01879999999999999,-0.15240000000000004,-0.01639999999999997
0.02919999999999998,-0.13160000000000005,-0.04759999999999995
0.03239999999999999,-0.11800000000000004,-0.0835999999999999
0.035,-0.10500000000000001,-0.12
0.0376,-0.09200000000000001,-0.15639999999999998
0.03920000000000002,-0.07920000000000002,-0.19079999999999997
0.028800000000000027,-0.06880000000000003,-0.2012
0.018400000000000034,-0.058400000000000035,-0.21159999999999998
0.007999999999999972,-0.04799999999999997,-0.22200000000000003
0.0029999999999999333,-0.03940000000000001,-0.2341999999999999
0.016000000000000014,-0.0368,-0.2524
0.028999999999999915,-0.034200000000000015,-0.2705999999999999
0.041999999999999996,-0.0316,-0.2888
0.012000000000000122,-0.02500000000000002,-0.28400000000000003
-0.0867999999999998,-0.012000000000000028,-0.2424000000000001
-0.1855999999999997,0.0009999999999999593,-0.20080000000000015
-0.28439999999999965,0.01399999999999995,-0.15920000000000017
-0.3383999999999999,0.022799999999999977,-0.13860000000000003
-0.35400000000000004,0.028000000000000008,-0.136
-0.36959999999999993,0.033199999999999966,-0.13340000000000002
-0.3852,0.0384,-0.1308
-0.4529999999999999,0.06519999999999997,-0.10480000000000006
-0.5439999999999998,0.10159999999999993,-0.06840000000000009
-0.6349999999999998,0.1379999999999999,-0.032000000000000105
-0.7259999999999996,0.17439999999999986,0.00439999999999987
-0.8015999999999996,0.1580000000000001,-0.03399999999999975
-0.8743999999999996,0.13200000000000012,-0.08599999999999973
-0.9471999999999996,0.10600000000000015,-0.13799999999999968
-1.02,0.08,-0.19
-1.0746,-0.018799999999999928,-0.16140000000000004
-1.1292,-0.11759999999999982,-0.13280000000000006
-1.1837999999999995,-0.21639999999999907,-0.10420000000000026
-1.2220000000000002,-0.34319999999999906,-0.06600000000000034
-1.1700000000000002,-0.6239999999999989,0.024999999999999634
-1.1180000000000003,-0.9047999999999986,0.11599999999999955
-1.066,-1.1856000000000002,0.20700000000000013
-0.9396000000000021,-1.467199999999998,0.30679999999999924
-0.6458000000000043,-1.750599999999996,0.4263999999999983
-0.3519999999999984,-2.0340000000000016,0.5460000000000007
-0.05820000000000064,-2.3173999999999997,0.6655999999999997
0.2787999999999964,-2.5479999999999983,0.7551999999999994
0.6661999999999986,-2.7169999999999996,0.8097999999999997
1.053600000000001,-2.8860000000000006,0.8644000000000001
1.440999999999998,-3.0549999999999993,0.9189999999999996
1.6491999999999987,-3.1391999999999998,0.9799999999999991
1.7453999999999994,-3.1704,1.0449999999999995
1.8416,-3.2016,1.1099999999999999
1.937799999999999,-3.2328,1.1749999999999994
1.96,-3.014000000000001,1.2519999999999998
1.96,-2.720200000000003,1.3325999999999991
1.96,-2.4264000000000014,1.4131999999999996
1.96,-2.1325999999999996,1.4938000000000002
1.96,-1.958800000000001,1.6055999999999993
1.96,-1.7950000000000021,1.7199999999999984
1.96,-1.631200000000001,1.8343999999999991
1.96,-1.484,1.9449999999999998
1.96,-1.5359999999999996,2.0099999999999993
1.96,-1.5879999999999999,2.0749999999999997
1.96,-1.6400000000000001,2.14
1.96,-1.6842,2.1948
1.96,-1.7023999999999997,2.2156
1.96,-1.7206,2.2363999999999997
1.96,-1.7388,2.2572
1.96,-1.753,2.27
1.96,-1.7608,2.27
1.96,-1.7686,2.27
1.96,-1.7764,2.27
1.96,-1.7814,2.2028
1.96,-1.784,2.0780000000000007
1.96,-1.7866,1.9532000000000016
1.96,-1.7892000000000001,1.828400000000001
1.7692000000000003,-1.7342000000000002,1.6280000000000003
1.4936000000000025,-1.6536000000000006,1.3940000000000021
1.2180000000000046,-1.5730000000000013,1.160000000000004
0.9424000000000029,-1.4924000000000008,0.9260000000000025
0.6800000000000012,-1.3502000000000007,0.7250000000000009
0.42000000000000315,-1.1968000000000019,0.5300000000000024
0.1600000000000051,-1.043400000000003,0.33500000000000385
-0.1,-0.89,0.14
-0.2560000000000009,-0.6949999999999988,0.0229999999999993
-0.4119999999999997,-0.5000000000000003,-0.0939999999999998
-0.5679999999999985,-0.3050000000000018,-0.2109999999999989
-0.7067999999999999,-0.11560000000000048,-0.32199999999999973
-0.7509999999999994,0.04299999999999826,-0.39999999999999913
-0.7951999999999991,0.20159999999999706,-0.47799999999999854
-0.8394,0.36020000000000013,-0.556
-0.8612000000000002,0.5003999999999993,-0.6227999999999997
-0.8326,0.5992,-0.6644
-0.8040000000000003,0.6979999999999992,-0.7059999999999996
-0.7754000000000004,0.7967999999999984,-0.7475999999999994
-0.7384000000000005,0.8703999999999995,-0.77
-0.6916000000000002,0.9145999999999999,-0.77
-0.6447999999999998,0.9588000000000001,-0.77
-0.5980000000000002,1.0029999999999997,-0.77
-0.5576000000000004,1.0375999999999996,-0.7732
-0.5212000000000002,1.0661999999999998,-0.7784
-0.4848000000000005,1.0947999999999996,-0.7836
-0.4484000000000008,1.1233999999999993,-0.7888
-0.4540000000000002,1.0819999999999992,-0.8160000000000004
-0.47220000000000006,1.0195999999999998,-0.8498000000000001
-0.49039999999999995,0.9572000000000003,-0.8835999999999999
-0.5085999999999998,0.8948000000000007,-0.9173999999999997
-0.6011999999999981,0.7436000000000031,-0.9176000000000001
-0.6999999999999973,0.5850000000000044,-0.9150000000000001
-0.7987999999999993,0.4264000000000012,-0.9124000000000001
-0.8919999999999996,0.26860000000000234,-0.91
-0.9180000000000001,0.1203999999999994,-0.91
-0.944,-0.027799999999999492,-0.91
-0.9699999999999998,-0.17599999999999835,-0.91
-0.9876000000000001,-0.30739999999999856,-0.9058000000000004
-0.9772000000000003,-0.38279999999999803,-0.8876000000000005
-0.9668,-0.4581999999999995,-0.8694000000000001
-0.9564000000000001,-0.5335999999999989,-0.8512000000000003
-0.9749999999999985,-0.5650000000000008,-0.8449999999999996
-1.0399999999999998,-0.526,-0.858
-1.1049999999999993,-0.4870000000000004,-0.8709999999999999
-1.1699999999999988,-0.4480000000000007,-0.8839999999999998
-1.2518000000000002,-0.3599999999999997,-0.8984000000000001
-1.3479999999999994,-0.2300000000000007,-0.9139999999999999
-1.4441999999999988,-0.1000000000000017,-0.9295999999999998
-1.540399999999998,0.029999999999997307,-0.9451999999999996
-1.6186,0.1293999999999999,-0.9536
-1.6887999999999994,0.21519999999999925,-0.9587999999999999
-1.7590000000000008,0.30100000000000093,-0.9640000000000001
-1.8292000000000004,0.3868000000000003,-0.9692
-1.8422,0.45279999999999976,-0.9590000000000001
-1.8448,0.5151999999999992,-0.9460000000000002
-1.8474,0.5775999999999988,-0.9330000000000003
-1.85,0.6399999999999983,-0.9200000000000004
-1.8526,0.6607999999999998,-0.8914000000000003
-1.8552,0.6815999999999997,-0.8628000000000005
-1.8578000000000001,0.7024,-0.8341999999999999
-1.8696,0.7184,-0.816
-1.9319999999999995,0.7080000000000001,-0.8549999999999995
-1.9943999999999988,0.6976000000000002,-0.8939999999999992
-2.0567999999999986,0.6872000000000003,-0.9329999999999989
-2.2415999999999974,0.6496000000000006,-0.9831999999999994
-2.7017999999999933,0.5508000000000015,-1.0585999999999989
-3.1620000000000026,0.4519999999999995,-1.1340000000000003
-3.622199999999999,0.35320000000000024,-1.2093999999999998
-4.1303999999999945,0.33479999999999926,-1.1516000000000022
-4.694599999999991,0.4101999999999987,-0.9384000000000037
-5.258799999999986,0.4855999999999981,-0.7252000000000054
-5.822999999999997,0.5609999999999996,-0.5120000000000011
-6.04,0.495600000000002,-0.46039999999999937
-6.04,0.34220000000000317,-0.5097999999999989
-6.04,0.18880000000000016,-0.5591999999999999
-6.04,0.03540000000000134,-0.6085999999999996
-6.04,-0.3239999999999932,-0.6379999999999996
-6.04,-0.7452000000000014,-0.6614000000000001
-6.04,-1.166399999999998,-0.6847999999999999
-6.04,-1.587599999999995,-0.7081999999999997
-6.04,-1.855199999999995,-0.6548000000000012
-6.04,-2.109999999999993,-0.5950000000000016
-6.04,-2.364799999999998,-0.5352000000000005
-6.04,-2.592200000000002,-0.4744000000000011
-6.04,-2.4907999999999997,-0.4015999999999997
-6.04,-2.3894,-0.3288000000000002
-6.04,-2.288000000000001,-0.2560000000000008
-6.04,-2.1398000000000055,-0.19820000000000015
-6.04,-1.835600000000008,-0.1904000000000002
-6.04,-1.5314000000000103,-0.18260000000000026
-6.04,-1.2272000000000043,-0.17480000000000012
-6.04,-1.0119999999999996,-0.18500000000000022
-6.04,-0.9392000000000001,-0.22399999999999992
-6.04,-0.8664000000000007,-0.2629999999999996
-6.04,-0.7936000000000013,-0.3019999999999993
-6.0372,-0.7306000000000014,-0.2794000000000019
-6.032,-0.6760000000000018,-0.20400000000000248
-6.0268,-0.6214000000000007,-0.128600000000001
-6.021599999999999,-0.5668000000000012,-0.053200000000001565
-5.813000000000008,-0.5374000000000005,0.03839999999999716
-5.514000000000003,-0.5192000000000002,0.1371999999999991
-5.214999999999996,-0.5009999999999998,0.23600000000000104
-4.9160000000000075,-0.4828000000000004,0.3347999999999976
-4.702800000000001,-0.48879999999999996,0.35
-4.505200000000008,-0.4991999999999996,0.35
-4.307600000000004,-0.5095999999999998,0.35
-4.11,-0.52,0.35
-3.9540000000000015,-0.5252,0.31360000000000027
-3.7979999999999983,-0.5304000000000001,0.27719999999999956
-3.6420000000000035,-0.5356,0.24080000000000082
-3.4772000000000007,-0.5312000000000002,0.19880000000000025
-3.2640000000000082,-0.4740000000000022,0.1260000000000028
-3.0508000000000037,-0.41680000000000106,0.05320000000000136
-2.8375999999999997,-0.3595999999999999,-0.019600000000000083
-2.5980000000000016,-0.30000000000000043,-0.09159999999999954
-2.2990000000000044,-0.23500000000000093,-0.16179999999999903
-2.0000000000000067,-0.17000000000000143,-0.23199999999999849
-1.7010000000000007,-0.10500000000000015,-0.30219999999999986
-1.3936000000000117,-0.04240000000000224,-0.38439999999999647
-1.0764000000000056,0.017399999999998944,-0.4805999999999983
-0.7591999999999993,0.07720000000000013,-0.5768000000000002
-0.4420000000000104,0.13699999999999804,-0.6729999999999968
-0.2400000000000017,0.20959999999999895,-0.7675999999999987
-0.1100000000000027,0.29019999999999835,-0.8611999999999981
0.01999999999999985,0.3707999999999999,-0.9547999999999999
0.1499999999999953,0.4513999999999971,-1.0483999999999967
0.05400000000000266,0.5039999999999992,-1.1259999999999988
-0.10980000000000056,0.5482000000000001,-1.1988000000000003
-0.27359999999999485,0.5923999999999986,-1.2715999999999978
-0.43739999999999807,0.6365999999999995,-1.3443999999999992
-0.6203999999999963,0.6999999999999987,-1.35
-0.8049999999999999,0.765,-1.35
-0.9895999999999985,0.8299999999999995,-1.35
-1.1627999999999994,0.8941999999999992,-1.3488000000000002
-1.1992,0.9488000000000003,-1.3332
-1.235599999999999,1.0033999999999983,-1.3176000000000005
-1.2719999999999996,1.0579999999999994,-1.3020000000000003
-1.2832000000000034,1.0832000000000035,-1.281000000000002
-1.210400000000002,1.010400000000002,-1.242000000000001
-1.1376000000000004,0.9376000000000004,-1.2030000000000003
-1.064800000000001,0.864800000000001,-1.1640000000000006
-0.9779999999999994,0.7789999999999994,-1.1249999999999998
-0.8688000000000032,0.6724000000000031,-1.0860000000000012
-0.759600000000001,0.565800000000001,-1.0470000000000004
-0.6504000000000049,0.45920000000000477,-1.0080000000000018
-0.5468000000000025,0.3820000000000013,-0.9634000000000013
-0.4480000000000005,0.3300000000000003,-0.9140000000000003
-0.3492000000000013,0.2780000000000007,-0.8646000000000007
-0.25039999999999935,0.22599999999999965,-0.8151999999999997
-0.20740000000000053,0.1884000000000009,-0.7640000000000016
-0.18920000000000015,0.15720000000000028,-0.7120000000000004
-0.1709999999999998,0.12599999999999967,-0.6599999999999995
-0.15280000000000044,0.09480000000000074,-0.6080000000000012
-0.22699999999999965,0.050400000000000195,-0.5758000000000001
-0.3179999999999964,0.003600000000001838,-0.5472000000000011
-0.4089999999999982,-0.04319999999999908,-0.5186000000000005
-0.499999999999995,-0.08999999999999744,-0.49000000000000155
-0.5077999999999997,-0.10819999999999935,-0.45100000000000134
-0.5156,-0.12639999999999973,-0.4120000000000006
-0.5234000000000001,-0.1446000000000001,-0.37299999999999983
-0.5092000000000041,-0.16839999999999833,-0.3120000000000055
-0.3740000000000015,-0.2229999999999994,-0.13000000000000195
-0.23879999999999885,-0.27760000000000046,0.0520000000000016
-0.10360000000000355,-0.33219999999999855,0.2339999999999952
0.06919999999999826,-0.4283999999999988,0.45919999999999783
0.32660000000000333,-0.6182000000000025,0.7816000000000042
0.5839999999999943,-0.8079999999999958,1.103999999999993
0.8413999999999995,-0.9977999999999997,1.4263999999999994
1.0975999999999906,-1.2091999999999912,1.6719999999999944
1.3523999999999954,-1.4457999999999958,1.8279999999999974
1.6071999999999866,-1.6823999999999875,1.983999999999992
1.8619999999999917,-1.918999999999992,2.1399999999999952
1.8384000000000027,-1.9652000000000007,2.3231999999999977
1.6408000000000094,-1.8924000000000034,2.5233999999999908
1.4432000000000056,-1.819600000000002,2.7235999999999945
1.2456000000000016,-1.7468000000000006,2.9237999999999986
1.3519999999999914,-1.3880000000000194,2.812000000000009
1.5495999999999952,-0.9434000000000107,2.606600000000005
1.747199999999999,-0.49880000000000196,2.401200000000001
1.944800000000003,-0.0541999999999932,2.195799999999997
1.96,-0.13039999999999763,2.055200000000003
1.96,-0.25,1.92
1.96,-0.3695999999999958,1.7848000000000046
1.96,-0.4941999999999972,1.6414000000000035
1.96,-0.6788000000000007,1.3995999999999988
1.96,-0.8633999999999944,1.1578000000000075
1.96,-1.0479999999999978,0.9160000000000026
1.96,-1.2211999999999938,0.7030000000000054
1.96,-1.3563999999999963,0.5860000000000031
1.96,-1.4915999999999916,0.4690000000000072
1.96,-1.6267999999999943,0.35200000000000486
1.8850000000000042,-1.7669999999999968,0.2899999999999995
1.6900000000000004,-1.9151999999999996,0.31599999999999995
1.4949999999999966,-2.0634000000000023,0.34200000000000047
1.3000000000000034,-2.211599999999997,0.36799999999999955
1.1679999999999997,-2.287,0.373
1.0899999999999983,-2.3000000000000003,0.3599999999999997
1.0120000000000011,-2.3129999999999997,0.3470000000000002
0.9339999999999995,-2.326,0.3339999999999999
0.8056000000000043,-2.2310000000000043,0.33179999999999993
0.6548000000000014,-2.0880000000000014,0.3344
0.5040000000000067,-1.9450000000000063,0.3369999999999999
0.3532000000000036,-1.8020000000000034,0.33959999999999996
0.2948000000000002,-1.5930000000000009,0.25640000000000046
0.25320000000000165,-1.3720000000000088,0.15760000000000388
0.21160000000000084,-1.1510000000000045,0.05880000000000194
0.1700000000000023,-0.9300000000000122,-0.0399999999999946
0.07640000000000324,-0.7974000000000045,0.006799999999998363
-0.017199999999998578,-0.6648000000000021,0.05359999999999929
-0.11080000000000041,-0.5321999999999995,0.10040000000000021
-0.19239999999999952,-0.4124000000000015,0.14079999999999984
-0.20799999999999982,-0.36300000000000054,0.14599999999999996
-0.22360000000000013,-0.31359999999999955,0.15120000000000006
-0.23919999999999958,-0.2642000000000013,0.15639999999999987
-0.2516,-0.22360000000000013,0.1456000000000003
-0.2567999999999998,-0.20280000000000087,0.09880000000000194
-0.2619999999999999,-0.18200000000000044,0.05200000000000102
-0.2672,-0.16120000000000004,0.0052000000000001
-0.27119999999999994,-0.14760000000000018,-0.030799999999999134
-0.2738,-0.14240000000000008,-0.054199999999999596
-0.27639999999999987,-0.13720000000000027,-0.07759999999999878
-0.2789999999999999,-0.13200000000000017,-0.10099999999999923
-0.26400000000000035,-0.11720000000000028,-0.12759999999999963
-0.23800000000000127,-0.09640000000000101,-0.15619999999999862
-0.21200000000000074,-0.0756000000000006,-0.1847999999999992
-0.18600000000000022,-0.05480000000000018,-0.21339999999999976
-0.1379999999999994,-0.05200000000000003,-0.24000000000000027
-0.0834000000000013,-0.05459999999999994,-0.26599999999999935
-0.028800000000000235,-0.05719999999999999,-0.29199999999999987
0.025800000000000836,-0.05980000000000004,-0.3180000000000004
0.051599999999999535,-0.04800000000000026,-0.35119999999999935
0.075,-0.034999999999999996,-0.385
0.09839999999999918,-0.022000000000000453,-0.41879999999999884
0.12219999999999956,-0.008600000000000274,-0.4509999999999998
0.15079999999999855,0.009599999999999088,-0.46399999999999936
0.17939999999999912,0.027799999999999443,-0.4769999999999996
0.20799999999999969,0.0459999999999998,-0.4899999999999999
0.2305999999999999,0.05760000000000047,-0.4976000000000005
0.23319999999999994,0.04720000000000027,-0.4872000000000003
0.23579999999999984,0.03680000000000064,-0.47680000000000067
0.2383999999999999,0.02640000000000043,-0.4664000000000004
0.22900000000000062,0.008000000000000687,-0.45400000000000035
0.20040000000000008,-0.02319999999999993,-0.43840000000000007
0.1717999999999995,-0.054400000000000545,-0.42279999999999973
0.1432000000000005,-0.08559999999999945,-0.4072000000000003
0.11459999999999994,-0.12240000000000009,-0.3916
0.08600000000000094,-0.16399999999999865,-0.37600000000000056
0.05740000000000038,-0.20559999999999945,-0.3604000000000002
0.028799999999999812,-0.24720000000000028,-0.34479999999999994
0.007400000000000517,-0.27079999999999954,-0.3328000000000003
-0.010799999999999838,-0.2863999999999999,-0.3224000000000001
-0.028999999999999203,-0.3019999999999993,-0.31200000000000044
-0.04719999999999956,-0.3175999999999996,-0.30160000000000026
-0.06539999999999893,-0.291400000000002,-0.2978000000000001
-0.08359999999999929,-0.25760000000000133,-0.2952000000000001
-0.10179999999999964,-0.22380000000000067,-0.2926
-0.119999999999999,-0.19000000000000186,-0.29000000000000015
-0.11220000000000027,-0.14320000000000163,-0.29
-0.10440000000000012,-0.09640000000000071,-0.29
-0.09659999999999996,-0.0495999999999998,-0.29
-0.08680000000000063,-0.0016000000000016834,-0.2892000000000001
-0.06600000000000023,0.05299999999999941,-0.28400000000000003
-0.045199999999999824,0.10760000000000047,-0.27879999999999994
-0.024400000000000546,0.16219999999999857,-0.2736000000000001
-0.005200000000000107,0.20639999999999986,-0.2660000000000001
0.010399999999999354,0.22719999999999915,-0.25300000000000056
0.02599999999999966,0.24799999999999955,-0.2400000000000003
0.04159999999999997,0.2688,-0.22700000000000004
0.05479999999999961,0.2740000000000005,-0.2140000000000005
0.06519999999999981,0.26100000000000023,-0.20100000000000023
0.07559999999999945,0.2480000000000007,-0.1880000000000007
0.08599999999999966,0.23500000000000043,-0.17500000000000043
0.08840000000000017,0.21880000000000124,-0.16520000000000054
0.08580000000000013,0.2006000000000009,-0.15740000000000037
0.08320000000000008,0.18240000000000053,-0.14960000000000023
0.08060000000000002,0.16420000000000015,-0.1418000000000001
0.07599999999999994,0.15199999999999989,-0.13799999999999998
0.07080000000000013,0.14160000000000025,-0.13540000000000008
0.06560000000000002,0.13120000000000004,-0.13280000000000003
0.060400000000000204,0.12080000000000041,-0.1302000000000001
0.0552000000000001,0.12239999999999995,-0.13239999999999996
0.05,0.125,-0.135
0.04480000000000018,0.1275999999999999,-0.13759999999999992
0.03800000000000041,0.12940000000000013,-0.1405999999999999
0.012000000000001315,0.1216000000000004,-0.14839999999999962
-0.0139999999999992,0.11380000000000025,-0.15619999999999978
-0.03999999999999829,0.10600000000000051,-0.1639999999999995
-0.025800000000006817,-0.0019999999999795737,-0.21439999999999115
0.12239999999999607,-0.4439999999999884,-0.40679999999999494
0.2705999999999909,-0.8859999999999729,-0.5991999999999882
0.41879999999999384,-1.3279999999999816,-0.7915999999999921
0.43600000000000416,-1.4240000000000101,-0.8110000000000056
0.24360000000001095,-0.966400000000026,-0.5536000000000146
0.05119999999999661,-0.5087999999999919,-0.29619999999999547
-0.14119999999999666,-0.05120000000000799,-0.0388000000000045
-0.21600000000000136,0.16,0.060400000000001924
-0.18999999999999945,0.16,0.023999999999999216
-0.16400000000000034,0.16,-0.012399999999999516
-0.13800000000000126,0.16,-0.04879999999999825
-0.1857999999999933,0.21939999999999288,-0.1535999999999887
-0.2663999999999993,0.30519999999999925,-0.2887999999999988
-0.3469999999999965,0.39099999999999624,-0.42399999999999405
-0.42759999999999365,0.47679999999999323,-0.5591999999999893
-0.264000000000001,0.42620000000000036,-0.6393999999999996
-0.05600000000000821,0.350800000000003,-0.7095999999999972
