0.11019999999999999,0.29425,-0.43265
0.12,0.38,-0.44
0.1347,0.06149999999999989,-0.20724999999999982
0.1494,-0.257,0.025500000000000023
0.1641,-0.5754999999999999,0.2582499999999999
0.1788,-0.894,0.491
0.2879999999999998,-1.1269999999999998,0.5662499999999999
0.4055999999999999,-1.3523999999999998,0.6275
0.5231999999999999,-1.5777999999999999,0.68875
0.6408,-1.8032000000000001,0.75
0.72355,-1.97735,0.8379000000000001
0.7994999999999999,-2.1414999999999997,0.9309999999999998
0.87545,-2.30565,1.0240999999999998
0.9513999999999999,-2.4697999999999998,1.1172
1.0107,-2.5710499999999996,1.1455499999999998
1.0646,-2.6519,1.1528999999999998
1.1184999999999998,-2.73275,1.16025
1.1723999999999999,-2.8135999999999997,1.1676
1.21145,-2.8284499999999997,1.16835
1.2433,-2.8113,1.1659
1.27515,-2.79415,1.1634499999999999
1.307,-2.777,1.161
1.4127999999999998,-2.7018500000000003,1.1658
1.5695999999999999,-2.5867,1.1756
1.7264,-2.47155,1.1854
1.8832,-2.3564,1.1952
1.96,-2.23875,1.23
1.96,-2.1187000000000005,1.2887999999999997
1.96,-1.9986499999999998,1.3476
1.96,-1.8786000000000003,1.4063999999999999
1.96,-1.7806,1.4463
1.96,-1.7120000000000002,1.4609999999999999
1.96,-1.6434000000000004,1.4757
1.96,-1.5748,1.4904
1.96,-1.5198,1.49745
1.96,-1.4904,1.4901
1.96,-1.461,1.48275
1.96,-1.4316,1.4754
1.96,-1.40025,1.4661
1.96,-1.3635,1.4514
1.96,-1.32675,1.4366999999999999
1.96,-1.2900000000000003,1.422
1.9213,-1.2447,1.3933499999999999
1.7106000000000008,-1.1614000000000004,1.3027000000000002
1.4998999999999998,-1.0781,1.2120499999999998
1.2892000000000006,-0.9948000000000002,1.1214000000000002
1.0757499999999998,-0.9067499999999998,1.0294999999999999
0.8381000000000005,-0.7769000000000003,0.9266000000000002
0.6004500000000013,-0.6470500000000007,0.8237000000000005
0.36280000000000023,-0.5172000000000001,0.7208000000000001
0.12650000000000072,-0.3876500000000005,0.6179500000000004
-0.04500000000000004,-0.2725,0.5175
-0.21649999999999942,-0.15735000000000038,0.41705000000000036
-0.3879999999999989,-0.04220000000000074,0.31660000000000066
-0.5594999999999996,0.07294999999999974,0.21615000000000023
-0.6482000000000001,0.13980000000000012,0.1133999999999998
-0.7314999999999993,0.20349999999999946,0.010500000000000898
-0.8147999999999996,0.2671999999999997,-0.09239999999999952
-0.8981,0.33089999999999997,-0.19529999999999995
-0.9079,0.3673000000000001,-0.26460000000000017
-0.9054500000000001,0.3991499999999998,-0.32829999999999954
-0.903,0.4309999999999999,-0.3919999999999998
-0.9005500000000001,0.46285000000000004,-0.45570000000000005
-0.8544000000000006,0.48709999999999976,-0.4946999999999997
-0.7956000000000003,0.5091499999999999,-0.5265499999999999
-0.7368000000000001,0.5312,-0.5583999999999999
-0.6779999999999998,0.5532500000000001,-0.59025
-0.6413000000000002,0.5769999999999998,-0.6237999999999997
-0.6143500000000002,0.6014999999999999,-0.6580999999999999
-0.5874,0.626,-0.6924
-0.5604500000000003,0.6504999999999997,-0.7266999999999997
-0.5664999999999999,0.6540000000000001,-0.7639999999999998
-0.59345,0.6442,-0.8031999999999999
-0.6204000000000001,0.6344,-0.8424000000000001
-0.6473499999999999,0.6246,-0.8815999999999997
-0.6989999999999997,0.5732000000000004,-0.9142999999999999
-0.7725,0.485,-0.94125
-0.8460000000000003,0.39679999999999965,-0.9682000000000002
-0.9194999999999995,0.30860000000000054,-0.9951499999999999
-0.9940999999999998,0.21270000000000025,-1.0045
-1.0700500000000002,0.10734999999999986,-0.99225
-1.1459999999999992,0.0020000000000009177,-0.9800000000000001
-1.2219499999999996,-0.10334999999999951,-0.96775
-1.2709,-0.18979999999999997,-0.9581999999999999
-1.27335,-0.2437000000000002,-0.9532999999999999
-1.2758,-0.29759999999999964,-0.9484
-1.27825,-0.35149999999999987,-0.9435
-1.2765,-0.3865,-0.9413999999999999
-1.26425,-0.37425000000000014,-0.9462999999999999
-1.252,-0.3620000000000001,-0.9511999999999999
-1.23975,-0.34975000000000006,-0.9561
-1.2335,-0.3334999999999999,-0.9584999999999999
-1.2506499999999998,-0.30165000000000025,-0.95115
-1.2678,-0.2698000000000001,-0.9438000000000001
-1.28495,-0.23795,-0.93645
-1.3023999999999998,-0.20430000000000045,-0.9282000000000001
-1.3219999999999998,-0.15775000000000025,-0.9135000000000001
-1.3416,-0.11120000000000009,-0.8988
-1.3612,-0.06464999999999989,-0.8841
-1.3821999999999994,-0.017700000000000438,-0.8697
-1.4360999999999997,0.03864999999999977,-0.8623500000000001
-1.49,0.095,-0.855
-1.5438999999999994,0.1513499999999994,-0.84765
-1.5977999999999997,0.20769999999999963,-0.8403
-1.717499999999998,0.25934999999999914,-0.8306000000000001
-1.8399999999999985,0.3107999999999993,-0.8208000000000001
-1.962499999999999,0.3622499999999995,-0.8110000000000002
-2.0849999999999995,0.41369999999999973,-0.8012000000000001
-2.29995,0.46085,-0.7742000000000001
-2.527800000000001,0.5074000000000002,-0.7447999999999999
-2.7556500000000015,0.5539500000000004,-0.7153999999999998
-2.983499999999996,0.6004999999999991,-0.6860000000000006
-3.343949999999994,0.6392499999999995,-0.6000500000000013
-3.738399999999996,0.6759999999999997,-0.49960000000000093
-4.132849999999998,0.7127499999999998,-0.39915000000000056
-4.527299999999999,0.7494999999999999,-0.29870000000000013
-4.8115000000000006,0.7880000000000001,-0.15974999999999961
-5.051600000000001,0.8272000000000003,-0.005399999999998961
-5.291699999999995,0.8663999999999993,0.14894999999999722
-5.531799999999997,0.9055999999999995,0.30329999999999785
-5.573500000000001,0.8812500000000006,0.45764999999999845
-5.500000000000001,0.8200000000000004,0.6119999999999991
-5.426500000000001,0.7587500000000001,0.7663499999999998
-5.353,0.6974999999999999,0.9207000000000003
-5.3618500000000004,0.5741499999999989,1.1101500000000013
-5.437799999999998,0.4002000000000033,1.3281999999999958
-5.513749999999999,0.22625000000000253,1.5462499999999968
-5.589699999999999,0.052300000000001824,1.7642999999999975
-5.646099999999999,-0.2573499999999904,1.8547000000000011
-5.6804,-0.7203999999999988,1.8008
-5.714700000000001,-1.1834500000000077,1.746899999999999
-5.749,-1.6465000000000027,1.6929999999999996
-5.795649999999999,-2.0363999999999987,1.6894499999999995
-5.861799999999999,-2.310799999999996,1.7653999999999987
-5.927949999999998,-2.585199999999993,1.841349999999998
-5.9940999999999995,-2.8595999999999977,1.9172999999999993
-6.04,-2.9817500000000035,1.936250000000002
-6.04,-2.7588,1.8259999999999998
-6.04,-2.535850000000002,1.715750000000001
-6.04,-2.3129000000000044,1.6055000000000021
-6.04,-2.0817000000000005,1.4842500000000003
-6.04,-1.8220000000000032,1.325000000000002
-6.04,-1.5623000000000058,1.1657500000000036
-6.04,-1.3026000000000009,1.0065000000000006
-6.04,-1.0649500000000016,0.859850000000001
-6.04,-0.9595999999999996,0.7887999999999997
-6.04,-0.8542500000000006,0.7177500000000003
-6.04,-0.7489000000000018,0.6467000000000012
-6.04,-0.6497,0.5801499999999999
-6.04,-0.6448,0.5825999999999999
-6.04,-0.6399000000000001,0.58505
-6.04,-0.635,0.5874999999999999
-6.04,-0.6301000000000001,0.58995
-5.934399999999999,-0.6107999999999999,0.5587999999999997
-5.8266,-0.5912000000000001,0.52695
-5.718800000000001,-0.5716000000000003,0.49510000000000043
-5.611000000000002,-0.5520000000000005,0.4632500000000008
-5.404200000000001,-0.5631999999999999,0.41820000000000024
-5.186150000000003,-0.5778999999999997,0.3716500000000007
-4.968099999999999,-0.5926,0.32509999999999983
-4.750050000000002,-0.6072999999999998,0.27855000000000035
-4.526000000000004,-0.655999999999999,0.2839999999999997
-4.300600000000006,-0.7123499999999984,0.30114999999999953
-4.075200000000002,-0.7686999999999995,0.31829999999999986
-3.8498000000000046,-0.8250499999999988,0.3354499999999997
-3.6424000000000003,-0.8022,0.28600000000000014
-3.4415000000000022,-0.7507500000000006,0.21250000000000088
-3.240599999999999,-0.6992999999999996,0.1389999999999995
-3.0397000000000007,-0.6478500000000001,0.06550000000000025
-2.8020000000000036,-0.577200000000001,-0.017599999999998783
-2.5447500000000063,-0.49635000000000196,-0.10579999999999787
-2.2875000000000014,-0.4155000000000005,-0.1939999999999995
-2.030250000000004,-0.3346500000000013,-0.28219999999999856
-1.7925999999999993,-0.2719999999999999,-0.3452000000000001
-1.5696500000000018,-0.2230000000000004,-0.38929999999999965
-1.3467000000000042,-0.1740000000000009,-0.4333999999999992
-1.12375,-0.125,-0.4775
-0.9500000000000013,-0.08800000000000026,-0.5071999999999999
-0.8275000000000026,-0.06350000000000051,-0.5218999999999997
-0.7050000000000003,-0.03900000000000006,-0.5366
-0.5825000000000016,-0.014500000000000313,-0.5512999999999999
-0.508,0.019000000000000267,-0.5640000000000001
-0.5031,0.06554999999999979,-0.5738
-0.4982000000000001,0.1120999999999993,-0.5835999999999999
-0.4933000000000001,0.15864999999999882,-0.5933999999999997
-0.5275999999999992,0.21079999999999957,-0.6023999999999999
-0.6427499999999979,0.27449999999999886,-0.6097499999999999
-0.7579000000000001,0.33820000000000006,-0.6171
-0.8730499999999989,0.4018999999999994,-0.62445
-0.9845999999999979,0.4619999999999991,-0.6305999999999999
-1.085049999999997,0.5109999999999986,-0.6330499999999999
-1.1854999999999989,0.5599999999999994,-0.6355
-1.285949999999998,0.608999999999999,-0.6379499999999999
-1.3736,0.6536,-0.6416
-1.3956499999999998,0.6756499999999998,-0.6513999999999999
-1.4177000000000002,0.6977000000000001,-0.6612000000000001
-1.4397499999999999,0.7197499999999999,-0.6709999999999999
-1.455400000000001,0.7398,-0.6802
-1.3990500000000015,0.7373500000000001,-0.68265
-1.3427000000000004,0.7349,-0.6850999999999999
-1.286350000000001,0.73245,-0.6875499999999999
-1.23,0.73,-0.69
-1.1442500000000009,0.7104000000000001,-0.6777500000000001
-1.0585000000000018,0.6908000000000004,-0.6655000000000002
-0.9727500000000002,0.6712,-0.65325
-0.8870000000000011,0.6516000000000003,-0.6410000000000001
-0.8260000000000014,0.6365000000000004,-0.6197500000000006
-0.767200000000002,0.6218000000000005,-0.5977000000000008
-0.7084000000000009,0.6071000000000002,-0.5756500000000003
-0.6496000000000015,0.5924000000000004,-0.5536000000000006
-0.6625499999999999,0.5551500000000003,-0.5356500000000002
-0.6894999999999996,0.5135000000000007,-0.5185000000000003
-0.71645,0.47184999999999994,-0.50135
-0.7433999999999997,0.43020000000000036,-0.48420000000000013
-0.8036499999999986,0.37190000000000123,-0.4855499999999998
-0.8746999999999999,0.3082000000000001,-0.4929
-0.9457499999999992,0.24450000000000074,-0.5002499999999999
-1.0168000000000006,0.18079999999999957,-0.5076
-1.0647499999999988,0.12535000000000168,-0.49680000000000063
-1.1015000000000006,0.07389999999999923,-0.47719999999999974
-1.138249999999999,0.02245000000000126,-0.45760000000000045
-1.1749999999999987,-0.02899999999999821,-0.43800000000000067
-1.1813000000000002,-0.07899999999999918,-0.2879000000000038
-1.1666000000000003,-0.12799999999999867,-0.04780000000000639
-1.1519,-0.1769999999999996,0.19229999999999808
-1.1372000000000002,-0.2259999999999991,0.43239999999999557
-0.9999999999999998,-0.28500000000000003,0.73
-0.7452000000000025,-0.3535999999999993,1.0827999999999962
-0.4904000000000053,-0.4221999999999986,1.4355999999999927
-0.23560000000000056,-0.49079999999999985,1.788399999999999
0.07169999999999521,-0.5362999999999998,2.0015499999999995
0.44900000000000206,-0.551,2.0285
0.8262999999999981,-0.5656999999999999,2.05545
1.203600000000005,-0.5804000000000001,2.0824000000000003
1.3361000000000083,-0.602749999999999,2.1594999999999955
1.0078000000000118,-0.6394999999999986,2.3309999999999937
0.6795000000000057,-0.6762499999999994,2.502499999999997
0.3512000000000091,-0.712999999999999,2.673999999999995
0.18669999999999742,-0.7023000000000014,2.79155
0.47579999999999434,-0.5602000000000028,2.7597000000000005
0.7648999999999997,-0.41810000000000014,2.72785
1.0539999999999967,-0.27600000000000163,2.696
1.3201499999999964,-0.19284999999999608,2.6574000000000013
1.4842999999999995,-0.37169999999999936,2.5888
1.6484499999999978,-0.5505499999999975,2.520200000000001
1.8126000000000007,-0.7294000000000008,2.4515999999999996
1.9552500000000017,-0.8919999999999993,2.3857500000000016
1.9086999999999994,-0.9116000000000003,2.3440999999999996
1.8621500000000013,-0.9311999999999995,2.302450000000001
1.8156000000000017,-0.9507999999999992,2.260800000000002
1.7709499999999991,-0.9685500000000014,2.2160500000000036
1.8174999999999986,-0.8975000000000021,2.0225000000000057
1.8640499999999995,-0.8264500000000008,1.828950000000002
1.910599999999999,-0.7554000000000015,1.635400000000004
1.95715,-0.6843500000000002,1.4418500000000003
1.891000000000001,-0.7903999999999984,1.358700000000001
1.8175000000000017,-0.9079999999999973,1.2827500000000018
1.7440000000000002,-1.0255999999999994,1.2068000000000003
1.670500000000001,-1.1431999999999982,1.1308500000000012
1.605399999999998,-1.2482000000000033,1.0968999999999993
1.5417000000000003,-1.3510999999999993,1.0699500000000002
1.477999999999999,-1.4540000000000013,1.0429999999999997
1.4143000000000017,-1.5568999999999973,1.0160500000000008
1.2955000000000012,-1.5610000000000004,0.9188000000000012
1.1607499999999986,-1.5364999999999998,0.8011999999999989
1.026000000000004,-1.5120000000000007,0.6836000000000035
0.8912500000000015,-1.4875000000000003,0.5660000000000014
0.7769000000000054,-1.454500000000002,0.5283000000000001
0.6715499999999973,-1.4177499999999992,0.5258499999999999
0.5662000000000015,-1.3810000000000004,0.5234000000000001
0.4608500000000056,-1.344250000000002,0.5209500000000001
0.4125000000000004,-1.295500000000002,0.5155000000000003
0.4002500000000002,-1.239150000000001,0.5081500000000001
0.38799999999999996,-1.1827999999999999,0.5008
0.3757500000000005,-1.1264500000000022,0.4934500000000003
0.33100000000000135,-1.072700000000001,0.49129999999999996
0.2575,-1.02125,0.49375
0.18400000000000288,-0.9698000000000021,0.4961999999999999
0.11050000000000154,-0.9183500000000011,0.4986499999999999
0.05460000000000008,-0.8669000000000001,0.5044
0.020299999999999443,-0.8154499999999992,0.5142000000000002
-0.013999999999999208,-0.7640000000000012,0.5239999999999998
-0.04829999999999984,-0.7125500000000002,0.5337999999999999
-0.08529999999999818,-0.646700000000004,0.5265000000000016
-0.12695000000000134,-0.556049999999997,0.48974999999999885
-0.1685999999999997,-0.46540000000000065,0.4530000000000003
-0.21024999999999805,-0.37475000000000425,0.41625000000000173
-0.25049999999999895,-0.2925000000000017,0.36410000000000253
-0.2872499999999997,-0.23125000000000057,0.27345000000000086
-0.32400000000000034,-0.16999999999999943,0.18279999999999916
-0.3607499999999989,-0.10875000000000185,0.09215000000000274
-0.3850000000000003,-0.05800000000000011,0.008500000000000646
-0.3604999999999998,-0.04819999999999992,-0.04785000000000039
-0.3360000000000008,-0.038400000000000316,-0.10419999999999817
-0.31150000000000033,-0.028600000000000136,-0.16054999999999922
-0.29420000000000013,-0.028700000000000336,-0.2130000000000001
-0.3285000000000008,-0.09975000000000167,-0.23750000000000054
-0.36279999999999946,-0.17079999999999884,-0.26199999999999957
-0.39710000000000006,-0.24185000000000018,-0.28650000000000003
-0.4276000000000022,-0.31259999999999766,-0.3112999999999988
-0.3688000000000011,-0.3762999999999988,-0.3431499999999994
-0.31,-0.43999999999999995,-0.375
-0.2512000000000023,-0.5036999999999975,-0.40684999999999877
-0.19240000000000124,-0.5673999999999986,-0.4386999999999993
-0.19235,-0.5488500000000001,-0.44
-0.19480000000000006,-0.5267999999999996,-0.44
-0.19724999999999995,-0.5047500000000005,-0.44
-0.1997,-0.4827000000000001,-0.44
-0.2,-0.4713999999999998,-0.4464500000000001
-0.2,-0.46160000000000023,-0.4537999999999998
-0.2,-0.4518000000000001,-0.46114999999999995
-0.2,-0.44200000000000045,-0.46849999999999964
-0.12199999999999706,-0.3931999999999982,-0.46609999999999985
-0.02400000000000091,-0.3344000000000006,-0.46120000000000005
0.07399999999999524,-0.27560000000000284,-0.45630000000000026
0.17199999999999704,-0.21680000000000177,-0.45140000000000013
0.21574999999999975,-0.19125000000000014,-0.44125000000000014
0.23780000000000015,-0.1789999999999999,-0.42899999999999994
0.25984999999999925,-0.1667500000000004,-0.4167500000000004
0.28189999999999965,-0.15450000000000016,-0.4045000000000002
0.2775999999999999,-0.15465000000000004,-0.4031
0.2580000000000007,-0.16199999999999973,-0.40799999999999986
0.2384000000000003,-0.16934999999999986,-0.41289999999999993
0.21880000000000108,-0.17669999999999958,-0.4177999999999997
0.2235000000000005,-0.18135000000000004,-0.41324999999999973
0.24799999999999955,-0.18379999999999996,-0.40100000000000025
0.27249999999999996,-0.18625,-0.38875
0.29699999999999904,-0.1886999999999999,-0.3765000000000005
0.2893000000000009,-0.19574999999999976,-0.36885000000000007
0.24520000000000008,-0.20799999999999996,-0.3664
0.20110000000000183,-0.22024999999999947,-0.3639500000000001
0.15700000000000103,-0.2324999999999997,-0.36150000000000004
0.13,-0.2542499999999998,-0.34480000000000016
0.13,-0.2910000000000005,-0.3055999999999994
0.13,-0.32774999999999904,-0.26640000000000097
0.13,-0.36449999999999977,-0.2272000000000003
0.09849999999999881,-0.3652499999999991,-0.2022500000000001
-0.004399999999997128,-0.28440000000000226,-0.20959999999999981
-0.10729999999999904,-0.20355000000000076,-0.21694999999999995
-0.21019999999999497,-0.12270000000000394,-0.22429999999999967
-0.2844999999999993,-0.06550000000000068,-0.23495000000000063
-0.2600000000000003,-0.08999999999999972,-0.2569999999999998
-0.23550000000000124,-0.11449999999999874,-0.2790499999999989
-0.2110000000000008,-0.1389999999999992,-0.3010999999999993
-0.180200000000001,-0.16139999999999988,-0.31965000000000005
-0.1115999999999997,-0.17120000000000005,-0.3172
-0.0430000000000024,-0.18099999999999966,-0.3147500000000001
0.025599999999998874,-0.19079999999999986,-0.3123
0.08849999999999994,-0.19864999999999997,-0.31210000000000004
0.0640000000000009,-0.1766000000000008,-0.3463999999999987
0.03950000000000045,-0.1545500000000004,-0.38069999999999937
0.014999999999999998,-0.1325,-0.41500000000000004
-0.009500000000000454,-0.11044999999999959,-0.44930000000000064
-0.048399999999999194,-0.13879999999999937,-0.45719999999999983
-0.08759999999999991,-0.16819999999999993,-0.46454999999999996
-0.12679999999999836,-0.19759999999999878,-0.4718999999999997
-0.1659999999999991,-0.22699999999999934,-0.4792499999999998
-0.1348000000000002,-0.15960000000000038,-0.5019999999999999
-0.09560000000000173,-0.08120000000000346,-0.5264999999999989
-0.056400000000001005,-0.002800000000002009,-0.5509999999999994
-0.017200000000000274,0.07559999999999945,-0.5754999999999998
-0.012000000000000028,0.04999999999999945,-0.5519999999999996
-0.014449999999999932,0.0010000000000013748,-0.5177000000000009
-0.016899999999999978,-0.04799999999999954,-0.48340000000000033
-0.019350000000000023,-0.09700000000000045,-0.44909999999999967
-0.023599999999999854,-0.12079999999999956,-0.4184000000000009
-0.028499999999999942,-0.13549999999999984,-0.38900000000000035
-0.03339999999999975,-0.15019999999999925,-0.35960000000000153
-0.038300000000000126,-0.16490000000000038,-0.33019999999999927
-0.028800000000000242,-0.13480000000000075,-0.2928000000000006
-0.011650000000000924,-0.0809000000000029,-0.2511500000000022
0.005499999999999401,-0.027000000000001884,-0.20950000000000146
0.02264999999999972,0.026899999999999126,-0.16785000000000067
0.03980000000000004,0.04159999999999997,-0.16400000000000003
0.05694999999999936,0.02690000000000055,-0.18849999999999908
0.07409999999999968,0.012200000000000275,-0.21299999999999955
0.09125,-0.0024999999999999996,-0.2375
0.09640000000000029,-0.020799999999999125,-0.26319999999999893
0.08905000000000016,-0.04284999999999954,-0.29014999999999946
0.08170000000000045,-0.06489999999999868,-0.3170999999999984
0.07434999999999989,-0.08695000000000036,-0.3440500000000004
0.0630000000000004,-0.08500000000000087,-0.3410000000000011
0.045850000000000085,-0.04825000000000018,-0.2944500000000002
0.02870000000000076,-0.011500000000001627,-0.24790000000000206
0.011550000000000438,0.02524999999999906,-0.2013500000000012
0.007999999999999827,0.05239999999999995,-0.1500000000000004
0.03249999999999886,0.059749999999999664,-0.08875000000000284
0.05699999999999932,0.0670999999999998,-0.027500000000001704
0.08149999999999978,0.07444999999999993,0.03374999999999943
0.11380000000000054,0.07459999999999979,0.06739999999999954
0.1701499999999983,0.05255000000000066,0.015950000000001574
0.22649999999999937,0.03050000000000025,-0.03549999999999939
0.2828500000000004,0.008449999999999845,-0.08695000000000036
0.31320000000000336,-0.03199999999999559,-0.14079999999999787
0.21030000000000146,-0.16674999999999812,-0.20694999999999908
0.10740000000000552,-0.30149999999999283,-0.27309999999999646
0.004499999999997631,-0.43625000000000314,-0.33925000000000155
-0.08660000000000066,-0.5482000000000024,-0.4002
-0.04495000000000231,-0.40365000000000806,-0.4026499999999999
-0.003300000000001538,-0.25910000000000544,-0.4050999999999999
