0.05575,-0.10675000000000001,-0.27325
0.05,-0.17,-0.21
-0.007500000000000007,-0.04349999999999998,-0.08924999999999997
-0.06499999999999997,0.08299999999999996,0.03149999999999997
-0.12249999999999996,0.20949999999999994,0.1522499999999999
-0.11850000000000002,0.2805,0.1935
-0.058124999999999996,0.30062500000000003,0.161875
0.0022499999999999257,0.32075,0.13025000000000003
0.05849999999999998,0.33599999999999997,0.09849999999999999
0.02400000000000002,0.24400000000000005,0.06400000000000003
-0.010499999999999989,0.15200000000000002,0.029500000000000016
-0.045,0.06,-0.004999999999999999
-0.06487499999999999,-0.009249999999999953,-0.016750000000000008
-0.07349999999999998,-0.060999999999999874,-0.011000000000000015
-0.08212499999999999,-0.11274999999999998,-0.005250000000000004
-0.08824999999999997,-0.15975,0.0005000000000000074
-0.06812499999999999,-0.156875,0.00625
-0.04800000000000002,-0.154,0.011999999999999993
-0.027874999999999987,-0.15112499999999998,0.017750000000000005
-0.023499999999999997,-0.1325,0.018250000000000002
-0.029250000000000005,-0.10374999999999995,0.015374999999999996
-0.035,-0.075,0.0125
-0.03925000000000001,-0.048875000000000016,0.008875000000000008
-0.033499999999999995,-0.040249999999999994,0.0002499999999999933
-0.027749999999999986,-0.03162499999999998,-0.008375000000000021
-0.022000000000000013,-0.023000000000000017,-0.016999999999999984
-0.014375,-0.02375,-0.021875
-0.00575000000000001,-0.02949999999999999,-0.024749999999999994
0.002874999999999979,-0.03524999999999999,-0.027624999999999993
0.01,-0.038999999999999986,-0.030500000000000006
0.01,-0.03325000000000003,-0.03337499999999999
0.01,-0.0275,-0.03625
0.01,-0.02175000000000001,-0.039125
0.021999999999999957,-0.023999999999999987,-0.03400000000000002
0.03925000000000005,-0.029750000000000013,-0.02537499999999998
0.05650000000000003,-0.03550000000000001,-0.01674999999999999
0.06312500000000001,-0.03437499999999999,-0.010625
0.03150000000000005,-0.008500000000000028,-0.013499999999999996
-0.00012499999999991684,0.01737499999999994,-0.016374999999999994
-0.03175000000000008,0.043250000000000066,-0.019250000000000007
-0.037875,0.05,-0.03062500000000002
-0.035,0.05,-0.045000000000000005
-0.032125,0.05,-0.05937499999999999
-0.05099999999999977,0.04325000000000006,-0.06175000000000009
-0.13150000000000017,0.017374999999999932,-0.030124999999999937
-0.21200000000000008,-0.008500000000000035,0.001500000000000036
-0.2924999999999995,-0.03437499999999984,0.03312499999999981
-0.32350000000000007,-0.04,0.012999999999999831
-0.34074999999999994,-0.04,-0.021499999999999922
-0.35799999999999993,-0.04,-0.055999999999999876
-0.381375,-0.03387499999999999,-0.082625
-0.41874999999999973,-0.01375000000000013,-0.09124999999999994
-0.45612500000000017,0.006375000000000096,-0.09987500000000005
-0.4934999999999999,0.026499999999999947,-0.10849999999999999
-0.5166249999999998,0.05612499999999969,-0.09337500000000021
-0.5367499999999998,0.08774999999999986,-0.0732500000000001
-0.556875,0.11937500000000001,-0.053125000000000006
-0.5770000000000001,0.1670000000000004,-0.03399999999999992
-0.5971249999999999,0.24462499999999981,-0.01675000000000004
-0.6172499999999997,0.3222499999999992,0.0004999999999998304
-0.6373749999999999,0.3998749999999996,0.017749999999999915
-0.73,0.375,0.0049999999999999975
-0.8335000000000006,0.33474999999999977,-0.012250000000000087
-0.9369999999999997,0.2945000000000001,-0.029499999999999957
-0.9887499999999999,0.22049999999999972,-0.03324999999999996
-0.9600000000000002,0.09400000000000067,-0.01600000000000008
-0.93125,-0.0325,0.0012500000000000011
-0.9024999999999999,-0.15900000000000064,0.018500000000000086
-0.8186250000000003,-0.3038749999999997,-0.008874999999999925
-0.7294999999999998,-0.4505000000000004,-0.04050000000000008
-0.6403750000000004,-0.5971249999999994,-0.07212499999999984
-0.51625,-0.7525000000000001,-0.08625
-0.34662499999999913,-0.9192500000000008,-0.07762499999999996
-0.1770000000000004,-1.0859999999999996,-0.06900000000000002
-0.007374999999999581,-1.2527500000000005,-0.06037499999999998
0.2227499999999989,-1.430499999999999,0.05274999999999941
0.45562500000000006,-1.60875,0.170625
0.6885000000000012,-1.7870000000000008,0.28850000000000053
0.8952499999999995,-1.9006249999999998,0.39124999999999976
1.0735000000000006,-1.9437499999999999,0.4775000000000002
1.251749999999999,-1.9868749999999995,0.5637499999999995
1.43,-2.03,0.65
1.5795000000000008,-2.055875,0.6960000000000003
1.7289999999999996,-2.08175,0.7419999999999999
1.8785000000000003,-2.107625,0.7880000000000001
1.95,-2.1605,0.8339999999999999
1.95,-2.2381249999999993,0.8799999999999994
1.95,-2.3157500000000004,0.9260000000000003
1.95,-2.397375,0.9717499999999999
1.95,-2.5670000000000006,1.012
1.95,-2.7366250000000014,1.0522500000000004
1.95,-2.906249999999998,1.0924999999999996
1.95,-3.0352500000000004,1.1457500000000005
1.95,-3.133000000000001,1.2090000000000007
1.95,-3.230749999999999,1.2722499999999994
1.95,-3.3080000000000007,1.32975
1.95,-3.17,1.326875
1.95,-3.032000000000001,1.324
1.95,-2.894,1.321125
1.95,-2.6964999999999995,1.3007499999999999
1.95,-2.460749999999998,1.2691249999999998
1.95,-2.2250000000000028,1.2375000000000005
1.9357500000000007,-1.9960000000000013,1.207375
1.826499999999999,-1.811999999999998,1.1872499999999997
1.717250000000001,-1.6280000000000017,1.1671250000000002
1.6080000000000005,-1.4440000000000008,1.147
1.3918750000000002,-1.275,1.09875
1.1187500000000021,-1.1140000000000012,1.0355000000000005
0.8456250000000007,-0.9530000000000003,0.9722500000000002
0.5860000000000019,-0.7915000000000015,0.9050000000000009
0.3904999999999961,-0.6276249999999968,0.8187499999999983
0.195,-0.46375,0.7325
-0.0004999999999961355,-0.2998750000000032,0.6462500000000017
-0.1740000000000016,-0.15599999999999867,0.5599999999999992
-0.33787499999999837,-0.02087500000000131,0.4737500000000009
-0.5017499999999991,0.11424999999999934,0.3875000000000004
-0.640625,0.221875,0.30062500000000003
-0.6894999999999991,0.23049999999999982,0.21150000000000177
-0.7383749999999993,0.23912499999999987,0.12237500000000132
-0.7872499999999996,0.24774999999999991,0.03325000000000088
-0.8106249999999999,0.26274999999999993,-0.05162499999999959
-0.825,0.28,-0.135
-0.8393750000000001,0.29725000000000007,-0.21837500000000043
-0.8424999999999997,0.33250000000000085,-0.2950000000000006
-0.8137500000000003,0.4187499999999992,-0.3524999999999995
-0.7850000000000001,0.5049999999999996,-0.4099999999999997
-0.75625,0.5912499999999999,-0.46749999999999997
-0.7545000000000001,0.6415000000000002,-0.4709999999999999
-0.7602499999999999,0.6817499999999994,-0.4595000000000002
-0.7659999999999999,0.7219999999999996,-0.4480000000000001
-0.7752499999999999,0.749125,-0.4303750000000002
-0.7925,0.74625,-0.39875
-0.8097500000000001,0.743375,-0.36712499999999987
-0.8270000000000002,0.7404999999999999,-0.3354999999999997
-0.8917499999999993,0.6830000000000007,-0.3608749999999996
-0.9664999999999997,0.6140000000000003,-0.3982499999999998
-1.04125,0.545,-0.43562500000000004
-1.1040000000000003,0.47299999999999964,-0.4730000000000002
-1.1442499999999995,0.39537500000000114,-0.5103749999999995
-1.1844999999999997,0.31775000000000075,-0.5477499999999996
-1.2247499999999998,0.2401250000000004,-0.5851249999999998
-1.185,0.24250000000000002,-0.5725
-1.1332499999999999,0.2568750000000001,-0.5523749999999998
-1.0814999999999995,0.27125000000000016,-0.5322499999999998
-1.0365000000000004,0.3047499999999994,-0.5110000000000002
-1.0020000000000002,0.3679999999999997,-0.4880000000000001
-0.9675,0.43125,-0.465
-0.9329999999999998,0.49450000000000033,-0.4419999999999999
-0.93,0.5524999999999991,-0.42425000000000024
-0.93,0.6099999999999994,-0.4070000000000002
-0.93,0.6674999999999996,-0.3897500000000001
-0.9450000000000001,0.71,-0.37375
-0.9795000000000003,0.7330000000000001,-0.35937499999999994
-1.0140000000000005,0.7560000000000002,-0.34499999999999986
-1.0484999999999998,0.7789999999999998,-0.33062500000000017
-1.0967499999999997,0.77725,-0.30250000000000016
-1.145625,0.774375,-0.27375
-1.1945000000000001,0.7715,-0.24499999999999986
-1.2804999999999982,0.7603750000000004,-0.22175000000000028
-1.4069999999999987,0.7402500000000002,-0.20450000000000018
-1.5334999999999992,0.7201250000000001,-0.18725000000000008
-1.66,0.7,-0.17
-1.884250000000001,0.6309999999999997,-0.16424999999999998
-2.108500000000002,0.5619999999999993,-0.15849999999999995
-2.3327500000000034,0.492999999999999,-0.1527499999999999
-2.655999999999998,0.4165000000000004,-0.12300000000000025
-3.07,0.333125,-0.07125
-3.4840000000000018,0.2497499999999996,-0.019499999999999747
-3.895499999999995,0.16700000000000104,0.03574999999999806
-4.251999999999996,0.0980000000000007,0.1679999999999987
-4.6084999999999985,0.029000000000000345,0.30024999999999935
-4.964999999999991,-0.0399999999999983,0.4324999999999967
-5.038750000000003,-0.05537500000000052,0.6362499999999949
-4.894999999999999,-0.029499999999999752,0.8950000000000025
-4.751249999999998,-0.003624999999999618,1.1537500000000038
-4.62325,0.00575000000000081,1.3992499999999994
-4.660625,-0.15812499999999596,1.5056249999999973
-4.698,-0.32200000000000084,1.6120000000000005
-4.7353749999999994,-0.4858749999999976,1.7183749999999984
-4.977500000000005,-0.908750000000009,1.7915000000000008
-5.3512499999999985,-1.4981249999999973,1.8432499999999998
-5.724999999999991,-2.0874999999999857,1.8949999999999987
-6.05,-2.6090000000000004,1.9242499999999993
-6.05,-2.678000000000001,1.8034999999999988
-6.05,-2.7469999999999994,1.6827500000000013
-6.05,-2.816000000000001,1.5619999999999976
-6.05,-2.5625,1.47875
-6.05,-2.1370000000000084,1.4155000000000013
-6.05,-1.7114999999999958,1.3522499999999995
-6.05,-1.3555000000000004,1.2750000000000015
-6.05,-1.329625000000001,1.1312500000000043
-6.05,-1.30375,0.9875
-6.05,-1.2778750000000005,0.8437500000000029
-6.05,-1.2380000000000007,0.7880000000000003
-6.05,-1.1920000000000006,0.7707500000000002
-6.05,-1.1460000000000004,0.7535000000000001
-6.05,-1.0950000000000017,0.7424999999999997
-6.05,-1.0259999999999998,0.754
-6.05,-0.9570000000000011,0.7654999999999998
-6.05,-0.887999999999999,0.7770000000000002
-5.984125000000001,-0.8041250000000004,0.7885
-5.895000000000002,-0.7150000000000022,0.7999999999999997
-5.8058749999999995,-0.6258749999999996,0.8115
-5.6860000000000035,-0.5510000000000006,0.8207499999999999
-5.479000000000002,-0.5165000000000004,0.8236249999999999
-5.271999999999996,-0.4819999999999993,0.8265
-5.0649999999999995,-0.4475,0.829375
-4.824250000000005,-0.4444999999999999,0.8030000000000006
-4.574124999999998,-0.4502500000000001,0.7684999999999996
-4.3240000000000025,-0.45599999999999996,0.7340000000000003
-4.05112500000001,-0.45737500000000025,0.6881250000000021
-3.7262500000000003,-0.44875,0.61625
-3.4013750000000065,-0.44012500000000015,0.5443750000000014
-3.0765000000000047,-0.4315000000000001,0.4725000000000011
-2.782500000000003,-0.3991250000000004,0.3673750000000011
-2.4950000000000014,-0.3617500000000002,0.25525000000000053
-2.2075,-0.32437499999999997,0.143125
-1.9419999999999988,-0.28999999999999987,0.018999999999999295
-1.7177500000000032,-0.2612500000000004,-0.12762499999999782
-1.4934999999999967,-0.23249999999999957,-0.2742500000000022
-1.269250000000001,-0.20375000000000015,-0.4208749999999993
-1.13,-0.15250000000000002,-0.505
-1.0035000000000025,-0.09787500000000107,-0.5797499999999985
-0.877000000000005,-0.04325000000000216,-0.654499999999997
-0.7786250000000006,0.03387499999999888,-0.7022499999999999
-0.723999999999999,0.1460000000000022,-0.7080000000000001
-0.669375,0.258125,-0.71375
-0.614750000000001,0.3702499999999978,-0.7194999999999998
-0.6467500000000004,0.5086250000000014,-0.717375
-0.6869999999999996,0.6494999999999986,-0.7145
-0.7272499999999988,0.7903749999999958,-0.7116250000000001
-0.7975,0.9099999999999999,-0.6925
-0.9067499999999978,1.0019999999999982,-0.6522500000000008
-1.0159999999999956,1.0939999999999963,-0.6120000000000015
-1.1252499999999988,1.185999999999999,-0.5717500000000003
-1.195999999999998,1.2119999999999993,-0.539750000000001
-1.2650000000000001,1.2349999999999999,-0.5081249999999999
-1.3339999999999987,1.2579999999999996,-0.47650000000000065
-1.3411250000000026,1.2631250000000005,-0.46
-1.2807500000000007,1.2487500000000002,-0.46
-1.2203749999999989,1.2343749999999998,-0.46
-1.16,1.22,-0.46
-1.0651249999999972,1.1797499999999987,-0.4686250000000003
-0.970249999999999,1.1394999999999997,-0.47725000000000006
-0.8753750000000009,1.0992500000000005,-0.4858749999999999
-0.7864999999999983,0.9959999999999969,-0.49
-0.703125,0.8350000000000001,-0.49
-0.6197500000000017,0.6740000000000033,-0.49
-0.5388749999999998,0.5134999999999985,-0.48899999999999977
-0.5130000000000003,0.3640000000000015,-0.4660000000000002
-0.4871250000000008,0.21450000000000444,-0.44300000000000067
-0.46125,0.065,-0.42
-0.4824999999999989,-0.06662499999999766,-0.3905000000000006
-0.5400000000000006,-0.18450000000000116,-0.35599999999999965
-0.5974999999999995,-0.30237499999999884,-0.32150000000000034
-0.6634999999999954,-0.41274999999999906,-0.281000000000003
-0.81875,-0.44437499999999996,-0.1775
-0.9739999999999969,-0.47599999999999937,-0.07400000000000204
-1.1292499999999939,-0.5076249999999988,0.02949999999999592
-1.2389999999999992,-0.5077500000000003,0.16449999999999843
-1.3194999999999975,-0.48762500000000064,0.31974999999999537
-1.4,-0.4675,0.475
-1.462500000000001,-0.44437500000000085,0.6242499999999978
-1.4049999999999994,-0.40124999999999955,0.7335000000000012
-1.3475000000000006,-0.3581250000000004,0.8427499999999989
-1.289999999999999,-0.3149999999999991,0.9520000000000022
-1.06,-0.316875,1.1025
-0.7380000000000064,-0.3427499999999995,1.2749999999999966
-0.4159999999999968,-0.36862500000000026,1.4475000000000018
-0.05500000000000527,-0.4109999999999988,1.6004999999999994
0.49124999999998376,-0.5317499999999964,1.6608749999999983
1.0375,-0.6525000000000001,1.72125
1.583749999999989,-0.7732499999999977,1.781624999999999
1.6019999999999979,-0.9040000000000014,1.9440000000000022
1.389250000000002,-1.0391249999999987,2.150999999999998
1.1765000000000063,-1.174249999999996,2.357999999999994
1.01375,-1.254375,2.511875
1.0309999999999997,-1.1365000000000023,2.474500000000001
1.0482499999999995,-1.0186250000000046,2.4371250000000018
1.0655,-0.9007500000000012,2.3997500000000005
1.2569999999999926,-0.9762499999999957,2.292250000000004
1.51,-1.12,2.16
1.762999999999995,-1.2637499999999973,2.0277500000000024
1.95,-1.3752500000000003,1.9142499999999993
1.95,-1.3953749999999998,1.8538750000000006
1.95,-1.4155000000000004,1.7934999999999988
1.95,-1.435625,1.733125
1.95,-1.3882500000000013,1.6120000000000028
1.95,-1.3221249999999993,1.4739999999999986
1.95,-1.2560000000000007,1.3360000000000014
1.9211249999999982,-1.2152500000000004,1.207624999999998
1.82625,-1.2325,1.10125
1.7313750000000019,-1.2497499999999997,0.9948750000000021
1.6364999999999992,-1.2670000000000001,0.888499999999999
1.5131250000000014,-1.2961249999999997,0.7488750000000015
1.3837500000000038,-1.327749999999999,0.6022500000000044
1.254375,-1.359375,0.455625
1.1829999999999992,-1.4029999999999987,0.34400000000000086
1.2203749999999984,-1.4691249999999973,0.2980000000000018
1.2577499999999997,-1.5352499999999993,0.25200000000000045
1.295124999999999,-1.6013749999999982,0.20600000000000138
1.2225000000000001,-1.615,0.21250000000000002
1.1333750000000018,-1.62075,0.22687499999999972
1.044249999999999,-1.6265,0.24125000000000013
0.9168750000000019,-1.587250000000001,0.2567499999999998
0.7299999999999962,-1.4779999999999978,0.27400000000000035
0.543125,-1.36875,0.29125
0.35625000000000373,-1.259500000000002,0.30849999999999966
0.24024999999999894,-1.158124999999999,0.2968749999999999
0.1310000000000011,-1.057500000000001,0.28250000000000014
0.02174999999999784,-0.956874999999998,0.2681249999999997
-0.048749999999999995,-0.8775,0.2575
-0.0688749999999996,-0.825750000000001,0.25175000000000014
-0.08900000000000019,-0.7739999999999995,0.24599999999999994
-0.1091249999999998,-0.7222500000000005,0.24025000000000005
-0.14299999999999896,-0.6650000000000017,0.24
-0.1775,-0.6075,0.24
-0.21199999999999933,-0.5500000000000012,0.24
-0.22450000000000048,-0.4897500000000025,0.2290000000000009
-0.21300000000000013,-0.42650000000000066,0.20600000000000024
-0.20150000000000035,-0.36325000000000185,0.1830000000000007
-0.19,-0.3,0.16
-0.19,-0.27125000000000055,0.1140000000000009
-0.19,-0.24249999999999972,0.06799999999999955
-0.19,-0.2137500000000003,0.022000000000000457
-0.20950000000000074,-0.19399999999999978,-0.009000000000000341
-0.246875,-0.1825,-0.026249999999999996
-0.2842500000000011,-0.17099999999999965,-0.04350000000000051
-0.32012500000000005,-0.1568749999999993,-0.061625000000000374
-0.32299999999999995,-0.08500000000000071,-0.09899999999999963
-0.3258750000000001,-0.013124999999998582,-0.13637500000000075
-0.32875,0.05875,-0.17375000000000002
-0.3283750000000001,0.07862500000000039,-0.20949999999999933
-0.32549999999999996,0.0584999999999998,-0.24400000000000033
-0.32262500000000005,0.0383750000000002,-0.27849999999999964
-0.31550000000000156,0.017500000000000862,-0.31049999999999983
-0.26375000000000004,-0.011249999999999996,-0.31625000000000003
-0.21200000000000102,-0.03999999999999943,-0.3219999999999999
-0.16025000000000206,-0.06874999999999887,-0.32774999999999976
-0.12950000000000017,-0.08874999999999986,-0.3195000000000002
-0.11225000000000052,-0.10312499999999958,-0.3022500000000005
-0.09500000000000086,-0.1174999999999993,-0.28500000000000086
-0.07812500000000028,-0.1307499999999999,-0.2681250000000003
-0.06375000000000057,-0.1364999999999998,-0.2537500000000006
-0.04937500000000014,-0.14224999999999993,-0.23937500000000014
-0.03499999999999971,-0.1480000000000001,-0.22499999999999973
-0.0018750000000000017,-0.13874999999999998,-0.20875
0.04125000000000127,-0.12149999999999948,-0.1914999999999995
0.08437500000000042,-0.10424999999999983,-0.17424999999999982
0.12099999999999994,-0.08450000000000031,-0.16
0.12674999999999984,-0.052875000000000935,-0.16
0.13249999999999973,-0.021250000000001563,-0.16
0.13825000000000018,0.010375000000000939,-0.16
0.1099999999999996,0.042000000000000315,-0.1660000000000001
0.06687500000000045,0.07362499999999969,-0.17462499999999992
0.023750000000001284,0.10524999999999907,-0.18324999999999975
-0.015624999999998723,0.13687499999999844,-0.19374999999999915
-0.041500000000000765,0.16850000000000093,-0.21100000000000052
-0.06737500000000025,0.2001250000000003,-0.22825000000000017
-0.09324999999999975,0.23174999999999968,-0.24549999999999983
-0.10424999999999983,0.24,-0.24575000000000016
-0.10999999999999971,0.24,-0.2400000000000003
-0.11574999999999988,0.24,-0.23425000000000012
-0.12150000000000005,0.2347499999999998,-0.22924999999999998
-0.12724999999999995,0.2146250000000002,-0.22637500000000005
-0.13300000000000012,0.19449999999999962,-0.22349999999999995
-0.13875,0.174375,-0.22062500000000002
-0.15124999999999972,0.11600000000000138,-0.22224999999999995
-0.16562499999999944,0.047000000000002734,-0.22512499999999988
-0.18000000000000058,-0.022000000000002733,-0.22800000000000012
-0.16462499999999838,-0.04549999999999846,-0.23875000000000057
-0.08125000000000002,0.034999999999999976,-0.2675
0.0021249999999983504,0.1154999999999984,-0.29624999999999946
0.0854999999999967,0.19599999999999682,-0.3249999999999989
0.16175000000000295,0.11262499999999537,-0.38225000000000253
0.23650000000000146,-0.005250000000002336,-0.4455000000000013
0.31124999999999997,-0.12312500000000001,-0.50875
0.29100000000000387,-0.16700000000000187,-0.4940000000000032
0.09262500000000778,-0.07212500000000377,-0.3330000000000064
-0.10574999999998827,0.022749999999994372,-0.17200000000000956
-0.3041250000000039,0.11762500000000188,-0.01099999999999682
-0.325,0.05500000000000002,0.0125
-0.31925000000000014,-0.03124999999999828,0.015374999999999944
-0.3135000000000002,-0.1174999999999966,0.018249999999999888
-0.3021250000000002,-0.16550000000000012,0.023374999999999917
-0.2820000000000006,-0.15400000000000036,0.031999999999999744
-0.26187499999999997,-0.14250000000000002,0.040625
-0.24175000000000038,-0.13100000000000023,0.049249999999999836
-0.24525000000000005,-0.03287499999999893,0.08150000000000035
-0.25099999999999995,0.07349999999999896,0.11599999999999966
-0.2567499999999998,0.17987499999999684,0.150499999999999
-0.2562500000000004,0.25874999999999787,0.20124999999999646
-0.24762499999999976,0.3018750000000013,0.27312500000000217
-0.23899999999999993,0.3450000000000004,0.3450000000000007
-0.2303750000000001,0.3881249999999996,0.4168749999999993
-0.262999999999999,0.4367499999999986,0.4117500000000002
-0.29749999999999827,0.48562499999999764,0.4031250000000004
-0.332000000000001,0.5345000000000015,0.39449999999999974
-0.2922499999999988,0.48987499999999856,0.2772499999999977
-0.17150000000000118,0.34325000000000144,0.04150000000000237
