0.1144,0.20435000000000003,0.31195,125.73755000000001,-47.96005,-37.27125
0.07,0.11,0.04,-23.23,-22.48,-15.21
0.047799999999999995,0.03784999999999998,0.062200000000000005,-34.3633,3.138800000000007,-10.29825
0.025599999999999984,-0.032100000000000045,0.0811,-34.89259999999999,22.687799999999996,-6.1928
0.0033999999999999985,-0.09315000000000001,0.08665,7.476099999999999,17.6817,-5.3492
-0.005599999999999996,-0.10359999999999998,0.0812,41.67620000000001,14.0704,-4.639799999999999
0.005499999999999998,-0.03700000000000001,0.059000000000000004,63.43775,12.583,-4.13475
-0.0032000000000000015,0.009800000000000003,0.033499999999999995,67.2275,13.0657,-4.5735
-0.025399999999999992,0.043099999999999986,0.005750000000000011,58.76375,14.891649999999998,-5.655749999999999
-0.03,0.07640000000000002,-0.004400000000000004,37.26279999999998,14.385599999999998,-7.838000000000002
-0.03,0.1097,-0.00995,12.354399999999996,13.27005,-10.30775
-0.040999999999999995,0.07700000000000001,-0.004500000000000002,-5.640499999999992,11.379000000000001,-12.0735
-0.0479,0.043699999999999975,-0.001050000000000004,-19.162549999999996,8.636699999999994,-14.031300000000002
-0.03679999999999998,0.010399999999999939,-0.00660000000000001,-13.78459999999999,2.276399999999988,-16.839600000000004
-0.03,-0.01,-0.01215,-5.115000000000004,-4.083899999999998,-19.4243
-0.03,-0.01,-0.017699999999999997,8.75999999999999,-10.444199999999995,-21.655399999999997
-0.03325000000000001,-0.00024999999999996553,-0.029750000000000033,18.078500000000012,-16.807750000000013,-23.987250000000003
-0.03880000000000001,0.016400000000000026,-0.046400000000000025,24.172400000000007,-23.17360000000001,-26.390400000000003
-0.04,0.04610000000000003,-0.05,19.38694999999999,-27.625450000000004,-30.890250000000005
-0.04,0.07940000000000001,-0.05,11.600299999999997,-31.549300000000002,-35.968500000000006
-0.03455,0.09634999999999999,-0.06634999999999999,-10.339999999999996,-34.71015,-39.31365
-0.030999999999999996,0.10700000000000001,-0.07700000000000001,-31.45399999999999,-37.973,-43.018
-0.03654999999999999,0.09035000000000001,-0.06035000000000002,-47.62669999999998,-41.76364999999999,-48.50139999999999
-0.035799999999999985,0.07579999999999998,-0.05210000000000001,-60.04880000000001,-47.92310000000001,-52.7815
-0.02469999999999999,0.0647,-0.05765000000000001,-66.3092,-57.97415000000001,-55.08475000000001
-0.01679999999999998,0.06,-0.06,-68.86399999999999,-65.72440000000002,-57.58320000000001
-0.011249999999999982,0.06,-0.06,-68.69749999999999,-71.78500000000003,-60.22500000000001
-0.03150000000000007,0.07720000000000006,-0.06,-78.28340000000003,-80.22780000000003,-61.525200000000005
-0.05925000000000006,0.09940000000000006,-0.06,-90.70430000000003,-89.36310000000002,-62.4354
-0.06,0.1,-0.06,-115.79899999999995,-100.57199999999997,-60.8778
-0.060950000000000025,0.09809999999999997,-0.06,-140.9389000000001,-111.28370000000004,-59.57085
-0.06650000000000003,0.08699999999999997,-0.06,-164.59300000000007,-119.30900000000003,-59.8095
-0.06589999999999997,0.08,-0.055899999999999964,-187.11140000000006,-128.15635000000003,-60.07275
-0.054799999999999974,0.08,-0.04479999999999997,-207.69080000000005,-138.40720000000005,-60.378
-0.059450000000000044,0.08630000000000003,-0.017949999999999917,-226.80860000000004,-148.73680000000002,-58.991699999999994
-0.07610000000000003,0.09740000000000003,0.020900000000000068,-244.81280000000004,-159.12640000000002,-56.316599999999994
-0.09700000000000003,0.09575,0.03425000000000001,-256.1275,-172.36775000000003,-56.36575
-0.11920000000000001,0.09019999999999999,0.0398,-265.396,-186.4814,-57.248200000000004
-0.14675000000000002,0.1221,0.04535,-269.97255,-201.27450000000002,-58.8101
-0.1673,0.16439999999999996,0.0527,-274.5654,-215.6664,-59.4821
-0.15065000000000003,0.2531999999999999,0.06935,-280.1487,-227.8542,-55.42505
-0.15199999999999997,0.32399999999999995,0.08399999999999999,-287.306,-236.772,-54.48799999999999
-0.18529999999999996,0.36284999999999995,0.09509999999999999,-297.25714999999997,-239.88555,-59.08894999999999
-0.2062,0.36760000000000004,0.10929999999999997,-305.4847,-244.62349999999998,-74.89949999999993
-0.21729999999999997,0.3454000000000001,0.12594999999999995,-312.35004999999995,-250.64525,-99.56924999999993
-0.2452000000000001,0.36520000000000014,0.1342,-313.33119999999997,-252.23600000000002,-129.0312000000001
-0.27850000000000014,0.39850000000000013,0.13975000000000004,-312.421,-252.4025,-160.0335000000001
-0.3065000000000001,0.4477000000000001,0.1453,-327.79240000000004,-250.2158,-180.46230000000006
-0.33085000000000003,0.4934,0.15,-344.15025,-245.6418,-198.12795
-0.3364000000000001,0.5156000000000002,0.15,-361.7160000000001,-228.4811999999999,-203.27280000000005
-0.3282999999999998,0.5202499999999999,0.15,-382.8717000000002,-209.59874999999985,-208.06080000000003
-0.2949999999999998,0.4924999999999998,0.15,-410.6550000000002,-187.53749999999985,-212.19000000000003
-0.27695,0.4281499999999994,0.16220000000000012,-431.7984500000001,-176.05669999999998,-227.40290000000016
-0.2714,0.3337999999999995,0.18440000000000012,-447.4994000000001,-173.24839999999998,-251.70080000000013
-0.26169999999999993,0.2975499999999999,0.18169999999999994,-441.0102999999999,-186.5047500000001,-274.6831500000001
-0.25059999999999993,0.2808999999999999,0.17059999999999997,-427.0353999999999,-205.18050000000008,-297.2217000000001
-0.28675000000000017,0.28,0.20675000000000016,-418.46799999999996,-226.00875000000008,-292.93274999999994
-0.32639999999999986,0.27760000000000007,0.24159999999999995,-409.76640000000003,-244.95919999999998,-285.42840000000007
-0.3708000000000004,0.26094999999999985,0.2527000000000001,-398.4332999999999,-252.02990000000005,-267.9347999999998
-0.40950000000000025,0.24809999999999996,0.2638000000000001,-384.36419999999987,-263.01840000000016,-254.28489999999994
-0.43725000000000025,0.24254999999999996,0.2749000000000001,-365.03909999999985,-281.5332000000002,-248.01894999999993
-0.43499999999999983,0.26700000000000035,0.28900000000000015,-352.227,-292.12500000000006,-249.89800000000005
-0.40724999999999983,0.3169500000000004,0.30565000000000014,-344.95095,-295.98225,-258.7003000000001
-0.37949999999999984,0.3587000000000003,0.31,-363.6484000000002,-296.2889,-259.6511
-0.3517499999999998,0.39755000000000024,0.31,-391.5316000000002,-295.33984999999996,-257.82514999999995
-0.37080000000000013,0.36879999999999985,0.34120000000000017,-425.2232000000002,-281.90039999999993,-240.77359999999987
-0.38849999999999996,0.3339999999999998,0.3730000000000001,-457.5305000000001,-267.83474999999993,-220.83274999999983
-0.37739999999999996,0.2895999999999998,0.3952000000000001,-478.47620000000006,-255.14189999999996,-188.95909999999986
-0.36444999999999994,0.22299999999999956,0.4248000000000002,-493.01535,-242.75429999999994,-160.89644999999993
-0.34779999999999994,0.1119999999999996,0.4692000000000002,-494.7414,-230.97719999999995,-140.45579999999993
-0.3193499999999999,0.02754999999999981,0.49885000000000007,-487.52599999999995,-220.87274999999997,-128.05389999999997
-0.2804999999999999,-0.033500000000000155,0.5155000000000001,-472.43,-212.24249999999998,-122.73699999999998
-0.2335499999999999,-0.07835000000000009,0.5524000000000001,-460.5983,-207.29369999999997,-126.7108
-0.18359999999999993,-0.11720000000000005,0.5968,-449.9756,-203.70839999999998,-134.12560000000002
-0.16454999999999997,-0.13545000000000001,0.6309,-458.75295,-199.58749999999998,-138.36285
-0.1549,-0.1542,0.6698000000000001,-469.5418,-195.2115,-140.7405
-0.19375,-0.1875,0.7475,-483.8275,-189.35625,-131.94375
-0.23619999999999997,-0.21359999999999998,0.8216,-501.2056,-192.4794,-117.92160000000001
-0.28614999999999996,-0.22469999999999998,0.8882,-525.0262,-214.30754999999996,-93.01320000000003
-0.3187,-0.22710000000000002,0.9548,-552.9155,-218.94740000000002,-53.056700000000085
-0.33535,-0.22155000000000002,1.0213999999999999,-584.52275,-207.88070000000002,0.6506499999998887
-0.3999999999999998,-0.2799999999999998,1.0959999999999999,-610.962,-199.10600000000002,42.98999999999991
-0.48324999999999974,-0.36324999999999974,1.1736999999999997,-635.39865,-191.21945000000002,80.92424999999989
-0.4645000000000001,-0.3853,1.2462999999999997,-642.2607,-189.24380000000002,107.19989999999991
-0.44065,-0.4013,1.3145499999999999,-645.5746000000001,-186.57290000000006,129.7474
-0.4462,-0.41239999999999993,1.3533999999999997,-633.8308000000001,-174.72920000000005,131.9452
-0.4132500000000006,-0.4007500000000003,1.3852499999999999,-612.3132500000002,-167.8695,130.36650000000003
-0.29670000000000063,-0.33970000000000034,1.4019,-569.5727000000002,-171.83219999999997,120.58740000000004
-0.2314500000000001,-0.2758000000000004,1.40145,-545.9471,-154.31160000000023,120.55814999999994
-0.21479999999999988,-0.20919999999999958,1.3847999999999998,-540.4304,-116.43839999999976,129.76560000000003
-0.24555000000000027,-0.21765000000000023,1.4274000000000002,-529.71155,-94.32174999999991,119.46004999999988
-0.29550000000000026,-0.25650000000000023,1.4940000000000004,-516.8855,-78.58749999999992,101.2504999999999
-0.26464999999999983,-0.26505000000000006,1.5,-496.14609999999993,-78.37190000000001,82.42989999999992
-0.23420000000000019,-0.2688,1.5018,-475.21239999999995,-79.12519999999998,64.97499999999998
-0.2730500000000001,-0.2577,1.51845,-459.1395999999999,-75.19579999999999,59.28624999999998
-0.3136000000000001,-0.25170000000000003,1.5317,-448.6938,-76.48200000000004,61.39370000000007
-0.3580000000000001,-0.25725000000000003,1.53725,-450.99150000000003,-89.58000000000003,81.15725000000005
-0.38840000000000025,-0.2880000000000008,1.5343999999999998,-448.8707999999999,-93.44079999999992,104.86600000000041
-0.40505,-0.3435000000000001,1.5233,-442.4106,-88.22935,132.44950000000006
-0.3748999999999993,-0.3951000000000007,1.5356000000000003,-419.5391999999996,-78.09609999999984,159.67420000000038
-0.32494999999999996,-0.44505000000000006,1.5578,-389.72459999999995,-65.88055,186.74710000000002
-0.30499999999999977,-0.5000000000000008,1.5800000000000003,-351.0399999999995,-50.5849999999998,200.37500000000017
-0.29,-0.5478000000000001,1.6027500000000001,-310.83575,-36.62045,210.95425
-0.29,-0.5255999999999997,1.6305000000000003,-265.68649999999946,-37.83590000000001,207.26349999999994
-0.2801,-0.4902000000000001,1.64505,-226.19345000000004,-38.78075,206.63185
-0.24679999999999963,-0.4235999999999993,1.6283999999999998,-200.06959999999972,-39.086000000000006,213.23080000000007
-0.19150000000000023,-0.37075000000000014,1.6117500000000002,-189.926,-33.05250000000004,222.26074999999997
-0.11379999999999924,-0.33189999999999964,1.5951,-196.05320000000006,-20.564999999999877,233.7659000000001
-0.08230000000000004,-0.3277,1.59385,-200.8868,-14.72260000000001,239.7078
-0.07119999999999992,-0.3388000000000001,1.5994000000000002,-205.14920000000006,-11.814399999999974,243.19320000000002
-0.07,-0.34,1.6,-208.29784999999998,1.0284499999999355,239.22390000000001
-0.0735000000000003,-0.3430000000000003,1.6030000000000004,-211.88750000000007,14.133000000000028,233.5919999999999
-0.11234999999999978,-0.37629999999999986,1.6362999999999999,-221.29474999999994,17.718299999999978,220.29420000000007
-0.13359999999999986,-0.3951999999999999,1.6632,-228.15640000000002,15.14839999999988,210.6252
-0.11140000000000015,-0.3785500000000001,1.6743,-228.7336,-2.6171499999998833,209.9148
-0.043299999999997854,-0.34569999999999906,1.6448999999999987,-234.2302000000002,0.5585000000004641,225.68520000000063
0.07324999999999761,-0.29575000000000107,1.5727500000000014,-244.91949999999977,25.838749999999486,258.85199999999935
0.1214000000000003,-0.2876000000000002,1.5614000000000003,-269.83980000000054,63.09660000000074,294.61040000000065
0.1380500000000001,-0.2987,1.5780500000000002,-301.3138500000001,105.87045000000018,331.56230000000016
0.07629999999999881,-0.35880000000000106,1.6437000000000013,-298.24779999999987,124.95280000000025,353.54960000000034
0.007299999999999897,-0.41955,1.70865,-287.7518499999999,139.53699999999998,372.97265000000004
-0.026000000000000512,-0.41399999999999987,1.6919999999999997,-244.97799999999935,138.76,385.8320000000002
-0.062400000000000094,-0.3789999999999998,1.6831,-210.43464999999998,135.92149999999998,398.64485
-0.10680000000000064,-0.2679999999999984,1.6942000000000002,-197.1312999999998,127.76299999999988,411.3377000000002
-0.10879999999999995,-0.15434999999999988,1.68145,-202.31700000000004,114.82389999999998,426.63020000000006
-0.06439999999999942,-0.037799999999998446,1.6425999999999994,-227.73600000000033,96.65319999999976,444.76760000000024
-0.03125,-0.015,1.61875,-260.17125,94.21000000000001,444.10999999999996
-0.003499999999999659,-0.037200000000000275,1.6020999999999999,-295.9743000000004,99.31600000000006,434.43079999999986
-0.043649999999999946,-0.07879999999999995,1.6533499999999999,-292.7106,75.23955000000002,396.24330000000003
-0.0920000000000003,-0.12080000000000013,1.7132000000000005,-282.43799999999965,45.8019999999995,352.66319999999934
-0.11974999999999995,-0.1319,1.7575999999999998,-254.52150000000006,1.5685000000000926,292.6288500000001
-0.14,-0.13249999999999973,1.79,-232.39349999999993,-36.362000000000215,234.72599999999946
-0.14,-0.10475000000000009,1.79,-225.89445,-57.274399999999936,182.57820000000018
-0.06719999999999857,-0.0847999999999999,1.7717999999999996,-227.4034000000001,-67.13679999999998,143.6331999999998
0.08820000000000336,-0.07369999999999977,1.732949999999999,-237.99835000000022,-64.46169999999994,119.66829999999949
0.1881000000000006,-0.08480000000000018,1.7014999999999998,-257.5917000000002,-40.130499999999714,113.10450000000002
0.2602500000000015,-0.10700000000000046,1.6737499999999994,-281.6842500000005,-4.97124999999928,115.24125000000005
0.21719999999999956,-0.17720000000000055,1.7084000000000004,-300.80400000000014,5.4008000000000465,105.45959999999991
0.15894999999999967,-0.25280000000000086,1.7507000000000001,-317.40934999999985,12.285900000000247,93.29104999999961
0.1422999999999999,-0.2972000000000003,1.7618,-308.2018999999999,24.906600000000076,73.32769999999988
0.11984999999999929,-0.3256499999999997,1.7714500000000002,-302.83260000000007,34.963700000000046,50.92254999999946
0.0809999999999998,-0.3089999999999999,1.7770000000000001,-308.316,37.77200000000001,21.61299999999985
0.07275000000000048,-0.3076500000000003,1.7749,-319.6465500000003,36.196849999999884,-4.384100000000387
0.10050000000000012,-0.3243000000000001,1.7638,-337.8561,29.464699999999972,-26.48420000000009
0.12825000000000045,-0.35920000000000074,1.7673,-359.69010000000037,20.68489999999984,-37.521150000000084
0.15600000000000008,-0.4036000000000001,1.7784,-383.41080000000005,10.83919999999997,-42.79920000000002
0.14099999999999965,-0.45750000000000085,1.8037500000000004,-371.7962499999997,-1.1250000000001883,-42.025749999999974
0.11789999999999992,-0.5112000000000001,1.8312000000000002,-354.05139999999994,-13.094700000000012,-40.263999999999996
0.07904999999999944,-0.5334000000000003,1.8534000000000004,-333.1722999999997,-18.916650000000082,-39.042999999999985
0.04019999999999997,-0.543,1.8756000000000002,-315.5034,-26.607600000000012,-39.61540000000001
0.0013499999999994836,-0.5152499999999997,1.8978000000000004,-307.3504499999999,-39.83880000000018,-45.50395000000008
-0.009999999999999998,-0.5075000000000001,1.9224999999999999,-305.095,-53.2225,-49.900000000000006
0.012200000000000273,-0.5241500000000002,1.9502500000000003,-310.03450000000004,-66.79225000000017,-52.47520000000004
0.052399999999999954,-0.5408000000000001,1.9744,-304.2856,-74.21679999999999,-41.02120000000002
0.10235000000000057,-0.5574500000000002,1.9966000000000002,-292.74714999999986,-78.31270000000005,-21.968049999999785
0.07240000000000009,-0.6023,2.0469999999999997,-264.49550000000005,-85.04529999999998,-9.161200000000024
0.03150000000000034,-0.65,2.1015000000000006,-232.4349999999995,-91.38424999999988,2.041750000000012
0.0647999999999999,-0.65,2.1348,-183.70600000000016,-79.26860000000003,3.1905999999999963
0.09135000000000004,-0.625699999999999,2.1694500000000003,-146.6329,-66.47794999999985,2.0606499999999226
0.09689999999999999,-0.5258000000000004,2.2083,-145.82260000000002,-51.58730000000006,-6.158899999999966
0.0950999999999999,-0.47245000000000004,2.2177499999999997,-169.54170000000045,-37.38264999999989,-20.34175000000018
0.08400000000000006,-0.4779999999999999,2.1900000000000004,-224.29799999999972,-24.046000000000067,-42.06999999999989
0.058699999999999766,-0.5439000000000007,2.2013000000000003,-269.9166000000003,-13.613249999999937,-69.87940000000023
0.025400000000000204,-0.6437999999999994,2.2346,-310.3871999999997,-4.816500000000054,-101.11479999999982
0.033950000000000105,-0.7065000000000003,2.2493000000000003,-319.41915,-11.983200000000064,-115.34050000000006
0.05,-0.7625999999999995,2.26,-321.87460000000004,-21.796800000000015,-125.69820000000003
0.05,-0.8347500000000003,2.26,-311.17974999999996,-19.76549999999999,-120.65324999999997
0.053899999999999865,-0.9016999999999996,2.2613,-297.68730000000016,-18.51809999999999,-114.20560000000009
0.07055000000000007,-0.9516500000000002,2.26685,-275.0488499999999,-19.833450000000006,-103.17219999999996
0.08,-0.9823999999999999,2.2676,-253.62240000000017,-16.29360000000009,-89.87080000000014
0.08,-0.98795,2.26205,-233.78669999999994,-6.381299999999969,-73.59264999999995
0.07650000000000005,-1.0144999999999995,2.2634999999999996,-222.89700000000008,4.790999999999878,-62.22500000000009
0.07095,-1.0533500000000002,2.26905,-217.2471,16.701300000000025,-53.733499999999985
0.08379999999999982,-1.0508000000000002,2.2654,-210.33220000000009,21.182599999999965,-39.547200000000174
0.09954999999999999,-1.04045,2.2598499999999997,-203.3866,24.26225000000001,-24.33749999999999
0.08290000000000021,-1.0571,2.2543,-204.74079999999998,32.115499999999905,-14.625000000000119
0.065,-1.0725,2.2475,-205.04375,38.3975,-7.03125
0.04279999999999973,-1.0836000000000001,2.2363999999999997,-201.73039999999995,39.274400000000014,-6.725999999999996
0.018250000000000034,-1.0947,2.2347,-195.6934,37.101000000000006,-11.22179999999999
-0.009500000000000312,-1.1058000000000001,2.2458,-185.94759999999988,30.77399999999993,-22.255200000000123
-0.023449999999999988,-1.0962,2.24655,-180.1348,19.14435000000003,-32.48819999999998
-0.029000000000000057,-1.0739999999999998,2.241,-176.71599999999995,4.286999999999848,-42.2340000000001
-0.057300000000000746,-1.0745500000000001,2.267300000000001,-176.45945,-12.927250000000399,-51.92065000000022
-0.0897999999999999,-1.0803000000000003,2.3002,-176.929,-30.715600000000194,-61.55240000000007
-0.07870000000000005,-1.09695,2.3112999999999997,-179.09349999999998,-51.56139999999992,-68.90059999999997
-0.06639999999999988,-1.1136000000000001,2.3224,-180.51999999999998,-69.09280000000005,-76.25480000000006
-0.04974999999999966,-1.1302500000000002,2.3335,-179.27124999999995,-74.60950000000011,-83.63075000000015
-0.03309999999999988,-1.1446,2.3538,-177.27729999999997,-77.16609999999999,-90.45930000000004
-0.016450000000000103,-1.1557,2.3870999999999998,-174.23035000000002,-75.53995,-96.51434999999996
-0.003199999999999932,-1.1804000000000001,2.4034,-168.59259999999995,-71.53039999999996,-100.49880000000002
0.007900000000000205,-1.2137000000000007,2.4089500000000004,-161.31654999999986,-66.0136999999999,-103.17390000000006
0.0009999999999999436,-1.2425000000000002,2.4145,-149.34699999999992,-64.5875,-101.34899999999999
-0.01,-1.27015,2.42005,-136.26650000000012,-64.08250000000004,-98.43170000000006
-0.01,-1.2868000000000006,2.4256,-121.44799999999957,-59.919999999999874,-90.85039999999978
-0.01115000000000009,-1.30115,2.43,-106.07404999999972,-56.76030000000001,-82.4560499999998
-0.016700000000000017,-1.3067,2.43,-88.57489999999994,-57.437400000000004,-70.95089999999996
-0.015500000000000114,-1.3077500000000002,2.43,-71.90150000000015,-57.07275000000002,-57.23625000000017
-0.004399999999999693,-1.3021999999999998,2.43,-56.43919999999957,-55.18019999999995,-40.28099999999953
0.01005000000000024,-1.3,2.4367000000000005,-36.84634999999968,-48.05494999999985,-25.225199999999802
0.026700000000000015,-1.3,2.4478,-14.540899999999976,-37.49329999999999,-11.416799999999986
0.043350000000000645,-1.3,2.4410999999999996,12.997750000001123,-25.30739999999951,0.7629000000004584
0.05999999999999971,-1.299999999999999,2.4299999999999997,41.830000000000645,-12.71999999999997,12.540000000000315
0.04889999999999986,-1.2611499999999995,2.4078,67.04365000000031,-11.498999999999985,24.88875000000015
0.04,-1.219,2.3911000000000002,89.44569999999999,-9.339700000000006,35.166199999999996
0.04,-1.163499999999998,2.39665,100.4735500000004,-3.3845499999997806,37.06430000000007
0.04,-1.114599999999999,2.3889999999999993,107.185,1.2154000000000598,38.907400000000045
0.04,-1.0757499999999995,2.3612499999999996,107.32374999999999,3.751750000000026,40.66675000000002
0.04,-1.0402000000000002,2.3434,101.84590000000003,5.463099999999996,37.57840000000002
0.04,-1.0068999999999988,2.3322999999999996,92.53854999999967,6.611950000000039,31.184799999999775
0.031199999999999763,-0.9955999999999999,2.3167999999999997,82.61519999999979,4.465199999999935,23.286399999999823
0.02009999999999991,-0.99005,2.3001499999999995,72.53084999999992,1.4570999999999752,14.994699999999932
0.02549999999999997,-0.9735,2.3,61.605000000000054,-1.3199999999999856,6.9010000000000415
0.027899999999999633,-0.9621000000000003,2.3,51.49154999999978,-3.4807499999999845,-1.6056500000003382
0.016799999999999784,-0.9732000000000002,2.3,44.892599999999874,-3.008999999999991,-11.8898000000002
0.007849999999999966,-0.97785,2.2935499999999998,42.109900000000025,-5.327950000000042,-20.720550000000042
0.00230000000000004,-0.9723,2.2769,45.36219999999998,-12.060099999999952,-27.252899999999954
0.0032500000000001703,-0.97,2.2667499999999996,48.15625000000008,-18.438000000000187,-34.45800000000024
0.008800000000000096,-0.97,2.2611999999999997,50.62600000000004,-24.565200000000107,-42.13920000000013
0.001299999999999954,-0.9787,2.2687,57.284800000000025,-29.787600000000023,-47.088600000000014
-0.009799999999999897,-0.9897999999999999,2.2798,65.09919999999993,-34.760399999999954,-51.28439999999996
0.0063500000000004785,-0.9681999999999993,2.28,79.1974500000004,-38.904800000000115,-50.76594999999998
0.022000000000000172,-0.9489999999999998,2.28,93.38700000000021,-41.32099999999991,-50.42800000000002
0.033100000000000025,-0.9434499999999999,2.28,107.46735000000002,-35.94304999999999,-51.3049
0.03580000000000012,-0.9295000000000002,2.2758,122.44229999999982,-30.563000000000063,-55.3716999999999
0.024699999999999705,-0.9017499999999993,2.2646999999999995,138.88695000000044,-25.179499999999855,-64.67905000000025
0.02640000000000015,-0.8867999999999999,2.2535999999999996,151.76360000000014,-27.71920000000011,-77.2824000000002
0.0375,-0.88125,2.2425,162.02,-36.0775,-92.30625
0.06579999999999955,-0.8757,2.2314000000000003,169.07719999999992,-39.79609999999997,-106.28519999999982
0.09910000000000083,-0.8701499999999999,2.2203,175.20440000000016,-42.16595000000005,-119.96040000000033
0.07839999999999975,-0.8483999999999997,2.22,171.68179999999995,-35.38279999999992,-127.93320000000008
0.06,-0.82905,2.22,166.431,-28.605700000000013,-133.10660000000001
0.06,-0.8235000000000002,2.22,154.1100000000005,-23.089000000000226,-125.4920000000003
0.07230000000000075,-0.8138499999999996,2.2097499999999997,141.80334999999974,-17.83469999999989,-115.41534999999968
0.10560000000000115,-0.7971999999999995,2.181999999999999,129.52119999999957,-13.028399999999833,-101.1351999999995
0.11685000000000002,-0.79,2.17315,120.96235000000001,-8.952900000000014,-92.42425000000001
0.11129999999999995,-0.79,2.1787,115.24029999999996,-5.434199999999971,-87.95649999999996
0.08449999999999933,-0.78575,2.18,110.16849999999991,-8.987500000000118,-95.33350000000023
0.05119999999999891,-0.7801999999999999,2.18,105.29559999999985,-14.704000000000187,-106.33360000000036
0.023250000000000173,-0.7960499999999999,2.18535,107.82709999999999,-27.862349999999914,-123.75904999999989
0.0027000000000001016,-0.8009999999999997,2.1854999999999998,111.40400000000005,-39.1308,-138.62030000000001
0.019350000000000304,-0.7454999999999989,2.1577499999999996,118.95200000000014,-39.1974,-138.99215
0.019999999999999147,-0.6899999999999983,2.1339999999999995,113.73199999999915,-38.48399999999994,-136.9859999999998
-0.007749999999999773,-0.6345000000000004,2.11735,85.84880000000024,-36.38610000000002,-130.75890000000004
-0.004499999999999886,-0.6193000000000001,2.11,59.2489999999999,-36.89840000000001,-120.48629999999994
0.023250000000000454,-0.6359500000000002,2.11,33.66349999999959,-39.47360000000004,-107.01644999999978
0.03420000000000016,-0.7030000000000024,2.1268000000000007,27.028399999999987,-32.54419999999971,-103.48379999999999
0.039749999999999945,-0.7862499999999992,2.1489999999999996,26.484500000000008,-22.5597500000001,-103.14525
0.045300000000000014,-0.8377000000000001,2.1288,58.19640000000007,-28.570700000000013,-108.49360000000001
0.05,-0.8765999999999997,2.1065999999999994,93.62195000000068,-33.81294999999995,-113.42680000000001
0.05,-0.8543999999999994,2.084399999999999,141.16880000000126,-30.632799999999914,-114.58120000000002
0.04025000000000034,-0.8283000000000004,2.06805,179.46484999999973,-29.582049999999963,-116.93484999999994
0.0125,-0.795,2.0625,200.6825,-32.4625,-121.5025
0.0030500000000000683,-0.7586499999999995,2.0447499999999996,215.55920000000012,-32.84804999999998,-124.17305000000002
0.008600000000000137,-0.719799999999999,2.016999999999999,225.23840000000024,-31.18859999999996,-125.28860000000002
0.0017000000000001597,-0.7058500000000001,2.0224499999999996,219.50865000000016,-36.41399999999989,-131.5169499999999
-0.009399999999999978,-0.7002999999999999,2.0391,208.58070000000004,-43.96199999999998,-139.4701
0.0005000000000001132,-0.7315000000000004,2.0505,186.89024999999978,-53.5890000000001,-160.80550000000022
0.013200000000000503,-0.7704000000000016,2.0584,168.00560000000004,-62.85160000000015,-183.82720000000063
0.03539999999999964,-0.8425499999999988,2.0473000000000003,169.43194999999997,-69.2451999999999,-212.32089999999954
0.061399999999999864,-0.8976,2.0362,180.0884999999999,-78.27029999999993,-230.9669
0.09470000000000027,-0.9198000000000002,2.0251,208.47675000000024,-92.35065000000012,-230.69495
0.07999999999999886,-0.8699999999999978,2.017,225.45300000000015,-101.14200000000008,-207.99799999999914
0.024500000000001024,-0.759000000000002,2.01145,232.72904999999986,-105.43769999999992,-166.23980000000077
-0.026899999999999695,-0.6931000000000003,2.01,201.20680000000027,-98.73310000000006,-114.58010000000034
-0.07685000000000031,-0.6431499999999997,2.01,155.96319999999974,-88.13814999999994,-59.41864999999966
-0.048799999999999386,-0.7336000000000018,2.0152,117.72399999999931,-93.75160000000012,-36.68959999999962
-0.008000000000001811,-0.8312499999999983,2.0237499999999993,90.40149999999919,-100.64724999999983,-21.271249999999647
0.08080000000000384,-0.9145000000000035,2.051500000000001,129.9286000000017,-108.76690000000035,-38.67050000000075
0.14185000000000003,-0.9588999999999999,2.0662999999999996,182.1004500000003,-111.41609999999997,-57.24080000000009
0.1474000000000001,-0.9255999999999994,2.0551999999999997,259.5618000000013,-103.12439999999987,-78.15320000000034
0.12050000000000125,-0.8480500000000026,2.0411500000000005,325.27919999999875,-85.42515000000057,-85.30680000000011
0.06499999999999773,-0.7314999999999952,2.0244999999999993,380.6460000000023,-59.434499999998934,-80.33399999999979
0.017599999999999914,-0.6189999999999998,2.02,398.52195,-44.508449999999975,-62.36879999999995
-0.026800000000000636,-0.5079999999999985,2.02,402.51240000000007,-33.68039999999984,-39.59159999999967
-0.03,-0.4433500000000015,2.0251499999999996,379.40870000000064,-14.529950000000486,-21.274300000000444
-0.018099999999996313,-0.3970000000000022,2.024399999999998,353.96119999999894,5.27950000000078,-5.757600000000059
0.07625000000000001,-0.4525,1.98,326.855,25.17625,-7.245
0.14720000000000028,-0.5098000000000007,1.9427999999999996,312.01940000000013,41.145400000000095,-16.384200000000305
0.16940000000000055,-0.5708500000000015,1.9205999999999994,322.7475500000003,48.93205000000019,-41.46465000000062
0.15389999999999815,-0.5883999999999991,1.8983999999999992,353.66840000000184,60.34080000000054,-59.98240000000046
0.1039500000000001,-0.5662,1.8762,403.0411999999999,75.05939999999997,-72.50319999999998
0.005999999999998812,-0.5319999999999996,1.8579999999999999,427.0020000000001,97.19400000000026,-73.73199999999997
-0.11055000000000262,-0.49314999999999914,1.8413499999999996,441.1156500000003,122.20230000000056,-70.58514999999993
-0.14550000000000096,-0.464499999999999,1.8297999999999996,446.2074000000001,120.50189999999986,-52.29129999999932
-0.16285000000000027,-0.43610000000000015,1.82,450.28925,112.68655000000015,-33.38635000000006
-0.1017999999999995,-0.4027999999999997,1.82,452.759,76.5393999999997,-19.94979999999989
-0.05474999999999966,-0.36949999999999933,1.8305000000000007,457.02250000000015,40.89624999999929,-6.504499999999721
-0.038099999999999454,-0.33619999999999894,1.863800000000001,465.18100000000027,6.347499999998867,6.959800000000442
-0.04139999999999987,-0.30005000000000026,1.8999499999999996,474.37974999999994,-10.824799999999996,22.58154999999989
-0.06360000000000014,-0.26119999999999977,1.9388,484.5640000000001,-11.535200000000005,40.24720000000011
-0.12135000000000133,-0.22234999999999927,1.9579000000000002,497.03925000000027,-2.1296499999997494,58.25255000000034
-0.19350000000000223,-0.1834999999999988,1.9690000000000003,510.4425000000004,11.373500000000416,76.39550000000055
-0.14950000000000047,-0.14970000000000028,1.9801,510.72585,28.694449999999854,73.96475000000004
-0.08859999999999957,-0.1151999999999998,1.9869999999999999,512.1468000000001,46.02740000000006,67.65679999999992
0.016850000000001725,-0.07079999999999927,1.9592499999999995,533.6697000000004,60.34085000000023,46.16719999999965
0.10530000000000143,-0.014499999999997612,1.9229999999999983,554.0621000000006,84.61630000000135,30.098899999999894
0.15525000000000205,0.06875000000000342,1.8674999999999977,571.8942500000007,131.4527500000019,26.308249999999845
0.12679999999999977,0.1324000000000001,1.8175999999999999,572.4504,163.91400000000004,29.705200000000023
0.021349999999998488,0.17680000000000065,1.7731999999999994,556.0390499999997,182.25675000000027,40.16140000000015
-0.08410000000000281,0.2056000000000006,1.7248999999999985,537.0341999999995,191.25120000000013,48.31270000000019
-0.1895500000000041,0.22780000000000086,1.674949999999998,516.9320999999993,196.29060000000018,55.488850000000284
-0.175,0.25,1.615,490.245,181.485,61.17
-0.14669999999999958,0.2711000000000002,1.5555999999999994,464.39939999999984,164.5134999999998,66.49200000000005
-0.11339999999999918,0.2822000000000003,1.511199999999999,452.7887999999997,147.69699999999958,70.0440000000001
-0.09990000000000122,0.28669999999999957,1.4684499999999985,438.68504999999925,142.15825000000078,71.02034999999982
-0.13319999999999993,0.2756,1.4296,418.68840000000006,163.27599999999995,65.90880000000001
-0.1307499999999996,0.27,1.3962499999999998,411.6002500000001,174.53225,70.96125000000015
-0.09189999999999912,0.27,1.3684999999999994,417.6553000000001,175.74770000000004,86.36250000000035
-0.09155000000000058,0.2545999999999992,1.3445999999999994,423.4562500000002,186.82685000000055,89.69399999999993
-0.10819999999999994,0.2324000000000001,1.3224000000000002,429.145,202.26139999999995,87.69600000000001
-0.11990000000000009,0.1755499999999995,1.3101,440.2936000000001,206.43470000000002,76.8523499999999
-0.1294999999999999,0.11599999999999908,1.2944999999999989,452.94200000000046,208.5904999999999,64.05599999999956
-0.12394999999999981,0.07159999999999854,1.233449999999998,474.0542000000007,204.15604999999985,42.366599999999295
-0.09760000000000046,0.04319999999999993,1.1772000000000002,493.4319999999999,196.8736000000001,22.530000000000094
-0.01989999999999952,0.05430000000000007,1.1327999999999998,508.5280000000001,182.5601499999999,7.267499999999906
0.0172999999999999,0.08430000000000092,1.1018999999999999,515.1757,174.61599999999999,-4.933200000000166
0.01174999999999983,0.13425000000000153,1.0852499999999996,512.90575,173.39499999999995,-13.902000000000276
-0.06979999999999906,0.22979999999999903,1.1027999999999998,492.6580000000003,161.58720000000014,-2.480000000000171
-0.1863500000000005,0.3463500000000005,1.1361,464.1309999999999,144.9038999999999,18.332500000000085
-0.28330000000000155,0.413900000000001,1.1301999999999999,392.93969999999877,129.77389999999974,49.68980000000054
-0.3663999999999987,0.46054999999999663,1.1154999999999986,316.3930499999979,113.83204999999921,80.85470000000038
-0.32200000000000045,0.3440000000000012,1.0600000000000007,243.29400000000075,86.35400000000028,93.98599999999988
-0.24504999999999966,0.24449999999999988,1.01535,194.70200000000006,63.04389999999997,101.15444999999998
-0.08409999999999769,0.18899999999999922,0.9986999999999998,209.3540000000002,50.48979999999982,92.93489999999989
0.005300000000000296,0.1918000000000018,1.008550000000001,238.2921500000012,62.397850000001036,84.27544999999975
0.016399999999999863,0.2583999999999992,1.0473999999999997,282.86419999999947,101.07579999999953,75.13460000000012
-0.028749999999999998,0.32875,1.10125,312.32,122.76625,79.535
-0.10090000000000089,0.40090000000000087,1.1623000000000008,334.52000000000027,136.30270000000016,90.43520000000014
-0.11,0.35179999999999834,1.1214999999999986,348.52835000000033,135.02239999999992,87.63899999999988
-0.1080000000000004,0.28560000000000085,1.0640000000000012,362.5299999999996,132.3795999999999,81.1808000000004
-0.08025000000000006,0.2245500000000001,0.9807500000000002,391.66749999999996,139.72779999999997,53.025650000000056
-0.04799999999999954,0.18600000000000022,0.9109999999999997,418.2985000000002,149.33350000000016,22.957999999999636
-0.003599999999999,0.2082000000000005,0.8776999999999993,438.16195000000045,165.03445000000036,-12.273400000000795
-0.013799999999998813,0.24079999999999926,0.8755999999999995,443.4082000000002,173.94939999999997,-37.260799999999776
-0.0859500000000034,0.28520000000000206,0.9089000000000016,432.0695499999995,175.16485000000006,-50.62520000000063
-0.13220000000000026,0.33330000000000043,0.92,400.1810999999997,159.4416999999998,-50.16269999999994
-0.1655000000000007,0.38325000000000103,0.92,358.0177499999991,135.2492499999995,-42.78674999999985
-0.1268000000000009,0.33720000000000117,0.8816000000000008,302.03520000000105,120.03760000000025,-20.660400000000447
-0.077199999999998,0.27229999999999455,0.8378999999999984,246.36929999999916,107.84060000000052,3.094500000000618
-0.032799999999999725,0.15019999999999928,0.8045999999999998,227.4881999999999,119.58440000000006,16.803000000000083
-0.0029000000000002045,0.042599999999998764,0.7712999999999994,221.9297000000006,133.14070000000032,24.259099999999812
-0.013999999999999773,-0.023999999999998634,0.7380000000000007,254.04199999999932,151.8219999999996,14.036000000000211
-0.025100000000000476,-0.07785000000000167,0.740400000000002,281.80145000000095,158.68404999999967,4.016899999999579
-0.036200000000000045,-0.11670000000000016,0.7848000000000002,304.4399000000001,151.64109999999997,-5.76220000000004
-0.025399999999999638,-0.07889999999999874,0.79635,338.27655000000067,140.44079999999977,1.9312500000002757
-0.0032000000000005,-0.0012000000000017517,0.7908000000000002,377.9423999999991,127.0764000000003,18.719999999999622
-0.023750000000001138,0.0622500000000025,0.7567499999999984,379.5749999999998,128.97375000000017,37.8505000000008
-0.04909999999999997,0.12060000000000001,0.7184999999999999,373.40639999999996,133.1103,57.38290000000004
-0.032449999999999764,0.13170000000000018,0.6907499999999996,342.81479999999954,131.45084999999997,77.04655000000028
-0.02419999999999959,0.1483999999999992,0.6644000000000005,312.00060000000076,133.90599999999964,92.88539999999989
-0.04085000000000065,0.1817000000000013,0.6421999999999991,280.5265499999988,148.5580000000006,97.38645000000018
-0.06,0.1875,0.6375,244.2675,157.4025,99.005
-0.08220000000000027,0.15974999999999967,0.6541500000000002,202.1707499999995,159.16185000000002,97.10689999999997
-0.09720000000000027,0.13919999999999957,0.6563999999999999,166.4603999999992,155.87399999999985,93.17119999999987
-0.10830000000000041,0.12254999999999938,0.6508499999999998,134.2093499999988,149.85224999999977,88.13179999999981
-0.09590000000000004,0.11060000000000002,0.6594,119.92640000000003,137.34920000000002,91.4866
-0.08,0.09974999999999995,0.66975,109.74525000000008,124.12699999999997,96.39000000000006
-0.08,0.09419999999999988,0.6641999999999999,117.63180000000017,120.50839999999992,101.94000000000013
-0.08270000000000038,0.09,0.6505499999999986,129.52650000000085,116.62519999999984,107.27535000000016
-0.09379999999999995,0.09,0.6117000000000001,153.8909999999999,111.91880000000002,111.94289999999998
-0.07794999999999959,0.12430000000000063,0.5630499999999995,168.35260000000002,113.44275000000007,115.49080000000002
-0.027999999999998977,0.2020000000000016,0.5019999999999988,170.28400000000002,122.8500000000002,117.62200000000004
-0.03485000000000127,0.26550000000000185,0.47289999999999965,126.17189999999769,122.12909999999978,117.93559999999998
-0.07370000000000175,0.3210000000000025,0.46179999999999954,56.11979999999684,115.7021999999997,117.22519999999997
-0.0939500000000001,0.3160499999999999,0.4739500000000001,-13.848600000000431,105.41579999999993,109.08874999999995
-0.1095999999999998,0.2969999999999985,0.49,-81.81300000000027,94.85680000000004,99.21719999999968
-0.09850000000000023,0.21375000000000172,0.49,-96.6037499999997,96.98799999999996,81.37950000000036
-0.08220000000000027,0.13830000000000042,0.49389999999999984,-103.33970000000016,97.83610000000003,65.46060000000008
-0.04889999999999815,0.08834999999999724,0.510550000000001,-83.74264999999892,94.48944999999982,55.81469999999947
-0.02759999999999991,0.045599999999999453,0.52,-53.611999999999284,93.04360000000003,47.954399999999914
-0.02204999999999984,0.012299999999999044,0.52,-9.65599999999874,94.09255000000003,42.43769999999984
0.004500000000001593,0.010500000000000682,0.5094999999999993,34.688500000001824,90.97999999999978,37.54049999999981
0.04335000000000008,0.027150000000000032,0.49284999999999995,79.2605500000001,85.42999999999999,33.00614999999999
0.05460000000000008,0.07600000000000079,0.4761999999999998,103.66160000000029,89.16280000000008,32.1472
0.05955000000000041,0.13089999999999918,0.46,123.06920000000025,94.49725000000015,32.09484999999996
0.0429000000000002,0.1641999999999996,0.46,112.67960000000012,88.47550000000007,33.75429999999998
0.028749999999999713,0.18874999999999972,0.4587499999999997,99.97374999999894,82.65874999999974,35.931250000000205
0.023199999999999932,0.18319999999999992,0.45319999999999994,79.29999999999974,77.54719999999993,39.88840000000005
0.022350000000000137,0.17059999999999945,0.45470000000000027,57.406599999999415,75.58935000000005,44.76440000000015
0.027900000000000202,0.1483999999999992,0.4658000000000004,33.852399999999136,77.92590000000008,50.891600000000224
0.03,0.12620000000000006,0.45965,25.906,77.92335,54.80735
0.03,0.10399999999999977,0.44299999999999984,27.460000000000015,76.49699999999999,57.37700000000003
0.020900000000000318,0.11819999999999938,0.44,29.12774999999995,73.55095000000009,57.535150000000016
0.010699999999999363,0.14029999999999973,0.44029999999999975,30.467500000000292,70.2251000000001,57.19989999999997
0.04955000000000183,0.1569500000000008,0.45695000000000074,12.568749999999156,64.40314999999973,58.85935000000008
0.06919999999999704,0.17,0.47,-9.618800000002238,58.0039999999995,60.07959999999998
0.019249999999998976,0.17,0.47,-47.35325000000077,49.512499999999825,59.70774999999999
0.013000000000001816,0.20680000000000293,0.4469999999999982,-99.79850000000242,46.124700000000125,57.44299999999984
0.06849999999999966,0.2955999999999995,0.39150000000000035,-173.03074999999956,49.94864999999998,52.50350000000003
0.08319999999999993,0.31299999999999983,0.3904000000000002,-220.4332000000002,53.58560000000002,50.83820000000001
0.07210000000000037,0.28525000000000095,0.4236999999999989,-251.502099999999,57.10429999999989,51.243349999999985
0.061000000000000235,0.27550000000000013,0.47499999999999887,-259.76499999999993,43.613000000000355,52.85449999999996
0.049499999999997615,0.26879999999999427,0.5305000000000024,-262.056249999997,25.79044999999752,54.59924999999937
-0.006000000000003072,0.13559999999999264,0.5860000000000031,-192.81999999999618,-31.879600000003187,40.085999999999196
-0.04194999999999936,0.009299999999998365,0.6346000000000004,-116.82979999999834,-88.51120000000085,24.204249999999654
-0.0030999999999988884,-0.09060000000000286,0.6568000000000007,-14.99839999999709,-141.1696000000015,3.0864999999993934
0.044749999999999374,-0.1342500000000004,0.6632500000000002,79.58799999999913,-173.58924999999996,-17.086249999999808
0.10580000000000013,-0.09539999999999992,0.6466,163.54840000000019,-176.3254,-35.87300000000004
0.1266500000000002,-0.02975000000000308,0.6132000000000016,213.19139999999902,-156.92475000000127,-48.50579999999968
0.12109999999999957,0.05350000000000649,0.5687999999999966,240.2976000000021,-122.98649999999736,-57.09720000000067
