-0.4658,-0.01,0.11440000000000003,55.69905,-67.8195,-9.936574999999998
-0.59,-0.01,0.28,38.28,-20.52,60.49
-0.5848249999999999,-0.046225,0.3628,20.358974999999997,30.251925000000014,41.968675000000005
-0.58175,-0.08035,0.44,3.4000999999999992,76.87915,24.298899999999996
-0.607625,-0.085525,0.44,-0.2948500000000016,66.368725,18.36835
-0.63,-0.0935,0.4379,-5.1286999999999985,57.472500000000004,13.534699999999999
-0.63,-0.11937500000000001,0.422375,-17.243375,58.895625,15.713375
-0.63105,-0.1379,0.40579999999999994,-27.956300000000002,60.081450000000004,17.2001
-0.636225,-0.12755,0.38509999999999994,-33.16235,60.335025,15.968449999999999
-0.6358,-0.12419999999999999,0.36719999999999997,-36.1578,57.35180000000001,13.789000000000003
-0.620275,-0.139725,0.35685,-33.192525,45.640775000000005,9.053875000000001
-0.6065,-0.15175,0.34125,-24.592250000000007,40.39775,7.073249999999999
-0.59615,-0.156925,0.315375,-4.963475000000003,47.813525,10.483574999999998
-0.6026,-0.1579,0.3,11.116299999999999,51.5417,12.9195
-0.63365,-0.152725,0.3,21.999325,49.870175,13.928625
-0.6524500000000001,-0.14509999999999998,0.3,31.272700000000015,45.16554999999999,14.967150000000004
-0.657625,-0.13475,0.3,38.755749999999985,37.087375000000016,16.038375
-0.6544000000000001,-0.12160000000000003,0.2972,42.512,32.9376,16.376
-0.64405,-0.10607500000000002,0.292025,43.107125,32.11995,16.091375
-0.64,-0.09055000000000002,0.29,41.9981,31.1259,15.923300000000001
-0.64,-0.07502500000000002,0.29,39.79355,30.01845,15.830150000000001
-0.6435,-0.07,0.2865,37.456,27.549500000000002,15.758000000000001
-0.648675,-0.07,0.28132500000000005,35.0548,24.428975,15.6959
-0.65,-0.07,0.28,30.1896,20.8349,16.09965
-0.65,-0.07,0.28,24.4764,17.07785,16.663725
-0.65,-0.0658,0.28,23.1984,14.6018,14.418
-0.65,-0.06062500000000002,0.28,22.950000000000003,12.423125000000008,11.52000000000001
-0.64545,-0.04179999999999999,0.26635000000000003,21.8917,7.77835,7.757499999999999
-0.640275,-0.021100000000000067,0.2508250000000001,20.722150000000003,2.7948250000000154,3.876250000000012
-0.6498,-0.00039999999999999064,0.25,11.398999999999996,-0.1895000000000011,2.3812999999999995
-0.65985,0.02,0.24985,1.5550999999999924,-3.0827000000000027,1.0349749999999998
-0.6495000000000001,0.02,0.23950000000000005,-12.58299999999996,-7.408999999999988,0.6882500000000009
-0.640425,0.02042499999999997,0.22957500000000003,-26.285474999999945,-11.302225000000007,-0.0443749999999703
-0.6456,0.025599999999999987,0.22440000000000002,-35.11919999999998,-10.355200000000004,-5.089999999999988
-0.65155,0.02845000000000006,0.22154999999999994,-43.99554999999995,-9.30432500000001,-9.631099999999991
-0.6619,0.018100000000000022,0.23189999999999997,-53.11389999999998,-7.663850000000004,-11.307799999999997
-0.6677500000000001,0.008874999999999992,0.24225000000000002,-61.396375000000006,-5.878249999999997,-12.962000000000002
-0.6574000000000001,0.00370000000000001,0.2526,-66.66969999999999,-3.5702000000000043,-14.535199999999996
-0.64705,0.005900000000000037,0.261475,-72.45485000000001,-1.3270499999999963,-14.878249999999994
-0.6367,0.026599999999999964,0.26665,-79.52389999999998,0.7532999999999967,-12.135500000000004
-0.6373000000000001,0.03817499999999999,0.27182500000000004,-88.16062500000001,2.8792750000000047,-9.958499999999997
-0.658,0.03300000000000001,0.277,-99.67499999999998,5.088999999999997,-8.820000000000002
-0.67435,0.02564999999999998,0.28652500000000003,-109.59945000000002,7.975150000000008,-7.046399999999994
-0.6847,0.015300000000000012,0.30205,-117.3309,11.794299999999996,-4.3968000000000025
-0.687475,0.015050000000000027,0.32010000000000005,-121.752075,13.4874,-5.10292500000001
-0.6823,0.025399999999999992,0.3408,-122.6991,12.949200000000001,-9.330899999999996
-0.6857500000000001,0.044375000000000074,0.36150000000000004,-126.11862500000002,12.517375,-13.823375000000013
-0.6960999999999999,0.07024999999999998,0.3822,-131.51615,12.17065,-18.527449999999998
-0.6871,0.10579999999999984,0.39967499999999995,-137.384525,10.978975000000005,-18.077975000000016
-0.6664,0.1472,0.41519999999999996,-143.5376,9.2764,-14.512400000000001
-0.66715,0.16714999999999997,0.42,-156.84067499999995,15.288674999999966,-18.75104999999997
-0.6775,0.17749999999999994,0.42,-173.3437499999999,24.753749999999933,-26.48249999999995
-0.6917749999999999,0.176075,0.40822500000000006,-190.22754999999995,29.791424999999986,-43.68889999999993
-0.7072999999999999,0.1709,0.3927,-207.2326,33.4191,-63.91280000000001
-0.7228249999999999,0.16145000000000004,0.394275,-217.98332499999998,32.331450000000004,-88.98882499999992
-0.7383499999999998,0.15110000000000007,0.39944999999999997,-227.41734999999994,30.251100000000015,-115.08634999999984
-0.7214999999999999,0.15925000000000006,0.404625,-233.10512500000002,18.21312499999995,-135.93450000000007
-0.7008,0.16960000000000003,0.4098,-238.34740000000002,4.99099999999999,-156.1584
-0.70995,0.19487499999999994,0.39010000000000006,-248.5,-0.5248499999999874,-163.86022499999999
-0.7207499999999998,0.22044999999999992,0.3691000000000002,-259.0850499999999,-5.443800000000028,-170.54715000000004
-0.7466250000000001,0.23597500000000007,0.33804999999999985,-277.5442750000001,-0.7448999999999781,-160.09882499999995
-0.7734999999999999,0.24550000000000027,0.30900000000000005,-295.52799999999996,4.338499999999952,-150.709
-0.8097249999999997,0.1989250000000004,0.2986500000000001,-309.0657999999999,13.016974999999924,-151.21615
-0.84,0.1574500000000002,0.29,-318.6281500000001,18.720450000000113,-153.59924999999984
-0.84,0.14192500000000002,0.29,-307.962475,9.286425000000015,-165.52762499999997
-0.8364,0.12640000000000007,0.2935999999999999,-294.9040000000001,-0.14759999999995443,-177.58679999999993
-0.8208750000000001,0.11087500000000014,0.30912499999999987,-273.9193750000002,-9.581624999999924,-190.07924999999992
-0.8208499999999996,0.1,0.3277499999999997,-253.10525000000027,-19.186149999999888,-198.52775000000003
-0.857075,0.1,0.35362499999999997,-232.68987500000003,-29.189424999999993,-197.51862500000001
-0.8895,0.1,0.37189999999999995,-214.40440000000007,-42.28589999999992,-194.7957
-0.9153749999999998,0.1,0.37707499999999994,-199.7902000000001,-60.71407499999985,-189.11872500000004
-0.93,0.10450000000000004,0.39350000000000007,-183.02499999999995,-73.39350000000002,-179.90024999999997
-0.93,0.11485,0.42455,-163.4635,-78.59955,-166.077825
-0.9092000000000002,0.09920000000000015,0.44,-148.70420000000004,-76.37220000000003,-151.89140000000003
-0.8678000000000002,0.057800000000000296,0.44,-138.70092500000007,-66.78292500000006,-137.3444750000001
-0.8322999999999999,0.037049999999999986,0.46655000000000013,-131.5385,-64.45655000000001,-127.11634999999998
-0.80125,0.031875,0.513125,-126.51875,-67.608125,-120.14562500000001
-0.8031999999999999,0.013500000000000085,0.5431999999999999,-125.1257,-69.69709999999999,-123.61609999999997
-0.8238999999999999,-0.01237499999999983,0.5638999999999998,-125.793275,-71.18232499999999,-133.01907499999993
-0.83,-0.04555000000000014,0.5846,-136.46915000000004,-83.54820000000007,-139.10420000000002
-0.83,-0.08177500000000001,0.6053,-151.326575,-100.46010000000001,-143.8031
-0.7940000000000002,-0.10599999999999994,0.614,-166.50799999999995,-116.42399999999996,-155.28599999999997
-0.7474250000000002,-0.12669999999999987,0.6191749999999999,-181.7845999999999,-132.10942499999993,-168.7616999999999
-0.7313,-0.13,0.6374000000000001,-205.7829500000001,-134.6622,-179.20980000000006
-0.72095,-0.13,0.6581,-231.435425,-134.7243,-189.08370000000002
-0.7528999999999999,-0.16759999999999992,0.6553,-271.9915999999999,-136.563,-194.4033
-0.7891249999999999,-0.20899999999999977,0.6501250000000001,-314.05399999999975,-138.58124999999998,-199.26262499999996
-0.79505,-0.26050000000000023,0.65,-353.9600500000002,-139.8016,-199.68805
-0.8009000000000001,-0.3120250000000001,0.64955,-392.845675,-140.774275,-199.7389
-0.8216,-0.3585999999999999,0.6392,-410.45619999999997,-136.7326,-193.9636
-0.839425,-0.4074750000000006,0.63,-426.9690500000001,-133.03822499999998,-188.32917499999996
-0.8342499999999999,-0.4747500000000004,0.63,-434.70050000000003,-132.12224999999998,-183.82174999999998
-0.83185,-0.5392500000000001,0.62815,-436.92634999999996,-136.31135000000006,-180.89237500000002
-0.8422,-0.591,0.6178,-413.85620000000006,-163.95619999999997,-185.2135
-0.84745,-0.626175,0.608725,-387.6699500000002,-193.26364999999984,-189.33317499999998
-0.8371000000000001,-0.6106500000000001,0.60355,-351.95210000000026,-227.65669999999974,-192.83665
-0.8364999999999997,-0.5821250000000006,0.6081249999999997,-321.8015000000002,-262.40724999999964,-198.0138749999999
-0.8572,-0.5252,0.634,-303.8132,-297.9388,-206.8476
-0.875925,-0.46432500000000027,0.6697499999999998,-289.054025,-326.97852499999993,-211.731325
-0.8914499999999999,-0.39705000000000046,0.7214999999999996,-279.52685,-345.49984999999987,-210.21505000000002
-0.897675,-0.3367499999999998,0.7709250000000002,-287.9742500000001,-352.24272499999995,-205.26939999999996
-0.8925000000000001,-0.2850000000000007,0.8174999999999993,-318.4549999999996,-344.54750000000007,-196.12000000000012
-0.8552250000000002,-0.2813999999999999,0.8613999999999998,-346.06547499999994,-337.307025,-192.6309
-0.7879500000000005,-0.32279999999999975,0.9027999999999997,-370.9934499999999,-330.4915500000001,-194.43179999999998
-0.7418500000000003,-0.37932499999999936,0.9532749999999994,-380.11580000000004,-318.08587500000016,-200.2710749999999
-0.7108,-0.4466,1.0102,-378.0044,-301.707,-208.9806
-0.7236249999999994,-0.4936249999999994,1.0536249999999994,-366.89525000000026,-292.3886250000001,-209.10750000000007
-0.7598499999999998,-0.5298499999999998,1.0898499999999998,-350.98730000000006,-286.83585,-204.657
-0.7774500000000001,-0.5511750000000001,1.1223500000000002,-337.87682499999994,-276.51134999999994,-194.18689999999995
-0.7878,-0.5666999999999998,1.1533999999999995,-325.85530000000017,-264.32940000000013,-181.37360000000018
-0.802225,-0.5862999999999999,1.164075,-317.436075,-257.91357500000004,-172.04035000000002
-0.8177500000000001,-0.6070000000000002,1.16925,-309.98924999999997,-253.05424999999997,-163.64649999999995
-0.7890250000000003,-0.6011500000000001,1.1744249999999998,-308.26395,-255.39882499999996,-158.43865000000005
-0.7527999999999999,-0.5908,1.1796,-307.5084,-258.9644,-153.77079999999998
-0.7070250000000007,-0.5709000000000003,1.18,-322.7061249999997,-240.87057500000031,-138.03450000000026
-0.6604500000000003,-0.5502000000000001,1.18,-339.2402499999999,-220.9623500000001,-121.37100000000008
-0.6651250000000001,-0.5858750000000003,1.195375,-361.4016250000001,-199.98812499999988,-109.21237499999992
-0.6708999999999998,-0.6226999999999995,1.2097,-382.52739999999994,-179.61820000000012,-97.08090000000014
-0.686425,-0.669275,1.204525,-385.93255,-169.23715,-84.67642500000001
-0.7013,-0.7145500000000004,1.19935,-389.15960000000007,-158.47129999999987,-72.83549999999993
-0.7116499999999999,-0.7507749999999997,1.194175,-391.1468,-145.0266500000001,-64.91775000000005
-0.717,-0.783,1.1889999999999998,-392.574,-132.39299999999997,-56.46299999999997
-0.7014749999999997,-0.7985250000000003,1.183825,-391.6632,-123.14527499999988,-45.76627499999986
-0.6926999999999998,-0.81,1.1853999999999996,-391.8539999999999,-112.76220000000023,-32.673300000000346
-0.7030500000000001,-0.81,1.2061000000000002,-395.166,-99.16229999999992,-12.790949999999869
-0.71,-0.8167999999999995,1.2267999999999994,-398.4677999999999,-84.84840000000038,7.691499999999479
-0.71,-0.8375,1.2475,-401.74875000000003,-69.075,29.400624999999998
-0.7059,-0.85205,1.26,-402.7173,-54.023200000000045,52.409449999999914
-0.69555,-0.8572249999999999,1.26,-400.16085000000004,-40.0714000000001,77.39952499999983
-0.6947999999999999,-0.8839999999999995,1.2648,-394.5756000000001,-28.478800000000092,97.10719999999986
-0.70515,-0.9357500000000007,1.2751500000000002,-385.48829999999987,-19.614024999999874,110.7071000000002
-0.7154999999999998,-0.9709999999999996,1.2690000000000003,-369.1740000000004,-10.378000000000158,117.19825
-0.7258500000000001,-0.9917000000000001,1.2482999999999997,-346.48679999999985,-0.8145999999999267,117.420775
-0.7021000000000011,-1.0,1.2430999999999999,-324.6490000000005,15.268099999999531,119.04139999999994
-0.6555249999999999,-1.0,1.248275,-303.37975,35.71452500000002,121.59785000000001
-0.6469,-0.9931,1.25345,-289.01050000000004,51.91054999999997,127.98034999999999
-0.65725,-0.98275,1.2586249999999999,-278.09125000000006,65.98137499999993,136.27587499999996
-0.6562000000000001,-0.9951999999999999,1.2638,-274.24,74.84239999999994,148.25739999999988
-0.651025,-1.0159000000000002,1.2689750000000002,-272.94624999999996,81.81830000000011,161.5726750000002
-0.6873499999999992,-1.0282999999999998,1.27415,-270.33695000000006,77.22815000000011,168.43884999999992
-0.7339250000000004,-1.03865,1.279325,-267.402725,69.78132499999994,173.71217500000006
-0.7174999999999998,-1.0445,1.2890000000000001,-261.89,68.783,174.8095
-0.6916249999999999,-1.0496750000000001,1.29935,-255.9905,68.75195,175.280425
-0.65605,-1.0694000000000001,1.2903,-238.96995,76.704,174.5437
-0.6200999999999999,-1.0899500000000002,1.2800749999999999,-221.23512500000004,85.17287499999999,173.7056
-0.6407999999999998,-1.0796000000000001,1.2955999999999999,-209.8760000000001,89.90799999999996,168.65480000000002
-0.6622499999999997,-1.0692500000000003,1.3107499999999999,-199.312625,94.05287500000003,163.71612500000003
-0.6932999999999996,-1.0589000000000002,1.3211,-198.93485,90.64255000000004,160.21265000000005
-0.7185499999999999,-1.05,1.3271,-199.27265000000006,87.39172499999997,158.23022500000008
-0.7081999999999999,-1.05,1.3064,-204.00260000000003,85.11989999999997,165.58390000000003
-0.69785,-1.0521500000000001,1.2921500000000001,-207.21894999999998,86.45362500000005,172.21625
-0.6875,-1.0625,1.3025,-204.6625,101.53875,176.0975
-0.6814250000000001,-1.07285,1.314275,-201.25532500000003,112.66095,177.64175
-0.6866,-1.0832,1.3297999999999999,-195.60940000000005,113.3544,173.03600000000003
-0.7024249999999996,-1.0829000000000002,1.34,-191.9426,110.8865750000001,164.73825000000014
-0.7386499999999995,-1.0622000000000003,1.34,-192.0668,102.36335000000011,149.3685000000002
-0.7493750000000005,-1.0563749999999998,1.3315000000000003,-196.32624999999982,95.90350000000007,134.60862500000025
-0.7234999999999998,-1.0719,1.3108,-206.52100000000007,92.40519999999998,120.7240999999999
-0.7025750000000004,-1.0824749999999999,1.2950500000000003,-215.00799999999984,88.4812000000001,107.4137750000003
-0.68705,-1.08765,1.2847,-221.632,84.0928,94.72984999999998
-0.682825,-1.109775,1.282825,-232.70254999999997,77.15625000000001,80.99502500000003
-0.688,-1.1459999999999997,1.288,-247.47199999999992,68.10000000000005,66.38600000000008
-0.686825,-1.1822249999999996,1.3090499999999998,-254.592875,51.80475000000018,51.92937500000013
-0.6816500000000001,-1.2184499999999996,1.3400999999999996,-256.89574999999996,30.949500000000253,37.56875000000018
-0.6835249999999999,-1.2617249999999993,1.3570499999999999,-257.69345,13.485300000000244,28.262975000000107
-0.6887,-1.3083000000000005,1.3674000000000002,-257.7866,-2.3916000000001394,21.32329999999994
-0.7132499999999993,-1.350999999999999,1.3854999999999995,-249.37800000000024,-5.384125000000029,14.73625000000014
-0.7443000000000001,-1.3924,1.4062,-238.1172,-4.054149999999997,8.267499999999986
-0.74155,-1.4338,1.3931,-214.51095000000004,3.5288249999999906,0.40872500000000933
-0.7312000000000001,-1.4751999999999998,1.3724000000000003,-188.1288000000001,12.51779999999996,-7.762599999999965
-0.6979750000000002,-1.5028749999999997,1.3562750000000001,-161.9433750000002,26.479799999999887,-8.906725
-0.6617500000000004,-1.5287499999999998,1.3407500000000003,-135.7837500000003,41.09399999999984,-9.129249999999999
-0.6796999999999997,-1.5349249999999999,1.34985,-119.47412500000023,44.13937499999996,-5.687575000000052
-0.7003000000000001,-1.5409000000000006,1.3599,-103.75229999999989,46.26279999999985,-2.017199999999944
-0.7158249999999996,-1.587474999999999,1.3547250000000002,-92.48632500000024,31.400200000000307,3.820199999999878
-0.7282,-1.63045,1.3504500000000002,-80.10389999999992,17.451549999999983,9.68505000000002
-0.7075,-1.6356249999999999,1.355625,-55.99875,13.099374999999998,15.838125
-0.6923999999999999,-1.636,1.3608,-36.01519999999999,9.053600000000007,21.879199999999983
-0.7079249999999999,-1.6101250000000003,1.3659750000000002,-38.571649999999984,6.683450000000016,27.307774999999964
-0.7188499999999999,-1.5877,1.3769000000000007,-43.80645000000026,3.9153999999999263,32.911150000000106
-0.7136750000000001,-1.5773500000000003,1.4079499999999996,-58.415474999999816,-0.24529999999994567,39.126324999999916
-0.7084999999999999,-1.5760000000000003,1.4284999999999999,-74.42400000000022,-3.483500000000011,43.76050000000001
-0.7033250000000001,-1.5966999999999998,1.423325,-93.86129999999962,-4.46157499999998,44.52122499999998
-0.70185,-1.61925,1.4237,-108.31285000000003,-7.278550000000028,43.89259999999999
-0.707025,-1.645125,1.43405,-113.803525,-13.400575000000007,40.76689999999999
-0.7165999999999999,-1.6687999999999998,1.4444,-115.2968,-20.248599999999982,34.86480000000002
-0.7321249999999999,-1.6894999999999998,1.45475,-111.38450000000003,-28.078374999999955,25.208250000000053
-0.74,-1.6898000000000002,1.46765,-111.14164999999997,-37.44324999999991,18.55305000000003
-0.74,-1.6691000000000003,1.4831749999999997,-114.67617499999996,-48.38837499999987,14.987475000000043
-0.7371000000000001,-1.66,1.4929,-119.74769999999991,-55.87089999999993,11.58140000000005
-0.7319249999999999,-1.66,1.498075,-126.02497500000007,-60.63707500000004,8.300449999999971
-0.73,-1.6762499999999994,1.5097499999999997,-131.27524999999991,-65.4227499999999,5.058500000000071
-0.73,-1.702125,1.5252750000000002,-135.91722500000003,-70.21997500000002,1.839649999999993
-0.7263999999999999,-1.7136,1.5552,-135.3752,-73.5664,-3.1143999999999936
-0.721225,-1.718775,1.5914249999999999,-132.565175,-76.2781,-8.827599999999975
-0.72,-1.71605,1.5960500000000002,-125.80515000000007,-76.12605,-14.876549999999952
-0.72,-1.710875,1.590875,-117.82012499999986,-75.08587499999997,-21.029625000000102
-0.6942000000000005,-1.7057,1.59,-106.76920000000017,-66.49490000000014,-28.257699999999893
-0.6631500000000006,-1.700525,1.59,-95.0944000000002,-56.36742500000018,-35.70452499999987
-0.67395,-1.7,1.59,-90.96189999999997,-46.06789999999993,-45.13690000000006
-0.689475,-1.7,1.59,-87.68094999999998,-35.748949999999965,-54.79345000000003
-0.6850000000000002,-1.7149999999999996,1.595,-86.87000000000002,-34.605000000000025,-64.20499999999974
-0.6801750000000002,-1.730175,1.5996499999999998,-86.03979999999991,-33.889100000000056,-73.57157500000021
-0.68535,-1.73535,1.5893000000000002,-82.18960000000003,-36.22819999999999,-81.89814999999994
-0.689475,-1.7415749999999999,1.58,-78.62762500000001,-39.069199999999924,-89.55639999999998
-0.6843,-1.7570999999999999,1.58,-77.61850000000001,-46.3555999999999,-91.29519999999997
-0.6843750000000003,-1.770875,1.58,-76.00649999999995,-52.90087500000003,-91.84312499999993
-0.7102499999999995,-1.77605,1.58,-71.4318000000001,-55.80404999999995,-86.5387500000001
-0.7287750000000001,-1.7787750000000002,1.58245,-66.34137500000016,-58.61044999999994,-79.3013250000003
-0.7236,-1.7736,1.5928,-59.587999999999994,-61.104800000000004,-65.83079999999998
-0.71685,-1.7763,1.6063,-52.38260000000002,-60.812975000000016,-52.46422500000003
-0.7065000000000003,-1.7969999999999993,1.6269999999999993,-44.14400000000027,-54.15275000000022,-39.335250000000435
-0.6922999999999996,-1.7984499999999994,1.6380749999999997,-33.300874999999714,-48.0103499999999,-27.005149999999794
-0.6716000000000003,-1.7674000000000003,1.6329,-18.060500000000182,-42.74220000000006,-16.023800000000133
-0.66,-1.7295250000000006,1.627725,-4.92905000000016,-36.293325000000124,-3.5864500000002195
-0.66,-1.6829499999999995,1.62255,5.514100000000092,-28.339349999999932,10.706900000000125
-0.6547499999999999,-1.6494999999999997,1.6147500000000001,12.757375000000023,-22.868624999999984,23.640500000000063
-0.6444000000000003,-1.6288000000000007,1.6044000000000003,16.892199999999896,-19.81020000000008,35.25319999999971
-0.63405,-1.622975,1.5851250000000001,24.63569999999999,-15.424925000000007,35.56387500000001
-0.6237,-1.62815,1.5592500000000002,35.04779999999996,-10.058450000000024,27.516750000000037
-0.62,-1.6133750000000002,1.5400250000000002,48.74499999999988,-6.823300000000016,13.12552500000014
-0.62,-1.5874999999999997,1.5244999999999997,64.27000000000025,-4.773999999999966,-4.795500000000295
-0.6347000000000003,-1.5432499999999993,1.516325,65.16114999999994,-4.8745750000000125,-15.054150000000094
-0.6553999999999996,-1.491500000000001,1.51115,60.07930000000009,-5.852649999999983,-22.185299999999874
-0.6559750000000001,-1.4880499999999999,1.4979250000000004,41.99267500000046,-5.063750000000027,-23.77
-0.6508,-1.4984,1.4824,20.19039999999993,-3.7699999999999956,-23.77
-0.6631250000000001,-1.521875,1.493125,6.7093750000000005,-4.265625,-21.665625
-0.6786499999999995,-1.5477499999999993,1.5086499999999996,-5.250049999999632,-5.088449999999975,-19.176450000000077
-0.6894499999999999,-1.5689,1.4958250000000002,3.9396249999999267,-6.596399999999989,-16.280925000000018
-0.6997999999999999,-1.5896,1.4803000000000002,15.14349999999989,-8.169599999999983,-13.346700000000029
-0.7,-1.5798500000000002,1.485075,40.01942499999967,-13.990574999999922,-9.605550000000049
-0.7,-1.5684999999999998,1.4892499999999997,64.84800000000021,-19.860000000000056,-5.740249999999935
-0.7,-1.5374500000000006,1.4737250000000002,83.43659999999963,-25.034999999999897,0.2575749999998811
-0.6982000000000004,-1.51,1.4623999999999995,101.95139999999958,-29.375400000000045,6.130599999999886
-0.682675,-1.51,1.4831,119.90347500000003,-27.351974999999996,11.052025000000004
-0.66905,-1.5081,1.5,137.64179999999996,-25.271550000000005,13.778000000000016
-0.6638750000000002,-1.4977500000000004,1.5,154.42949999999945,-22.93762500000008,6.740000000000231
-0.6560999999999997,-1.4873999999999998,1.5013,167.88010000000006,-20.833799999999975,-0.8843000000001755
-0.6405750000000002,-1.4770500000000002,1.506475,171.38357499999995,-19.415850000000017,-10.256224999999887
-0.6349499999999998,-1.4551500000000006,1.50835,170.53105000000016,-17.271900000000056,-18.874099999999892
-0.6504750000000001,-1.4085749999999995,1.503175,160.3725249999999,-13.576949999999968,-25.881050000000062
-0.662,-1.3719999999999999,1.502,143.41999999999985,-11.824000000000009,-30.35
-0.6671749999999999,-1.3513000000000006,1.507175,115.6820000000007,-13.153974999999967,-30.789874999999988
-0.6794000000000006,-1.34,1.5052999999999996,89.22004999999935,-15.08320000000007,-27.5613999999998
-0.7001,-1.34,1.49495,64.29207500000011,-17.73279999999999,-19.923100000000034
-0.7153999999999999,-1.3346000000000002,1.49,45.07730000000011,-22.43979999999995,-11.677300000000066
-0.7257499999999996,-1.3242500000000004,1.49,31.099625000000536,-29.032749999999744,-2.8746250000003384
-0.7116999999999996,-1.3352500000000005,1.48695,26.921600000000034,-33.301600000000036,4.085850000000075
-0.6806500000000005,-1.3611249999999997,1.481775,29.571199999999955,-35.95119999999995,9.762824999999902
-0.6496000000000015,-1.3767999999999996,1.4766000000000001,42.83559999999909,-33.33760000000026,6.756200000000366
-0.618549999999999,-1.3871500000000003,1.4714249999999998,61.64155000000057,-27.976299999999835,-0.7837750000002317
-0.61375,-1.38625,1.4849999999999999,89.09125,-19.27375,-15.388750000000002
-0.6189249999999998,-1.381075,1.5056999999999994,119.82557499999905,-9.301525000000307,-32.67842499999947
-0.6445999999999998,-1.3554000000000002,1.4977,140.3836999999999,-5.405500000000016,-42.47329999999995
-0.6756500000000006,-1.3243499999999995,1.4821749999999998,158.2736750000003,-3.1026249999999593,-50.303075000000135
-0.6711000000000001,-1.2844000000000007,1.4755500000000001,161.59435,0.9668999999999421,-43.50125000000012
-0.66075,-1.2429999999999994,1.470375,162.54137500000002,5.324250000000047,-34.3156249999999
-0.6504000000000002,-1.2495999999999998,1.47,153.3316000000002,9.647999999999914,-28.120400000000117
-0.64005,-1.2599500000000001,1.47,143.32832499999995,13.96912500000002,-22.158799999999975
-0.6503000000000003,-1.26,1.4596999999999998,143.65595000000002,18.41900000000013,-26.27575000000012
-0.6590250000000001,-1.259675,1.448375,143.594,22.708949999999994,-30.79229999999998
-0.6435000000000005,-1.2545000000000002,1.4225000000000008,136.97000000000023,24.602999999999938,-40.54199999999968
-0.630675,-1.250675,1.4,129.5839250000001,25.743750000000034,-51.460799999999836
-0.6358500000000001,-1.2558500000000001,1.4,117.11734999999982,21.86249999999994,-70.17360000000029
-0.6430749999999997,-1.2559000000000002,1.3948750000000003,104.23257500000022,17.462600000000098,-87.91059999999979
-0.6585999999999993,-1.235200000000001,1.369000000000001,89.65460000000067,10.9628000000003,-101.69679999999936
-0.6603750000000008,-1.218625,1.3458750000000004,73.88587500000042,7.606249999999884,-110.95650000000006
-0.6241499999999999,-1.21345,1.3303500000000001,54.826349999999955,12.936500000000011,-107.7066
-0.5896500000000009,-1.21,1.3217249999999998,36.56722500000048,19.246549999999765,-100.55475000000044
-0.5586000000000002,-1.21,1.3269,19.908900000000074,27.516199999999962,-85.59900000000007
-0.5441499999999997,-1.2286749999999984,1.3341499999999997,8.45052500000013,34.43087499999983,-74.75382500000016
-0.5544999999999999,-1.2752499999999996,1.3445,4.760750000000041,39.32124999999995,-70.04975000000005
-0.5988000000000011,-1.3145500000000006,1.3548500000000003,13.608225000000303,40.884524999999975,-73.90835000000018
-0.6815999999999985,-1.3455999999999995,1.3652,36.673199999999596,38.67480000000004,-87.47719999999975
-0.7144500000000005,-1.36,1.3616750000000009,67.3361249999982,32.929725000000424,-97.49404999999966
-0.7040999999999996,-1.36,1.3461499999999995,104.57025000000114,24.12704999999973,-104.43890000000022
-0.6968749999999999,-1.338125,1.3431250000000001,137.70749999999998,16.599375,-104.674375
-0.6917000000000001,-1.3019000000000012,1.3482999999999998,168.15719999999905,9.908100000000205,-100.50850000000013
-0.7073749999999998,-1.2761000000000002,1.35695,186.04129999999992,5.357425000000022,-87.76285000000011
-0.7332500000000004,-1.2553999999999996,1.3673000000000002,197.7782000000002,1.8539499999999385,-70.8198999999997
-0.7476499999999998,-1.246175,1.3852999999999998,206.6272249999999,-0.9954499999999653,-53.406475000000235
-0.7580000000000001,-1.2409999999999999,1.4060000000000001,214.45700000000008,-3.6140000000000287,-35.826999999999806
-0.7266000000000008,-1.2441749999999998,1.4141749999999997,227.7560249999997,-3.226550000000022,-20.66902500000029
-0.6851999999999998,-1.24935,1.41935,242.36505000000005,-2.119099999999995,-6.091049999999936
-0.68,-1.2273750000000008,1.42,260.1732499999995,-2.64517499999998,-2.0518000000000662
-0.68,-1.2015,1.42,278.441,-3.4058999999999986,0.47359999999999447
-0.6751250000000002,-1.1610000000000014,1.390750000000001,291.5704999999996,5.261624999999695,8.405374999999728
-0.6701499999999999,-1.1195500000000005,1.3599500000000002,304.20480000000003,14.56509999999987,16.650999999999947
-0.6856750000000003,-1.0729749999999993,1.354775,298.49159999999995,29.58295000000023,22.964500000000097
-0.7,-1.03,1.3484000000000005,292.29800000000023,43.45479999999999,29.026399999999953
-0.7,-1.03,1.327700000000001,280.36962500000055,43.64627499999999,32.08482499999986
-0.693250000000001,-1.0292500000000002,1.3092500000000002,270.0695,44.313249999999925,35.015749999999954
-0.6466749999999999,-1.024075,1.304075,269.37605,47.78567500000001,37.194425
-0.6176999999999989,-1.0156000000000005,1.2978000000000003,267.4220000000002,54.316099999999494,41.39159999999966
-0.6539249999999999,-0.9949000000000001,1.28745,260.798,72.17502499999992,53.066399999999945
-0.6945000000000011,-0.9770999999999997,1.28,251.90909999999968,85.0387,64.50195000000022
-0.7462499999999994,-0.9667500000000001,1.28,237.20175000000017,85.06975,75.32287499999988
-0.7890000000000004,-0.96,1.28,224.5805999999999,82.5429999999999,85.1466000000001
-0.8148749999999996,-0.96,1.28,215.87107500000016,75.22037500000013,93.10057499999986
-0.8343,-0.96,1.2821500000000001,215.68415000000007,64.5157999999999,98.86370000000002
-0.8446500000000003,-0.96,1.2873250000000003,227.48832500000037,49.052899999999525,101.5443500000001
-0.8175,-0.9525,1.28,246.6675,41.975,107.7475
-0.750225000000002,-0.9369750000000006,1.2593000000000008,273.73792499999917,43.869049999999945,117.7197249999997
-0.72,-0.92715,1.2642499999999999,303.4702499999998,50.263249999999935,125.01579999999997
-0.72,-0.921975,1.2901250000000004,335.37412500000056,60.32862500000018,130.1287000000001
-0.7263999999999998,-0.9072000000000003,1.3032,363.92119999999966,64.0932,129.11360000000008
-0.7367499999999996,-0.886500000000001,1.3083749999999998,390.3964999999988,63.96900000000001,124.31637500000022
-0.7293500000000003,-0.8658000000000003,1.31,407.9967999999997,70.09989999999982,114.06635000000026
-0.7138249999999999,-0.8450999999999999,1.31,421.53460000000007,79.09405000000004,101.32032499999995
-0.6905000000000007,-0.8166000000000008,1.2983000000000005,433.4772999999997,93.10359999999959,90.0953000000003
-0.6646250000000001,-0.7855500000000001,1.282775,444.89852499999995,108.75279999999997,79.36752500000003
-0.710999999999998,-0.7460000000000013,1.28,444.08825000000013,132.51524999999916,77.50099999999999
-0.7730999999999995,-0.7046000000000003,1.28,440.61582500000003,158.04352499999976,77.56309999999999
-0.7984000000000003,-0.6769999999999996,1.28,419.02859999999964,165.56280000000007,88.36620000000019
-0.8190999999999996,-0.6511250000000004,1.28,395.17702500000036,170.83094999999992,100.51192499999982
-0.7903000000000014,-0.6796999999999985,1.28,382.9381500000005,169.3720500000001,108.19274999999965
-0.7593749999999991,-0.7103750000000004,1.2791249999999987,371.8782500000005,167.54399999999987,115.58612500000012
-0.7334999999999999,-0.7259,1.2429,387.1238,163.1556,119.5657
-0.7095250000000001,-0.7366750000000011,1.2095250000000002,403.9154749999991,159.37567499999992,123.13345000000002
-0.70435,-0.7004500000000001,1.20435,436.0056499999999,161.61645,122.6263
-0.7049500000000006,-0.6625749999999991,1.1975249999999997,465.78665000000035,164.41575000000012,122.61745000000005
-0.7359999999999997,-0.6160000000000005,1.1820000000000002,483.3919999999998,170.15999999999994,125.23599999999998
-0.7646999999999992,-0.5706000000000017,1.1664750000000006,496.06940000000014,172.03497500000046,127.74057499999992
-0.7853999999999997,-0.5292000000000007,1.1509500000000001,491.97080000000005,160.7379500000002,129.85714999999996
-0.7923749999999998,-0.4893249999999998,1.1338999999999997,484.9411499999999,149.69254999999993,129.89972499999996
-0.7665000000000006,-0.4531000000000009,1.1132000000000006,470.8962000000003,139.24940000000026,124.97830000000012
-0.733125,-0.431875,1.085,455.17125,135.6875,120.180625
-0.6865500000000014,-0.4370499999999998,1.0436000000000014,436.48950000000053,144.23659999999975,115.60075000000013
-0.6511000000000001,-0.437775,1.0111,418.7444750000001,152.42079999999996,111.48590000000002
-0.6303999999999996,-0.43259999999999993,0.9903999999999996,402.2413999999997,160.12120000000016,107.98759999999994
-0.6380249999999995,-0.4197000000000003,0.9671250000000003,390.0720500000001,172.1707749999998,105.94675000000001
-0.6742499999999984,-0.3990000000000009,0.9412500000000011,382.27850000000035,188.61174999999926,105.37750000000003
-0.7221749999999989,-0.3783000000000004,0.9183000000000004,365.74505000000045,194.06642500000004,109.51749999999984
-0.7791000000000002,-0.3575999999999999,0.8976,342.4885999999999,191.0701,117.28000000000003
-0.8261999999999989,-0.35,0.8736250000000007,323.04752500000046,176.47045000000057,119.53067500000002
-0.8675999999999999,-0.35,0.84775,305.81995000000006,155.13910000000004,118.58365
-0.8546249999999992,-0.3463749999999999,0.8146249999999992,300.08725,136.0153749999996,111.47049999999979
-0.8184000000000003,-0.34120000000000006,0.7784000000000003,299.26959999999997,117.83560000000017,101.72080000000008
-0.7265249999999983,-0.35192500000000027,0.7580749999999997,307.8289750000001,118.5887500000001,101.54290000000005
-0.6178500000000017,-0.3674499999999998,0.7425500000000003,319.2191499999998,125.0574999999999,104.25459999999995
-0.6389250000000004,-0.35269999999999985,0.744325,334.8824250000001,138.80522500000012,109.36667500000004
-0.6854999999999989,-0.33200000000000046,0.7494999999999998,351.38549999999964,153.98349999999965,114.95049999999988
-0.7507750000000001,-0.31597499999999995,0.7593500000000001,352.35355,146.09999999999997,128.20600000000002
-0.8180499999999981,-0.30045000000000044,0.7696999999999997,351.6601,135.75000000000028,142.28199999999958
-0.82,-0.31004999999999994,0.7549250000000001,352.9264,124.48042500000005,157.88559999999993
-0.8204000000000001,-0.32,0.7404000000000002,354.49020000000013,112.8553999999996,173.4788000000003
-0.8307499999999999,-0.32,0.7507499999999999,361.9991249999999,93.07137500000022,187.67899999999986
-0.8410999999999995,-0.31285000000000285,0.7621999999999991,370.03824999999944,73.6129500000007,200.83969999999982
-0.8514499999999998,-0.24557500000000118,0.7828999999999997,382.5358749999998,56.89252500000029,205.25914999999992
-0.8582,-0.16929999999999923,0.8045000000000002,392.0419,44.43000000000005,213.11930000000015
-0.8478500000000002,-0.05027500000000288,0.8303749999999994,387.3378250000001,52.19249999999981,237.3227749999994
-0.8312499999999999,0.048749999999999995,0.85375,382.0775,63.04875,265.53499999999997
-0.7950250000000011,0.08497499999999888,0.8692749999999995,375.0705500000002,83.61937499999937,306.33469999999875
-0.7524000000000004,0.09240000000000037,0.8544000000000005,373.5675999999999,109.82039999999975,345.78879999999975
-0.6954749999999991,0.035474999999999,0.7715999999999985,384.3626500000002,148.6018500000007,382.23632500000065
-0.6463500000000005,-0.02534999999999911,0.6985500000000007,410.00694999999934,190.5227999999994,401.95285000000007
-0.6101250000000016,-0.09262499999999704,0.6416250000000024,460.2096249999978,237.63599999999792,393.99887500000034
-0.5946000000000004,-0.12309999999999946,0.5800999999999976,508.4343000000016,277.45590000000107,373.59269999999873
-0.60495,-0.10757499999999993,0.5128249999999996,554.1864750000002,308.1591750000001,337.62127499999986
-0.6258999999999992,-0.06820000000000163,0.4614500000000009,571.8089000000002,318.01755000000026,305.41285000000073
-0.6569499999999983,-0.006100000000003547,0.4252250000000021,562.6284500000005,308.01427500000057,276.78992500000163
-0.6730000000000002,0.04700000000000103,0.3769999999999987,523.8139999999987,292.22999999999956,261.7599999999999
-0.678175,0.09357499999999959,0.3200750000000005,463.5149000000005,272.2545000000002,256.58500000000004
-0.6766500000000002,0.1033000000000004,0.2866000000000008,394.44885000000295,248.704550000001,260.60239999999965
-0.6714750000000002,0.09295000000000016,0.2659000000000003,320.6067750000011,223.2073250000004,269.62759999999986
-0.6440999999999997,0.05669999999999959,0.2340999999999997,274.5405999999997,208.6546999999999,276.6659
-0.6078750000000008,0.010125000000001022,0.1978750000000008,239.54725000000076,198.46512500000023,282.91212499999983
-0.6162000000000001,-0.028350000000000083,0.19405000000000003,235.8442,190.22359999999998,279.4829
-0.6368999999999995,-0.06457499999999897,0.19922499999999987,240.83289999999988,182.52320000000023,273.36605000000014
-0.6444,-0.07439999999999998,0.19120000000000004,259.0171999999999,166.8280000000001,262.682
-0.6495750000000001,-0.0795750000000001,0.1808499999999998,279.52572500000036,149.72462499999966,251.19349999999977
-0.6452500000000001,-0.056250000000000286,0.1372500000000005,302.8462499999997,135.86550000000014,248.25025000000002
-0.6400750000000003,-0.030375000000001078,0.09067500000000193,326.418374999999,122.29665000000055,246.07157500000008
-0.6603999999999997,-0.009600000000000363,0.0950999999999999,329.62109999999996,107.42220000000026,246.3817
-0.6766999999999996,0.01,0.09807499999999977,332.50750000000005,92.58052499999991,246.520525
-0.6146000000000016,0.01,0.061850000000000876,335.0949999999999,78.66495000000033,242.95495000000008
-0.5587500000000001,0.012500000000000004,0.028749999999999998,338.650625,63.808125000000004,239.290625
-0.5484000000000003,0.03319999999999937,0.01840000000000032,349.2541999999997,42.09900000000067,234.90740000000014
-0.5341500000000002,0.06364999999999951,0.007075000000000102,357.78785,20.240700000000153,232.71694999999994
-0.5030999999999994,0.13610000000000128,-0.008450000000000273,357.4049,-2.2602000000003954,239.97230000000013
-0.4773500000000001,0.18072500000000047,-0.022649999999999865,353.3397750000002,-16.68920000000012,247.05937499999993
-0.46700000000000047,0.1445000000000016,-0.032999999999999544,338.57550000000066,-7.664000000000398,253.65749999999971
-0.46,0.1250249999999997,-0.031625000000000514,330.5514249999999,-5.8898749999997335,258.48682499999995
-0.46,0.14055000000000006,-0.005749999999999885,336.61135,-19.26725000000006,259.62015
-0.46404999999999974,0.15404999999999971,0.003925000000000407,345.63384999999965,-26.36105000000007,255.8529750000003
-0.4744,0.1644,-0.011599999999999966,359.2648,-23.680400000000006,244.46280000000004
-0.4681249999999994,0.19137500000000102,-0.01287499999999966,362.42437499999977,-21.403499999999962,228.53874999999954
-0.4422500000000002,0.2379499999999996,0.0026499999999998643,353.2387500000001,-19.602600000000017,207.2695000000002
-0.4218250000000006,0.2954249999999974,0.01,332.19120000000123,-21.142549999999822,187.28100000000074
-0.40630000000000027,0.36269999999999897,0.01,300.4788000000005,-25.686199999999932,168.4440000000003
-0.3846250000000012,0.3807750000000007,0.006925000000000239,262.130550000002,-30.306724999999787,151.16295000000076
-0.3587499999999991,0.36524999999999946,0.0017499999999998296,219.2504999999986,-34.97975000000016,134.94449999999946
-0.33972499999999994,0.32232499999999986,-0.006850000000000023,184.53222499999993,-39.85827500000001,109.07782499999993
-0.32420000000000043,0.26540000000000163,-0.017199999999999705,153.98420000000087,-44.84179999999986,78.28140000000089
-0.32,0.2877499999999998,-0.016225000000000024,135.63697500000006,-50.610524999999974,54.2497750000001
-0.32,0.33949999999999814,-0.011050000000000181,121.8145500000005,-56.67044999999978,32.726950000000755
-0.332374999999999,0.337625000000001,-0.01,94.46212500000203,-60.71737499999977,15.205375000001089
-0.3479000000000002,0.3220999999999998,-0.01,63.665699999999596,-64.25190000000005,-1.2977000000002175
-0.39027499999999915,0.23945000000000166,-0.13977499999999737,10.194450000001005,-38.372250000000534,-16.82074999999973
-0.4368500000000003,0.1462999999999994,-0.289850000000001,-46.82370000000037,-7.8914999999998,-32.1905000000001
