0.39847499999999997,0.151475,0.08775,60.905175,3.3697250000000025,-13.90095
0.12,0.11,-0.09,103.5,-31.57,-3.39
0.06075,0.163325,-0.012975,38.324999999999996,-10.903599999999999,8.35335
0.014449999999999996,0.17595,0.034449999999999995,-19.483300000000007,0.658949999999999,17.00535
-0.0033249999999999964,0.09892500000000003,0.016675000000000002,-61.064949999999996,-7.831574999999997,18.848025
-0.021100000000000004,0.02189999999999999,0.024800000000000006,-72.8912,-6.801999999999999,17.9157
-0.038875,-0.055124999999999987,0.0485,-66.824,-0.04750000000000104,15.314625000000001
-0.012250000000000016,-0.07665,0.038900000000000004,-38.78990000000002,-1.9509999999999985,9.194850000000002
0.015899999999999997,-0.070825,0.027049999999999998,-12.590300000000003,-2.039675000000001,3.3314500000000002
0.03960000000000001,0.006200000000000025,0.015199999999999995,3.5968000000000053,5.111800000000002,-1.0412000000000015
0.043350000000000014,0.05662499999999998,0.01,3.604450000000009,7.561725000000001,-3.0398
0.0315,0.08625,0.01,-9.039499999999997,6.33525,-3.182
0.03,0.09,-0.015875000000000004,-26.102900000000005,6.775125,-2.635925
0.024500000000000032,0.08340000000000003,-0.038900000000000004,-41.546299999999995,7.417999999999999,-2.0759
-0.005125000000000029,0.04784999999999996,-0.03297499999999999,-47.07432500000001,7.892000000000001,-1.8922249999999998
-0.02,0.0241,-0.0241,-47.079950000000004,3.2890500000000014,-3.2041999999999993
-0.02,0.012250000000000014,-0.012250000000000014,-41.51637500000001,-6.433874999999988,-6.024499999999996
-0.005599999999999987,0.024400000000000012,-0.034000000000000016,-43.4744,-12.988800000000005,-6.5888
0.009275000000000002,0.042899999999999994,-0.059275,-48.86642499999999,-18.27125,-6.5359
0.003350000000000009,0.06659999999999996,-0.05335000000000001,-66.24444999999997,-19.752499999999998,-5.848600000000001
-0.00772500000000001,0.08515,-0.047425,-87.7193,-24.501425000000005,-6.245375000000001
-0.025499999999999988,0.097,-0.0415,-114.52399999999999,-33.50149999999999,-8.052499999999998
-0.05654999999999994,0.11327499999999997,-0.04442499999999999,-141.76234999999997,-41.82012499999999,-10.346374999999995
-0.09035,0.13105,-0.050350000000000006,-169.2184,-50.6403,-13.125150000000001
-0.09627500000000001,0.14882500000000004,-0.05627500000000001,-197.80060000000006,-71.12895000000005,-20.999475000000018
-0.09120000000000004,0.17099999999999993,-0.06219999999999999,-225.85699999999997,-89.54959999999997,-31.328999999999972
-0.0675,0.200625,-0.068125,-253.023125,-104.46875,-45.815625
-0.051899999999999974,0.21405000000000002,-0.04974999999999995,-276.48755000000006,-117.11585000000002,-60.30225000000002
-0.040049999999999954,0.21997500000000003,-0.020124999999999886,-298.23822500000006,-128.71107500000002,-74.78887500000005
-0.04,0.2318,-0.008200000000000002,-320.0951,-149.0147,-88.52029999999999
-0.041825000000000015,0.23269999999999996,0.0054750000000000285,-341.48522500000007,-168.99935000000005,-101.55867500000002
-0.04774999999999999,0.20900000000000007,0.023249999999999958,-361.82574999999997,-188.18449999999996,-113.04724999999996
-0.061024999999999996,0.203675,0.04837499999999999,-379.093975,-205.62035,-123.37084999999999
-0.07880000000000002,0.2096,0.07800000000000004,-394.4812,-221.98520000000002,-132.9812
-0.09657500000000006,0.25420000000000015,0.11867500000000014,-416.4763250000001,-227.10115000000002,-142.12192500000003
-0.10855000000000001,0.29435,0.1558,-441.48589999999996,-230.86329999999998,-151.86374999999998
-0.102625,0.31212500000000004,0.17950000000000002,-474.32225000000005,-232.96075,-163.565625
-0.11319999999999994,0.3068000000000001,0.2097999999999999,-499.89859999999993,-231.89679999999998,-172.314
-0.1369,0.2831000000000001,0.24534999999999996,-519.69995,-228.3181,-178.713
-0.12969999999999998,0.26455,0.27575000000000005,-527.15675,-229.63705,-183.16015000000002
-0.11677499999999995,0.24784999999999996,0.303225,-530.6908,-232.08755000000002,-188.27677500000004
-0.09900000000000002,0.23600000000000002,0.321,-524.908,-236.318,-197.73899999999998
-0.09292500000000001,0.23292500000000002,0.33,-513.8134,-241.34990000000002,-205.77675
-0.09884999999999998,0.23884999999999998,0.33,-497.27080000000007,-247.20379999999997,-212.35349999999997
-0.1620749999999999,0.26864999999999994,0.344325,-498.19515,-254.28009999999998,-213.48675
-0.23630000000000004,0.3063,0.3621,-505.6222,-262.0218,-212.8855
-0.28962500000000013,0.35962500000000014,0.3798750000000001,-530.1872500000001,-272.53275,-209.123125
-0.32765000000000005,0.3823499999999999,0.39255000000000007,-555.3286,-276.70185,-208.459
-0.3454250000000001,0.36457499999999987,0.3984750000000001,-581.2327000000001,-272.47732499999995,-211.89550000000003
-0.2884000000000003,0.3336000000000001,0.41319999999999996,-597.1576,-273.82759999999996,-224.36959999999993
-0.21194999999999992,0.29837500000000006,0.43194999999999995,-607.7430250000001,-275.84417500000006,-240.59029999999996
-0.2475,0.26875,0.46749999999999997,-585.92125,-256.04875,-267.395
-0.28957500000000014,0.25217500000000004,0.49435,-559.6428999999999,-237.48654999999997,-287.30495
-0.34289999999999987,0.2581,0.5062,-525.6808000000001,-221.05060000000003,-295.32739999999995
-0.4203750000000005,0.2720750000000001,0.5261000000000001,-501.21769999999987,-221.12922500000005,-292.03557499999994
-0.5092500000000006,0.2898500000000001,0.5498000000000002,-481.23859999999985,-229.00355000000005,-283.40284999999994
-0.48062499999999975,0.30762500000000015,0.5617500000000001,-469.8957499999999,-240.1032500000001,-285.51550000000003
-0.4726,0.32539999999999997,0.5736,-457.1216,-249.0236,-292.6696
-0.5140750000000001,0.343175,0.58545,-440.89895,-252.88670000000002,-311.16745000000003
-0.5592000000000001,0.37920000000000015,0.6046,-436.71765,-273.6675500000001,-331.66550000000007
-0.6066000000000003,0.42660000000000026,0.6283000000000001,-440.04157499999997,-304.99302500000016,-353.41025000000013
-0.6374999999999998,0.5179999999999996,0.63,-453.22149999999993,-330.4829999999999,-354.266
-0.6842249999999998,0.5971249999999999,0.6214500000000001,-472.9599249999999,-351.56767499999995,-353.072975
-0.7849499999999999,0.6267499999999999,0.5859,-511.00434999999993,-360.16485,-350.50745
-0.820175,0.60725,0.5667249999999999,-539.08295,-372.75425,-363.340975
-0.8024,0.5479999999999998,0.5608000000000001,-559.0976,-388.574,-388.6348000000001
-0.610374999999999,0.4682499999999996,0.5805000000000001,-547.3321249999999,-378.2459999999999,-416.20412500000015
-0.43,0.3852999999999995,0.6168000000000007,-532.5263,-360.8386499999998,-437.7646
-0.43,0.3023499999999993,0.7116000000000008,-526.63685,-329.5131749999997,-429.7776999999999
-0.44159999999999994,0.18460000000000024,0.8324999999999998,-522.3047,-317.60319999999996,-411.67850000000004
-0.4653,0.030549999999999928,0.9806250000000001,-519.5969749999999,-325.9456,-383.03112500000003
-0.4367499999999999,-0.14725000000000044,1.0860000000000003,-519.06,-354.5372500000001,-345.2874999999999
-0.40067500000000006,-0.31945000000000034,1.1855250000000006,-518.6523,-386.03462500000006,-306.4338249999999
-0.40659999999999996,-0.40239999999999954,1.3217999999999992,-515.0735999999999,-401.17299999999994,-276.4474000000002
-0.4200999999999999,-0.452525,1.4479749999999996,-526.5388499999999,-425.81042499999984,-249.81670000000008
-0.4438,-0.45845,1.5605499999999999,-558.2612999999999,-463.2386499999999,-227.70460000000003
-0.45437500000000003,-0.45125000000000004,1.6425,-609.588125,-493.920625,-208.1825
-0.45609999999999984,-0.4427000000000001,1.7118,-668.7716000000001,-520.7176,-189.40429999999998
-0.3790749999999997,-0.4960250000000002,1.7473500000000002,-745.0382000000003,-519.4852,-167.36922499999991
-0.3106499999999997,-0.5472000000000004,1.7958000000000003,-809.3873500000002,-510.0096999999999,-145.8952999999999
-0.2573249999999996,-0.5946000000000004,1.8669000000000004,-852.8116750000003,-486.0608499999998,-125.40664999999984
-0.23600000000000002,-0.6339999999999999,1.898,-885.2639999999999,-442.9360000000001,-100.48200000000006
-0.230075,-0.66955,1.9098499999999998,-912.4360499999999,-390.58270000000005,-73.42252500000001
-0.28265000000000007,-0.7168000000000001,1.90415,-914.9211,-340.65714999999994,-46.46834999999996
-0.318225,-0.7713000000000002,1.8893499999999999,-903.2996749999999,-295.7966249999999,-20.48999999999992
-0.3123,-0.8423999999999995,1.8538000000000003,-859.4369000000003,-262.70550000000026,3.209999999999841
-0.2592500000000004,-0.8844999999999998,1.8291250000000001,-790.6232500000003,-230.40825000000015,12.939249999999996
-0.17630000000000026,-0.9082,1.81135,-705.9787000000002,-198.61470000000008,13.804299999999996
-0.14810000000000004,-0.8881,1.815475,-625.1995000000001,-182.014275,10.929925000000003
-0.13700000000000004,-0.8517999999999999,1.8158,-550.6809999999999,-165.47539999999998,9.883200000000006
-0.16662500000000008,-0.7747749999999998,1.798025,-495.37112499999984,-145.09932499999994,15.737100000000016
-0.17674999999999996,-0.7042499999999997,1.7834999999999999,-467.30924999999996,-122.56199999999988,32.25100000000012
-0.17082500000000003,-0.6390750000000004,1.7716500000000002,-461.674575,-98.24580000000013,57.53889999999987
-0.24140000000000073,-0.6657000000000003,1.7955000000000003,-492.6681000000003,-96.13500000000002,64.39030000000004
-0.29975000000000007,-0.7071749999999999,1.823075,-523.2697000000001,-101.22834999999996,67.658675
-0.24049999999999927,-0.7486500000000005,1.8408500000000003,-523.6726,-123.58930000000028,68.05565000000001
-0.20712499999999998,-0.8188750000000002,1.858625,-515.533875,-129.57999999999998,64.73524999999998
-0.20120000000000005,-0.9195999999999992,1.8763999999999998,-498.33360000000016,-118.2040000000001,57.47120000000005
-0.14329999999999957,-0.935275,1.88,-460.48034999999976,-103.9977249999999,69.1402250000001
-0.08779999999999973,-0.9293500000000001,1.8864999999999996,-419.7199500000001,-87.11160000000012,85.70864999999993
-0.15889999999999987,-0.923425,1.9457499999999999,-397.93372500000004,-54.31080000000006,103.01557499999997
-0.2225,-0.9275,2.0025,-384.2125,-36.905,116.9525
-0.2758250000000001,-0.945275,2.055825,-381.540325,-40.59035000000001,126.27252500000002
-0.2508499999999998,-0.9325999999999999,2.09175,-375.81444999999997,-50.322200000000045,140.65595000000008
-0.19944999999999993,-0.909725,2.1189,-370.3749750000001,-61.649849999999994,156.63150000000007
-0.18760000000000004,-0.9038,2.0952,-393.5357999999999,-60.784800000000004,167.65199999999996
-0.18212500000000006,-0.8893749999999997,2.08,-412.96300000000014,-58.323874999999944,178.1922500000001
-0.18805,-0.85975,2.08,-425.7136,-53.00915,187.87369999999999
-0.2337249999999993,-0.8619249999999998,2.0998749999999995,-450.1506999999997,-45.273650000000096,188.39675000000005
-0.298900000000001,-0.8797000000000003,2.1295,-480.3208000000005,-36.350599999999865,184.42699999999996
-0.23010000000000047,-0.9265999999999996,2.1649499999999997,-488.50152499999996,-44.08704999999995,161.19980000000015
-0.17649999999999977,-0.9705000000000007,2.18825,-488.2687499999996,-50.24050000000003,134.44124999999934
-0.16465000000000005,-1.0060499999999999,2.182325,-468.86437500000005,-51.93505,100.04662500000009
-0.15280000000000002,-1.002,2.1908,-448.1028,-55.785999999999994,74.16960000000002
-0.14095,-0.972375,2.208575,-426.4647,-61.02962500000001,53.793524999999974
-0.22175000000000025,-0.9045999999999997,2.2045500000000002,-435.0305,-42.90364999999994,60.23690000000003
-0.29412499999999964,-0.862374999999999,2.1972500000000004,-451.57887499999936,-29.549874999999822,68.46362499999988
-0.3119000000000001,-0.9157000000000003,2.1854,-485.8313000000002,-38.72770000000006,74.85670000000005
-0.30387500000000045,-0.9915999999999985,2.1929,-498.86322500000006,-45.32874999999993,73.07117500000012
-0.2742499999999997,-1.0864000000000011,2.2166000000000006,-494.1291499999999,-49.77250000000004,64.43844999999992
-0.2344749999999995,-1.1456750000000007,2.2250750000000004,-465.1365749999996,-59.570375000000126,46.98537499999976
-0.19900000000000007,-1.1880000000000002,2.2339999999999995,-432.9520000000003,-69.81399999999992,28.82900000000014
-0.1930749999999999,-1.1761499999999998,2.2577000000000003,-405.05709999999954,-77.83645000000013,14.484574999999765
-0.18715000000000004,-1.1643,2.27285,-384.96835000000004,-82.5016,5.40695000000002
-0.18122500000000002,-1.15245,2.278775,-373.302025,-83.5444,2.011925000000013
-0.18939999999999999,-1.1641,2.2893999999999997,-379.9751,-78.63230000000001,5.121699999999991
-0.198125,-1.184375,2.3,-391.44687500000003,-71.66874999999999,10.285
-0.18034999999999998,-1.22585,2.3,-403.07765000000006,-60.47049999999998,18.485200000000017
-0.1576249999999999,-1.2772250000000003,2.3099,-414.92127500000004,-46.10177499999993,24.376225000000012
-0.12799999999999984,-1.3424000000000005,2.3336,-427.06160000000006,-27.31359999999989,27.048400000000015
-0.14595000000000027,-1.4075750000000005,2.34865,-431.079575,-17.175424999999947,26.502774999999986
-0.18200000000000044,-1.4717500000000003,2.3605,-431.4949999999999,-10.902000000000085,24.998750000000037
-0.2293999999999994,-1.5132249999999996,2.37235,-418.34150000000017,-19.71839999999989,28.761124999999954
-0.25369999999999976,-1.5442000000000002,2.3821,-406.4815999999999,-30.35340000000019,34.92800000000014
-0.23592500000000016,-1.55605,2.388025,-396.9779000000001,-44.30084999999988,45.474499999999914
-0.2220999999999998,-1.5718500000000004,2.39,-387.30829999999986,-46.03489999999993,57.565450000000226
-0.21025000000000005,-1.589625,2.39,-377.55575000000005,-41.66225000000002,70.42862499999994
-0.21,-1.6016000000000001,2.4132000000000002,-372.1184,-42.1326,79.89299999999997
-0.20655,-1.61345,2.4248250000000002,-364.0175,-40.142250000000004,89.00122499999999
-0.19469999999999998,-1.6253,2.40705,-349.205,-31.906499999999994,97.42065000000001
-0.18642499999999998,-1.63,2.4107250000000002,-335.2647999999999,-23.538474999999977,103.18027500000001
-0.18049999999999997,-1.63,2.4285,-321.8979999999999,-15.083499999999958,107.19150000000002
-0.18542500000000003,-1.6517000000000002,2.424575,-300.91992499999986,-9.113174999999961,109.28227500000001
-0.18324999999999975,-1.66865,2.4173,-277.59469999999976,-3.0005999999999364,108.93209999999993
-0.1536249999999997,-1.6627249999999998,2.4054499999999996,-248.6925499999997,4.370100000000077,100.90964999999991
-0.14639999999999986,-1.6536,2.3904,-223.82880000000026,13.007999999999889,90.54800000000014
-0.15825000000000017,-1.6417499999999998,2.3726249999999998,-202.4039999999997,22.72500000000014,78.19437499999982
-0.16504999999999997,-1.6248500000000001,2.37505,-194.77580000000006,23.271200000000007,67.93145000000007
-0.1690249999999999,-1.6119500000000002,2.38,-190.80462500000004,21.365524999999884,58.792249999999896
-0.16310000000000002,-1.6238,2.38,-193.2635,15.079100000000023,53.51900000000002
-0.162825,-1.64695,2.38,-191.94817500000002,11.151550000000002,45.33317500000002
-0.16875,-1.6824999999999999,2.38,-186.49125,9.8125,33.95125
-0.165325,-1.69935,2.375325,-181.34754999999998,11.353250000000005,21.573549999999976
-0.16180000000000008,-1.7112,2.37,-177.53920000000005,14.739800000000049,8.88579999999995
-0.1795750000000001,-1.72305,2.37,-184.83880000000005,27.674075000000073,-4.190675000000074
-0.20225000000000024,-1.7520500000000003,2.36755,-195.78155000000012,35.67895000000001,-17.4019000000001
-0.23187500000000028,-1.8053750000000006,2.3616249999999996,-211.89162500000015,36.69212500000001,-30.804250000000124
-0.23569999999999994,-1.8587000000000007,2.3514,-222.60520000000008,31.779899999999916,-41.92760000000011
-0.23,-1.9124749999999993,2.34,-231.06924999999995,24.366300000000148,-52.19104999999989
-0.23,-1.977650000000001,2.34,-234.20950000000005,10.312199999999784,-62.488700000000165
-0.22170000000000017,-2.03245,2.34,-232.40502500000008,-1.9200499999999412,-70.74869999999997
-0.19800000000000012,-2.068,2.34,-221.42600000000004,-10.771999999999958,-75.22799999999998
-0.2331749999999998,-2.0957,2.343925,-217.001725,-23.886499999999955,-81.74044999999998
-0.29834999999999995,-2.1194,2.34985,-215.91744999999997,-39.17299999999999,-89.2889
-0.25379999999999997,-2.1431,2.3615500000000003,-221.347375,-59.59347500000002,-93.7073
-0.21659999999999996,-2.1736000000000004,2.3751,-226.3872,-77.59900000000003,-98.43880000000001
-0.20474999999999996,-2.2210000000000005,2.392875,-230.037,-89.27125000000005,-104.15050000000002
-0.18579999999999985,-2.2648500000000005,2.42485,-231.69525000000002,-100.20510000000007,-106.4187
-0.1620999999999998,-2.3063250000000006,2.4663250000000003,-232.021125,-110.64495000000008,-106.38315
-0.10600000000000079,-2.3154,2.4808,-221.94120000000015,-109.19940000000004,-97.91280000000012
-0.05867499999999992,-2.32265,2.4926500000000003,-215.0750250000001,-103.23679999999979,-90.08652499999997
-0.05275000000000006,-2.3345,2.5044999999999997,-222.87824999999992,-85.60400000000017,-87.34325000000003
-0.05317499999999996,-2.3653999999999997,2.5163499999999996,-229.18922499999996,-76.43257500000001,-91.00712499999993
-0.059099999999999965,-2.4128,2.5281999999999996,-234.20769999999996,-74.58990000000001,-100.22049999999994
-0.08010000000000048,-2.470250000000001,2.53,-224.40242499999974,-73.11404999999998,-110.1976750000002
-0.10189999999999998,-2.52665,2.5338,-209.29355000000004,-71.51865000000001,-119.80814999999998
-0.11375,-2.5681249999999998,2.5574999999999997,-180.314375,-68.953125,-126.781875
-0.10319999999999993,-2.5871999999999997,2.5728,-154.42919999999995,-65.70719999999999,-128.7016
-0.06765000000000071,-2.581275,2.578725,-131.99715000000046,-61.70190000000008,-124.98070000000008
-0.0460499999999999,-2.5893,2.59395,-119.73929999999994,-60.016949999999994,-116.89344999999996
-0.028274999999999863,-2.600575,2.61,-109.50007499999987,-59.280450000000016,-106.66597499999986
-0.010499999999999829,-2.6065,2.61,-92.08649999999983,-61.44900000000002,-87.66449999999982
0.0024249999999999263,-2.6148499999999997,2.612425,-71.07907500000033,-60.586300000000065,-68.01070000000026
0.008349999999999937,-2.6266999999999996,2.61835,-44.88465000000028,-55.348600000000054,-47.41540000000022
-0.002825000000000275,-2.6128999999999993,2.624275,-9.883724999999416,-54.87752500000002,-29.21837499999973
-0.019599999999999795,-2.588599999999999,2.6298,28.462800000000634,-56.05499999999993,-11.932599999999692
-0.007750000000000057,-2.5471250000000003,2.623875,65.28074999999983,-51.75937500000002,5.765374999999915
-0.0020499999999999824,-2.5036,2.62205,98.78384999999992,-46.036950000000026,22.915999999999954
-0.007974999999999994,-2.4562,2.6279749999999997,126.02107499999998,-37.61752500000001,39.03199999999998
-0.01,-2.4048999999999987,2.6221999999999994,143.84370000000033,-31.931999999999896,49.961000000000205
-0.01,-2.351575,2.61035,156.77797500000003,-27.665999999999986,58.19675000000002
0.0015000000000000568,-2.3212499999999996,2.61,167.60775000000007,-14.148249999999933,66.15650000000004
0.006649999999999922,-2.2949749999999995,2.61,178.4455000000001,-3.1160249999999725,73.74940000000004
-0.0051999999999998185,-2.2772,2.61,189.46599999999984,0.8951999999999385,80.4327999999999
-0.01352499999999992,-2.2523750000000007,2.60295,197.34572499999993,1.1205750000000314,88.72712499999987
-0.019450000000000075,-2.22275,2.5910999999999995,203.0870500000001,-1.2316500000000292,98.11825000000012
-0.025375000000000085,-2.22,2.595375,215.2246250000002,6.316875000000124,106.16562500000012
-0.02740000000000009,-2.2122000000000006,2.5974000000000004,229.60139999999984,12.429300000000019,113.26819999999996
-0.015550000000000067,-2.1766500000000004,2.58555,249.6160499999999,9.828225000000014,117.49864999999998
-0.006850000000000023,-2.1411000000000002,2.58,267.2303999999999,12.79949999999997,123.74509999999998
-0.0009249999999998693,-2.105549999999999,2.58,282.7302000000003,20.679750000000173,131.7675500000002
-0.015,-2.0700000000000003,2.5700000000000003,290.7,28.005000000000003,135.885
-0.03277500000000003,-2.0326,2.55815,296.430375,34.51717500000001,139.426175
-0.05055000000000007,-1.9851999999999999,2.5463,297.58575,37.18935000000001,143.75735000000003
-0.054450000000000214,-1.9433500000000006,2.5289000000000006,296.82915,39.473024999999964,146.82312499999998
-0.04259999999999991,-1.9077999999999997,2.5052,293.9022,41.315700000000014,148.45250000000001
-0.03074999999999989,-1.8953749999999998,2.486125,290.69312499999995,43.130625000000016,149.656375
-0.020550000000000068,-1.8877999999999997,2.47,287.67974999999996,45.30020000000007,150.73735
-0.026474999999999936,-1.8641000000000003,2.47,287.353875,51.01189999999994,151.78607499999998
-0.039599999999999795,-1.8308000000000004,2.4628,283.1808000000001,54.510799999999996,152.6428
-0.06329999999999984,-1.7834000000000003,2.4450250000000002,273.35715000000005,54.75964999999999,153.217525
-0.09125000000000057,-1.7529999999999994,2.43575,258.3739999999997,49.70024999999986,154.51900000000003
-0.11947500000000005,-1.7293,2.429825,241.53555000000006,42.44412500000003,155.953425
-0.10170000000000001,-1.7056,2.4239,230.5506,31.749500000000012,152.3451
-0.09,-1.687975,2.4179749999999998,223.38075,22.14229999999999,147.7344
-0.09,-1.68205,2.4120500000000002,223.5585,14.629400000000158,141.19320000000013
-0.08612500000000012,-1.6683750000000002,2.4061250000000003,226.8827499999999,7.848875000000122,130.49412500000025
-0.08019999999999981,-1.6505999999999994,2.4002,231.87160000000014,1.4557999999998037,117.5953999999996
-0.051375000000000455,-1.592750000000001,2.4,231.3759,-1.2389249999999605,110.9483750000001
-0.028350000000000077,-1.5467000000000002,2.39835,228.50565000000012,-0.011100000000148214,105.78695000000003
-0.02242500000000007,-1.5348500000000003,2.3924250000000002,219.9795750000001,11.044949999999872,103.90872500000002
-0.03400000000000091,-1.5335000000000003,2.39,213.86499999999984,19.13300000000023,98.61449999999971
-0.057699999999999814,-1.539425,2.39,209.42125000000004,25.164649999999952,90.95347500000005
-0.06534999999999996,-1.5239500000000001,2.3793,210.71805,26.108449999999998,84.98840000000003
-0.07637499999999989,-1.508725,2.37,211.54425,24.61587500000003,79.20687500000003
-0.10599999999999994,-1.5028,2.37,208.404,16.232000000000017,73.43
-0.11687499999999999,-1.490625,2.379375,204.823125,6.43875,71.6125
-0.11095,-1.47285,2.39715,200.84745,-4.617300000000021,73.3426
-0.11995000000000004,-1.465025,2.404975,193.71762499999997,-16.036525000000047,72.9235
-0.12549999999999983,-1.4564,2.4127,187.3193,-27.27220000000006,72.76900000000002
-0.09587499999999978,-1.4326999999999999,2.430475,188.36802500000002,-37.09585000000008,76.38325000000002
-0.06900000000000091,-1.430999999999999,2.4427499999999998,188.76225000000002,-38.01775000000036,77.46475000000007
-0.04529999999999973,-1.4547000000000003,2.448675,188.400825,-28.66217499999989,75.62207499999997
-0.04,-1.4738000000000002,2.4592000000000005,200.4088000000002,-15.267799999999804,72.51899999999995
-0.04052500000000009,-1.4868499999999993,2.4678999999999998,215.57020000000017,-1.0423999999998337,69.37575
-0.04644999999999982,-1.4513000000000011,2.444200000000001,226.51959999999968,9.764799999999667,69.55349999999999
-0.05,-1.4181250000000007,2.4276250000000004,230.4437500000002,18.280124999999853,71.77374999999985
-0.05,-1.3884999999999992,2.4217,223.86699999999985,23.369700000000105,77.04700000000011
-0.06690000000000054,-1.3715499999999996,2.4030999999999993,214.35387499999976,24.960975000000005,80.87952500000007
-0.0893999999999994,-1.3606000000000007,2.3796999999999997,204.0288500000001,25.094249999999956,84.00889999999995
-0.06570000000000051,-1.3842999999999994,2.3678500000000002,207.93342499999991,23.28712500000004,82.38545000000003
-0.05199999999999989,-1.4,2.3619999999999997,215.8599999999997,24.515999999999863,79.82200000000009
-0.05792500000000018,-1.4,2.367925,231.6797500000005,31.70302500000022,75.41379999999987
-0.07925000000000096,-1.3961499999999998,2.3507499999999992,252.9511000000008,34.59730000000002,73.09614999999997
-0.1088749999999996,-1.390225,2.3211250000000003,277.16064999999963,35.177949999999996,71.90522500000002
-0.11,-1.3729000000000002,2.3143000000000002,302.1624999999997,27.066100000000098,73.00569999999999
-0.10512500000000016,-1.3470000000000006,2.3051250000000003,325.3934999999998,20.970625,74.70199999999997
-0.08735000000000014,-1.2996000000000003,2.28735,343.8557999999999,21.11875,77.73559999999998
-0.07305000000000007,-1.283475,2.25915,358.01604999999995,22.02442499999999,74.51767500000004
-0.061200000000000046,-1.2894,2.2236000000000002,369.1431999999999,23.464199999999995,66.89220000000003
-0.028050000000000068,-1.284675,2.2359750000000003,381.244825,32.83289999999998,50.53905000000003
-0.006249999999999999,-1.27,2.25,392.8925,43.04125,33.34625
-0.03587500000000006,-1.2226,2.25,402.43175,53.04857500000002,16.69107499999997
-0.07480000000000019,-1.2,2.2469,404.48449999999997,53.75589999999997,4.533999999999969
-0.12220000000000028,-1.2,2.240975,399.714875,45.98822499999996,-3.524000000000046
-0.11514999999999986,-1.1554499999999996,2.2202,402.82565000000005,25.36539999999982,1.6988500000000606
-0.10350000000000023,-1.1021249999999996,2.1965,402.3663749999997,4.951874999999956,10.738125000000156
-0.12720000000000029,-1.0487999999999995,2.1728,372.34439999999967,0.35999999999994703,26.706000000000184
-0.11002499999999914,-1.0254500000000002,2.157275,348.03674999999976,4.926850000000204,40.01700000000014
-0.044849999999999,-1.0373,2.15135,330.4394999999997,20.248900000000233,50.208000000000155
-0.034575000000000106,-1.0674500000000007,2.1591500000000003,343.55880000000036,36.124525000000276,43.713974999999806
-0.03899999999999977,-1.0974999999999995,2.1689999999999996,368.251000000001,50.42899999999992,31.92149999999969
-0.02715000000000032,-1.0678750000000008,2.15715,420.1658499999986,45.91415000000012,16.060275000000424
-0.008250000000000743,-1.0429500000000005,2.1382500000000007,468.7131499999989,47.80304999999971,4.356200000000134
0.021375000000000737,-1.0251749999999995,2.1086249999999995,512.137475000001,59.43382500000029,-1.023700000000134
0.008999999999999207,-1.0157999999999998,2.0915999999999997,546.9854000000008,65.4576000000001,-10.78840000000031
-0.020624999999999435,-1.009875,2.079125000000001,578.3099999999994,69.33474999999979,-22.16099999999995
-0.05024999999999949,-1.0039500000000001,2.0376500000000006,609.5939999999995,80.4618999999998,-24.57839999999996
-0.07394999999999982,-0.9763000000000011,2.0021,634.7495749999998,87.01297500000004,-25.35852500000004
-0.0858000000000004,-0.9051999999999976,1.978399999999999,647.6483000000005,84.4118999999999,-22.864099999999915
-0.10912499999999967,-0.8341000000000008,1.9432250000000004,640.0450250000002,87.24614999999993,-6.331925000000279
-0.13874999999999973,-0.7630000000000007,1.9017500000000003,621.1857500000002,93.06449999999995,17.907249999999767
-0.14,-0.7770249999999999,1.8716250000000003,600.0791750000002,93.1738,44.74557499999979
-0.1128000000000006,-0.8059999999999997,1.8516000000000001,592.3071999999999,88.40600000000009,69.61999999999989
-0.012075000000000391,-0.8652499999999997,1.857525,620.8479249999999,71.13462500000007,88.87624999999993
-0.01829999999999983,-0.89345,1.89105,661.3394499999999,52.748900000000035,96.47840000000001
-0.10125,-0.899375,1.944375,710.4043750000001,33.56375,95.72
-0.09409999999999996,-0.7886999999999997,1.9076,748.8958000000001,20.356999999999978,106.88660000000003
-0.07142499999999985,-0.6618249999999994,1.8589749999999998,774.9365,15.527425000000093,122.5587000000001
-0.02994999999999976,-0.5255499999999992,1.8056499999999998,757.991,40.13395000000014,150.12180000000015
0.01460000000000037,-0.45692499999999997,1.776925,729.4988749999998,67.84930000000023,169.9051500000001
0.06200000000000046,-0.45099999999999996,1.771,690.3049999999997,98.4460000000003,182.47800000000012
0.04044999999999959,-0.5041750000000008,1.8094000000000006,674.9776749999999,108.71722500000007,168.50509999999977
0.00914999999999992,-0.5557499999999996,1.8474499999999998,670.7889000000005,112.34204999999986,149.9088999999998
0.0032250000000001934,-0.526125000000001,1.8296750000000006,704.170349999999,100.92457500000037,135.89035000000044
0.005400000000000205,-0.4640999999999983,1.7956999999999992,731.9223000000004,106.84380000000046,133.21450000000019
0.017250000000000227,-0.3633749999999981,1.742374999999999,752.9501250000004,133.47075000000052,144.08687500000022
0.01089999999999975,-0.27629999999999827,1.6890499999999988,761.0195500000001,165.42575000000073,155.54620000000025
-0.007599999999997636,-0.1919250000000025,1.6390500000000001,764.4376750000001,197.55399999999963,166.5511499999999
-0.10239999999999783,-0.09120000000000232,1.6272000000000002,759.4192000000002,213.19599999999963,170.30759999999992
-0.1902250000000021,-0.0020999999999980895,1.6153499999999998,748.5858999999995,209.47307499999908,169.01647499999976
-0.2672500000000022,0.06900000000000205,1.6034999999999997,728.7489999999995,175.76574999999903,159.90974999999975
-0.20232500000000214,0.11504999999999937,1.5290250000000019,731.8787749999998,138.92717500000066,161.8792999999999
-0.08,0.15049999999999952,1.4295000000000004,744.9449999999995,101.1907000000002,168.64949999999976
-0.08,0.1801249999999996,1.3998750000000002,776.0512499999995,87.60467500000019,184.61737499999978
-0.09170000000000131,0.22925000000000323,1.372199999999999,801.7579500000005,82.46215000000043,202.00095000000076
-0.12724999999999967,0.3181249999999991,1.3485000000000003,816.4578749999998,94.53137499999988,222.2703749999998
-0.12480000000000019,0.3689999999999998,1.3589999999999998,804.7022000000002,98.9512,234.73079999999993
-0.10110000000000015,0.39862499999999984,1.3886249999999998,778.1522750000001,99.09339999999999,242.82434999999995
-0.04350000000000023,0.37740000000000007,1.2996000000000003,762.55205,113.88039999999994,238.23930000000001
0.03622499999999973,0.355275,1.2048,748.7621,135.06594999999993,237.22349999999997
0.17250000000000001,0.3375,1.11,738.5,171.955,247.76999999999998
0.17862499999999984,0.34027500000000005,1.039175,728.1146,215.0433000000001,256.271775
0.08974999999999966,0.35805000000000003,0.9858499999999998,717.6392,262.6566000000002,263.28105000000005
0.006149999999999531,0.39165000000000016,0.9536249999999998,686.9288999999999,273.73525000000006,276.1455750000001
-0.05759999999999991,0.4043999999999994,0.9215999999999998,659.2872,273.3975999999998,290.19240000000013
-0.04574999999999989,0.32737499999999925,0.8801249999999996,653.5458749999999,245.83449999999974,306.0536250000002
0.0027000000000009516,0.2838999999999999,0.817299999999999,674.6384500000005,216.70674999999966,318.12065000000007
0.08565000000000111,0.27204999999999985,0.7343499999999988,721.0252750000005,186.10412499999958,326.6111750000001
0.16370000000000118,0.3974000000000024,0.6611999999999989,778.0794000000009,184.96520000000007,339.52150000000023
0.2258750000000009,0.5572249999999941,0.5958750000000009,829.1199,192.96702499999918,355.39907499999913
0.19624999999999942,0.7527500000000038,0.5662499999999995,829.191,219.37475000000052,383.90425000000056
0.14522499999999838,0.8332499999999987,0.5446499999999997,807.602624999999,247.78872500000065,397.4855999999999
0.06819999999999823,0.7739999999999987,0.5327999999999997,759.6989999999989,278.64020000000073,392.9351999999999
0.11787499999999795,0.628775000000004,0.5254750000000001,735.0538750000004,288.21964999999994,349.4788500000013
0.20134999999999964,0.46145000000000236,0.5204499999999999,719.6184999999998,290.05715000000026,291.9931500000017
0.2191250000000005,0.34887499999999677,0.5263750000000001,728.6837500000003,277.7746249999996,210.26962499999766
0.22309999999999947,0.2938000000000011,0.5184999999999991,737.7927000000003,263.1207999999994,142.55769999999862
0.20532500000000029,0.3293499999999995,0.48887500000000045,746.9705249999998,244.7296000000003,96.9292750000007
0.2,0.3773499999999993,0.4592500000000004,710.6519000000008,229.35130000000018,95.61039999999977
0.20202499999999818,0.42992500000000006,0.4292500000000007,654.4823750000011,215.57679999999988,113.69402499999939
0.36199999999999843,0.42400000000000004,0.37000000000000055,567.7700000000009,226.3839999999999,166.9419999999995
0.4469000000000005,0.3949750000000006,0.3357749999999999,488.3379750000005,241.60137499999982,213.67769999999973
0.3758000000000004,0.3179500000000004,0.35354999999999986,424.03395000000035,265.98274999999984,246.88139999999981
0.30470000000000025,0.23337500000000033,0.38642499999999985,384.7921500000001,260.70017500000006,255.7288
0.23360000000000014,0.14450000000000018,0.4278999999999999,359.8242000000001,238.52290000000005,250.7044
0.235625,0.15125,0.385,351.185625,218.05,232.82125
0.2555000000000001,0.1724000000000001,0.34224999999999994,336.5281999999999,200.89354999999998,216.64395
0.31475000000000025,0.21980000000000016,0.3126249999999999,302.42389999999983,192.84147499999997,207.21727499999997
0.31959999999999983,0.2570000000000002,0.2897999999999999,261.6453999999997,189.7194,204.526
0.28404999999999975,0.2866250000000002,0.2720249999999999,215.91032499999963,190.258575,206.83675000000002
0.29050000000000015,0.3057500000000002,0.24899999999999978,180.54399999999967,183.69449999999992,208.15525000000002
0.30587500000000034,0.3058999999999992,0.2229499999999996,154.13420000000005,174.08217499999978,208.07129999999995
0.33550000000000035,0.23479999999999907,0.18739999999999954,158.54240000000004,155.83909999999975,202.83359999999993
0.35605000000000014,0.18487499999999957,0.16092499999999973,170.54940000000028,150.9120750000001,198.97832499999996
0.36790000000000017,0.15524999999999947,0.1431499999999997,189.84120000000033,158.75085000000013,196.44834999999995
0.3894999999999993,0.19387499999999847,0.1546249999999995,195.75599999999991,154.9091250000002,186.9666250000003
0.40040000000000187,0.24559999999999887,0.1660000000000008,195.2000000000006,148.12200000000024,174.4012000000006
0.32929999999999837,0.28707500000000097,0.13637499999999933,171.64812499999945,138.58274999999978,151.6728999999995
0.3006000000000006,0.3046999999999997,0.12795000000000045,131.07794999999845,128.97989999999976,128.72199999999944
0.32429999999999953,0.2928500000000002,0.14572499999999963,69.47572500000129,119.2984500000002,105.49600000000049
0.3749999999999989,0.2585000000000008,0.14550000000000013,39.927000000000376,107.50200000000024,82.81450000000044
0.4287250000000003,0.2195750000000001,0.1404249999999999,21.0908250000002,95.87560000000002,61.56215000000009
0.41095000000000026,0.2136500000000001,0.1463499999999999,9.531150000000178,95.11720000000001,56.573300000000074
0.40227499999999994,0.21454999999999982,0.15,-0.6703499999998925,93.77640000000004,53.25202500000001
0.4081999999999999,0.22639999999999988,0.15,-8.692799999999908,91.50120000000003,52.6062
0.41825000000000045,0.22174999999999956,0.12524999999999864,-24.136125000000717,86.70974999999977,50.066999999999865
0.4301500000000007,0.2098499999999993,0.09010000000000047,-42.701750000000196,80.7647999999995,46.63459999999954
0.44792500000000074,0.19207499999999925,0.1019500000000005,-47.649125000000204,68.29859999999948,35.32969999999952
0.4619,0.16480000000000017,0.1175999999999999,-44.85780000000007,61.22079999999998,26.60690000000001
0.467825,0.11740000000000009,0.14129999999999995,-25.672650000000033,65.55789999999999,23.354075000000005
0.45125,0.0925,0.165,-4.132499999999997,63.21625,16.37375
0.4216249999999999,0.08064999999999999,0.18870000000000003,18.773550000000046,57.00092499999999,7.231474999999983
0.44240000000000007,0.11360000000000015,0.19,23.821200000000015,50.891999999999975,0.4131999999999749
0.4645749999999993,0.13542500000000077,0.1930499999999995,27.785149999999838,44.853300000000246,-5.004449999999926
0.4823499999999993,0.11765000000000073,0.20489999999999953,31.612699999999844,38.999400000000236,-6.770099999999929
0.479874999999999,0.12350000000000136,0.19649999999999862,31.427374999999813,33.270374999999675,-7.3679999999999835
0.4620999999999998,0.14720000000000028,0.17279999999999973,28.21009999999996,27.635699999999932,-7.083599999999997
0.47045000000000015,0.16567500000000024,0.17522500000000008,6.391824999999674,33.5953000000001,4.424100000000175
0.4730999999999994,0.1765499999999997,0.18460000000000037,-16.87540000000029,37.84104999999985,14.544299999999971
0.4375499999999994,0.1587749999999997,0.2083000000000004,-35.81170000000033,28.521024999999838,12.660149999999968
0.45300000000000124,0.13799999999999954,0.20499999999999943,-46.951000000000064,24.67000000000003,9.86699999999993
0.5181749999999983,0.11430000000000064,0.1753750000000008,-50.48822499999991,26.151249999999962,6.187575000000098
0.49605000000000105,0.0906000000000006,0.1990999999999991,-51.750799999999984,30.590999999999873,9.83649999999987
0.4607749999999999,0.07077499999999987,0.22922500000000015,-52.43867499999999,34.52865000000009,15.086499999999884
0.46669999999999984,0.07669999999999988,0.22330000000000014,-52.6579,30.77220000000008,20.181999999999892
0.48049999999999954,0.07475000000000023,0.21737500000000012,-43.479625000000404,29.512124999999966,23.371749999999984
0.5042000000000008,0.06289999999999964,0.2114499999999998,-22.487349999999356,31.39035000000006,24.165700000000022
0.4920999999999992,0.09132500000000135,0.2144750000000002,0.6842500000007803,35.09437500000014,14.644774999999582
0.47040000000000015,0.12479999999999734,0.2208000000000004,24.41840000000075,38.173199999999525,2.201199999999771
0.4763249999999999,0.047775000000000886,0.23264999999999986,46.16907499999975,24.444975000000156,-4.446649999999924
0.4507500000000007,0.02024999999999949,0.25349999999999967,69.09874999999977,1.9237500000003536,-8.309000000000006
0.3737250000000006,0.07357499999999959,0.2890499999999997,93.9541249999998,-34.95937499999972,-7.621700000000005
0.4114999999999995,0.1391999999999996,0.2713000000000002,101.7125,-55.27029999999993,1.1384999999999277
0.5002749999999998,0.21024999999999977,0.2298000000000002,101.68485000000015,-67.91587500000021,13.366375000000069
0.5654499999999999,0.26949999999999985,0.1824000000000001,60.17430000000008,-12.428250000000112,-4.082749999999967
0.5687500000000063,0.30250000000000116,0.18187499999999515,7.893750000003621,26.1637499999999,-14.191250000000277
0.4383999999999935,0.2787999999999988,0.282600000000005,-67.65000000000377,28.261200000000105,-8.443999999999713
0.42352500000000276,0.24019999999999755,0.3125499999999994,-119.73370000000199,17.958124999999086,-5.22229999999991
0.4768500000000003,0.19279999999999972,0.3006999999999999,-157.9618000000002,0.33124999999989857,-3.49219999999999
0.45769999999999983,0.10079999999999928,0.3111500000000001,-144.92219999999986,-6.218100000000045,-3.663175000000002
0.4445000000000002,0.0029999999999989757,0.31549999999999984,-112.06349999999922,-14.431500000000145,-4.40050000000002
0.4622750000000002,-0.10365000000000123,0.2977249999999998,-30.233324999999063,-29.605425000000178,-6.456475000000023
0.4632999999999998,-0.1667500000000004,0.26654999999999945,57.47945000000125,-35.302199999999985,-12.190750000000115
0.4514500000000004,-0.19637499999999905,0.22507500000000136,149.713924999997,-33.71430000000006,-20.75237499999972
0.6787999999999921,-0.0024000000000069244,0.06400000000000546,153.48600000000027,63.4703999999966,-43.42679999999925
0.8258750000000097,0.20024999999999693,-0.03612500000000668,134.1063750000019,154.9214999999997,-58.7865000000007
0.4881500000000091,0.3068999999999971,0.1949499999999938,68.56995000000177,165.04139999999973,-34.54140000000065
0.32,0.3361999999999989,0.28917499999999907,0.3857749999983753,127.01389999999805,-26.715325000000192
0.32,0.28879999999999884,0.24769999999999895,-70.42390000000177,41.24359999999786,-35.17030000000021
0.348950000000001,0.19314999999999716,0.25930000000000064,-94.54205000000036,-6.896525000001063,-27.268524999999688
0.38150000000000034,0.09624999999999916,0.28225000000000056,-103.2372499999993,-44.54600000000071,-16.830999999999936
0.39335000000000037,0.0666249999999991,0.30002500000000054,-78.96252499999926,-69.00440000000076,-14.626899999999932
0.4233999999999992,0.06559999999999946,0.3151999999999998,-49.48520000000056,-80.46280000000009,-13.610999999999994
0.4767249999999993,0.10114999999999952,0.32704999999999984,-13.354550000000486,-75.29620000000007,-14.114624999999993
0.5077999999999997,0.0833000000000004,0.3033000000000004,21.174099999999612,-59.681000000000225,-4.227500000000154
0.5277500000000004,0.05187499999999972,0.2714999999999998,54.30249999999981,-41.04425000000012,8.116000000000021
0.49220000000000025,0.08149999999999978,0.2951999999999998,74.56599999999985,-28.945400000000095,5.8408000000000175
0.4722249999999997,0.10667499999999905,0.30332500000000095,86.12085000000016,-18.987000000000343,4.880574999999935
0.47815000000000024,0.12445000000000078,0.28554999999999925,83.19389999999987,-12.587999999999717,6.107050000000054
