142.35499999999996,-14.376124999999973,124.28074999999998
266.71,-99.66,131.42
260.30699999999996,-103.45287499999999,149.869
253.904,-107.24575,168.31799999999998
247.501,-111.038625,186.767
241.098,-114.83149999999999,205.21599999999998
223.07,-95.2,218.24625
201.942,-69.32200000000002,229.83149999999998
180.814,-43.44399999999999,241.41675
159.686,-17.56600000000001,253.00199999999998
134.18137499999997,-3.5762499999999964,263.314
105.49374999999999,1.7675,272.7
76.80612499999997,7.111250000000005,282.086
48.11849999999998,12.455000000000002,291.472
31.974000000000007,31.676250000000067,305.86650000000003
37.33200000000001,74.68750000000004,328.847
42.69,117.69875,351.8275
48.047999999999995,160.70999999999998,374.808
61.94887500000013,203.0946250000001,400.1671250000001
121.4117500000001,242.13725000000005,438.2122500000001
180.87462500000004,281.17987500000004,476.257375
240.3375,320.22249999999997,514.3025
299.8003750000002,359.2651250000001,552.3476250000001
365.1200000000002,414.2917500000001,615.7570000000002
430.7650000000001,470.2063750000001,680.5755000000001
496.4100000000001,526.1210000000001,745.394
562.0550000000001,582.035625,810.2125
623.1762500000002,630.7140000000002,868.8220000000001
682.6818750000002,676.8080000000001,925.2140000000002
742.1875000000001,722.902,981.6060000000001
801.693125,768.9960000000001,1037.998
878.41625,821.9200000000001,1081.265
970.6351250000002,880.9910000000002,1112.7195000000002
1062.8539999999998,940.0619999999999,1144.174
1155.0728750000003,999.133,1175.6285
1248.5172500000006,1053.1460000000002,1203.28725
1344.6168750000002,1096.2,1222.7218750000002
1440.7165000000002,1139.2540000000001,1242.1565
1536.8161250000005,1182.3080000000002,1261.5911250000001
1630.5195,1224.87725,1282.59275
1703.8547499999997,1263.3261249999998,1316.913875
1777.19,1301.775,1351.2350000000001
1850.5252500000001,1340.2238750000001,1385.556125
1923.8605000000005,1378.6727500000002,1419.8772500000002
1948.5035,1428.9918750000002,1436.0083750000001
1967.4180000000001,1480.7075000000002,1449.9995000000001
1986.3325000000002,1532.4231250000005,1463.9906250000001
2005.247,1584.13875,1477.9817500000001
2011.22,1637.368875,1476.662125
2011.22,1691.298,1468.276
2011.22,1745.2271250000003,1459.8898749999998
2011.22,1799.15625,1451.5037499999999
2011.22,1847.296125,1424.2817499999996
2011.22,1889.0035000000003,1376.1309999999996
2011.22,1930.7108750000004,1327.9802499999994
2011.22,1972.4182500000002,1279.8294999999996
2011.22,2003.15,1233.1381249999995
2011.22,2003.15,1190.533
2011.22,2003.15,1147.927875
2011.22,2003.15,1105.32275
2011.22,2003.15,1063.0186250000002
2011.22,2003.15,1026.1324999999997
2011.22,2003.15,989.246375
2011.22,2003.15,952.3602499999997
2011.22,2003.15,915.474125
1978.5,2003.15,877.528
1939.645,2003.15,839.383125
1900.7899999999997,2003.15,801.2382499999999
1861.9349999999997,2003.15,763.0933749999997
1805.2089999999994,2003.15,724.2359999999996
1738.0582499999991,2003.15,684.9629999999995
1670.9075,2003.15,645.6899999999999
1603.7567499999998,2003.15,606.4169999999998
1532.4589999999996,2003.15,570.7099999999998
1455.4591250000005,2003.15,539.9062500000001
1378.4592499999992,2003.15,509.1024999999996
1301.4593750000001,2003.15,478.29875
1221.6639999999998,2003.15,445.3334999999999
1131.3854999999994,2003.15,404.2626249999998
1041.1070000000004,2003.15,363.19175000000024
950.8284999999989,2003.15,322.1208749999995
860.55,2003.15,281.05
777.9023749999997,2003.15,248.9732499999999
695.2547499999995,2003.15,216.89649999999983
612.6071249999992,2003.15,184.81974999999971
529.9594999999989,2003.15,152.74299999999963
463.684374999999,2003.15,152.86187500000014
401.7752499999998,2003.15,161.56625000000003
339.8661249999996,2003.15,170.27062500000005
277.9569999999994,2003.15,178.97500000000008
240.66312500000004,2003.15,182.740375
221.2712499999997,2003.15,182.91375
201.87937499999995,2003.15,183.087125
182.4874999999999,2003.15,183.2605
175.86887500000014,2003.15,175.1379999999998
191.14724999999996,2003.15,152.79400000000007
206.42562500000022,2003.15,130.44999999999968
221.70400000000004,2003.15,108.10599999999994
247.34512500000045,2003.15,84.19749999999982
328.25425000000075,2003.15,51.944999999999716
409.163375000001,2003.15,19.69249999999962
490.0725,2003.15,-12.559999999999995
570.9816250000002,2003.15,-44.81250000000009
672.2780000000006,2003.15,-80.2330000000002
774.7070000000009,2003.15,-115.82950000000031
877.1360000000012,2003.15,-151.4260000000004
979.5649999999999,2003.15,-187.02249999999998
1066.9912500000014,2003.15,-232.17925000000085
1149.0593749999991,2003.15,-280.75037499999956
1231.1275000000007,2003.15,-329.3215000000004
1313.195625000001,2003.15,-377.8926250000006
1388.876250000001,2003.15,-429.4437500000008
1458.8081250000002,2003.15,-483.6768750000001
1528.7400000000005,2003.15,-537.9100000000003
1598.6718750000007,2003.15,-592.1431250000005
1648.82475,2003.15,-648.2789999999998
1656.123125,2003.15,-708.5375
1663.4215,2003.15,-768.7960000000002
1670.7198750000002,2003.15,-829.0545000000013
1671.5840000000003,2001.2445000000002,-888.4074999999997
1617.7569999999994,1983.1422499999999,-940.0637500000007
1563.9299999999992,1965.0399999999997,-991.7200000000008
1510.1029999999998,1946.93775,-1043.3762500000003
1456.2759999999996,1928.8355,-1095.0325000000003
1380.4467499999992,1866.0296249999994,-1119.5036250000003
1302.028999999999,1797.9644999999991,-1140.7765000000002
1223.61125,1729.899375,-1162.049375
1145.1934999999999,1661.8342499999997,-1183.32225
1035.5123749999993,1607.2663749999997,-1179.84475
911.4020000000007,1558.9280000000003,-1164.944
787.2916250000004,1510.589625,-1150.04325
663.1812499999982,1462.2512499999991,-1135.1424999999997
525.6619999999973,1424.2358749999994,-1119.6443749999996
373.2439999999991,1397.6904999999997,-1103.4824999999998
220.82599999999636,1371.1451249999993,-1087.3206249999996
68.40799999999817,1344.5997499999996,-1071.1587499999998
-105.80937499999993,1303.751875,-1062.825
-341.06500000000426,1222.8569999999986,-1076.4100000000003
-576.3206250000014,1141.9621249999996,-1089.9950000000001
-811.5762500000056,1061.067249999998,-1103.5800000000004
-1041.2366250000016,979.7622499999989,-1118.0460000000005
-1170.1825000000001,891.0749999999999,-1148.3700000000001
-1299.1283750000025,802.3877499999984,-1178.6940000000006
-1428.0742500000008,713.7004999999995,-1209.0180000000003
-1557.0201249999993,625.0132500000005,-1239.3419999999999
-1586.5140000000001,603.2419999999998,-1183.0079999999991
-1597.3606250000003,594.0174999999997,-1110.4256249999978
-1608.20725,584.7930000000001,-1037.8432500000008
-1619.053875,575.5684999999999,-965.2608749999996
-1452.7084999999934,535.0179999999986,-877.8704999999977
-1183.0011249999968,476.1939999999993,-781.8421249999989
-913.29375,417.37,-685.81375
-643.5863749999951,358.54599999999897,-589.7853749999983
-326.9769999999978,297.1239999999996,-501.6469999999996
54.1226249999977,232.1297500000004,-424.3573750000005
435.2222500000046,167.13549999999924,-347.0677499999991
816.3218750000001,102.14125,-269.778125
1122.9674999999997,35.76300000000083,-188.67500000000115
1150.4106250000002,-35.80525000000043,-93.27124999999944
1177.8537500000007,-107.37350000000171,2.1325000000022953
1205.2968750000005,-178.94175000000087,97.53625000000115
1232.74,-250.51,192.94
1095.8449999999975,-375.3138750000022,246.18987500000094
958.9499999999991,-500.11775000000074,299.4397500000003
822.0549999999968,-624.921625000003,352.68962500000123
685.1599999999984,-749.7255000000015,405.93950000000063
462.94124999999997,-850.98875,461.07562499999995
217.9694999999956,-945.9745000000017,516.714750000001
-27.00225000000148,-1040.9602500000005,572.3538750000002
-271.97400000000584,-1135.9460000000024,627.9930000000013
-455.2055000000017,-1223.453125000001,669.0681250000004
-593.5350000000042,-1305.5212500000025,699.5512500000009
-731.8645000000024,-1387.5893750000014,730.0343750000005
-870.1940000000008,-1469.6575000000005,760.5175000000002
-961.9402500000002,-1547.9263750000018,781.5418750000001
-973.8295,-1619.6822500000007,786.35125
-985.71875,-1691.438125,791.160625
-997.6080000000002,-1763.194000000001,795.97
-996.5027499999975,-1829.9676250000014,796.9993749999993
-926.0935000000004,-1870.1692499999997,777.8687500000001
-855.6842499999991,-1910.3708750000005,758.7381249999997
-785.2749999999978,-1950.5725000000014,739.6074999999994
-714.8657500000008,-1990.7741249999997,720.4768750000003
-625.4394999999995,-1992.89,712.1575
-534.9567499999978,-1992.89,704.4387499999998
-444.4739999999989,-1992.89,696.7199999999999
-353.99125,-1992.89,689.00125
-248.783999999998,-1992.89,685.8815
-138.31799999999936,-1992.89,684.40425
-27.852000000000658,-1992.89,682.927
82.61400000000131,-1992.89,681.44975
200.7550000000038,-1992.89,680.43
325.8035000000023,-1992.89,679.822
450.85200000000077,-1992.89,679.214
575.900500000003,-1992.89,678.606
690.3350000000012,-1992.89,681.2402500000002
781.7725,-1992.89,690.8993750000001
873.2100000000016,-1992.89,700.5585000000002
964.6475000000006,-1992.89,710.2176250000001
1047.6430000000003,-1992.89,722.1785000000008
1058.8815000000002,-1992.89,753.7042500000005
1070.12,-1992.89,785.23
1081.3585000000003,-1992.89,816.7557500000006
1092.597,-1992.89,848.2815000000002
1056.048499999999,-1992.89,867.7457500000005
1013.8779999999995,-1992.89,885.7910000000003
971.7074999999987,-1992.89,903.8362500000005
929.5369999999992,-1992.89,921.8815000000004
840.1813749999994,-1992.89,924.269875
729.0479999999974,-1992.89,919.4319999999999
617.9146249999988,-1992.89,914.594125
506.78125,-1992.89,909.75625
375.4327499999972,-1992.89,900.8233749999998
221.62299999999445,-1992.89,887.3404999999996
67.81324999999632,-1992.89,873.8576249999998
-85.99649999999725,-1992.89,860.3747500000003
-239.32625000000007,-1992.89,839.449375
-391.31200000000274,-1992.89,797.6849999999993
-543.2977500000009,-1992.89,755.9206249999997
-695.2835000000036,-1992.89,714.1562499999991
-846.2486250000015,-1992.89,671.9231249999995
-978.842500000004,-1992.89,621.2524999999985
-1111.4363749999984,-1992.89,570.5818750000007
-1244.0302500000007,-1992.89,519.9112499999997
-1376.6241249999991,-1992.89,469.2406250000003
-1459.6700000000008,-1992.89,438.22799999999967
-1533.4256250000021,-1992.89,410.9012499999992
-1607.1812500000012,-1992.89,383.5744999999995
-1680.9368750000026,-1992.89,356.24774999999903
-1694.0430000000001,-1992.89,338.8810000000001
-1671.7702499999996,-1992.89,327.32424999999984
-1649.4975,-1992.89,315.7675
-1627.2247499999996,-1992.89,304.2107499999998
-1584.2689999999996,-1992.89,286.9889999999998
-1512.8741249999982,-1992.89,261.97787499999936
-1441.479249999997,-1992.89,236.96674999999894
-1370.084375,-1992.89,211.955625
-1306.9580000000005,-1992.89,181.4755000000006
-1274.8384999999998,-1992.89,130.4866249999997
-1242.7189999999991,-1992.89,79.49774999999877
-1210.5994999999996,-1992.89,28.50887499999939
-1178.4800000000002,-1992.89,-22.480000000000658
-1184.6336250000004,-1992.89,-44.53662500000105
-1190.78725,-1992.89,-66.59325000000013
-1196.940875,-1992.89,-88.64987499999987
-1203.0945000000002,-1992.89,-110.70650000000026
-1247.321875,-1992.89,-119.25937499999999
-1301.702250000001,-1992.89,-124.21125000000008
-1356.0826250000018,-1992.89,-129.16312500000018
-1410.4630000000013,-1992.89,-134.1150000000001
-1453.0788749999992,-1973.4970000000008,-174.1224999999988
-1487.1387499999998,-1940.0,-239.625
-1521.1986250000004,-1906.5029999999995,-305.1275000000012
-1555.2585000000001,-1873.0059999999996,-370.6300000000004
-1522.1463749999964,-1843.7028749999995,-443.051125000002
-1373.8822499999983,-1821.5892499999998,-527.3327500000009
-1225.6181249999954,-1799.4756249999994,-611.6143750000025
-1077.3540000000019,-1777.3620000000003,-695.895999999999
-965.8057500000004,-1756.84925,-768.4637500000001
-1050.0754999999995,-1744.8745000000001,-778.5574999999999
-1134.345250000001,-1732.8997499999998,-788.6512500000001
-1218.6150000000025,-1720.9249999999995,-798.7450000000003
-1302.8847500000015,-1708.9502499999996,-808.8387500000002
-1459.7575000000056,-1605.627749999996,-856.1137500000018
-1620.663749999999,-1497.2303750000005,-905.4543749999997
-1781.570000000002,-1388.8329999999987,-954.7950000000006
-1942.47625,-1280.435625,-1004.135625
-1984.82,-1242.0084999999995,-1070.0890000000034
-1984.82,-1228.5707499999996,-1141.9755000000025
-1984.82,-1215.1329999999996,-1213.8620000000017
-1984.82,-1201.695249999999,-1285.7485000000052
-1984.82,-1208.58375,-1331.21
-1984.82,-1233.7658749999996,-1352.8889999999997
-1984.82,-1258.9480000000008,-1374.5680000000007
-1984.82,-1284.1301250000006,-1396.2470000000005
-1984.82,-1295.4514999999997,-1391.3099999999993
-1984.82,-1276.7412499999998,-1328.705
-1984.82,-1258.030999999999,-1266.099999999997
-1984.82,-1239.3207500000003,-1203.4950000000015
-1961.9892499999946,-1214.4062499999982,-1138.986249999998
-1745.0971249999975,-1136.755624999999,-1058.295624999999
-1528.205,-1059.105,-977.605
-1311.3128749999896,-981.4543749999963,-896.9143749999962
-1094.420749999992,-903.8037499999972,-816.2237499999972
-938.5819999999964,-826.0766249999981,-756.1073749999987
-789.9259999999981,-748.3404999999991,-698.4114999999993
-641.27,-670.604375,-640.7156249999999
-492.6140000000018,-592.868250000001,-583.0197500000006
-419.8584999999987,-534.9473749999983,-546.3708749999989
-382.1339999999991,-486.1719999999989,-519.4359999999994
-344.4094999999995,-437.3966249999994,-492.50112499999966
-306.68499999999773,-388.6212499999971,-465.5662499999984
-309.8103749999994,-340.0933750000006,-438.45925000000034
-358.3244999999988,-291.84050000000116,-411.1610000000006
-406.8386250000012,-243.58762499999884,-383.8627499999993
-455.3527500000006,-195.33474999999942,-356.56449999999967
-501.046875,-150.774375,-329.479375
-538.8450000000018,-116.55299999999836,-302.99099999999873
-576.6431250000014,-82.33162499999877,-276.50262499999906
-614.4412500000009,-48.110249999999176,-250.01424999999935
-650.6546250000001,-14.07649999999964,-223.75924999999972
-658.3425,16.58,-201.70499999999998
-666.0303749999999,47.23649999999962,-179.65075000000024
-673.7182500000002,77.8930000000011,-157.5964999999992
-681.4061250000002,108.54950000000073,-135.54224999999948
-669.5479999999998,129.68400000000025,-123.04799999999987
-654.025,149.033125,-112.34625
-638.5020000000002,168.38224999999977,-101.64450000000014
-622.9789999999995,187.7313750000007,-90.94274999999962
-601.2999999999994,200.84050000000025,-80.46899999999975
-576.0299999999997,210.30962500000012,-70.12824999999988
-550.76,219.77875,-59.7875
-525.4899999999988,229.24787500000045,-49.446749999999504
-498.31700000000075,233.77300000000005,-39.50300000000023
-468.5273749999993,231.50012499999994,-30.105124999999777
-438.73774999999966,229.22724999999997,-20.70724999999989
-408.948125,226.954375,-11.309375000000001
-376.2684999999979,222.9374999999995,-3.2584999999998576
-332.75137499999846,212.3806249999996,-0.25887499999989316
-289.23424999999895,201.82374999999973,2.7407500000000713
-245.71712499999688,191.26687499999926,5.740375000000215
-202.2,180.71,8.74
-169.42737500000038,176.59650000000005,11.808499999999963
-136.65474999999884,172.48299999999986,14.877000000000109
-103.8821249999992,168.3694999999999,17.945500000000074
-71.1094999999996,164.25599999999994,21.01400000000004
-40.22312499999818,159.12624999999966,25.205625000000268
-9.839749999998546,153.72549999999973,29.696750000000215
20.543624999999274,148.32475000000014,34.18787499999989
50.927000000000724,142.92399999999986,38.67900000000011
78.4668750000003,138.33587499999996,41.06362500000001
103.93875,134.33875,41.91625
129.41062500000123,130.3416249999998,42.76887500000004
154.8825000000009,126.34449999999985,43.621500000000026
173.52587500000016,125.90600000000013,42.597249999999896
180.46325000000007,131.56800000000007,38.35549999999995
187.400625,137.23,34.113749999999996
194.33800000000033,142.89200000000028,29.871999999999797
200.02699999999996,147.787875,24.253249999999532
199.058,148.59775000000002,11.290499999999689
198.089,149.407625,-1.672250000000158
197.11999999999995,150.21750000000003,-14.635000000000778
196.151,151.02737499999998,-27.597749999999845
186.46774999999963,143.4852499999997,-40.94300000000048
176.30037499999975,135.4791249999998,-54.30950000000033
166.13299999999987,127.4729999999999,-67.67600000000016
155.9656249999994,119.46687499999952,-81.0425000000008
140.52724999999916,114.69124999999983,-92.1147500000005
123.20637499999938,111.06937499999987,-102.36762500000037
105.88549999999958,107.4474999999999,-112.62050000000025
88.5646249999998,103.82562499999996,-122.87337500000012
71.9225,99.21375,-128.835
55.89124999999923,93.71087499999973,-130.9345000000001
39.859999999999424,88.2079999999998,-133.03400000000008
23.828749999999616,82.70512499999987,-135.13350000000005
13.139000000000063,73.90524999999884,-135.09249999999966
14.022499999999999,57.961875,-130.41375
14.905999999999988,42.01850000000019,-125.73500000000006
15.78950000000003,26.075124999999428,-121.05624999999984
17.270750000000156,11.094999999999839,-115.82424999999976
23.832875000000076,4.30249999999992,-105.88962499999988
30.395000000000394,-2.4900000000004052,-95.95499999999942
36.95712500000032,-9.282500000000324,-86.02037499999953
43.51924999999984,-16.074999999999836,-76.08575000000025
47.034125000000074,-11.543374999999857,-66.76099999999978
50.190500000000036,-5.679499999999928,-57.507999999999896
53.346875,0.18437500000000107,-48.255
56.50325000000015,6.048250000000281,-39.001999999999555
58.89750000000007,9.655000000000092,-30.19424999999969
60.94000000000005,12.220000000000061,-21.591999999999793
62.98250000000002,14.78500000000003,-12.989749999999896
65.02499999999999,17.349999999999998,-4.3875
64.85799999999986,19.10387500000004,3.5768750000003493
62.235999999999905,19.95650000000003,10.832500000000262
59.61399999999993,20.80912500000002,18.088125000000176
56.99199999999997,21.66175000000001,25.34375000000009
56.3556250000003,22.34000000000001,32.82375000000048
61.27899999999995,22.529999999999998,40.9319999999999
66.20237500000019,22.720000000000006,49.04025000000029
71.12575000000012,22.910000000000004,57.14850000000019
75.61237499999997,22.849124999999944,64.36812499999989
72.2374999999998,18.272499999999724,55.592499999999475
68.86262499999984,13.69587499999978,46.816874999999584
65.48774999999988,9.119249999999836,38.041249999999685
62.11287499999992,4.54262499999989,29.26562499999979
21.567999999999444,13.796000000000141,24.40399999999995
-25.946249999999992,25.642500000000002,20.276249999999997
-73.46050000000227,37.48900000000057,16.148499999999803
-120.97475000000169,49.33550000000043,12.020749999999852
-146.40900000000028,47.75399999999978,10.77450000000001
-158.9632500000009,38.339499999999326,11.209125000000032
-171.51749999999998,28.925,11.64375
-184.07174999999984,19.510500000000114,12.078374999999994
-233.43800000000363,23.51200000000081,17.269000000000418
-333.42075000000244,45.960500000000536,28.999125000000276
-433.40350000000126,68.40900000000028,40.729250000000135
-533.386250000006,90.85750000000134,52.459375000000705
-594.548499999996,116.12250000000171,63.70200000000045
-510.13387499999703,151.94937500000128,73.11650000000034
-425.719249999998,187.77625000000086,82.53100000000023
