551.63715,-109.36580000000001,-0.22134999999998684
304.35,-95.09,-49.36
279.765825,-126.450725,-41.6776
255.18165,-157.81145000000004,-33.9952
230.597475,-189.17217500000004,-26.312799999999996
206.0133,-220.53290000000004,-18.630399999999995
165.59975000000003,-181.19225000000003,-12.962000000000005
124.51969999999994,-138.87469999999996,-7.378399999999994
83.43965000000001,-96.55715000000001,-1.7948000000000022
42.35959999999993,-54.239599999999925,3.78880000000001
27.194074999999998,-70.46235,0.13362499999999855
14.306749999999996,-91.8315,-4.333750000000002
1.4194249999999933,-113.20065000000001,-8.801125000000003
-11.467900000000009,-134.56980000000001,-13.268500000000003
-6.996549999999992,-143.60670000000002,-3.280824999999986
-0.130900000000004,-150.9426,8.700649999999992
6.73475000000001,-158.2785,20.682125000000017
13.600400000000025,-165.61440000000005,32.663600000000045
45.40547500000007,-145.11417499999996,46.404675000000026
82.01815,-119.24795,60.48495
118.63082499999994,-93.38172500000005,74.56522499999998
155.2435,-67.51549999999997,88.6455
182.1135,-39.190400000000025,102.93117499999998
206.51700000000002,-10.242799999999974,117.26885000000001
230.9205,18.704799999999985,131.60652499999998
255.32400000000004,47.65240000000005,145.94420000000002
298.2375,91.24374999999998,188.245625
347.07420000000013,139.5211000000001,239.49545000000012
395.91089999999986,187.79844999999983,290.7452749999998
444.7475999999999,236.07579999999993,341.9950999999999
490.57390000000004,289.81837500000006,381.36307500000004
535.2130000000001,345.7162500000002,416.0452500000001
579.8520999999998,401.61412499999983,450.7274249999999
624.4912000000003,457.5120000000004,485.40960000000024
650.042,514.7180500000001,590.0917000000002
666.4760000000001,572.5489000000002,728.2066000000005
682.91,630.37975,866.3214999999998
699.344,688.2106,1004.4364000000002
753.7040000000002,755.7592000000002,1099.2309250000003
829.7359999999999,828.8607999999998,1169.2709499999999
905.7679999999999,901.9624,1239.310975
981.8000000000001,975.0640000000001,1309.351
1079.1191999999996,1029.5865,1361.366525
1190.8703999999998,1071.513,1401.16205
1302.6216,1113.4395,1440.9575750000001
1414.3728000000003,1155.366,1480.7531000000001
1539.8492499999995,1193.408125,1512.199625
1676.3058999999998,1228.34275,1536.96695
1812.7625500000001,1263.2773750000001,1561.734275
1949.2192000000005,1298.2120000000002,1586.5016
2015.38,1344.063175,1626.5357749999998
2015.38,1400.18875,1680.93875
2015.38,1456.3143250000003,1735.341725
2015.38,1512.4399000000003,1789.7447000000002
2015.38,1568.5725249999996,1818.88635
2015.38,1624.7129499999996,1820.0792999999999
2015.38,1680.8533749999997,1821.27225
2015.38,1736.9938,1822.4652
2015.38,1776.727575,1790.5814750000002
2015.38,1795.09455,1715.62115
2015.38,1813.461525,1640.6608250000004
2015.38,1831.8285,1565.7005000000001
2015.38,1851.7233,1487.298425
2015.38,1873.9686,1403.6013500000004
2015.38,1896.2139,1319.9042749999996
2015.38,1918.4592000000002,1236.2071999999987
1971.3902500000008,1938.9431249999998,1151.7742500000004
1846.9620999999997,1956.20625,1065.9956999999997
1722.5339500000002,1973.469375,980.2171500000001
1598.1057999999991,1990.7325,894.4385999999993
1474.2867999999999,1999.1784499999999,820.1470999999999
1351.8040000000005,1988.2835,771.0530000000001
1229.321200000001,1977.3885500000001,721.9589000000003
1106.8383999999999,1966.4936,672.8648
1002.3052000000002,1949.89355,629.2334750000001
945.6375999999997,1918.0798999999997,600.1695499999998
888.97,1886.26625,571.105625
832.3024000000003,1854.4526,542.0417000000001
787.3061499999999,1821.6643249999997,515.242125
780.8761,1785.65555,495.92475
774.4460499999999,1749.6467749999997,476.6073749999999
768.016,1713.638,457.28999999999996
766.9012,1677.597875,439.85790000000003
788.1663999999998,1641.4257500000003,430.3638000000001
809.4316000000001,1605.253625,420.86969999999997
830.6967999999999,1569.0815000000002,411.3756
848.026375,1535.36,400.31324999999987
843.31645,1515.362,380.46869999999996
838.606525,1495.364,360.6241500000001
833.8966,1475.3659999999998,340.7795999999999
823.7757750000001,1458.8846999999998,320.3515
770.3677500000003,1470.5369999999998,295.2550000000001
716.9597249999998,1482.1893,270.1584999999999
663.5517000000001,1493.8416,245.06200000000004
608.2687250000006,1505.6185,220.40072500000014
528.3435499999998,1519.0330000000001,201.45954999999998
448.4183750000002,1532.4475,182.51837500000005
368.4931999999995,1545.862,163.5771999999999
290.148125,1559.4814749999998,144.502975
262.36625000000015,1579.66015,121.1711500000001
234.58437500000025,1599.8388249999998,97.83932500000022
206.8025,1620.0175,74.5075
179.02062500000017,1640.196175,51.17567500000012
183.78945000000002,1672.3235000000002,44.96444999999997
188.890425,1704.57275,38.927925
193.99140000000003,1736.8220000000003,32.89139999999995
199.092375,1769.0712500000002,26.854874999999982
228.3090499999995,1802.2957499999995,20.37420000000011
258.80847499999976,1835.572125,13.86990000000005
289.3078999999996,1868.8484999999996,7.365600000000082
319.8073249999999,1902.124875,0.8613000000000225
374.60449999999946,1910.57025,-14.903999999999861
431.83145,1916.532525,-31.595400000000012
489.05839999999966,1922.4948,-48.28679999999993
546.2853500000002,1928.457075,-64.97820000000007
586.824,1922.7642,-91.80254999999998
624.8400000000003,1915.3094999999998,-120.15862500000026
662.8560000000001,1907.8547999999998,-148.51470000000012
700.8720000000004,1900.4000999999998,-176.87077500000038
721.6126499999999,1903.7078999999999,-205.9894499999998
738.7718249999998,1909.24695,-235.26622499999962
755.9309999999999,1914.786,-264.5429999999999
773.0901749999999,1920.32505,-293.81977499999977
772.8183,1931.3319000000001,-321.6711
767.8534500000001,1943.81085,-349.13864999999987
762.8886,1956.2898,-376.6062000000001
757.9237499999999,1968.7687500000002,-404.07375
749.0313499999999,1978.1582,-428.3815000000002
738.8120749999998,1986.5039000000002,-451.6217500000004
728.5927999999997,1994.8496000000002,-474.86200000000065
718.3735250000002,2003.1952999999999,-498.1022499999995
700.6345000000002,1999.5255000000002,-517.9929999999998
679.78015,1990.87785,-536.4961
658.9257999999999,1982.2302,-554.9992000000001
638.0714500000003,1973.58255,-573.5022999999998
617.9596000000001,1962.28995,-582.0328
598.2189999999999,1949.674875,-585.577
578.4783999999997,1937.0597999999998,-589.1212
558.7378000000001,1924.444725,-592.6654
528.4788999999998,1911.7723,-594.548
491.94294999999954,1899.0656499999998,-595.4390000000001
455.4070000000002,1886.3590000000002,-596.33
418.87104999999985,1873.65235,-597.221
372.68825000000083,1856.0287500000004,-595.99935
319.6861250000004,1834.9293750000002,-593.2842750000001
266.68399999999986,1813.8300000000002,-590.5692
213.6818749999994,1792.730625,-587.854125
143.5914500000007,1757.5237500000005,-592.48845
59.26077499999994,1710.560625,-603.2472750000001
-25.069900000000857,1663.5974999999996,-614.0061000000002
-109.40057500000162,1616.6343749999992,-624.7649250000003
-213.34249999999997,1529.0225,-639.96875
-336.5034499999976,1401.5748500000027,-659.5286749999997
-459.66439999999875,1274.1272000000013,-679.0885999999998
-582.8253499999998,1146.6795500000003,-698.648525
-716.4835000000012,1015.8589499999989,-722.8004000000003
-862.2362499999983,881.1521250000015,-752.2429999999997
-1007.9889999999997,746.4453000000003,-781.6855999999999
-1153.741750000001,611.7384749999991,-811.1282000000002
-1236.9817,488.3768999999982,-814.6798999999995
-1235.38285,380.4124500000003,-783.0939500000002
-1233.784,272.44799999999935,-751.5079999999998
-1232.18515,164.4835499999984,-719.9220499999996
-1211.7658500000002,88.9815500000001,-674.0680500000003
-1161.1347749999998,65.59032499999988,-605.3100749999996
-1110.503700000001,42.19910000000035,-536.552100000001
-1059.8726250000004,18.807875000000134,-467.7941250000004
-925.4230499999992,-9.33655000000013,-405.8888499999998
-630.7322249999963,-46.56797500000047,-357.08432499999935
-336.0414000000021,-83.79939999999974,-308.27980000000036
-41.35057499999934,-121.03082500000008,-259.4752749999999
190.32675000000097,-156.72550000000035,-205.90074999999928
277.07302500000173,-188.88565000000068,-141.35522499999865
363.81930000000006,-221.04580000000004,-76.80969999999994
450.5655749999984,-253.2059499999994,-12.264175000001188
506.88080000000025,-288.7187999999996,50.387249999999455
477.755,-333.645,107.72062499999998
448.62919999999974,-378.57120000000043,165.05400000000054
419.50340000000034,-423.4973999999995,222.38737499999942
382.68090000000007,-477.0393499999999,271.27605
318.9199499999995,-560.7364250000007,290.60827500000016
255.15900000000073,-644.4334999999991,309.94049999999976
191.39805000000013,-728.1305749999998,329.2727249999999
124.63244999999941,-814.2234500000006,345.11204999999995
44.345924999998715,-911.0974250000015,345.233325
-35.94059999999973,-1007.9713999999997,345.3546
-116.22712499999815,-1104.8453749999978,345.475875
-191.22094999999942,-1200.4085999999988,348.4289999999997
-234.0805249999998,-1288.0136999999995,368.5754999999999
-276.9401000000002,-1375.6188000000004,388.7220000000001
-319.79967499999935,-1463.2238999999986,408.8684999999997
-356.38650000000007,-1553.0409999999993,424.6247500000002
-337.14584999999994,-1662.5449000000003,401.30777499999994
-317.90519999999975,-1772.0488000000014,377.9907999999997
-298.66455000000013,-1881.5526999999993,354.67382500000014
-277.47929999999985,-1984.42,330.8949999999999
-226.1527499999994,-1984.42,299.95749999999964
-174.8262000000004,-1984.42,269.02000000000027
-123.49964999999993,-1984.42,238.08249999999998
-71.7405000000013,-1984.42,207.78709999999998
0.9997499999993522,-1984.42,208.63354999999999
73.74000000000001,-1984.42,209.48000000000002
146.48025000000067,-1984.42,210.32645000000002
219.22049999999925,-1984.42,211.1729
315.7815249999999,-1984.42,224.704525
412.8337000000008,-1984.42,238.49770000000012
509.8858750000017,-1984.42,252.29087500000026
606.9380499999999,-1984.42,266.08405
714.3550750000009,-1984.42,275.82242500000007
822.4408000000018,-1984.42,285.29920000000016
930.5265250000027,-1984.42,294.77597500000024
1038.6122500000006,-1984.42,304.25275000000005
1126.1300750000012,-1984.42,314.23237500000016
1211.336899999997,-1984.42,324.2684999999997
1296.543724999998,-1984.42,334.30462499999976
1381.7505499999986,-1984.42,344.34074999999984
1414.9586249999998,-1984.42,368.33174999999983
1439.6021999999994,-1984.42,394.62119999999936
1464.2457749999994,-1984.42,420.9106499999996
1488.8893499999997,-1984.42,447.20009999999985
1449.7474499999998,-1939.523725,466.35345000000007
1396.431000000001,-1884.650500000001,483.9209999999997
1343.1145500000005,-1829.7772750000004,501.4885499999999
1289.7981,-1774.9040499999999,519.0561
1196.124024999999,-1735.2787499999997,529.9323500000002
1090.919200000001,-1700.0100000000004,538.8967999999999
985.714375,-1664.74125,547.8612499999999
880.5095499999991,-1629.4724999999996,556.8257
749.1780249999974,-1612.6654499999997,566.5238000000002
608.5411000000001,-1602.4338,576.4831999999999
467.9041749999989,-1592.2021499999998,586.4426000000001
327.26724999999755,-1581.9704999999997,596.4020000000002
163.28072499999536,-1598.3607750000006,601.2295250000001
-10.857800000001248,-1626.3258,603.8258
-184.99632500000283,-1654.2908250000003,606.4220750000001
-359.1348500000044,-1682.2558500000007,609.01835
-518.4127499999965,-1706.3468749999995,594.6301250000005
-669.917399999998,-1728.4114999999997,571.3577000000002
-821.4220499999992,-1750.476125,548.0852750000001
-972.9266999999963,-1772.5407499999994,524.8128500000006
-1078.8948499999988,-1793.8138999999996,501.92320000000035
-1156.4959999999994,-1814.5939999999998,479.27200000000016
-1234.09715,-1835.3741,456.6207999999999
-1311.6982999999987,-1856.1541999999997,433.96960000000036
-1351.8048499999998,-1870.922225,416.2531750000001
-1364.2838,-1881.2603000000001,402.17289999999997
-1376.76275,-1891.598375,388.0926249999999
-1389.2416999999998,-1901.93645,374.01235000000014
-1392.2283499999999,-1899.9772,367.3322
-1386.9764,-1887.3447999999999,367.07480000000004
-1381.72445,-1874.7124,366.8174
-1376.4724999999999,-1862.08,366.56
-1374.200975,-1844.79505,365.1756
-1374.9707,-1822.7625999999996,362.64119999999997
-1375.740425,-1800.7301499999994,360.1067999999999
-1376.51015,-1778.6977,357.57239999999996
-1407.7167500000032,-1772.7437500000005,342.4019999999986
-1475.4476000000038,-1786.0840000000007,312.0683999999983
-1543.1784499999965,-1799.4242499999993,281.73480000000154
-1610.909299999997,-1812.7644999999993,251.40120000000124
-1660.7836249999991,-1824.4678249999997,223.06122500000083
-1685.3974999999994,-1833.8554999999997,197.54150000000058
-1710.0113749999996,-1843.2431749999998,172.02177500000036
-1734.6252499999998,-1852.63085,146.5020500000001
-1716.1082249999995,-1833.1908999999996,87.18004999999943
-1625.3177999999987,-1765.445199999999,-28.783600000001627
-1534.5273749999978,-1697.6994999999984,-144.74725000000265
-1443.7369500000023,-1629.9538000000016,-260.7108999999971
-1342.342800000002,-1586.2684,-362.10587499999883
-1219.7412000000008,-1590.7036,-434.3634999999995
-1097.1395999999997,-1595.1388,-506.6211250000002
-974.5379999999986,-1599.574,-578.8787500000009
-882.7880499999997,-1593.4089749999994,-620.4739499999994
-865.5075999999995,-1561.6571999999992,-588.056399999999
-848.2271500000003,-1529.9054250000006,-555.6388500000006
-830.9467000000002,-1498.1536500000004,-523.2213000000003
-814.1999999999999,-1464.164375,-501.040625
-799.0331999999999,-1423.5520999999997,-509.1611000000001
-783.8663999999997,-1382.9398249999992,-517.2815750000001
-768.6995999999996,-1342.3275499999988,-525.4020500000001
-782.4140999999975,-1298.3768000000011,-550.1429749999982
-903.4019999999986,-1242.0260000000007,-636.616999999999
-1024.3898999999997,-1185.6752000000001,-723.0910249999998
-1145.3778000000007,-1129.3243999999997,-809.5650500000006
-1276.8300499999923,-1071.4032250000027,-887.2619749999985
-1458.757399999994,-1005.9073000000021,-922.6222999999989
-1640.6847499999958,-940.4113750000015,-957.9826249999992
-1822.6120999999976,-874.9154500000009,-993.3429499999995
-1980.65,-815.445675,-1023.00375
-1980.65,-795.8411999999998,-1014.9599999999999
-1980.65,-776.2367249999998,-1006.9162499999999
-1980.65,-756.6322499999995,-998.8724999999997
-1980.65,-738.488925,-990.5639250000003
-1980.65,-734.9571,-979.6071000000002
-1980.65,-731.4252749999999,-968.6502750000001
-1980.65,-727.8934499999999,-957.69345
-1980.65,-724.774,-947.1931249999999
-1980.65,-729.4072000000001,-945.275
-1980.65,-734.0404000000001,-943.356875
-1980.65,-738.6736000000002,-941.4387499999999
-1979.585825000001,-743.1429250000001,-939.58575
-1874.2325,-731.5525,-944.115
-1768.879175000005,-719.9620750000005,-948.6442499999998
-1663.525850000004,-708.3716500000004,-953.1734999999999
-1558.1725250000031,-696.7812250000003,-957.7027499999999
-1452.5552000000023,-659.6116000000007,-932.3016000000006
-1346.9296250000011,-621.6426250000004,-905.9651250000003
-1241.3040500000002,-583.6736500000001,-879.62865
-1135.6784749999993,-545.7046749999997,-853.2921749999998
-1023.6036999999983,-517.5359999999996,-805.1355999999992
-911.0382250000036,-490.1130000000009,-755.3188000000016
-798.4727500000026,-462.6900000000006,-705.5020000000011
-685.9072750000015,-435.2670000000004,-655.6852000000007
-583.1186000000005,-423.1670000000001,-627.9234000000001
-481.5520249999995,-412.982375,-602.9184749999998
-379.9854499999986,-402.79774999999984,-577.9135499999996
-278.4188749999976,-392.61312499999974,-552.9086249999995
-213.5140999999981,-464.7359000000028,-476.52929999999725
-155.15607500000093,-551.5564249999986,-390.97597500000137
-96.79805000000039,-638.3769499999994,-305.4226500000006
-38.440024999999864,-725.1974750000002,-219.8693249999998
-268.7880000000034,-546.8479999999972,-274.328000000001
-567.7036500000062,-305.520649999995,-362.03952500000185
-866.6193000000089,-64.1932999999928,-449.75105000000264
-1165.5349500000116,177.1340500000094,-537.4625750000034
-1094.8322000000016,116.55900000000139,-504.96300000000065
-912.27125,-35.38125000000002,-436.08375
-729.7102999999984,-187.32150000000138,-367.20449999999937
-547.1493500000072,-339.26174999999404,-298.3252500000027
-568.5373999999971,-283.28040000000397,-268.6086000000005
-666.406324999998,-149.3284500000028,-253.57792500000033
-764.2752499999989,-15.376500000001528,-238.5472500000002
-862.1441749999998,118.5754499999997,-223.51657500000005
-841.9650999999994,158.62279999999998,-214.29139999999995
-767.9700249999988,155.86069999999998,-207.7128499999999
-693.9749499999981,153.09859999999995,-201.13429999999983
-619.9798750000017,150.3365000000001,-194.55575000000013
-615.4983999999996,175.54559999999944,-189.15640000000005
-649.0321749999998,216.05144999999982,-184.401925
-682.5659500000002,256.55730000000017,-179.64745
-716.0997250000004,297.0631500000005,-174.89297499999995
-715.2249999999995,315.8730000000001,-160.58049999999952
-691.9847499999992,320.58045000000016,-140.05532499999936
-668.744499999999,325.2879000000002,-119.53014999999915
-645.5042500000001,329.99535,-99.00497500000014
-579.2139999999997,329.24,-94.06040000000002
-479.8674999999988,324.28999999999996,-101.07950000000008
-380.5210000000036,319.3400000000002,-108.09859999999975
-281.1745000000027,314.39000000000016,-115.11769999999981
-197.17320000000132,306.6983000000002,-127.71639999999968
-127.04160000000067,296.5285250000001,-145.35819999999984
-56.910000000000004,286.35875,-163.0
13.221600000000642,276.1889749999999,-180.64180000000016
60.684000000000424,260.3611999999996,-192.23200000000008
84.06037499999931,238.52180000000064,-197.39237499999984
107.43674999999952,216.68240000000046,-202.5527499999999
130.81312499999973,194.84300000000025,-207.71312499999996
87.41840000000025,190.43749999999997,-216.41549999999998
-39.440200000000914,207.82437500000015,-229.5453750000001
-166.29880000000205,225.2112500000003,-242.6752500000002
-293.15740000000324,242.59812500000044,-255.80512500000032
-387.095999999999,261.1979999999995,-261.03200000000015
-432.47759999999937,281.5870499999997,-254.6019500000001
-477.85919999999976,301.9760999999999,-248.17190000000002
-523.2408000000003,322.3651500000001,-241.74184999999997
-544.0577999999997,287.8811999999981,-238.05050000000003
-521.8867499999996,157.36949999999698,-239.15187500000002
-499.7156999999993,26.85779999999579,-240.25325000000004
-477.5446499999991,-103.6539000000054,-241.35462500000006
-462.94,-189.52640000000005,-233.40240000000017
-464.1775,-181.93557499999997,-206.49419999999992
-465.41499999999996,-174.34475000000035,-179.58600000000123
-466.6525,-166.75392500000027,-152.67780000000099
-471.6972999999996,-165.64649999999958,-122.92760000000101
-486.3963249999997,-180.97912499999973,-85.97090000000068
-501.0953499999998,-196.31174999999985,-49.01420000000034
-515.794375,-211.644375,-12.0575
-519.8691999999996,-221.0357999999999,21.16840000000019
-490.74339999999944,-211.86097499999983,42.735550000000394
-461.61760000000083,-202.68615000000028,64.30269999999936
-432.4918000000006,-193.5113250000002,85.86984999999956
-392.49100000000095,-176.54950000000053,104.90899999999989
-309.5339500000002,-128.82902500000012,113.96254999999998
-226.57689999999943,-81.10854999999967,123.01610000000005
-143.61984999999868,-33.38807499999923,132.06965000000014
-64.93319999999858,12.90280000000098,139.2139999999999
-8.399249999998062,51.777625000001336,136.4543749999999
48.13469999999923,90.65244999999946,133.69475000000003
104.66864999999973,129.5272749999998,130.935125
166.0080000000005,164.3539,128.4329
262.18650000000133,169.83107500000008,127.79682499999998
358.3650000000023,175.30825000000013,127.16074999999998
454.5434999999976,180.78542499999986,126.52467500000002
548.9583999999988,183.26040000000052,124.63040000000026
623.3123499999995,151.58535000000023,108.4241000000001
697.6663000000002,119.91029999999992,92.21779999999995
772.0202500000008,88.23524999999964,76.01149999999981
847.9711999999959,55.73390000000191,61.347199999999205
961.8508999999968,3.607925000001444,83.30539999999941
1075.7305999999978,-48.51804999999905,105.2635999999996
