-30.778075,45.02997499999998,181.3722
-117.21,-21.73,113.47
-86.33514999999998,-17.73355,129.324725
-55.460300000000004,-13.737100000000002,145.17945
-24.585450000000023,-9.740650000000004,161.034175
1.394299999999994,-3.9942000000000064,172.8723
13.562874999999998,6.6897499999999965,173.37787500000002
25.73144999999998,17.37369999999998,173.88345
37.900024999999985,28.05764999999998,174.389025
54.55839999999998,34.233599999999996,176.268
75.30569999999999,36.30405,179.39775
96.053,38.3745,182.5275
116.8003,40.44495,185.65725
124.38479999999998,69.76499999999986,202.43909999999994
128.3652,106.54624999999999,222.95902500000003
132.3456,143.32749999999987,243.47894999999997
134.93112499999995,181.85650000000004,265.51262500000007
109.06120000000004,256.03959999999984,318.4267999999999
83.19127500000005,330.2226999999998,371.3409749999999
57.321350000000045,404.40579999999983,424.2551499999999
40.678225,485.2185999999998,491.63652499999984
44.7255,580.8979999999999,591.4594999999999
48.772774999999996,676.5773999999999,691.2824749999999
52.82005,772.2567999999999,791.1054499999999
82.19604999999999,848.204225,864.0548749999999
130.6723999999998,909.2717999999998,916.7389999999998
179.14874999999984,970.3393749999998,969.4231249999998
227.6251,1031.40695,1022.10725
307.12907500000006,1053.02305,1055.594075
392.9082999999995,1066.6602,1085.1982999999998
478.6875250000001,1080.29735,1114.802525
572.4027500000003,1094.14775,1149.7010000000002
743.0971750000003,1110.066675,1235.9537000000003
913.7915999999991,1125.9856,1322.2063999999996
1084.4860249999992,1141.904525,1408.4590999999996
1237.4771999999994,1157.69045,1494.3289499999996
1358.3230000000003,1173.234875,1579.5036250000003
1479.1687999999995,1188.7793,1664.6782999999996
1600.0145999999995,1204.323725,1749.8529749999998
1700.1264999999996,1220.9752999999998,1795.2181
1787.3582500000002,1238.31465,1815.8530500000002
1874.5899999999997,1255.654,1836.488
1961.8217499999998,1272.99335,1857.12295
1982.3511,1303.8734,1815.4805500000002
1993.6556500000002,1336.6261,1765.225325
2004.9602,1369.3788,1714.9701
2009.99025,1405.0583749999998,1661.82925
1976.5367,1458.6894499999999,1590.9899
1943.08315,1512.3205249999999,1520.15055
1909.6296000000002,1565.9515999999996,1449.3112000000006
1867.961975,1621.17475,1384.89605
1814.0687500000004,1678.7674999999995,1330.0425000000005
1760.1755250000003,1736.3602499999995,1275.1889500000004
1706.2823,1793.953,1220.3354000000002
1661.4717500000004,1828.6997249999997,1166.0551750000004
1621.2665,1851.86255,1112.06565
1581.06125,1875.0253750000002,1058.0761249999998
1540.8560000000002,1898.1882,1004.0866000000002
1523.93555,1906.273325,952.8294749999995
1508.8967,1913.14005,901.7931499999999
1493.85785,1920.0067749999998,850.7568250000002
1476.8890000000001,1921.4799999999998,802.4644999999999
1451.52465,1899.4915,766.1085750000001
1426.1603,1877.503,729.7526499999999
1400.79595,1855.5145000000002,693.3967250000002
1378.1976000000002,1827.1756000000005,667.6860000000001
1358.999125,1791.0310000000002,655.0600000000001
1339.8006500000001,1754.8864000000003,642.4340000000001
1320.602175,1718.7418,629.808
1295.5897000000002,1694.1473,613.7544000000001
1268.205725,1674.264025,596.3027
1240.8217499999998,1654.38075,578.8509999999999
1213.437775,1634.4974750000001,561.3993
1141.7394000000006,1650.8087999999998,518.1686000000003
1068.762725000001,1668.1641999999997,474.1942750000006
995.7860500000005,1685.5195999999999,430.21995000000027
924.120625,1704.62,388.665625
856.7561000000004,1729.4439999999997,355.04890000000023
789.391575,1754.268,321.432175
722.0270499999995,1779.092,287.81544999999977
659.6074249999999,1802.5923249999998,262.97950000000003
602.2260000000003,1824.744,247.0900000000001
544.8445750000006,1846.8956749999998,231.20050000000018
487.46315000000027,1869.04735,215.31100000000006
436.73587499999985,1890.567225,208.15329999999997
388.1445000000002,1911.8843,203.79840000000002
339.55312499999985,1933.201375,199.44349999999997
291.9502,1953.8066,195.27884999999998
296.24089999999995,1937.0397,201.10232499999992
300.5316,1920.2728,206.92579999999998
304.8223,1903.5059,212.74927499999995
326.37199999999984,1887.2415,216.661
392.21979999999945,1872.2668500000002,215.6659
458.0675999999999,1857.2922,214.6708
523.9154000000003,1842.31755,213.6757
589.2411999999999,1839.35905,198.65040000000005
654.1259999999995,1846.552125,171.77200000000022
719.0107999999991,1853.7451999999998,144.8936000000004
783.8956000000004,1860.938275,118.01519999999984
824.8294,1867.81745,77.29080000000003
859.9146999999997,1874.6199749999998,33.1854000000003
894.9999999999995,1881.4225,-10.919999999999419
927.281975,1887.854725,-55.45642499999968
919.5164500000001,1888.99695,-106.15034999999938
911.7509250000002,1890.139175,-156.84427499999904
903.9854,1891.2813999999998,-207.53820000000007
888.6712500000001,1886.8,-257.59774999999973
857.8285000000003,1870.7500000000002,-306.35229999999945
826.9857499999997,1854.6999999999998,-355.10685000000046
796.1429999999999,1838.6499999999999,-403.8614000000001
755.6565250000002,1818.1144,-437.2014249999999
708.4347499999999,1794.446,-459.7757500000001
661.2129750000001,1770.7776000000001,-482.35007499999995
613.9912000000004,1747.1092,-504.92439999999976
541.8854750000012,1712.1932000000006,-508.648075
465.4045499999997,1675.2995999999998,-509.05735
388.9236250000002,1638.4060000000002,-509.46662499999996
310.6057999999996,1598.8468999999998,-509.83
217.7458500000002,1538.1859250000002,-509.83
124.88590000000079,1477.5249500000007,-509.83
32.02595000000137,1416.8639750000011,-509.83
-60.40000000000049,1335.1599999999994,-513.976
-152.0989999999999,1218.2090000000003,-525.06655
-243.79799999999932,1101.258000000001,-536.1570999999999
-335.49699999999876,984.3070000000016,-547.2476499999998
-410.92190000000045,868.5901999999992,-544.8010999999999
-477.013125,753.58125,-534.5906249999999
-543.1043499999996,638.5723000000007,-524.3801500000001
-609.1955749999992,523.5633500000015,-514.1696750000001
-641.1323999999995,498.1176000000003,-487.17360000000053
-669.1556999999993,482.9343000000004,-458.2541750000007
-697.1789999999999,467.7510000000001,-429.33475000000016
-718.6224500000002,465.44137499999925,-411.83847499999945
-705.2314000000002,531.2864999999988,-454.8176999999992
-691.8403500000001,597.1316250000001,-497.79692500000004
-678.4493000000001,662.9767499999997,-540.7761499999998
-623.8990000000013,667.6612500000008,-546.9386250000005
-512.6404000000019,588.0800000000013,-502.3758000000007
-401.38179999999966,508.49874999999975,-457.8129749999998
-290.1232000000004,428.91750000000025,-413.25015000000013
-164.06567500000125,375.2768000000004,-326.079050000001
-31.115499999998576,333.71799999999956,-219.06299999999885
101.83467500000057,292.1591999999998,-112.04694999999954
234.78484999999972,250.6004000000001,-5.030900000000227
261.0992249999998,233.99617500000014,73.74807499999937
281.0787999999997,218.87440000000024,150.84959999999887
301.05837499999956,203.75262500000034,227.95112499999834
301.1510500000021,181.49460000000138,293.30134999999945
224.40797500000056,131.66470000000038,313.24882499999984
147.66490000000104,81.83480000000068,333.1962999999997
70.92182500000155,32.00490000000101,353.1437749999996
-2.032499999999999,-19.227499999999992,368.35875
-70.66764999999955,-72.05874999999966,378.17867499999994
-139.30279999999914,-124.88999999999932,387.9985999999999
-207.9379500000005,-177.7212500000004,397.8185250000001
-202.61739999999998,-240.75295000000006,398.60215
-169.80050000000017,-307.5771249999997,396.02612500000004
-136.9835999999995,-374.401300000001,393.45009999999996
-104.16669999999972,-441.2254750000006,390.874075
-51.7795499999999,-531.2239000000002,369.61555
0.7922249999997746,-621.4409499999997,348.1807750000001
53.36399999999944,-711.6579999999991,326.74600000000027
87.0513000000004,-804.5662749999983,308.17255000000023
64.78460000000052,-905.4485499999977,298.07710000000026
42.517900000000076,-1006.3308249999997,287.98165000000006
20.251200000000214,-1107.213099999999,277.88620000000014
-4.344749999999564,-1194.7661249999987,267.8237500000002
-31.14290000000011,-1269.7169500000005,257.79249999999996
-57.94104999999994,-1344.667775,247.76125000000002
-84.73919999999977,-1419.6185999999993,237.73000000000008
-93.67159999999994,-1466.6170999999995,223.01755000000023
-97.43800000000002,-1505.5330000000004,206.9514999999999
-101.20439999999999,-1544.4489,190.88545
-104.16540000000015,-1583.2015,174.8718000000001
-86.38735000000025,-1617.7491249999996,160.2074500000002
-68.60930000000036,-1652.2967499999993,145.5431000000003
-50.83125000000047,-1686.844374999999,130.8787500000004
-25.02840000000029,-1719.9335999999998,117.96560000000005
19.582574999999437,-1749.6046999999996,109.15682500000011
64.19354999999915,-1779.2757999999994,100.34805000000017
108.80452500000006,-1808.9469000000001,91.53927499999999
163.40249999999966,-1838.2324999999998,81.16750000000006
225.82362499999928,-1867.2161249999997,69.57137500000013
288.2447499999989,-1896.1997499999995,57.97525000000021
350.66587500000014,-1925.183375,46.37912499999997
408.95539999999977,-1942.1879999999999,34.86220000000005
466.3528749999994,-1956.6062499999998,23.36237500000012
523.7503500000006,-1971.0245000000002,11.86254999999989
578.1406999999996,-1984.19985,2.083299999999788
599.7868,-1983.8414,11.039199999999973
621.4328999999998,-1983.48295,19.995099999999915
643.0789999999997,-1983.1245000000001,28.95099999999986
648.1195000000006,-1971.4061250000009,42.260874999999515
621.7440000000007,-1938.196000000001,63.80799999999938
595.368500000001,-1904.9858750000012,85.35512499999925
568.9929999999997,-1871.7757499999996,106.90225000000025
527.4481249999997,-1837.4573749999997,122.42387500000007
476.10150000000004,-1802.4229,134.0521
424.75487500000037,-1767.3884250000003,145.68032499999993
373.4082500000007,-1732.3539500000004,157.30854999999985
327.0371250000009,-1704.3642250000005,157.93720000000002
281.4150000000012,-1677.4350000000006,156.91000000000003
235.79287500000027,-1650.505775,155.8828
189.7353500000006,-1628.6662499999998,154.2301500000001
140.78552500000092,-1640.6368749999997,148.42272500000013
91.83570000000124,-1652.6074999999996,142.61530000000016
42.885875000001555,-1664.5781249999995,136.8078750000002
-8.573449999997877,-1688.2215999999983,133.2737
-63.91652500000046,-1729.9302000000002,133.25765
-119.25960000000012,-1771.6388,133.2416
-174.60267499999978,-1813.3473999999999,133.22555
-234.21399999999934,-1855.1504999999995,139.8052499999999
-296.08139999999895,-1897.0035499999992,149.87127499999983
-357.9487999999985,-1938.856599999999,159.93729999999977
-419.81619999999816,-1980.7096499999989,170.0033249999997
-476.94775000000095,-1984.23,176.1812000000001
-533.6443750000007,-1984.23,182.00200000000007
-590.3410000000002,-1984.23,187.82280000000003
-647.7995249999999,-1984.23,192.213375
-708.7868499999995,-1984.23,189.97975000000002
-769.7741749999991,-1984.23,187.74612500000003
-830.7615000000004,-1984.23,185.5125
-894.9366,-1978.548875,182.21785
-963.1811999999995,-1965.61525,177.56870000000004
-1031.425799999999,-1952.6816250000002,172.91955000000007
-1099.6703999999986,-1939.7480000000003,168.27040000000008
-1139.801249999999,-1915.4481250000008,159.1400000000003
-1167.936899999999,-1886.298650000001,148.09760000000037
-1196.0725500000003,-1857.1491749999998,137.05519999999984
-1224.2082000000003,-1827.9996999999998,126.01279999999991
-1242.6876,-1793.890775,113.57217499999999
-1260.792,-1759.5892500000002,101.07725000000006
-1278.8963999999999,-1725.2877250000004,88.58232500000014
-1303.7987999999991,-1699.2398,70.92560000000066
-1352.2109499999988,-1701.735575,35.41765000000087
-1400.6230999999998,-1704.23135,-0.09029999999984994
-1449.0352499999995,-1706.727125,-35.598249999999624
-1475.2759,-1719.7736999999995,-53.39760000000002
-1478.0659249999999,-1743.9797749999993,-52.466700000000024
-1480.85595,-1768.1858499999994,-51.53580000000002
-1483.645975,-1792.3919249999992,-50.60490000000003
-1480.338,-1725.097999999999,-58.93200000000012
-1474.9719499999999,-1626.9228249999996,-70.38367500000005
-1469.6059,-1528.7476500000002,-81.83534999999998
-1462.6398500000014,-1431.4209500000002,-94.284574999999
-1286.0738000000026,-1424.0326,-212.47409999999826
-1109.5077500000039,-1416.64425,-330.6636249999975
-932.9417000000049,-1409.2559,-448.85314999999673
-796.3521499999995,-1404.5195999999999,-525.7437749999993
-767.2855999999997,-1406.9163999999998,-491.55459999999954
-738.2190499999998,-1409.3131999999998,-457.3654249999998
-709.1525,-1411.71,-423.17625
-772.450174999999,-1387.3880500000002,-435.49194999999963
-916.7690999999982,-1339.6286000000005,-488.60139999999933
-1061.0880249999973,-1291.869150000001,-541.710849999999
-1205.4069499999962,-1244.109700000001,-594.8202999999986
-1364.4074999999948,-1178.521500000002,-659.3176249999979
-1527.2079999999937,-1108.3188000000027,-726.7623999999975
-1690.0084999999926,-1038.1161000000031,-794.207174999997
-1845.7451999999982,-969.4921500000022,-858.6181999999993
-1882.5745999999979,-927.4438250000024,-871.9610999999992
-1919.4039999999995,-885.3955000000004,-885.3039999999999
-1956.2333999999994,-843.3471750000007,-898.6468999999997
-1966.453550000001,-813.3850000000001,-912.2490499999997
-1919.5420750000014,-809.3725000000001,-926.4078249999995
-1872.6306000000018,-805.3600000000001,-940.5665999999994
-1825.719125000002,-801.3475000000001,-954.7253749999993
-1805.43355,-783.6965499999999,-956.1710499999999
-1804.473225,-756.1467250000001,-948.389475
-1803.5129000000002,-728.5969000000002,-940.6079000000001
-1802.5525750000002,-701.0470750000004,-932.8263250000001
-1766.769000000001,-681.2350000000004,-931.6867500000001
-1724.4077000000011,-662.8845000000006,-931.801775
-1682.0464000000015,-644.5340000000007,-931.9168
-1629.198524999998,-626.8709999999999,-929.6120999999997
-1484.831449999999,-615.208,-906.1897999999999
-1340.464375,-603.5450000000001,-882.7675
-1196.0973000000008,-591.8820000000001,-859.3452000000002
-1063.0431500000013,-570.5704000000005,-821.8565750000008
-949.7141000000022,-532.4356000000007,-759.8420500000012
-836.3850500000028,-494.300800000001,-697.8275250000016
-723.0559999999977,-456.1659999999992,-635.8129999999987
-640.7244999999991,-415.2121749999994,-582.3275749999993
-576.8989999999994,-372.5753499999996,-533.9341499999996
-513.0734999999999,-329.9385249999999,-485.5407249999999
-449.2480000000003,-287.30170000000015,-437.14730000000026
-471.66112499999963,-253.00825000000032,-410.4447500000003
-504.96754999999945,-219.76870000000054,-386.4821000000004
-538.2739749999993,-186.52915000000075,-362.5194500000006
-572.8319999999987,-156.78680000000028,-339.9964000000004
-614.5084999999985,-146.93477500000034,-325.6610750000005
-656.1849999999982,-137.08275000000043,-311.3257500000006
-697.8614999999979,-127.23072500000049,-296.9904250000007
-720.9909000000001,-102.76960000000253,-286.2895000000003
-717.5642250000001,-57.39090000000039,-280.79237500000005
-714.13755,-12.012200000000682,-275.29525000000007
-710.7108750000001,33.366499999999036,-269.79812500000014
-719.5115999999996,45.48840000000011,-244.32460000000097
-734.2561999999996,41.44380000000014,-209.1403250000012
-749.0007999999995,37.399200000000164,-173.95605000000143
-763.7454000000001,33.35459999999998,-138.77177499999976
-743.355,44.95,-120.755
-720.5051500000002,57.64019999999992,-103.93995000000011
-697.6553000000002,70.33039999999984,-87.12490000000021
-675.1089000000004,84.34569999999962,-75.19129999999984
-653.8052000000005,103.78759999999951,-83.24839999999979
-632.5015000000006,123.22949999999939,-91.30549999999974
-611.1977999999997,142.6714000000003,-99.36260000000013
-578.6081749999996,158.90870000000012,-105.10445000000003
-532.6596999999999,171.35280000000003,-108.10580000000002
-486.7112250000002,183.79689999999994,-111.10714999999999
-440.7627500000005,196.24099999999987,-114.10849999999998
-397.1165750000007,207.5474249999998,-112.32045000000006
-354.3673999999987,218.41060000000033,-108.6663999999999
-311.61822500000125,229.2737749999997,-105.01235000000011
-268.8690499999993,240.13695000000018,-101.35829999999994
-247.80500000000086,244.37462499999984,-91.09450000000045
-227.1539999999999,248.48610000000002,-80.70479999999996
-206.50300000000115,252.59757499999978,-70.31510000000058
-181.04460000000034,257.3349999999999,-58.05470000000015
-140.6093000000006,264.0224999999999,-39.96635000000027
-100.17400000000086,270.70999999999987,-21.878000000000384
-59.73870000000112,277.3974999999998,-3.789650000000501
-26.14520000000092,270.54315000000065,11.517699999999572
0.7331999999989165,250.3977250000008,24.09554999999949
27.611599999998745,230.25230000000093,36.67339999999941
54.489999999998574,210.10687500000108,49.25124999999933
74.30819999999989,175.63810000000024,45.08880000000006
91.97389999999979,136.80245000000048,35.82260000000012
109.63959999999966,97.96680000000075,26.556400000000178
125.05710000000158,59.19010000000094,17.114175000000394
62.537000000001996,22.457000000001173,1.5697500000004894
0.016900000002394222,-14.276099999998593,-13.974674999999408
-62.503200000000525,-51.009200000000305,-29.519100000000137
-112.57602500000004,-82.38782500000003,-40.67315000000001
-132.1329499999999,-100.63934999999992,-41.063700000000004
-151.6898749999998,-118.89087499999981,-41.45425
-171.24679999999967,-137.1423999999997,-41.8448
-183.76059999999984,-126.28037500000082,-38.854650000000134
-190.5443999999998,-91.73275000000103,-33.11410000000017
-197.32820000000012,-57.18512499999942,-27.373549999999902
-204.11200000000008,-22.637499999999633,-21.63299999999994
-184.7044499999999,-0.3329499999999186,-8.423499999999933
-159.27590000000004,19.157099999999957,6.502999999999972
-133.8473500000002,38.64714999999983,21.429499999999877
-109.7872000000001,55.244800000000296,36.20939999999981
-102.66100000000014,36.04900000000041,49.175124999999724
-95.5348000000002,16.853200000000534,62.14084999999964
-88.40860000000025,-2.342599999999347,75.10657499999955
-55.95010000000332,-26.747599999998613,86.16879999999969
26.469324999996132,-61.42629999999839,93.47689999999966
108.88874999999562,-96.10499999999817,100.78499999999961
191.30817499999512,-130.78369999999794,108.09309999999957
272.46039999999897,-134.56320000000022,83.38040000000058
352.7612249999985,-117.58230000000032,37.15372500000089
433.06204999999795,-100.60140000000042,-9.07294999999882
513.3628749999974,-83.62050000000053,-55.29962499999853
493.9748000000014,-65.65980000000069,-55.59530000000028
458.3331000000016,-47.53935000000081,-48.40222500000032
422.69139999999993,-29.418899999999958,-41.20914999999999
389.1726000000001,-10.598725000000101,-34.810700000000004
371.0040000000002,13.280999999999743,-34.15800000000001
352.8354000000003,37.160724999999594,-33.50530000000001
334.6668000000004,61.04044999999944,-32.85260000000002
341.74702499999853,70.99452500000037,-36.60637499999968
389.47169999999824,58.53170000000045,-47.45349999999961
437.1963750000005,46.06887499999986,-58.30062500000012
484.9210500000002,33.60604999999995,-69.14775000000004
505.866825,0.5398250000000928,-68.38217500000002
512.0647999999999,-43.87319999999961,-61.22120000000006
518.2627749999999,-88.28622499999933,-54.0602250000001
524.4607499999998,-132.69924999999904,-46.89925000000015
464.1506749999983,-134.57292499999994,-17.6610749999992
396.9840999999987,-132.06109999999995,13.853100000000602
329.81752499999914,-129.54927499999997,45.367275000000404
259.593650000004,-117.54920000000277,74.12879999999929
174.253125,-58.63500000000002,89.28
88.91260000000052,0.2791999999996193,104.4311999999999
3.5720750000010852,59.19339999999925,119.58239999999981
-86.01654999999818,111.69864999999916,129.89669999999992
-181.23852499999757,155.70507499999889,133.7968499999999
-276.46049999999696,199.7114999999986,137.6969999999999
-371.6824749999964,243.71792499999833,141.59714999999986
-307.2087500000061,211.68380000000298,140.39685000000017
-171.51937500000696,145.73970000000338,136.9220250000002
-35.830000000007786,79.79560000000379,133.4472000000002
99.85937499999136,13.851500000004204,129.97237500000023
221.49569999999153,-67.65779999999424,126.45165000000026
342.44314999999074,-149.93009999999373,122.92867500000027
463.39060000000285,-232.20240000000194,119.40569999999992
579.8674250000017,-307.1894500000009,119.92497500000026
680.0167500000011,-355.5695000000005,135.20725000000016
780.1660750000004,-403.9495500000002,150.48952500000007
880.3153999999998,-452.32959999999986,165.77179999999998
913.3245000000004,-443.6521250000006,178.40334999999993
872.6110000000006,-372.32325000000105,188.12429999999986
831.8975000000008,-300.9943750000015,197.8452499999998
791.1840000000011,-229.66550000000197,207.56619999999975
667.0405750000052,-124.32910000000399,241.15699999999856
513.3270500000062,-6.939400000004753,283.2079999999983
