67.8897,160.69569999999996,27.698725
56.57,252.17,31.09
88.301725,196.022125,45.98895000000001
120.03345000000002,139.87424999999996,60.88790000000001
151.765175,83.726375,75.78685
175.70979999999997,30.17979999999997,89.61600000000001
140.60225000000005,-3.640249999999952,95.3325
105.49470000000001,-37.46029999999999,101.049
70.38714999999998,-71.28035000000003,106.7655
34.76359999999998,-87.2978,109.98660000000001
-2.5584499999999935,-44.71502500000001,104.99367500000001
-39.88049999999997,-2.1322500000000417,100.00075000000001
-77.20255,40.45052500000001,95.00782500000001
-100.61330000000001,58.11230000000001,90.2183
-98.133575,29.393324999999983,85.80732499999999
-95.65384999999999,0.6743499999999472,81.39635
-93.174125,-28.044624999999982,76.985375
-62.669599999999974,-54.3408,73.832
-0.05332500000011464,-77.86084999999994,72.119625
62.562949999999944,-101.38089999999997,70.40725
125.17922500000002,-124.90095000000001,68.694875
182.55599999999987,-120.14000000000004,68.97749999999999
236.17779999999993,-95.11100000000002,70.689875
289.7996,-70.082,72.40225
343.4213999999999,-45.053000000000054,74.11462499999999
380.73159999999996,-12.93560000000005,95.16439999999997
411.01875,22.23375,124.54
441.30589999999995,57.40309999999992,153.91559999999993
471.5930499999999,92.57244999999983,183.29119999999986
499.3707000000001,166.24740000000028,243.78460000000027
526.5807249999999,248.6319499999998,311.3165499999999
553.79075,331.0164999999999,378.84849999999994
581.0007749999999,413.40104999999943,446.38044999999954
603.1468,493.1360000000001,534.8812
624.9235749999999,572.6777499999996,624.9109249999996
646.7003499999998,652.2194999999997,714.9406499999997
667.945125,732.2232499999998,805.0146249999998
678.7627,821.2821999999999,895.9558999999999
689.5802749999999,910.34115,986.897175
700.39785,999.4001000000001,1077.83845
712.1822999999998,1078.5488999999998,1163.4956999999997
728.858,1107.5639999999999,1222.4219999999998
745.5337,1136.5791,1281.3482999999997
762.2094,1165.5942,1340.2745999999997
801.598625,1207.5403999999999,1397.6580999999999
898.9465,1282.4832000000001,1451.1048
996.2943749999995,1357.4259999999997,1504.5514999999998
1093.6422499999996,1432.3687999999997,1557.9981999999998
1235.8902499999995,1485.867575,1609.158125
1446.0359999999996,1506.9388,1656.86
1656.1817499999984,1528.0100249999998,1704.5618749999996
1866.3274999999999,1549.08125,1752.26375
1974.48005,1577.52875,1802.8647250000001
1986.4125999999999,1612.9349999999997,1856.2006999999999
1998.3451499999999,1648.3412499999997,1909.5366749999998
2010.2776999999999,1683.7474999999997,1962.8726499999996
2014.68,1727.267375,1953.379625
2014.68,1775.5306,1907.1558
2014.68,1823.7938249999997,1860.9319750000002
2014.68,1872.0570499999997,1814.7081500000002
2014.68,1908.7972249999993,1711.6140500000022
2014.68,1941.6464999999998,1589.3170000000002
2014.68,1974.4957749999999,1467.01995
2014.68,2007.3450499999994,1344.7229000000016
1990.1226750000005,2011.81,1260.468900000001
1961.7024,2011.81,1182.1991999999998
1933.282125,2011.81,1103.9294999999997
1904.8618500000002,2011.81,1025.6598000000008
1793.810950000001,2011.81,961.9391500000006
1681.1238000000008,2011.81,898.5066000000005
1568.4366500000008,2011.81,835.0740500000004
1458.3775000000005,2011.81,774.1322500000001
1372.7587500000004,2011.81,736.3544250000001
1287.1400000000003,2011.81,698.5766000000001
1201.5212500000014,2011.81,660.7987750000007
1128.019,2011.81,623.0979500000001
1099.1275,2011.81,585.680625
1070.236,2011.81,548.2633
1041.3445000000004,2011.81,510.8459750000004
1020.2075500000001,2003.50635,475.0207000000003
1014.807775,1978.3511749999998,442.42634999999984
1009.408,1953.1960000000001,409.8320000000002
1004.008225,1928.040825,377.2376500000002
1000.5853,1890.9797000000003,350.8832000000001
999.61195,1839.1655500000002,332.2608000000001
998.6386,1787.3514000000002,313.63840000000005
997.66525,1735.5372500000003,295.016
1006.62005,1698.4,277.4463
1023.2777249999998,1672.6500000000005,260.69335000000024
1039.9354,1646.9,243.94039999999998
1056.593075,1621.15,227.18744999999996
1030.8045000000006,1607.4260000000002,207.40350000000024
985.0055500000005,1599.3714,186.1906500000002
939.2066000000004,1591.3168,164.97780000000017
893.4076500000004,1583.2622,143.76495000000017
767.4065500000011,1604.3196499999997,112.20370000000021
620.8658750000009,1632.8326249999998,77.99225000000018
474.3252000000007,1661.3455999999999,43.78080000000015
327.78452500000253,1689.8585749999995,9.569350000000584
233.48905000000147,1705.8930499999997,2.5521000000000704
144.19577500000136,1720.7327749999997,-1.8614499999999339
54.90250000000001,1735.5725,-6.275
-30.08142499999994,1749.86705,-10.17629999999999
28.57965000000013,1745.9891,2.9974000000000274
87.2407249999994,1742.1111500000002,16.17109999999986
145.90179999999947,1738.2332000000001,29.34479999999988
207.29287499999936,1740.7827499999999,43.796874999999815
284.69994999999943,1781.0402999999997,65.74874999999983
362.10702499999843,1821.2978499999992,87.70062499999956
439.51409999999856,1861.5553999999993,109.65249999999958
524.7208000000011,1895.4909000000002,122.75849999999988
631.8819999999996,1911.6309999999999,110.96500000000003
739.0431999999998,1927.7711,99.17150000000001
846.2043999999999,1943.9112,87.378
938.222874999999,1945.7480500000004,63.33265000000057
1005.3917499999992,1924.1129000000003,19.181700000000532
1072.5606249999994,1902.4777500000002,-24.96924999999952
1139.7294999999995,1880.8426000000002,-69.12019999999956
1185.169825,1867.182575,-116.03917499999955
1208.4555499999994,1861.65405,-165.78044999999892
1231.741275,1856.125525,-215.52172500000034
1255.0269999999998,1850.597,-265.2629999999997
1249.789475,1855.3359,-318.32752499999975
1226.4419500000001,1866.5938,-373.5020499999998
1203.094425,1877.8517,-428.6765749999999
1179.7469000000008,1889.1095999999998,-483.85109999999844
1121.6200000000001,1881.4,-514.673125
1050.5088000000019,1866.6092000000003,-536.4035499999994
979.3976000000018,1851.8184000000003,-558.1339749999995
908.2863999999997,1837.0276,-579.8644
823.9120499999997,1784.8920499999997,-588.001075
737.0984999999996,1725.8884999999996,-593.63775
650.2849499999994,1666.8849499999997,-599.2744250000001
563.4714000000017,1607.8814000000011,-604.9110999999999
504.6699000000011,1556.451350000001,-606.72885
447.00020000000103,1505.3273000000008,-608.3923
389.33050000000094,1454.2032500000007,-610.05575
332.73020000000065,1406.1354000000001,-611.6072
288.8290250000006,1394.3599250000002,-611.82865
244.92785000000057,1382.58445,-612.0501
201.02667500000052,1370.8089750000001,-612.27155
145.54050000000117,1350.9325000000006,-614.0385
41.97657500000102,1297.4368750000006,-622.2192749999999
-61.58734999999908,1243.9412500000003,-630.40005
-165.1512749999992,1190.4456250000003,-638.580825
-256.77919999999955,1115.2532000000008,-642.0296000000001
-321.92412499999966,991.9210000000006,-634.9792500000001
-387.0690499999979,868.588800000004,-627.9289000000002
-452.2139749999998,745.2566000000004,-620.87855
-506.4391999999999,654.6758000000001,-602.5334000000001
-546.0220999999999,608.01165,-569.04295
-585.605,561.3475,-535.5525
-625.1879,514.6833499999999,-502.06204999999994
-648.85,467.8063999999999,-494.5822
-659.1499999999997,420.75085000000115,-508.9326749999996
-669.4499999999998,373.69530000000105,-523.2831499999996
-679.7499999999998,326.639750000001,-537.6336249999997
-640.1584000000014,265.5473000000014,-543.2257
-574.8872999999995,197.22997499999946,-544.3097750000001
-509.6161999999994,128.9126499999994,-545.39385
-444.34510000000114,60.59532500000121,-546.477925
-339.0880000000019,-5.781999999998902,-470.39000000000163
-222.33492500000176,-71.60157499999897,-372.1151250000015
-105.58185000000167,-137.42114999999905,-273.84025000000145
11.171224999998454,-203.24072499999914,-175.5653750000013
33.920999999999864,-256.92779999999937,-85.5245000000011
45.43124999999988,-309.1642499999994,3.531874999999019
56.94149999999989,-361.40069999999946,92.5882499999991
67.75707500000053,-413.3309249999998,181.5118749999993
7.715800000000456,-434.02619999999985,256.8949999999994
-52.325474999999614,-454.7214749999999,332.2781249999995
-112.36674999999968,-475.41674999999987,407.66124999999954
-173.3436999999997,-498.5868999999998,476.7543249999999
-240.79839999999976,-538.8907999999999,502.3008999999999
-308.25309999999797,-579.1946999999988,527.8474749999992
-375.7077999999981,-619.4985999999989,553.3940499999993
-426.79,-665.8243749999982,572.335625
-426.79,-730.9384,570.6696
-426.79,-796.0524250000001,569.003575
-426.79,-861.1664500000002,567.33755
-419.22072500000047,-925.3101499999985,570.2354749999997
-398.14950000000044,-987.7229999999986,581.2744999999998
-377.0782750000004,-1050.1358499999988,592.3135249999998
-356.0070500000004,-1112.5486999999987,603.3525499999997
-349.5463999999998,-1162.3452749999992,612.5908249999999
-359.1871999999998,-1198.2381999999993,619.8445999999999
-368.8280000000001,-1234.1311250000003,627.098375
-378.4687999999998,-1270.0240499999995,634.3521499999998
-396.41322499999967,-1310.9479499999993,633.3480500000001
-420.0748999999997,-1355.3357999999994,626.6582000000001
-443.73657499999973,-1399.7236499999995,619.9683500000001
-467.39824999999973,-1444.1114999999995,613.2785000000001
-465.34202500000015,-1494.5181999999995,604.9534500000001
-452.71680000000015,-1547.3983999999996,595.9564000000001
-440.09157500000043,-1600.2785999999983,586.9593500000003
-427.46635000000043,-1653.1587999999983,577.9623000000003
-381.2448750000018,-1712.7263749999981,553.7800000000009
-327.9089000000017,-1773.7100999999982,526.3820000000009
-274.57292500000165,-1834.6938249999982,498.98400000000083
-221.23695000000157,-1895.6775499999983,471.5860000000008
-145.4236500000001,-1919.8425,431.11725000000007
-68.22,-1941.73,389.84000000000003
8.983650000000083,-1963.6175,348.56274999999994
86.35185000000018,-1984.23,308.18084999999996
166.38027500000027,-1984.23,282.2737749999999
246.40870000000035,-1984.23,256.36669999999987
326.43712500000044,-1984.23,230.45962499999987
399.2547499999992,-1984.23,210.0866499999999
438.02137499999924,-1984.23,215.84692499999989
476.7879999999993,-1984.23,221.6071999999999
515.5546249999993,-1984.23,227.3674749999999
541.68525,-1977.6952500000004,232.44749999999993
537.0682750000001,-1955.2592750000003,235.87224999999995
532.4513000000001,-1932.8233000000002,239.29699999999994
527.834325,-1910.3873250000001,242.72174999999996
499.7404000000025,-1890.7233500000004,240.24865000000045
437.5490000000024,-1875.0853750000006,229.20962500000041
375.3576000000023,-1859.4474000000005,218.1706000000004
313.1662000000023,-1843.8094250000004,207.1315750000004
232.27999999999804,-1824.1457499999995,194.4225999999997
134.43000000000063,-1800.829125,180.19830000000007
36.58000000000054,-1777.5125,165.97400000000007
-61.26999999999957,-1754.1958750000001,151.74970000000005
-138.6352499999998,-1746.4437,139.16385000000002
-204.51662499999986,-1747.41705,127.49652500000002
-270.3979999999999,-1748.3904,115.82920000000001
-336.27937499999996,-1749.36375,104.161875
-384.86229999999887,-1772.857649999999,100.78400000000002
-427.90084999999885,-1803.569674999999,100.06300000000002
-470.93939999999895,-1834.281699999999,99.34200000000001
-513.9779499999989,-1864.9937249999991,98.62100000000002
-542.7874999999993,-1894.8259999999993,109.89024999999972
-569.5417499999994,-1924.5311999999994,122.89142499999973
-596.2959999999994,-1954.2363999999993,135.89259999999976
-623.0502499999994,-1983.9415999999994,148.89377499999978
-659.0890499999994,-1984.23,153.57429999999994
-695.2188749999984,-1984.23,158.1732499999998
-731.3486999999984,-1984.23,162.7721999999998
-764.7384250000001,-1984.23,165.76652499999986
-775.2109500000001,-1984.23,155.34034999999986
-785.6834749999998,-1984.23,144.9141750000001
-796.1559999999998,-1984.23,134.4880000000001
-801.9514750000001,-1981.71955,125.37340000000005
-791.47895,-1970.4771,120.82080000000003
-781.006425,-1959.23465,116.26820000000004
-770.5339,-1947.9922,111.71560000000002
-758.9081249999997,-1926.490374999999,109.82475000000007
-745.0417500000001,-1885.0560500000001,113.10529999999999
-731.1753750000004,-1843.6217250000013,116.38584999999989
-717.3090000000008,-1802.1874000000025,119.66639999999981
-712.8578999999997,-1766.8489750000008,115.80530000000036
-719.625,-1738.77375,103.435
-726.3920999999998,-1710.698525000001,91.06470000000033
-733.1591999999996,-1682.6233000000016,78.69440000000066
-768.3657749999986,-1673.40005,65.38747500000034
-824.7814499999971,-1678.2359,51.38205000000072
-881.1971249999988,-1683.07175,37.37662500000031
-937.6128000000003,-1687.9076000000002,23.371199999999906
-1018.6725749999981,-1710.9265499999995,35.56832499999952
-1110.8395500000008,-1742.1407000000004,59.57505000000021
-1203.0065249999984,-1773.3548499999995,83.58177499999957
-1295.173500000001,-1804.5690000000004,107.58850000000027
-1353.0012999999992,-1743.1676000000014,79.30315000000063
-1402.5546000000006,-1659.4491999999989,38.41729999999946
-1452.1078999999993,-1575.7308000000012,-2.4685499999994605
-1501.661199999998,-1492.0124000000033,-43.35439999999838
-1358.0557500000018,-1514.1976249999996,-181.38487499999837
-1198.184300000006,-1545.301049999999,-327.5959499999945
-1038.3128500000014,-1576.4044749999996,-473.8070249999987
-885.4402999999993,-1602.938500000003,-613.4260000000008
-905.7905249999999,-1516.3798750000005,-589.8905000000002
-926.1407499999993,-1429.821250000003,-566.3550000000008
-946.4909749999998,-1343.2626250000005,-542.8195000000002
-991.7823999999944,-1264.5448000000013,-531.2787999999985
-1172.6915999999896,-1228.461325000002,-584.959824999997
-1353.6007999999947,-1192.377850000001,-638.6408499999984
-1534.51,-1156.294375,-692.321875
-1688.2983999999979,-1116.0158000000013,-741.999599999999
-1769.4418,-1064.5003499999998,-780.9542000000001
-1850.585199999998,-1012.9849000000013,-819.908799999999
-1931.7286000000004,-961.4694499999998,-858.8634000000002
-1981.36,-923.3930000000004,-887.1779999999998
-1981.36,-906.4829749999999,-898.7346000000001
-1981.36,-889.5729500000003,-910.2911999999998
-1981.36,-872.6629249999999,-921.8478000000001
-1930.9694000000018,-868.4044999999999,-932.0250999999998
-1831.1572500000043,-876.5543749999996,-940.8496249999996
-1731.3451000000016,-884.7042499999999,-949.6741499999999
-1631.5329500000041,-892.8541249999997,-958.4986749999997
-1534.4808000000012,-870.5832000000006,-962.0544
-1439.1105250000037,-829.7746000000017,-962.39945
-1343.740250000001,-788.9660000000005,-962.7445
-1248.3699750000035,-748.1574000000015,-963.0895499999999
-1181.0133000000037,-713.0735000000021,-924.2072000000034
-1123.608825000002,-680.0233750000012,-871.3888000000018
-1066.2043500000004,-646.9732500000002,-818.5704000000003
-1008.7998749999988,-613.9231249999992,-765.7519999999988
-1006.237,-646.0941999999998,-727.1654000000001
-1013.0221249999998,-689.3825249999986,-691.004675000001
-1019.80725,-732.67085,-654.8439500000001
-1026.5923749999997,-775.9591749999988,-618.683225000001
-1057.0774999999999,-731.9000000000001,-633.315
-1088.2736249999991,-685.2204000000013,-649.4705499999995
-1119.4697500000002,-638.5408,-665.6261000000001
-1143.8654750000012,-595.6436750000001,-682.2428999999995
-1097.2347999999997,-592.2524,-703.6772000000001
-1050.604125000001,-588.8611250000001,-725.1114999999995
-1003.9734500000023,-585.4698500000002,-746.545799999999
-956.714875000001,-573.0926750000009,-756.6600500000006
-907.0045000000023,-525.6277000000022,-722.5722000000017
-857.2941250000008,-478.1627250000008,-688.4843500000006
-807.5837500000022,-430.6977500000021,-654.3965000000015
-755.4536500000008,-383.23277500000074,-615.5550000000007
-698.1908000000024,-335.767800000002,-566.630000000002
-640.9279500000007,-288.30282500000067,-517.7050000000006
-583.665099999999,-240.83784999999926,-468.7799999999993
-547.0640000000001,-202.84650000000028,-423.4561250000005
-537.0935999999998,-177.06559999999956,-382.7736999999993
-527.1232000000001,-151.2847000000002,-342.0912750000004
-517.1528000000004,-125.50380000000091,-301.40885000000145
-518.338725,-115.77124999999998,-273.05695000000014
-528.5279999999997,-118.9899999999999,-254.65600000000063
-538.717275,-122.20874999999998,-236.2550500000001
-548.9065499999997,-125.4274999999999,-217.85410000000056
-587.6324999999999,-67.88140000000018,-203.66905000000003
-640.4199999999985,19.60679999999749,-191.56140000000033
-693.207499999997,107.09499999999518,-179.45375000000067
-745.9949999999985,194.5831999999977,-167.34610000000032
-686.5185250000047,123.42885000000604,-161.7609750000002
-596.5506000000022,9.186400000002777,-157.94740000000007
-506.58267500000454,-105.0560499999942,-154.13382500000017
-416.614750000002,-219.29849999999746,-150.32025000000007
-427.51462499999894,-143.0606750000047,-135.58847500000076
-449.2604999999996,-46.341100000001916,-119.68270000000031
-471.00637500000016,50.37847500000085,-103.77692499999986
-490.082750000002,144.73160000000044,-87.61445000000052
-374.3493749999987,119.57899999999972,-58.48862499999969
-258.6160000000018,94.4264000000004,-29.362800000000455
-142.88262499999846,69.27379999999967,-0.23697499999961735
-45.21274999999977,60.447299999998734,24.39450000000005
-62.375124999999315,155.40814999999623,20.454750000000157
-79.53749999999981,250.36899999999895,16.515000000000043
-96.69987499999935,345.32984999999644,12.575250000000148
-97.98860000000042,409.8122000000002,8.634850000000036
-52.26690000000161,384.0313000000009,4.69252500000014
-6.545200000000307,358.2504000000002,0.7502000000000262
39.176499999998484,332.46950000000083,-3.192124999999869
69.84354999999971,305.4887500000017,-6.074249999999936
74.75922499999984,276.45562500000085,-7.142874999999966
79.67489999999972,247.42250000000166,-8.211499999999939
84.59057499999986,218.38937500000083,-9.28012499999997
86.80750000000003,193.29000000000116,-15.019999999999406
86.16375000000002,172.36040000000054,-25.711399999999717
85.52000000000001,151.43079999999995,-36.40280000000003
84.87625000000003,130.5012000000005,-47.094199999999745
78.86329999999995,92.2952999999998,-56.36890000000004
69.29975000000022,42.664750000001106,-64.70674999999981
59.73619999999994,-6.965800000000321,-73.04460000000006
50.17265000000019,-56.596349999999006,-81.38244999999984
28.236300000001243,-83.92699999999914,-87.24869999999977
1.4511500000004744,-102.51849999999968,-92.14634999999991
-25.333999999998817,-121.10999999999919,-97.04399999999978
-52.119149999999586,-139.70149999999973,-101.94164999999992
-153.93284999999514,-121.0335000000011,-82.48195000000102
-270.57777499999844,-95.00025000000035,-58.20742500000031
-387.22269999999537,-68.96700000000104,-33.93290000000096
-503.86762499999867,-42.93375000000029,-9.658375000000268
-446.30775000000244,-24.47590000000068,8.907649999999315
-379.8598750000042,-6.404550000001162,27.18242499999883
-313.4120000000023,11.666799999999363,45.45719999999936
-248.79305000000244,27.75347500000069,62.31185000000016
-209.2564999999991,16.621749999999757,59.69049999999994
-169.71995000000015,5.490025000000051,57.069150000000015
-130.18340000000123,-5.6416999999996555,54.447800000000086
-94.69337500000003,-5.359175000000107,50.77195000000002
-77.0932500000005,45.386349999998544,42.43410000000024
-59.49312499999999,96.131875,34.09625
-41.89300000000046,146.87739999999866,25.758400000000222
-26.16837499999997,192.66137500000008,17.841374999999985
-14.799750000000275,226.92174999999915,10.901750000000167
-3.4311250000005753,261.1821249999982,3.962125000000352
7.9374999999997495,295.4424999999992,-2.9774999999998464
24.575774999998842,304.88005000000123,-18.71384999999863
48.567049999999526,279.68110000000047,-46.724699999999444
72.55832499999889,254.48215000000116,-74.7355499999987
96.54959999999959,229.28320000000045,-102.7463999999995
106.6726250000001,188.96612500000236,-99.04837500000139
104.69245000000015,135.45505000000378,-67.67715000000221
102.71227500000009,81.94397500000225,-36.30592500000132
100.73210000000014,28.432900000003663,-4.934700000002146
109.51882499999942,-22.30939999999805,4.641425000000084
124.09074999999903,-71.56399999999675,2.5067500000001415
138.66267499999947,-120.81859999999816,0.3720750000000801
153.23459999999906,-170.07319999999686,-1.7625999999998632
162.9993749999997,-213.14999999999856,8.697299999999494
171.30374999999947,-254.34999999999746,22.98339999999912
179.60812499999926,-295.5499999999964,37.269499999998736
187.9124999999995,-336.74999999999756,51.555599999999146
168.78037500000195,-287.29580000000533,45.18925000000078
146.03025000000005,-225.88720000000012,36.09950000000002
