-0.3559,-0.056475,0.192375,217.667825,2.5124499999999976,30.357875000000003
-0.37,-0.06,0.21,213.11,22.33,25.37
-0.32065,-0.038849999999999996,0.2241,139.34585,10.380249999999997,19.1378
-0.2713,-0.017699999999999994,0.2382,65.58169999999998,-1.5695000000000032,12.9056
-0.2277,-0.012650000000000022,0.2523,-1.3531750000000216,-10.3464,6.322649999999999
-0.2136,-0.09020000000000003,0.26639999999999997,-33.250900000000016,-2.8451999999999966,-2.0598000000000027
-0.1995,-0.16774999999999995,0.28049999999999997,-65.14862499999998,4.655999999999995,-10.442249999999994
-0.19805,-0.23954999999999996,0.2946,-88.58234999999999,10.05385,-18.222099999999998
-0.222725,-0.299475,0.3087,-94.536075,11.107825,-24.75745
-0.2474,-0.3594,0.3228,-100.4898,12.1618,-31.2928
-0.254825,-0.398625,0.331725,-95.98830000000002,17.800824999999982,-31.821700000000014
-0.24425000000000002,-0.41625,0.33525,-80.57700000000003,28.224249999999984,-26.083000000000013
-0.23367500000000002,-0.43387499999999996,0.338775,-65.16570000000003,38.647674999999985,-20.34430000000001
-0.2277,-0.4446,0.33540000000000003,-50.51340000000002,50.54539999999999,-13.158900000000013
-0.224175,-0.45165,0.32835000000000003,-36.26535000000002,63.228349999999985,-5.20297500000001
-0.22065,-0.4587,0.32130000000000003,-22.017300000000017,75.91129999999998,2.752949999999991
-0.222875,-0.451375,0.30275,-14.603125000000006,87.01299999999999,6.514249999999997
-0.2264,-0.4408,0.2816,-8.734000000000005,97.7572,9.327199999999998
-0.22992500000000002,-0.430225,0.26045,-2.864875000000005,108.50139999999999,12.140149999999997
-0.24379999999999996,-0.3989500000000001,0.25310000000000005,6.012649999999972,114.34659999999998,12.1172
-0.25789999999999996,-0.36722500000000013,0.24605000000000002,14.955574999999971,120.08529999999999,12.0326
-0.271,-0.339,0.2405,22.468500000000002,124.57400000000001,11.935500000000001
-0.27805,-0.33195,0.244025,21.329925,121.5002,11.762775000000001
-0.28509999999999996,-0.3249,0.24755,20.191350000000003,118.42640000000002,11.590050000000002
-0.288925,-0.321075,0.255375,16.88235,116.24485,10.879825
-0.2854,-0.3246,0.27299999999999996,8.62680000000002,116.0968,8.944600000000005
-0.28187500000000004,-0.328125,0.29062499999999997,0.37124999999999986,115.94875,7.009375
-0.28,-0.33,0.30165,-6.956999999999985,115.2364,4.300300000000008
-0.28,-0.33,0.305175,-13.2315,113.8828,0.7118499999999992
-0.28,-0.33,0.3087,-19.505999999999986,112.5292,-2.8765999999999923
-0.29335000000000006,-0.32332500000000003,0.312225,-26.528100000000002,113.927925,-4.131025
-0.3145,-0.31275000000000003,0.31575,-33.98699999999998,116.93475,-4.021750000000001
-0.33565000000000006,-0.30217499999999997,0.31927500000000003,-41.4459,119.941575,-3.912475
-0.3568,-0.28040000000000004,0.32839999999999997,-50.52599999999998,122.2008,-1.090000000000006
-0.37795000000000006,-0.255725,0.33897499999999997,-60.02587500000001,124.26645,2.435000000000003
-0.3991,-0.23105000000000006,0.34954999999999997,-69.52574999999999,126.3321,5.959999999999995
-0.403375,-0.219875,0.377,-80.73675000000001,130.513875,-1.568125000000009
-0.4069,-0.20930000000000007,0.4051999999999998,-92.02379999999994,134.78969999999998,-9.587499999999949
-0.4133999999999999,-0.20169999999999996,0.4338249999999999,-102.37244999999999,139.51135,-17.111749999999986
-0.4415999999999998,-0.2157999999999999,0.4655499999999998,-105.87629999999999,147.48489999999995,-21.024499999999975
-0.4697999999999999,-0.22989999999999994,0.4972749999999999,-109.38014999999999,155.45844999999997,-24.937249999999985
-0.5009999999999998,-0.2350000000000001,0.5279999999999998,-106.77400000000011,162.32899999999995,-28.848999999999975
-0.5397749999999999,-0.21737500000000007,0.5561999999999999,-88.74010000000007,166.41447499999998,-32.75822499999998
-0.5785499999999998,-0.1997500000000001,0.5843999999999998,-70.70620000000011,170.49994999999996,-36.667449999999974
-0.6078749999999999,-0.16637500000000016,0.6078749999999999,-63.06257499999998,170.28252500000002,-44.937849999999955
-0.6255,-0.1135000000000003,0.6255,-68.28309999999998,164.73770000000002,-58.607799999999926
-0.6431249999999998,-0.06062500000000043,0.6431249999999998,-73.50362499999996,159.19287500000004,-72.27774999999988
-0.65,-0.0357,0.6586,-86.21260000000001,148.9675,-79.75999999999999
-0.65,-0.028650000000000023,0.6727,-103.71069999999996,135.74875000000003,-83.285
-0.65,-0.021600000000000036,0.6867999999999999,-121.20879999999991,122.53000000000007,-86.80999999999997
-0.6663499999999999,-0.02817499999999992,0.687275,-150.90127499999974,112.49950000000007,-82.37800000000004
-0.6875,-0.03875,0.68375,-184.17374999999998,103.405,-75.61
-0.7086499999999999,-0.04932499999999998,0.6802250000000001,-217.4462249999999,94.31050000000002,-68.84200000000001
-0.7001000000000001,-0.09289999999999977,0.6964999999999999,-246.79499999999985,73.7287000000001,-61.387600000000035
-0.689525,-0.13872499999999965,0.7141249999999999,-275.8762499999998,52.36367500000016,-53.88640000000005
-0.68105,-0.18315,0.7328,-303.8158,31.49179999999999,-46.8416
-0.691625,-0.21487499999999993,0.7609999999999999,-321.39849999999996,15.093500000000029,-43.937000000000005
-0.7021999999999999,-0.24659999999999987,0.7891999999999999,-338.9811999999999,-1.3047999999999291,-41.03240000000002
-0.7192499999999997,-0.27092499999999997,0.8183249999999999,-356.69894999999985,-17.84462499999988,-37.514525000000035
-0.7545000000000001,-0.27445,0.8500500000000001,-374.79630000000003,-34.78225000000002,-32.27285
-0.78975,-0.277975,0.881775,-392.89365,-51.71987499999997,-27.031175000000008
-0.8234999999999999,-0.27100000000000013,0.9,-409.13399999999996,-68.03499999999994,-24.97099999999999
-0.8552249999999998,-0.24985000000000016,0.9,-422.8673999999999,-83.5097499999999,-27.205849999999984
-0.88695,-0.2287,0.9,-436.6008,-98.98450000000001,-29.440700000000003
-0.92075,-0.222075,0.8751000000000001,-449.2967,-111.38617499999998,-28.031850000000006
-0.9559999999999998,-0.2256,0.8328000000000002,-461.26759999999996,-121.64039999999996,-24.076800000000013
-0.9912499999999997,-0.229125,0.7905000000000003,-473.23849999999993,-131.89462499999993,-20.121750000000024
-0.9894,-0.24325000000000005,0.75615,-481.4941,-144.91015000000002,-17.539399999999997
-0.9753,-0.260875,0.724425,-488.52295,-158.83742499999997,-15.410300000000001
-0.9612,-0.27849999999999997,0.6927000000000001,-495.55179999999996,-172.76469999999995,-13.281200000000007
-0.9180750000000002,-0.3154749999999998,0.6448500000000003,-487.30060000000003,-173.772625,-22.91367499999994
-0.8722499999999999,-0.35425000000000006,0.5954999999999999,-477.628,-173.57875,-33.64025000000002
-0.8269750000000003,-0.3957749999999992,0.5467000000000005,-467.1323250000002,-172.95890000000006,-44.01619999999994
-0.7882000000000005,-0.46979999999999905,0.5044000000000006,-446.90940000000023,-167.30480000000009,-50.24839999999992
-0.7494250000000002,-0.5438249999999996,0.46210000000000023,-426.6864750000001,-161.65070000000003,-56.48059999999997
-0.7149000000000001,-0.6169999999999994,0.42915000000000003,-407.8150500000001,-154.3748000000001,-59.56695000000005
-0.6937500000000002,-0.6874999999999993,0.42562500000000003,-393.19687500000015,-141.99500000000012,-52.75312500000007
-0.6726000000000003,-0.7579999999999991,0.42210000000000003,-378.5787000000002,-129.61520000000016,-45.93930000000009
-0.6500250000000002,-0.807125,0.3929250000000003,-361.2516000000001,-112.32627500000012,-40.43790000000002
-0.6253500000000002,-0.8247499999999999,0.3259500000000005,-339.93240000000014,-87.80285000000018,-36.870600000000024
-0.6006750000000002,-0.8423749999999998,0.2589750000000007,-318.6132000000002,-63.27942500000024,-33.303300000000036
-0.5840000000000001,-0.8559999999999999,0.1920000000000008,-305.1700000000001,-53.54799999999998,-30.346000000000032
-0.5734250000000001,-0.866575,0.1250250000000003,-297.73225,-55.09547499999999,-27.85382500000001
-0.5628500000000001,-0.8771499999999999,0.05805000000000046,-290.2945000000001,-56.64294999999999,-25.36165000000002
-0.5497000000000002,-0.9005999999999997,0.04,-280.31265000000013,-61.14137499999995,-26.18092499999998
-0.5356000000000002,-0.9287999999999996,0.04,-269.3922000000001,-66.72849999999994,-28.221899999999977
-0.5215000000000001,-0.9569999999999999,0.04,-258.47175000000004,-72.31562499999997,-30.262874999999994
-0.5703999999999997,-1.0040999999999998,0.09984999999999958,-249.83820000000006,-77.42394999999996,-36.29804999999996
-0.6267999999999996,-1.0534499999999996,0.16682499999999942,-241.4769000000001,-82.47527499999995,-42.808724999999946
-0.6804,-1.0998,0.23019999999999996,-230.80960000000056,-86.2486000000002,-48.686600000000055
-0.68745,-1.096275,0.23372500000000002,-181.80504999999968,-68.77517499999988,-44.044174999999974
-0.6944999999999999,-1.09275,0.23724999999999993,-132.8005000000008,-51.30175000000028,-39.40175000000008
-0.6938,-1.0876750000000002,0.23457499999999995,-81.3523749999999,-38.50622500000001,-33.303874999999984
-0.6656,-1.0771000000000002,0.20990000000000003,-21.23350000000005,-42.3097,-22.041500000000013
-0.6374000000000001,-1.0665250000000002,0.18522500000000008,38.885374999999804,-46.11317499999999,-10.779125000000036
-0.6132500000000001,-1.06135,0.1780999999999999,84.26089999999988,-49.25919999999999,-7.8475999999999395
-0.5956250000000001,-1.064875,0.19924999999999984,105.88324999999982,-51.34599999999998,-18.337999999999916
-0.5780000000000002,-1.0684,0.2203999999999998,127.50559999999977,-53.43279999999998,-28.828399999999892
-0.6027249999999992,-1.0584500000000003,0.2473249999999996,134.63270000000006,-64.63832499999975,-30.76025000000007
-0.6626499999999991,-1.0373000000000003,0.2790499999999995,129.71180000000007,-83.42304999999972,-25.57850000000008
-0.7225750000000001,-1.0161499999999999,0.3107750000000001,124.7909,-102.20777500000004,-20.39674999999999
-0.745,-0.9875,0.3275,128.9225,-117.44,-2.8249999999999957
-0.75205,-0.9557750000000002,0.33807499999999996,136.765625,-131.21569999999997,19.826649999999947
-0.7591,-0.9240500000000001,0.3486499999999999,144.60875,-144.99139999999994,42.47829999999989
-0.7231000000000003,-0.8831000000000003,0.35307499999999997,126.26210000000017,-154.64659999999992,60.82187499999987
-0.6808000000000004,-0.8408000000000004,0.3566,104.08280000000022,-163.69879999999992,78.53499999999983
-0.6391250000000003,-0.7983750000000006,0.35962500000000014,80.86000000000061,-172.24325000000007,95.47512500000005
-0.6144500000000004,-0.7525500000000007,0.34905000000000014,29.25400000000075,-166.9769000000001,91.38965000000006
-0.5897749999999999,-0.7067249999999999,0.33847499999999997,-22.352000000000167,-161.71054999999998,87.30417499999999
-0.5686,-0.663,0.3286,-74.97020000000006,-157.4858,83.2488
-0.56155,-0.62775,0.32155,-131.6733499999999,-157.46465,79.31490000000001
-0.5545000000000001,-0.5925000000000001,0.31450000000000006,-188.37649999999977,-157.4435,75.38100000000001
-0.5168500000000006,-0.5801999999999998,0.3023500000000001,-229.9734499999999,-156.63695,68.46232500000008
-0.4252000000000008,-0.6083999999999997,0.28120000000000017,-244.91239999999985,-154.44440000000003,56.27640000000011
-0.333550000000001,-0.6365999999999997,0.2600500000000002,-259.8513499999998,-152.25185000000002,44.09047500000013
-0.27150000000000046,-0.6814499999999992,0.23890000000000028,-279.6502499999997,-149.75405000000003,36.111450000000055
-0.23624999999999985,-0.7413750000000002,0.21774999999999992,-303.8493750000001,-146.979875,31.94137499999998
-0.20099999999999996,-0.8013,0.19659999999999997,-328.04850000000005,-144.2057,27.771299999999993
-0.18272500000000003,-0.8733499999999998,0.20454999999999998,-338.706425,-143.13387500000002,30.345149999999997
-0.17215000000000003,-0.9508999999999997,0.22569999999999993,-343.22195,-142.83425,35.97809999999998
-0.16157500000000005,-1.0284499999999996,0.24684999999999988,-347.737475,-142.534625,41.61104999999997
-0.16599999999999995,-1.0819999999999996,0.2619999999999999,-336.11600000000016,-140.11100000000002,51.55799999999992
-0.17304999999999993,-1.1313499999999994,0.27609999999999985,-321.67055000000016,-137.31567500000003,62.25989999999989
-0.17960000000000037,-1.1802999999999997,0.28975000000000023,-306.9873500000004,-134.6614999999999,72.96884999999986
-0.15139999999999987,-1.2014500000000001,0.2721249999999999,-275.78052499999984,-141.81725000000003,84.16777500000006
-0.12319999999999993,-1.2226000000000001,0.25449999999999995,-244.57369999999992,-148.973,95.36670000000002
-0.10250000000000001,-1.2325,0.233125,-217.79875,-152.288125,105.81125
-0.11659999999999998,-1.1902000000000001,0.19435000000000008,-211.5877,-137.78275000000005,112.75549999999998
-0.13069999999999996,-1.1479000000000004,0.15557500000000019,-205.37665000000004,-123.27737500000006,119.69974999999997
-0.14239999999999997,-1.1020000000000005,0.11440000000000033,-205.74999999999991,-115.18719999999996,127.13359999999994
-0.14944999999999994,-1.0491250000000005,0.06857500000000044,-218.88062499999987,-119.52647499999995,135.51604999999992
-0.15649999999999992,-0.9962500000000006,0.022750000000000555,-232.01124999999985,-123.86574999999995,143.8984999999999
-0.12982499999999966,-0.9628999999999999,-0.0035500000000000392,-240.305,-129.24517500000002,147.074875
-0.06989999999999982,-0.9488,-0.010600000000000023,-243.83,-135.6501,145.11849999999998
-0.009974999999999954,-0.9347,-0.017650000000000006,-247.35500000000002,-142.055025,143.162125
0.04759999999999992,-0.9488,0.0034999999999999337,-254.89145,-148.74665,133.69750000000002
0.10399999999999979,-0.9769999999999999,0.038749999999999854,-264.43362499999995,-155.58162499999997,120.47875000000005
0.16039999999999965,-1.0051999999999999,0.07399999999999977,-273.97579999999994,-162.41659999999996,107.26000000000009
0.2167999999999995,-1.0450999999999997,0.09754999999999982,-255.16302500000023,-172.17657499999993,97.94612500000008
0.2731999999999994,-1.0873999999999995,0.11869999999999978,-230.53385000000029,-182.5365499999999,89.4332500000001
0.3296000000000004,-1.1297000000000001,0.13985000000000014,-205.90467499999983,-192.89652500000005,80.92037499999995
0.35450000000000015,-1.158,0.10149999999999985,-163.92249999999984,-172.1624999999999,83.07900000000001
0.37917500000000004,-1.1862,0.06272499999999995,-121.81637499999994,-151.20637499999998,85.31385
0.40054999999999996,-1.2072500000000004,0.022850000000000953,-82.89585000000045,-131.54495000000028,86.91180000000004
0.4040749999999999,-1.1896250000000004,-0.022974999999998927,-61.20652500000051,-118.88667500000031,85.06470000000004
0.4075999999999999,-1.1720000000000004,-0.06879999999999882,-39.51720000000056,-106.22840000000033,83.21760000000005
0.42687499999999956,-1.1465000000000003,-0.0921250000000002,-24.982874999999993,-102.51499999999987,76.69837500000013
0.47974999999999945,-1.1042000000000005,-0.06745000000000026,-25.712549999999993,-117.88399999999984,60.21195000000017
0.5326249999999993,-1.0619000000000005,-0.04277500000000032,-26.44222499999999,-133.25299999999982,43.72552500000021
0.5990999999999989,-1.0349000000000002,-0.019800000000000324,-26.695900000000005,-149.01469999999975,27.436300000000244
0.6801749999999986,-1.0243250000000002,0.0013499999999996258,-26.438575000000004,-165.19797499999973,11.358775000000284
0.7612499999999984,-1.0137500000000002,0.022499999999999572,-26.181250000000006,-181.38124999999968,-4.718749999999676
0.7831750000000003,-1.0236499999999995,0.025450000000000157,-34.96932499999969,-180.34960000000024,-6.659425000000133
0.7726000000000003,-1.0447999999999995,0.018400000000000173,-48.72739999999966,-169.85920000000027,-0.8326000000001459
0.7620250000000001,-1.06595,0.011350000000000051,-62.4854749999999,-159.36880000000008,4.9942249999999575
0.7058500000000006,-1.1013499999999996,0.015699999999999933,-79.50679999999983,-147.09145000000012,8.107849999999976
0.6388750000000007,-1.1401249999999996,0.022749999999999916,-97.30099999999979,-134.39087500000016,10.57887499999997
0.571900000000001,-1.1788999999999994,0.029799999999999896,-115.09519999999974,-121.69030000000018,13.049899999999964
0.5426000000000004,-1.2005499999999996,0.0642499999999994,-115.329425,-122.70684999999997,7.605750000000095
0.5144000000000005,-1.2216999999999996,0.09949999999999933,-115.05095,-124.12389999999996,1.9305000000001091
0.4956999999999991,-1.24,0.1337999999999994,-110.94065000000063,-126.68237499999978,-2.724925000000041
0.5379999999999989,-1.24,0.1619999999999993,-82.22600000000071,-136.56999999999977,-0.8320000000000456
0.5802999999999997,-1.24,0.1901999999999998,-53.51135000000019,-146.45762499999995,1.060924999999988
0.6299499999999993,-1.2326500000000002,0.20055000000000028,-24.943700000000256,-148.27810000000017,3.772849999999959
0.6969249999999992,-1.2079750000000002,0.16882500000000034,3.277449999999682,-131.0831500000002,8.415274999999948
0.7638999999999991,-1.1833000000000002,0.13710000000000044,31.498599999999612,-113.88820000000024,13.057699999999937
0.7853750000000006,-1.1570000000000005,0.12324999999999989,44.37162500000008,-92.90862500000041,15.30162500000001
0.7536500000000006,-1.1288000000000005,0.13029999999999986,39.2991500000001,-67.50395000000047,14.741150000000012
0.7219250000000006,-1.1006000000000007,0.13734999999999986,34.22667500000011,-42.09927500000053,14.180675000000013
0.7034000000000002,-1.0768000000000006,0.14879999999999968,27.022400000000196,-31.650200000000034,8.269800000000215
0.692825,-1.0556500000000002,0.16289999999999993,18.534200000000048,-30.208475000000007,-0.8634749999999478
0.6822500000000001,-1.0345000000000002,0.17699999999999988,10.046000000000069,-28.766750000000012,-9.996749999999926
0.6938749999999998,-1.02445,0.1716750000000001,3.01190000000007,-19.06940000000013,-15.172874999999957
0.7114999999999998,-1.0174,0.16110000000000013,-3.629199999999914,-7.140800000000156,-19.279499999999945
0.7291249999999997,-1.01035,0.15052500000000016,-10.270299999999898,4.787799999999817,-23.386124999999936
0.7400499999999998,-1.0367999999999995,0.14330000000000012,-19.79239999999983,8.50554999999994,-28.145999999999916
0.7506249999999998,-1.0649999999999995,0.13625000000000015,-29.464999999999804,11.794374999999935,-32.9399999999999
0.7576000000000005,-1.0939999999999992,0.13359999999999927,-38.39119999999993,14.468400000000049,-38.11199999999981
0.73645,-1.1292499999999999,0.16532499999999983,-41.48614999999998,12.33930000000001,-46.23712499999996
0.7153000000000002,-1.1644999999999996,0.19704999999999978,-44.58109999999998,10.210200000000016,-54.36224999999994
0.6873250000000004,-1.19,0.22,-47.48007499999998,12.285299999999872,-60.97709999999998
0.6415000000000014,-1.19,0.22,-49.866499999999924,25.35599999999958,-63.64199999999991
0.5956750000000006,-1.19,0.22,-52.25292499999997,38.42669999999981,-66.30689999999996
0.5606999999999999,-1.1744999999999999,0.1920999999999998,-56.463700000000024,49.96445000000003,-66.44839999999999
0.5395500000000004,-1.1392500000000008,0.12865000000000124,-62.99904999999987,59.54892499999981,-63.37460000000006
0.5184000000000001,-1.104,0.0652000000000001,-69.53439999999999,69.13339999999998,-60.3008
0.5269999999999994,-1.0857500000000002,0.02937500000000043,-80.79787499999965,67.7443750000002,-62.15062499999988
0.5551999999999998,-1.0787000000000002,0.011750000000000116,-95.1763499999999,59.12575000000005,-67.24424999999997
0.5833999999999991,-1.0716500000000002,-0.005874999999999488,-109.55482499999958,50.50712500000025,-72.33787499999985
0.5846,-1.0996999999999997,0.019699999999999565,-117.13469999999994,40.71940000000012,-79.5887999999999
0.5775499999999999,-1.1384750000000001,0.058475000000000256,-122.63722500000004,30.574449999999935,-87.49890000000005
0.5705000000000001,-1.1772499999999992,0.09724999999999938,-128.1397499999999,20.429500000000164,-95.40899999999988
0.4881249999999998,-1.222575,0.13275000000000006,-121.34137499999999,30.73365000000002,-101.462175
0.40000000000000185,-1.268399999999999,0.16799999999999926,-113.60400000000016,42.59879999999975,-107.37359999999987
0.3128500000000003,-1.31065,0.19902500000000004,-104.42005000000009,54.081424999999975,-111.76695000000004
0.235300000000002,-1.3176999999999999,0.18845000000000028,-80.99290000000062,61.797649999999805,-101.21310000000027
0.15775000000000064,-1.32475,0.1778750000000001,-57.56575000000019,69.51387499999994,-90.65925000000009
0.1,-1.3309,0.1708999999999999,-32.05780000000096,74.16740000000013,-79.53480000000039
0.1,-1.334425,0.17442499999999997,-0.4808500000004088,69.88805000000005,-66.74610000000017
0.1,-1.3379500000000002,0.17795000000000002,31.096100000000153,65.60869999999998,-53.95739999999994
0.10589999999999976,-1.3326250000000004,0.19769999999999924,55.18004999999976,59.73045000000015,-48.13807499999994
0.12000000000000001,-1.315,0.24,68.85,51.629999999999995,-52.005
0.1340999999999997,-1.2973750000000004,0.28229999999999905,82.51994999999968,43.529550000000185,-55.87192499999991
0.12770000000000012,-1.2756500000000002,0.3,97.56339999999992,46.88859999999994,-60.439949999999975
0.10655000000000059,-1.2509750000000006,0.3,113.59509999999956,58.49289999999968,-65.51242499999987
0.08540000000000021,-1.2263000000000002,0.3,129.62679999999983,70.09719999999989,-70.58489999999995
0.04324999999999961,-1.1884999999999997,0.2737499999999997,141.1330000000001,79.28650000000007,-63.0284999999999
-0.00609999999999928,-1.1462000000000006,0.23850000000000052,151.08759999999987,87.64779999999988,-51.14220000000017
-0.05545000000000016,-1.1038999999999999,0.2032499999999999,161.04220000000004,96.00910000000003,-39.25589999999996
-0.0695999999999998,-1.1064,0.21279999999999974,160.22240000000005,84.81840000000025,-19.974400000000387
-0.08017499999999998,-1.11345,0.22689999999999996,158.308325,71.64195000000002,0.05817499999997011
-0.09099999999999966,-1.1217499999999996,0.24124999999999958,155.77550000000025,58.97625000000014,18.65000000000001
-0.10509999999999992,-1.1464249999999998,0.25887499999999986,145.13705000000007,53.00137500000004,18.368000000000002
-0.1191999999999996,-1.1710999999999994,0.27649999999999947,134.4986000000003,47.026500000000176,18.08600000000001
-0.1324749999999999,-1.19,0.29,128.5832749999999,42.787424999999985,19.188349999999936
-0.14305000000000007,-1.19,0.29,138.12545000000006,44.22915000000001,24.821300000000036
-0.15362499999999985,-1.19,0.29,147.66762499999984,45.670874999999974,30.45424999999991
-0.16700000000000004,-1.19,0.283,159.69480000000001,43.39839999999999,34.3372
-0.18462499999999962,-1.19,0.26537500000000036,175.49384999999967,35.488300000000166,35.563899999999975
-0.20224999999999993,-1.19,0.24775000000000005,191.29289999999995,27.578200000000027,36.7906
-0.22184999999999944,-1.1722250000000007,0.2439499999999998,202.5514249999998,28.206024999999812,35.59595000000008
-0.24299999999999983,-1.1405000000000003,0.25099999999999995,210.24649999999994,35.534499999999944,32.501000000000026
-0.2641500000000002,-1.1087749999999998,0.25805000000000006,217.94157500000006,42.86297500000007,29.406049999999972
-0.2521500000000003,-1.0643000000000007,0.25490000000000007,214.6257500000001,45.21639999999999,29.932099999999977
-0.2274749999999999,-1.0149499999999998,0.24784999999999996,207.09987499999997,45.6676,31.84265000000001
-0.20280000000000045,-0.9656000000000008,0.24080000000000013,199.57400000000013,46.11879999999999,33.753199999999964
-0.16562500000000002,-0.92875,0.249375,189.57625000000002,49.735625,31.341874999999998
-0.12685000000000088,-0.8935000000000007,0.2599499999999998,179.26210000000023,53.757649999999906,28.377350000000064
-0.08982500000000002,-0.8613999999999998,0.2708749999999999,169.21885000000003,57.722974999999984,24.943125000000066
-0.0863000000000001,-0.8895999999999992,0.28849999999999953,164.36140000000015,60.60289999999992,12.517500000000341
-0.08277500000000003,-0.9177999999999997,0.3061249999999998,159.50395000000006,63.48282499999997,0.09187500000012072
-0.09125000000000041,-0.9482500000000003,0.32600000000000023,153.0819999999999,68.2880000000001,-10.554000000000032
-0.14412499999999923,-0.9870249999999994,0.3541999999999996,140.8714000000002,80.21659999999983,-14.614799999999942
-0.19700000000000017,-1.0258,0.38240000000000013,128.66079999999997,92.14520000000005,-18.675600000000014
-0.24059999999999948,-1.0539749999999999,0.41324999999999934,122.01784999999995,98.86257500000004,-21.355749999999993
-0.26879999999999993,-1.06455,0.44849999999999995,124.6193,96.92735,-21.743499999999997
-0.2969999999999993,-1.0751249999999999,0.4837499999999991,127.22074999999992,94.99212500000004,-22.13124999999999
-0.2834000000000003,-1.0572000000000004,0.4734000000000003,141.17469999999983,98.74549999999994,-23.90789999999998
-0.23404999999999945,-1.0148999999999995,0.4240499999999994,164.83802500000027,107.36412500000009,-26.87242500000003
-0.18470000000000056,-0.9726000000000005,0.37470000000000053,188.50134999999975,115.9827499999999,-29.836949999999966
-0.16752499999999998,-0.95505,0.34019999999999984,194.2234,116.64919999999998,-24.473099999999942
-0.16400000000000006,-0.9480000000000001,0.31200000000000044,192.33400000000003,113.94200000000005,-15.576000000000143
-0.160475,-0.94095,0.2838,190.4446,111.23479999999999,-6.678899999999986
-0.16,-0.9674499999999993,0.3257499999999989,180.55505000000022,104.87980000000015,-2.8753000000000637
-0.16,-0.9991749999999999,0.3786249999999998,169.41957500000004,97.95670000000003,0.1350499999999899
-0.1609999999999991,-1.0292000000000008,0.4301999999999998,158.3634000000002,92.02879999999928,2.8264000000002127
-0.1962499999999997,-1.0010000000000003,0.4372499999999999,150.02325000000008,120.18649999999978,-5.4079999999999355
-0.23150000000000034,-0.9727999999999997,0.4443000000000001,141.6830999999999,148.34420000000028,-13.64240000000008
-0.2647249999999997,-0.9392000000000007,0.4425750000000005,132.36757500000016,171.95374999999996,-21.47719999999992
-0.2894000000000001,-0.8827999999999997,0.4037999999999998,118.93379999999993,176.36000000000004,-27.62480000000003
-0.31407499999999955,-0.826400000000001,0.3650250000000007,105.50002500000024,180.76624999999993,-33.77239999999989
-0.31875,-0.77875,0.33625000000000005,90.29124999999999,179.11375,-39.8125
-0.2870250000000007,-0.7470250000000007,0.32567500000000027,71.85197500000041,166.43432500000029,-45.65694999999987
-0.25530000000000014,-0.7153000000000002,0.31510000000000005,53.41270000000009,153.75490000000005,-51.501399999999975
-0.22904999999999973,-0.7164250000000004,0.32460000000000033,27.33762499999957,143.5556499999999,-54.76530000000001
-0.2079000000000002,-0.7481499999999996,0.3527999999999997,-5.850249999999676,135.66670000000008,-55.62539999999999
-0.18674999999999983,-0.7798750000000003,0.3810000000000002,-39.03812500000027,127.77774999999994,-56.4855
-0.20879999999999937,-0.8163999999999995,0.3995999999999998,-70.55559999999954,131.27439999999987,-55.560000000000024
-0.2511000000000001,-0.8551750000000001,0.41370000000000007,-101.29007500000009,140.10805000000002,-53.79749999999999
-0.29339999999999916,-0.8939499999999992,0.42779999999999974,-132.0245499999994,148.94169999999983,-52.03500000000003
-0.297025,-0.9,0.41215,-144.659125,152.369775,-49.728075000000004
-0.2935000000000001,-0.9,0.3910000000000005,-153.94749999999976,154.79849999999993,-47.32050000000006
-0.28992500000000004,-0.900125,0.37007499999999993,-163.18339999999998,157.19065000000003,-44.92237500000001
-0.2793499999999999,-0.9177500000000002,0.3806500000000001,-165.0728,154.46229999999997,-43.84724999999999
-0.2687750000000001,-0.9353749999999997,0.3912249999999999,-166.96219999999997,151.73395000000002,-42.77212500000002
-0.25639999999999985,-0.9554000000000001,0.4024000000000001,-164.77279999999985,149.4112,-42.139800000000015
-0.23525000000000035,-0.9871249999999995,0.41649999999999976,-142.69925000000035,149.06575,-43.66612499999998
-0.21409999999999998,-1.01885,0.43060000000000004,-120.62569999999997,148.7203,-45.19245
-0.20939999999999942,-1.0446999999999997,0.4317750000000005,-93.51492500000077,149.26314999999997,-44.96332500000008
-0.23759999999999992,-1.0588,0.4071000000000001,-56.329700000000116,151.58259999999999,-41.223300000000016
-0.2658000000000004,-1.0729000000000002,0.3824249999999996,-19.14447499999946,153.90205000000003,-37.48327499999995
-0.29224999999999984,-1.0712500000000003,0.3630000000000001,17.04849999999972,151.23925000000006,-32.94350000000004
-0.31692500000000023,-1.0536249999999998,0.3488999999999999,52.23505000000034,143.52302499999993,-27.59254999999995
-0.3415999999999997,-1.0360000000000003,0.3348000000000002,87.42159999999956,135.8068000000001,-22.24160000000007
-0.3802250000000002,-1.013725,0.39510000000000045,100.60435000000001,117.18864999999988,-20.575775000000004
-0.42604999999999915,-0.9890500000000004,0.49379999999999824,102.43029999999997,92.94370000000043,-20.811949999999996
-0.471875,-0.964375,0.5925,104.25625,68.69875,-21.048125
-0.5060999999999992,-0.9397000000000005,0.6215999999999997,102.72400000000005,64.2231,-20.843500000000006
-0.5378249999999998,-0.9150250000000001,0.6356999999999999,100.46800000000002,64.008075,-20.543875
-0.5695500000000003,-0.8903499999999996,0.6498000000000002,98.21199999999997,63.793049999999994,-20.244249999999994
-0.5178750000000005,-0.8448250000000005,0.5978750000000005,128.24569999999972,64.55449999999999,-8.265150000000117
-0.4649999999999995,-0.7989999999999996,0.5449999999999996,158.74400000000026,65.33,3.882000000000099
-0.41947500000000004,-0.7573750000000002,0.49632500000000035,185.26332499999992,65.13530000000009,13.368450000000083
-0.41595,-0.7397499999999999,0.4716499999999999,189.04565,59.39659999999998,7.6508999999999805
-0.41242500000000004,-0.7221250000000003,0.44697500000000046,192.82797499999992,53.65790000000011,1.9333500000001105
-0.4374999999999963,-0.7056000000000006,0.4409999999999985,186.85110000000117,42.72720000000095,-2.409199999999945
-0.5256249999999979,-0.6915000000000003,0.4762499999999992,159.35962500000068,20.350500000000547,-3.7204999999999684
-0.6137499999999959,-0.6774000000000007,0.5114999999999984,131.8681500000013,-2.026199999998953,-5.031799999999938
-0.6851249999999985,-0.6900999999999988,0.53,103.23432500000087,-17.232224999999787,-4.637950000000066
-0.7379999999999973,-0.7323999999999978,0.53,73.33880000000156,-24.518399999999623,-2.3608000000001175
-0.7908749999999982,-0.7746999999999986,0.53,43.443275000001016,-31.80457499999975,-0.08365000000007716
-0.7380000000000019,-0.7989999999999998,0.49850000000000083,40.970749999999796,-21.30900000000033,11.922499999999715
-0.6252000000000044,-0.8130999999999995,0.44915000000000194,54.0379249999995,-0.7371000000007939,29.44174999999932
-0.5124000000000024,-0.8271999999999997,0.39980000000000104,67.10509999999972,19.83479999999957,46.96099999999963
-0.4504500000000021,-0.8158750000000008,0.3589250000000017,92.95539999999875,23.349350000000033,51.02477499999996
-0.40110000000000123,-0.7982500000000005,0.32015000000000104,121.97319999999925,22.637300000000018,51.75444999999998
-0.35175000000000234,-0.7806250000000009,0.28137500000000193,150.9909999999986,21.925250000000034,52.48412499999996
-0.37039999999999934,-0.813999999999999,0.34459999999999796,181.3551999999991,12.4276000000003,21.991600000000965
-0.39154999999999973,-0.8492499999999995,0.41157499999999914,211.76889999999963,2.6069500000001264,-9.648799999999596
-0.4189999999999975,-0.8880999999999978,0.4857499999999956,238.0309000000001,-7.2937999999996315,-38.43529999999967
-0.4894999999999987,-0.9515499999999989,0.6091249999999978,235.92295000000004,-17.741899999999816,-47.72014999999983
-0.5599999999999972,-1.0149999999999975,0.732499999999995,233.81500000000008,-28.18999999999958,-57.004999999999626
-0.6059000000000003,-1.0640999999999998,0.8077000000000009,240.70142499999935,-23.631075000000934,-53.11450000000082
-0.5918000000000007,-1.0781999999999994,0.7654000000000019,269.5253499999987,17.530349999998137,-17.089000000001626
-0.5777000000000003,-1.0922999999999996,0.7231000000000011,298.3492749999992,58.69177499999887,18.93649999999901
-0.5556000000000015,-1.064800000000004,0.6648000000000038,334.8019999999977,90.253199999999,50.277199999998714
-0.523875000000001,-0.9872500000000025,0.5872500000000025,380.43312499999854,110.26462499999936,75.98149999999917
-0.4921500000000004,-0.9097000000000012,0.5097000000000012,426.06424999999933,130.2760499999997,101.68579999999963
-0.4365000000000026,-0.8147500000000039,0.44955000000000184,460.289674999999,134.82322500000018,105.65532500000035
-0.3660000000000014,-0.7090000000000021,0.40020000000000094,487.43569999999943,129.7719000000001,96.13430000000018
-0.295500000000003,-0.6032500000000044,0.3508500000000021,514.5817249999989,124.72057500000021,86.6132750000004
-0.25800000000000073,-0.5552500000000007,0.3702499999999991,497.4115000000007,105.63600000000056,55.87875000000089
-0.22980000000000134,-0.5235250000000015,0.4090249999999982,467.7521500000014,82.59660000000108,19.165875000001716
-0.20160000000000083,-0.4918000000000009,0.44779999999999887,438.09280000000086,59.55720000000067,-17.546999999998935
-0.19335000000000035,-0.5132749999999987,0.4832499999999982,412.0377500000013,66.74204999999954,-32.584199999999285
-0.18630000000000024,-0.5379499999999992,0.5184999999999989,386.1995000000009,75.7448999999997,-46.31759999999954
-0.18487499999999926,-0.5648749999999993,0.5470000000000005,359.43575000000055,84.62699999999988,-56.182125000000376
-0.23069999999999824,-0.6106999999999982,0.5188000000000011,324.8978000000013,92.4947999999997,-33.548100000000886
-0.276524999999999,-0.656524999999999,0.4906000000000006,290.35985000000073,100.36259999999983,-10.914075000000476
-0.322349999999998,-0.6881000000000003,0.48044999999999827,264.06980000000016,103.53835000000042,12.773499999998847
-0.3681749999999988,-0.6810500000000002,0.5192249999999989,260.1359000000001,93.99617500000025,39.31674999999932
-0.41399999999999776,-0.6740000000000004,0.557999999999998,256.20200000000017,84.45400000000046,65.85999999999872
-0.4308500000000006,-0.6501750000000015,0.5860999999999995,252.38857500000012,67.7046750000008,85.71917499999967
-0.4097000000000003,-0.6043500000000006,0.6001999999999998,248.73315000000005,41.503350000000346,96.81234999999985
-0.38855000000000073,-0.5585250000000017,0.6142999999999995,245.07772500000013,15.302025000000931,107.90552499999961
-0.3737000000000002,-0.5295000000000003,0.5948000000000008,251.25869999999978,-5.752199999999689,114.09309999999995
-0.3631250000000004,-0.5118750000000007,0.5525000000000017,264.1143749999995,-23.313749999999292,116.95187499999989
-0.3525500000000002,-0.4942500000000004,0.510200000000001,276.97004999999973,-40.875299999999605,119.81064999999994
-0.3393000000000006,-0.46860000000000124,0.47057500000000174,290.1814999999994,-33.725200000000676,120.89054999999998
-0.3252000000000004,-0.44040000000000074,0.43180000000000107,303.50599999999963,-18.72280000000041,121.40519999999998
-0.31110000000000015,-0.41220000000000023,0.3930250000000004,316.83049999999986,-3.7204000000001454,121.91984999999998
-0.32624999999999943,-0.3580000000000018,0.37700000000000045,306.6347500000004,-3.9377499999999515,104.36125000000061
-0.3438749999999997,-0.3016000000000008,0.3629000000000002,294.44882500000017,-5.4429249999999785,85.27337500000027
-0.36239999999999895,-0.2508999999999996,0.34910000000000035,279.07060000000183,-7.436199999999733,65.7523000000009
-0.39059999999999945,-0.2614749999999998,0.3385250000000002,229.37515000000099,-14.67654999999986,41.57432500000047
-0.41879999999999884,-0.27204999999999957,0.32795000000000046,179.67970000000207,-21.916899999999696,17.396350000001014
-0.4417499999999998,-0.29662499999999836,0.32,136.2431250000006,-28.635749999999874,-0.44925000000003257
-0.4487999999999997,-0.36359999999999687,0.32,111.76200000000114,-33.77519999999976,0.8831999999999374
-0.4558499999999998,-0.43057499999999804,0.32,87.28087500000072,-38.91464999999985,2.215649999999961
-0.4556500000000001,-0.49174999999999935,0.3228999999999999,74.06334999999997,-43.76989999999995,7.526899999999877
-0.4450750000000004,-0.5446249999999981,0.3299499999999998,76.9644249999999,-48.21844999999985,18.531949999999625
-0.43450000000000016,-0.5974999999999991,0.3369999999999999,79.86549999999995,-52.66699999999993,29.53699999999982
-0.41380000000000106,-0.6017750000000013,0.33797500000000014,91.5348249999993,-48.34932500000042,43.98657499999934
-0.38560000000000055,-0.5700500000000007,0.3344500000000001,109.69914999999962,-37.53815000000023,60.98764999999965
-0.3574000000000012,-0.5383250000000014,0.3309250000000002,127.8634749999992,-26.726975000000472,77.98872499999926
-0.3603999999999996,-0.4910000000000014,0.34039999999999965,137.65579999999983,-16.612600000000256,82.87639999999999
-0.37449999999999933,-0.43812500000000254,0.3544999999999993,144.46962499999967,-6.746125000000479,83.45449999999998
-0.38859999999999956,-0.38525000000000165,0.36859999999999954,151.2834499999998,3.1203499999996973,84.03259999999999
-0.40904999999999975,-0.38952499999999984,0.37,147.54357500000006,1.3123500000000394,79.40687500000007
-0.43019999999999925,-0.4000999999999996,0.37,142.6403000000002,-1.7825999999998903,74.20750000000018
-0.4504499999999999,-0.40887500000000027,0.3693250000000002,136.76187500000037,-5.586974999999747,69.69392499999991
-0.4574999999999997,-0.3912500000000007,0.35875000000000046,116.58125000000082,-19.79624999999943,75.23874999999978
-0.4645499999999998,-0.3736250000000004,0.34817500000000023,96.40062500000046,-34.00552499999968,80.78357499999987
-0.46280000000000143,-0.3568000000000006,0.3360000000000008,81.38479999999988,-46.17479999999976,85.96759999999982
-0.4310750000000009,-0.3427000000000004,0.31837500000000046,83.96157499999993,-51.39532499999986,89.92264999999989
-0.3993500000000003,-0.3286000000000001,0.3007500000000002,86.53834999999998,-56.615849999999945,93.87769999999996
-0.35662500000000197,-0.30762500000000104,0.3174999999999977,81.36150000000056,-67.27862499999938,93.22925000000026
-0.29670000000000085,-0.2759000000000005,0.38799999999999896,64.06080000000026,-86.45109999999971,85.38260000000011
-0.2367750000000022,-0.2441750000000012,0.45849999999999735,46.76010000000064,-105.62357499999929,77.5359500000003
-0.23924999999999896,-0.23389999999999989,0.4451500000000016,37.01955000000007,-102.17020000000042,69.31100000000016
-0.29212499999999775,-0.24094999999999972,0.36407500000000337,33.38527500000015,-80.4421000000009,60.78050000000036
-0.3449999999999987,-0.24799999999999983,0.28300000000000197,29.751000000000086,-58.714000000000524,52.250000000000206
-0.357475,-0.28787499999999966,0.26757499999999995,27.442350000000012,-54.04227499999998,41.23742500000008
-0.3539500000000001,-0.3407499999999985,0.2781499999999997,25.658700000000053,-56.12554999999994,29.241850000000348
-0.35042500000000015,-0.3936249999999973,0.28872499999999945,23.87505000000009,-58.20882499999989,17.24627500000062
-0.35,-0.4093000000000001,0.2931,39.46380000000011,-59.727900000000005,22.47430000000005
-0.35,-0.41987499999999983,0.2966249999999999,57.43424999999971,-61.169624999999975,30.063624999999877
-0.34970000000000023,-0.4298500000000001,0.2995500000000004,74.93174999999974,-62.37345000000016,37.14340000000017
-0.3426500000000004,-0.42632500000000023,0.28897500000000065,81.78787499999959,-58.224525000000256,32.75830000000027
-0.3356,-0.4228,0.27840000000000004,88.64399999999998,-54.075600000000016,28.373200000000015
-0.32347500000000085,-0.412025000000001,0.26347500000000085,87.96302500000077,-46.56267500000053,24.81025000000001
-0.29175000000000156,-0.37325000000000186,0.23175000000000154,58.173250000001445,-26.057750000000993,24.422500000000017
-0.2600249999999997,-0.33447499999999963,0.2000249999999997,28.383474999999713,-5.552824999999802,24.034749999999995
-0.2503999999999996,-0.30610000000000015,0.18909999999999969,4.268200000000185,6.192700000000041,26.16769999999992
-0.278599999999999,-0.29552500000000037,0.2137749999999991,-10.134949999999492,2.946175000000115,32.61492499999977
-0.30679999999999835,-0.28495000000000065,0.23844999999999855,-24.538099999999165,-0.3003499999998118,39.062149999999626
-0.30875,-0.2725,0.2575,-58.088750000000005,1.9993750000000006,43.96625
-0.28760000000000047,-0.25840000000000035,0.2715999999999997,-108.48919999999886,9.179799999999839,47.51239999999992
-0.26645000000000096,-0.24430000000000063,0.28569999999999934,-158.88964999999772,16.360224999999676,51.05854999999984
-0.2698000000000002,-0.2498000000000002,0.30470000000000025,-181.65655000000012,4.969649999999753,50.31719999999997
-0.2838999999999999,-0.26389999999999986,0.32584999999999975,-192.2985249999999,-14.56942499999981,47.69460000000003
-0.29799999999999954,-0.2779999999999996,0.3469999999999993,-202.94049999999964,-34.108499999999374,45.07200000000009
-0.2788250000000013,-0.3162999999999977,0.3560499999999996,-188.844025000001,-40.0713749999998,38.226500000000414
-0.25414999999999993,-0.35860000000000014,0.36310000000000003,-170.65854999999993,-43.790250000000015,30.68299999999998
-0.23007499999999995,-0.40134999999999876,0.3702249999999998,-151.82785000000095,-47.23650000000018,23.315524999999987
-0.23359999999999986,-0.4647999999999973,0.3807999999999996,-103.31680000000203,-38.14200000000038,24.04519999999997
-0.23712499999999978,-0.5282499999999959,0.3913749999999993,-54.80575000000313,-29.047500000000586,24.774874999999955
-0.24389999999999984,-0.5767500000000001,0.39935000000000004,-5.70385000000033,-22.20849999999998,26.376849999999965
-0.2650499999999994,-0.5591250000000005,0.3958250000000001,46.011424999998496,-25.34574999999991,31.837074999999842
-0.2861999999999989,-0.5415000000000009,0.3923000000000002,97.72669999999732,-28.48299999999984,37.297299999999716
-0.2914249999999998,-0.5263249999999999,0.3826499999999999,144.86292500000025,-31.09105000000001,41.27895000000001
-0.2667500000000004,-0.5157500000000002,0.3615000000000004,183.40174999999937,-32.70549999999997,42.48449999999998
-0.24207500000000096,-0.5051750000000004,0.3403500000000008,221.94057499999852,-34.319949999999935,43.69004999999996
-0.22640000000000043,-0.5143999999999983,0.32460000000000067,250.18339999999887,-27.470800000000914,40.68000000000043
-0.21935000000000002,-0.5425999999999999,0.31402500000000005,268.55922499999997,-12.510700000000048,33.630000000000024
-0.21230000000000018,-0.5707999999999992,0.3034500000000003,286.93504999999953,2.4493999999996143,26.580000000000183
-0.2266249999999988,-0.5325000000000034,0.3118749999999991,314.27649999999846,-0.7948749999994149,24.916499999999957
-0.25130000000000025,-0.4619999999999993,0.3295000000000001,345.9592000000003,-12.853900000000115,25.86120000000001
-0.2759749999999997,-0.3915000000000009,0.34712499999999974,377.64189999999957,-24.912924999999845,26.805899999999987
-0.2947499999999994,-0.2826500000000041,0.2939500000000024,336.56285000000196,-28.947949999999913,30.665199999999842
