-0.20382500000000003,-0.31475000000000003,0.14695,35.45044999999999,37.930725,22.236625000000004
-0.11,-0.28,0.14,152.69,64.65,1.96
-0.17602500000000001,-0.248725,0.19212500000000002,117.51604999999998,45.51665,3.676650000000001
-0.24205,-0.21745,0.24425,82.34209999999999,26.3833,5.393300000000001
-0.293625,-0.195525,0.28957499999999997,48.414675,8.996275,6.516225000000001
-0.2415,-0.24070000000000003,0.2861,23.43289999999999,4.1416999999999975,3.3782999999999994
-0.18937499999999996,-0.28587500000000005,0.282625,-1.5488750000000202,-0.7128750000000039,0.240374999999998
-0.15,-0.32595,0.2766,-20.503300000000003,-2.5142500000000005,-1.8239999999999996
-0.15,-0.350275,0.2627,-20.84385,5.113375000000003,-0.5729999999999993
-0.15,-0.37460000000000004,0.2488,-21.1844,12.741000000000007,0.6780000000000009
-0.15255000000000002,-0.386175,0.2451,-18.92012499999999,18.324800000000003,3.149175000000005
-0.1595,-0.37575,0.259,-12.161249999999988,20.382,7.725750000000008
-0.16645000000000001,-0.365325,0.27290000000000003,-5.402375000000004,22.439199999999996,12.302324999999998
-0.17,-0.3583,0.27830000000000005,0.8294999999999977,25.045499999999997,14.3816
-0.17,-0.35482499999999995,0.274825,6.511125000000015,28.22512500000001,13.853399999999999
-0.17,-0.35135,0.27135000000000004,12.192750000000004,31.404750000000003,13.325199999999999
-0.172125,-0.35212499999999997,0.263625,14.43825,33.585625,13.028625
-0.1756,-0.35559999999999997,0.2532,14.5008,35.132000000000005,12.879199999999999
-0.179075,-0.359075,0.24277499999999996,14.56335,36.678375,12.729775
-0.18765,-0.37020000000000003,0.23489999999999997,16.492500000000007,39.203950000000006,12.9246
-0.198075,-0.3841,0.22794999999999999,19.09875,42.084725000000006,13.244299999999999
-0.20850000000000002,-0.3980000000000001,0.22099999999999997,21.705000000000005,44.96550000000001,13.564
-0.21,-0.397025,0.23190000000000005,26.848925000000015,46.522400000000005,17.617325000000015
-0.21,-0.39355,0.2458,32.419349999999994,47.8568,22.298149999999993
-0.21,-0.390075,0.2597,37.989774999999995,49.191199999999995,26.978974999999995
-0.2134,-0.3628,0.26680000000000004,38.8376,51.4402,28.0966
-0.21687499999999998,-0.335,0.27375000000000005,39.58125,53.709375,29.135625
-0.22035000000000002,-0.30684999999999985,0.27965,39.40264999999995,56.04855000000002,30.1064
-0.223825,-0.27557499999999996,0.276175,30.98967499999999,59.012725,30.4678
-0.2273,-0.24429999999999996,0.2727,22.576699999999988,61.97690000000001,30.8292
-0.23155000000000003,-0.21612499999999998,0.27155,13.147699999999979,64.984475,30.736449999999998
-0.23850000000000002,-0.19874999999999998,0.2785,0.17899999999997362,68.14325000000001,29.061499999999995
-0.24545000000000003,-0.18137499999999995,0.28545,-12.789700000000034,71.30202500000001,27.386549999999996
-0.25,-0.17600000000000005,0.2888,-26.387200000000043,73.46480000000001,24.168399999999984
-0.25,-0.19337500000000007,0.285325,-41.17680000000005,73.73932500000001,18.024599999999978
-0.25,-0.21075000000000008,0.28185,-55.96640000000006,74.01385,11.880799999999976
-0.251625,-0.22812500000000008,0.28325000000000006,-64.4835,74.52725,6.895624999999985
-0.2551,-0.24550000000000008,0.2902,-65.8596,75.3126,3.2294999999999834
-0.258575,-0.2628750000000001,0.29715,-67.23570000000001,76.09795000000001,-0.436625000000018
-0.2723,-0.2782,0.3,-63.3884,80.70655000000001,-5.252800000000002
-0.29315,-0.2921,0.3,-55.910199999999996,87.972775,-10.868400000000005
-0.3140000000000001,-0.3060000000000001,0.3,-48.43199999999995,95.23900000000005,-16.484000000000037
-0.3299000000000001,-0.312475,0.30990000000000006,-43.139224999999975,101.52512500000003,-17.723799999999997
-0.3438000000000001,-0.31595,0.3238000000000001,-38.72944999999997,107.41525000000004,-17.195599999999995
-0.3577,-0.319425,0.33770000000000006,-34.319675,113.30537500000001,-16.667399999999997
-0.36,-0.3171,0.34,-32.63590000000001,119.67399999999998,-18.699899999999992
-0.36,-0.313625,0.34,-31.492624999999993,126.13750000000005,-21.24012500000002
-0.36,-0.31015,0.34,-30.34935,132.601,-23.780349999999995
-0.3699750000000001,-0.27342499999999964,0.3499750000000001,-38.938350000000085,140.54412500000007,-28.189225000000043
-0.3804,-0.23520000000000005,0.3604,-47.96639999999999,148.554,-32.682399999999994
-0.3911,-0.198075,0.370275,-57.334624999999996,156.2435,-37.215725
-0.405,-0.17375000000000002,0.37375,-70.66125,160.205,-42.21625
-0.41890000000000016,-0.14942499999999975,0.37722500000000003,-83.98787500000014,164.16650000000004,-47.216775000000055
-0.43420000000000025,-0.13070000000000004,0.3821000000000001,-98.03200000000018,168.00900000000004,-52.28590000000006
-0.45505,-0.13417500000000002,0.392525,-114.92050000000002,171.37975,-57.62697500000001
-0.47590000000000005,-0.13765000000000002,0.40295,-131.80900000000003,174.75050000000002,-62.968050000000005
-0.49450000000000005,-0.15125000000000008,0.4145,-147.510625,176.020875,-68.96725
-0.5084000000000001,-0.18600000000000008,0.4284,-160.73300000000003,172.9038,-76.34120000000001
-0.5223000000000002,-0.22075000000000045,0.4423000000000002,-173.95537500000017,169.78672499999996,-83.7151500000001
-0.5315500000000001,-0.24465000000000003,0.45465000000000005,-182.23325,166.93625,-90.50320000000002
-0.5350250000000001,-0.25507500000000005,0.465075,-184.37037500000002,164.416875,-96.56360000000002
-0.5385000000000001,-0.26550000000000007,0.47550000000000003,-186.50750000000002,161.89749999999998,-102.62400000000002
-0.5498750000000001,-0.27,0.48395,-191.13905000000003,159.002875,-103.37164999999999
-0.56725,-0.27,0.4909,-197.66510000000005,155.82324999999997,-100.08429999999998
-0.5846250000000001,-0.27,0.49785,-204.19115000000005,152.643625,-96.79694999999998
-0.6044,-0.27,0.5240000000000002,-206.25560000000002,144.28479999999993,-94.66879999999999
-0.6252500000000001,-0.27,0.5587500000000002,-206.321625,133.60612499999993,-93.05987499999999
-0.6461000000000001,-0.27,0.5935000000000002,-206.38765,122.92744999999994,-91.45094999999999
-0.65,-0.27282500000000004,0.6169500000000001,-210.01600000000002,115.09072499999996,-91.339275
-0.65,-0.27630000000000005,0.6378000000000001,-214.46400000000003,107.90789999999996,-91.5721
-0.65,-0.27977500000000005,0.6586500000000002,-218.91200000000003,100.72507499999995,-91.804925
-0.6695000000000002,-0.2669999999999999,0.6730000000000002,-237.17575000000016,91.99524999999993,-86.70774999999995
-0.6903500000000001,-0.2530999999999999,0.6869000000000001,-256.39597500000013,83.15832499999992,-81.24157499999995
-0.7120000000000003,-0.23839999999999972,0.7006,-275.7818000000002,73.6105999999998,-75.54859999999992
-0.7467500000000004,-0.21059999999999973,0.711025,-297.8793250000002,52.4235249999998,-66.14177499999991
-0.7815000000000004,-0.18279999999999974,0.72145,-319.97685000000024,31.23644999999979,-56.73494999999991
-0.8125000000000002,-0.16,0.7331250000000001,-345.47812500000043,10.12124999999979,-47.94124999999994
-0.8264,-0.16,0.7505000000000001,-386.5005,-10.66620000000001,-41.9434
-0.8403,-0.16,0.7678750000000001,-427.522875,-31.453650000000017,-35.94555
-0.85945,-0.16945000000000005,0.7894500000000001,-461.106,-53.59140000000002,-33.07880000000001
-0.890725,-0.20072500000000004,0.820725,-477.50800000000004,-78.84770000000003,-37.44340000000001
-0.9220000000000004,-0.23200000000000037,0.8520000000000004,-493.9100000000002,-104.10400000000031,-41.80800000000006
-0.9518000000000003,-0.26770000000000055,0.8788500000000002,-495.29059999999976,-129.94587500000034,-43.89667499999999
-0.9796000000000004,-0.30940000000000056,0.8997000000000003,-476.3031999999998,-156.58175000000034,-42.89934999999999
-1.0074000000000003,-0.3511000000000006,0.9205500000000003,-457.31579999999974,-183.21762500000034,-41.90202499999999
-1.0047999999999997,-0.3852000000000004,0.9261999999999999,-435.1667999999996,-205.04460000000023,-43.027000000000044
-0.9769999999999995,-0.4130000000000004,0.9192499999999999,-410.39699999999965,-222.88525000000024,-45.911250000000045
-0.9491999999999998,-0.44080000000000014,0.9123,-385.6271999999999,-240.72590000000008,-48.79550000000001
-0.9306999999999999,-0.4593000000000001,0.8704749999999997,-369.85979999999995,-251.30790000000002,-48.04809999999999
-0.9168,-0.47320000000000007,0.8113999999999997,-358.54519999999997,-258.29960000000005,-45.50439999999999
-0.9028999999999999,-0.4871000000000001,0.7523249999999997,-347.2305999999999,-265.29130000000004,-42.96069999999999
-0.8669999999999993,-0.5010000000000002,0.6849999999999988,-317.79074999999943,-261.1344999999999,-29.88724999999974
-0.8252999999999997,-0.5149000000000001,0.6154999999999996,-283.5724249999998,-254.03854999999996,-14.037774999999897
-0.7836000000000002,-0.5287999999999999,0.5460000000000003,-249.35410000000013,-246.94260000000003,1.8116999999999484
-0.7164999999999995,-0.5172999999999999,0.4764999999999995,-241.34539999999996,-238.76079999999996,1.4369249999999862
-0.6469999999999987,-0.5033999999999997,0.4069999999999988,-235.81319999999988,-230.47639999999987,-0.4708500000000344
-0.5777499999999994,-0.49037500000000006,0.3372499999999994,-230.551625,-222.17587499999993,-2.988375000000154
-0.5152000000000001,-0.5008,0.26080000000000014,-232.5428,-213.44320000000002,-21.847199999999972
-0.45264999999999944,-0.5112250000000002,0.18434999999999932,-234.53397500000003,-204.71052499999993,-40.70602500000017
-0.39395,-0.5287999999999999,0.11780000000000002,-239.14479999999998,-196.80010000000001,-57.28399999999999
-0.3557249999999996,-0.5844000000000006,0.10389999999999985,-257.6874000000002,-193.26254999999998,-61.73200000000004
-0.3175,-0.64,0.09,-276.23,-189.72500000000002,-66.17999999999999
-0.2929250000000001,-0.6995000000000008,0.08585000000000023,-294.08230000000015,-182.95337499999985,-69.297125
-0.30335000000000023,-0.7690000000000015,0.10670000000000045,-310.16460000000035,-167.8892499999997,-69.00174999999999
-0.31377500000000014,-0.8385000000000008,0.12755000000000025,-326.2469000000002,-152.82512499999984,-68.706375
-0.3438000000000013,-0.9010000000000011,0.14840000000000048,-328.69599999999963,-137.26539999999966,-67.35119999999993
-0.4028750000000007,-0.9531250000000007,0.16925000000000026,-310.9387499999998,-120.9711249999998,-64.42524999999996
-0.46195000000000014,-1.0052500000000002,0.19010000000000007,-293.18149999999997,-104.67684999999996,-61.49929999999999
-0.5100750000000005,-1.0464250000000004,0.21277500000000032,-261.01404999999943,-96.28299999999999,-59.42014999999998
-0.5483000000000001,-1.0777,0.2371000000000001,-215.81819999999985,-95.032,-58.10659999999999
-0.5865250000000005,-1.1089750000000005,0.26142500000000035,-170.62234999999936,-93.78099999999999,-56.79304999999998
-0.6,-1.1335000000000002,0.2790000000000001,-118.00374999999978,-94.123,-52.777249999999974
-0.6,-1.1543500000000002,0.2929000000000002,-61.34387499999917,-95.33230000000002,-47.29022499999992
-0.6,-1.1752,0.3068000000000001,-4.683999999999724,-96.5416,-41.803199999999975
-0.5892999999999998,-1.1612749999999996,0.2885999999999996,45.66287500000077,-76.86984999999959,-35.500299999999896
-0.5753999999999997,-1.1369499999999995,0.26079999999999925,94.12175000000127,-50.95329999999932,-28.953399999999828
-0.5614999999999998,-1.1126249999999998,0.23299999999999954,142.5806250000008,-25.036749999999575,-22.40649999999989
-0.5351999999999999,-1.0541999999999996,0.23,184.06450000000027,-22.109799999999996,-17.63589999999997
-0.5074000000000001,-0.9916500000000003,0.23,224.70462499999985,-21.96385,-13.080175000000015
-0.4794999999999997,-0.9296499999999999,0.23030000000000017,264.87160000000006,-22.095900000000142,-8.632350000000022
-0.44474999999999937,-0.9053249999999996,0.2511500000000004,272.62780000000015,-41.27095000000035,-11.575675000000054
-0.4099999999999997,-0.8809999999999998,0.27200000000000013,280.38400000000007,-60.446000000000154,-14.519000000000023
-0.38332500000000047,-0.8566749999999995,0.2928500000000004,283.99819999999954,-78.96650000000028,-16.63154999999994
-0.40765000000000023,-0.8323499999999998,0.31370000000000015,261.4523999999998,-93.35300000000014,-13.497099999999971
-0.4319750000000005,-0.8080249999999995,0.3345500000000004,238.90659999999954,-107.73950000000029,-10.362649999999938
-0.45630000000000026,-0.7827999999999997,0.35270000000000007,215.26369999999974,-117.62599999999998,-3.144899999999815
-0.4806250000000005,-0.7549999999999994,0.3631250000000002,188.48187499999943,-114.63749999999995,15.75562500000039
-0.5049500000000002,-0.7271999999999997,0.3735500000000001,161.70004999999972,-111.64899999999997,34.6561500000002
-0.50145,-0.695425,0.3641,133.95627499999998,-107.206975,47.408675
-0.4527999999999994,-0.6571999999999996,0.3223999999999995,104.65159999999966,-100.40639999999992,50.18520000000004
-0.4041499999999999,-0.6189749999999999,0.28069999999999995,75.34692499999994,-93.605825,52.96172500000001
-0.35549999999999937,-0.60175,0.24424999999999963,40.344249999999505,-95.39425000000013,54.57450000000001
-0.3068499999999989,-0.605225,0.2129749999999993,-0.2750250000009302,-105.64897500000023,55.04015000000001
-0.2581999999999994,-0.6087,0.1816999999999996,-40.894300000000534,-115.90370000000013,55.50580000000001
-0.24652500000000024,-0.6252250000000006,0.1830500000000005,-75.29525000000072,-125.70820000000023,55.33417499999999
-0.2569500000000001,-0.6495500000000004,0.2039000000000003,-105.97950000000043,-135.24360000000013,54.78164999999999
-0.26737500000000025,-0.6738750000000007,0.22475000000000053,-136.66375000000073,-144.77900000000025,54.22912499999999
-0.3142000000000009,-0.6826000000000001,0.24560000000000032,-167.51960000000042,-143.74019999999993,52.66519999999998
-0.3732750000000003,-0.686075,0.2664500000000001,-198.43320000000014,-139.14277499999997,50.76089999999999
-0.4323500000000009,-0.68955,0.28730000000000033,-229.34680000000048,-134.54534999999993,48.85659999999997
-0.43092499999999995,-0.6779,0.2839499999999999,-251.36992500000014,-137.47412500000002,44.05434999999997
-0.4204999999999998,-0.6639999999999998,0.2769999999999999,-272.0705000000003,-141.52250000000006,38.82099999999991
-0.4100749999999999,-0.6500999999999999,0.27004999999999996,-292.77107500000017,-145.57087500000003,33.58764999999996
-0.3064999999999982,-0.65,0.2458499999999996,-293.00625,-151.1096500000001,25.131999999999856
-0.2022499999999971,-0.65,0.22152499999999933,-293.09312500000004,-156.65922500000013,16.652999999999764
-0.10879999999999981,-0.6572000000000011,0.19719999999999957,-294.51600000000025,-161.20919999999992,8.837999999999951
-0.0983749999999997,-0.7197500000000018,0.1728749999999993,-306.20937500000036,-158.0747499999999,6.127499999999923
-0.0879499999999998,-0.7823000000000011,0.14854999999999954,-317.9027500000002,-154.94029999999995,3.416999999999949
-0.0791749999999999,-0.8407250000000013,0.1258749999999995,-326.6946,-152.24804999999998,1.4102250000000076
-0.07569999999999993,-0.8859000000000008,0.10849999999999967,-326.1664,-150.97619999999998,1.663900000000005
-0.0722249999999999,-0.9310750000000013,0.09112499999999948,-325.6382,-149.70434999999995,1.9175750000000078
-0.05124999999999895,-0.9775000000000009,0.07624999999999979,-316.4199999999995,-153.20375000000024,3.901250000000104
0.0008749999999994734,-1.0261499999999995,0.0658250000000001,-291.73360000000025,-165.19597499999986,8.964324999999949
0.05300000000000004,-1.0748000000000002,0.05539999999999999,-267.0472,-177.18820000000002,14.027400000000004
0.1017750000000005,-1.1184250000000004,0.05,-244.09777499999976,-181.86737499999998,16.150849999999988
0.14695000000000008,-1.1566500000000002,0.05,-223.01494999999997,-178.68775,15.115299999999998
0.19212500000000055,-1.1948750000000004,0.05,-201.93212499999976,-175.50812499999995,14.079749999999986
0.19739999999999994,-1.2079,0.03739999999999995,-186.48359999999997,-160.19049999999993,11.901799999999993
0.1765499999999997,-1.2044249999999999,0.01654999999999973,-174.72419999999985,-136.9253749999997,8.975849999999962
0.15569999999999992,-1.20095,-0.004300000000000068,-162.96479999999997,-113.66024999999992,6.04989999999999
0.17020000000000038,-1.1797999999999995,-0.035250000000000475,-152.74564999999987,-107.20909999999999,6.83570000000003
0.19800000000000068,-1.1519999999999995,-0.07000000000000085,-143.10599999999977,-107.08399999999999,9.018000000000054
0.22580000000000042,-1.1241999999999996,-0.10475000000000051,-133.46634999999986,-106.9589,11.200300000000032
0.2742500000000013,-1.0845999999999991,-0.07754999999999904,-134.07795000000004,-113.99050000000021,7.824799999999889
0.3263750000000008,-1.0428999999999995,-0.03932499999999941,-136.51392500000003,-122.29575000000013,3.460199999999931
0.3785000000000014,-1.001199999999999,-0.0010999999999989996,-138.94990000000007,-130.60100000000023,-0.9044000000001142
0.41712500000000063,-0.9527499999999992,0.0067500000000001135,-160.64700000000036,-119.0274999999998,-18.563125000000298
0.45535000000000103,-0.9040999999999987,0.013700000000000188,-182.9148000000006,-106.86499999999967,-36.61575000000049
0.48837499999999967,-0.8626000000000005,0.01934999999999988,-205.64280000000048,-95.62387499999997,-53.16037500000003
0.47099999999999953,-0.8904000000000007,0.012399999999999807,-232.83120000000073,-93.31299999999993,-55.089000000000055
0.45362499999999933,-0.918200000000001,0.005449999999999733,-260.01960000000105,-91.00212499999991,-57.01762500000007
0.4377499999999997,-0.9542500000000018,0.001500000000000199,-281.81100000000004,-88.4902499999999,-56.13824999999969
0.427325,-1.0202749999999998,0.008449999999999989,-283.9933,-85.248075,-45.05647500000002
0.4168999999999999,-1.0863000000000005,0.015400000000000063,-286.17560000000003,-82.00589999999997,-33.9746999999999
0.408825,-1.1452749999999998,0.02587499999999999,-279.508975,-76.75800000000001,-26.173525
0.40535,-1.1904500000000005,0.04325000000000018,-255.52104999999978,-67.58399999999992,-24.793949999999988
0.40187500000000004,-1.235625,0.060625000000000005,-231.533125,-58.41,-23.414375
0.4240000000000006,-1.2664000000000002,0.07480000000000012,-197.67319999999953,-54.00720000000001,-23.95800000000003
0.47612500000000113,-1.2803000000000002,0.08522500000000023,-152.24452499999904,-55.19565000000003,-26.75537500000006
0.5282500000000007,-1.2942000000000002,0.09565000000000012,-106.81584999999949,-56.38410000000002,-29.55275000000003
0.5682250000000008,-1.2898749999999997,0.10607500000000024,-59.28724999999891,-48.16237499999967,-29.918099999999967
0.5995000000000004,-1.2724999999999997,0.11650000000000013,-10.254999999999391,-33.202499999999816,-28.541999999999984
0.6307750000000008,-1.2551249999999996,0.12692500000000023,38.777250000001125,-18.242624999999656,-27.16589999999997
0.6350999999999999,-1.2083499999999994,0.12754999999999997,71.36020000000033,-7.599649999999885,-27.20835000000001
0.62815,-1.1492749999999998,0.12407499999999999,97.06130000000009,1.2372750000000288,-27.844275000000003
0.6212000000000001,-1.0902000000000005,0.12060000000000001,122.76239999999983,10.074199999999943,-28.480199999999996
0.6286250000000002,-1.045499999999999,0.15162500000000095,122.72937499999988,2.466124999999728,-32.341875000000115
0.6390500000000001,-1.0037999999999994,0.18985000000000057,117.32574999999993,-8.573950000000163,-36.876750000000065
0.6494750000000005,-0.9620999999999981,0.22807500000000175,111.92212499999975,-19.614025000000506,-41.41162500000021
0.6698000000000007,-0.9467999999999995,0.22339999999999977,95.6548999999994,-21.658300000000057,-41.37929999999999
0.6906500000000005,-0.9328999999999996,0.2164499999999998,78.81157499999956,-23.22552500000004,-41.104775
0.7089999999999997,-0.9230000000000007,0.20974999999999994,60.90099999999947,-24.388749999999934,-40.17749999999985
0.6950999999999999,-0.9647000000000003,0.206275,29.222899999999793,-20.340374999999973,-30.82974999999994
0.6812,-1.0064,0.2028,-2.4551999999998984,-16.292000000000012,-21.48200000000003
0.6740499999999998,-1.0440499999999997,0.2,-30.68809999999982,-13.939899999999938,-12.386025000000105
0.6949000000000004,-1.0649000000000004,0.2,-44.62980000000025,-18.624200000000084,-4.334449999999855
0.7157500000000002,-1.0857500000000002,0.2,-58.571500000000114,-23.308500000000038,3.717125000000066
0.7322,-1.1011000000000002,0.2011,-67.0077,-25.450700000000005,6.254400000000018
0.7391500000000002,-1.104575,0.20457500000000012,-63.557024999999896,-22.1042749999999,-3.114200000000274
0.7461000000000001,-1.1080500000000002,0.20805000000000007,-60.106349999999935,-18.757849999999934,-12.482800000000182
0.75,-1.11,0.19779999999999973,-54.997999999999934,-12.221124999999892,-21.616550000000085
0.75,-1.11,0.16999999999999998,-47.769999999999996,-1.6049999999999986,-30.449999999999996
0.75,-1.11,0.14219999999999913,-40.541999999999774,9.01112500000033,-39.28345000000027
0.7324499999999994,-1.1334000000000009,0.12414999999999979,-34.207099999999876,15.692150000000076,-41.20999999999992
0.7011749999999997,-1.1751000000000005,0.11372499999999988,-28.570649999999933,19.29572500000004,-37.73499999999996
0.6698999999999987,-1.2168000000000019,0.10329999999999956,-22.93419999999976,22.899300000000153,-34.25999999999985
0.6314999999999986,-1.253750000000001,0.12375000000000114,-6.10437499999928,21.650749999999885,-27.54074999999973
0.5897999999999991,-1.2885000000000009,0.1585000000000008,15.909750000000507,18.15489999999992,-19.31889999999981
0.5480999999999995,-1.3232500000000005,0.19325000000000048,37.923875000000294,14.659049999999954,-11.097049999999893
0.5007999999999979,-1.3243999999999998,0.20840000000000047,59.32480000000094,20.296800000000346,-2.449599999999613
0.4521499999999984,-1.3174499999999998,0.21882500000000038,80.57790000000074,28.13640000000027,6.3004500000003
0.4034999999999988,-1.3104999999999998,0.22925000000000026,101.83100000000051,35.97600000000019,15.050500000000214
0.3741999999999996,-1.255174999999999,0.20097499999999954,123.2614750000003,42.064425000000085,19.59192500000006
0.3463999999999999,-1.1960999999999997,0.16969999999999985,144.7057000000001,48.01710000000003,23.80710000000002
0.32069999999999993,-1.1379000000000001,0.140175,165.42524999999995,52.57310000000011,27.60630000000002
0.33460000000000034,-1.096199999999999,0.1436500000000001,172.47950000000017,30.791799999999434,23.561399999999892
0.3485000000000002,-1.0544999999999993,0.14712500000000006,179.5337500000001,9.010499999999643,19.516499999999937
0.3612,-1.0194,0.15600000000000022,185.1834,-10.576000000000057,13.927199999999914
0.36815,-1.015925,0.1907499999999999,184.102675,-19.64574999999997,0.9376500000000441
0.3751000000000002,-1.0124499999999999,0.22550000000000098,183.02194999999998,-28.71550000000025,-12.051900000000362
0.35949999999999876,-1.0028249999999996,0.25307500000000016,178.09747499999975,-23.922124999999312,-21.447800000000015
0.2899999999999994,-0.9784999999999998,0.2635000000000001,163.9854999999999,14.007500000000313,-22.25400000000001
0.22049999999999725,-0.954174999999999,0.2739250000000004,149.87352499999946,51.937125000001494,-23.060200000000034
0.16404999999999886,-0.9298499999999993,0.2843500000000003,137.87419999999975,72.4754499999999,-22.751349999999945
0.12582499999999924,-0.9055249999999995,0.29477500000000023,128.82529999999983,68.72592499999993,-20.885274999999965
0.08759999999999962,-0.8811999999999998,0.3052000000000001,119.77639999999991,64.97639999999997,-19.019199999999984
0.07750000000000057,-0.87,0.3006249999999993,114.2168749999999,70.21187500000053,-20.676250000000188
0.09140000000000044,-0.87,0.28324999999999945,111.63494999999992,83.1145500000004,-25.339700000000143
0.1053000000000003,-0.87,0.26587499999999964,109.05302499999995,96.01722500000027,-30.003150000000097
0.09849999999999909,-0.9068000000000029,0.2646000000000004,108.40310000000002,89.93109999999916,-32.01470000000003
0.08112499999999925,-0.9624000000000024,0.2715500000000003,108.74017500000002,74.14417499999934,-32.67147500000003
0.06374999999999943,-1.0180000000000018,0.27850000000000025,109.07725000000002,58.35724999999949,-33.32825000000002
0.0736250000000004,-1.0490750000000006,0.28817500000000024,116.46117500000021,52.674624999999935,-32.521699999999974
0.09100000000000022,-1.0734000000000004,0.29860000000000014,125.78460000000013,49.77299999999997,-31.312399999999982
0.10837500000000005,-1.097725,0.30902500000000005,135.10802500000003,46.87137499999999,-30.103099999999994
0.056450000000000375,-1.0685000000000002,0.2974000000000001,150.8857999999999,64.34709999999987,-23.460050000000045
-0.0026250000000014526,-1.0337499999999993,0.2834999999999997,167.3295000000004,83.92525000000047,-16.25637499999982
-0.061500000000000776,-0.9987999999999994,0.2686999999999994,183.0669999999999,103.19920000000013,-8.895399999999814
-0.11362500000000025,-0.9570999999999998,0.2235249999999998,174.97024999999996,112.20640000000004,3.774450000000062
-0.16575000000000187,-0.9153999999999985,0.1783499999999984,166.87349999999972,121.21360000000033,16.444300000000453
-0.204224999999999,-0.8794749999999999,0.13789999999999963,156.78962499999943,127.27502499999974,28.02267500000014
-0.16599999999999937,-0.8759999999999999,0.12399999999999978,135.53999999999965,116.78399999999984,33.46800000000009
-0.12777499999999975,-0.872525,0.11009999999999992,114.29037499999986,106.29297499999994,38.913325000000036
-0.08954999999999856,-0.8766500000000009,0.11615000000000222,95.53639999999953,92.35059999999913,40.6745499999997
-0.051324999999998934,-0.9009750000000006,0.17522500000000166,83.41559999999966,69.23489999999936,32.64382499999978
-0.013099999999999312,-0.9253000000000003,0.23430000000000106,71.29479999999978,46.11919999999959,24.613099999999857
-0.0037500000000017103,-0.9372499999999996,0.27,67.2562500000004,42.655000000001294,15.920999999999527
-0.038500000000001366,-0.9302999999999997,0.27,75.56150000000032,69.20400000000103,6.21879999999962
-0.07325000000000102,-0.9233499999999998,0.27,83.86675000000025,95.75300000000078,-3.4834000000002856
-0.13500000000000173,-0.9163999999999999,0.25019999999999926,83.55719999999984,112.32640000000015,-1.7951999999997597
-0.22187500000000443,-0.9094499999999996,0.21197499999999808,75.23109999999957,119.61695000000037,10.492400000000622
-0.3087500000000036,-0.9024999999999997,0.17374999999999843,66.90499999999966,126.9075000000003,22.780000000000502
-0.31775000000000037,-0.9133499999999998,0.1933749999999995,59.06617500000007,114.91842500000023,35.00084999999987
-0.28299999999999925,-0.9342000000000005,0.2455000000000011,51.50109999999984,92.09809999999952,47.18420000000026
-0.24824999999999958,-0.9550500000000002,0.2976250000000006,43.936024999999916,69.27777499999974,59.367550000000136
-0.2028999999999999,-0.9547,0.31265,43.173500000000004,75.39545000000003,56.798349999999985
-0.15424999999999842,-0.9477499999999998,0.3161250000000001,44.528750000000045,90.5221250000005,49.63637499999977
-0.10559999999999889,-0.9407999999999997,0.3196000000000001,45.88400000000003,105.64880000000035,42.47439999999983
-0.13690000000000055,-0.9092499999999994,0.28309999999999946,55.32035000000013,111.64580000000007,35.1063999999999
-0.17860000000000015,-0.8744999999999998,0.24139999999999986,65.80790000000003,116.45520000000002,27.711599999999976
-0.22017500000000084,-0.8399249999999996,0.20005000000000026,76.1146749999995,121.24112500000005,20.346374999999888
-0.2445000000000006,-0.8294999999999998,0.20700000000000018,61.47449999999964,122.78750000000004,17.062499999999922
-0.26882500000000037,-0.8190749999999999,0.2139500000000001,46.83432499999979,124.33387500000003,13.778624999999952
-0.2895499999999998,-0.8095499999999999,0.22,30.959349999998885,127.27705000000057,10.944750000000008
-0.28607499999999986,-0.8060749999999999,0.22,6.783774999999132,139.60982500000046,11.135875000000008
-0.2825999999999999,-0.8026,0.22,-17.391800000000632,151.9426000000003,11.327000000000005
-0.2729999999999996,-0.799125,0.2217500000000001,-33.9592499999999,164.06712500000017,10.434874999999934
-0.2451999999999987,-0.7956499999999999,0.22870000000000032,-27.919699999999715,175.57285000000053,6.323949999999805
-0.21739999999999898,-0.7921749999999999,0.23565000000000025,-21.880149999999773,187.07857500000043,2.2130249999998455
-0.19479999999999964,-0.7978000000000006,0.25170000000000087,-14.652399999999746,189.12809999999962,-5.7186000000004
-0.1808999999999992,-0.8186500000000012,0.28297500000000186,-5.436699999999458,175.3566749999992,-20.042550000000844
-0.16699999999999932,-0.839500000000001,0.31425000000000153,3.779000000000452,161.58524999999932,-34.3665000000007
-0.161725,-0.8534499999999999,0.331725,0.38322500000002435,160.20277499999997,-45.88214999999998
-0.16520000000000012,-0.8604000000000002,0.3352000000000001,-15.806800000000475,171.38880000000034,-54.548800000000256
-0.16867500000000007,-0.8673500000000002,0.3386750000000001,-31.99682500000032,182.57482500000023,-63.21545000000017
-0.2194500000000008,-0.8850500000000002,0.33569999999999994,-47.202150000000145,192.12470000000008,-56.35909999999983
-0.299375,-0.9093749999999999,0.32875,-61.800625000000004,200.66625,-39.93625
-0.3793000000000025,-0.9337000000000008,0.3217999999999998,-76.39910000000046,209.20780000000025,-23.51339999999949
-0.3742499999999993,-0.9606000000000006,0.2993999999999994,-72.78459999999978,211.891225,-13.152099999999827
-0.3394999999999996,-0.9884000000000003,0.2715999999999997,-62.80439999999989,212.52715,-4.9093999999999065
-0.3047499999999985,-1.016200000000001,0.2437999999999988,-52.82419999999958,213.16307500000002,3.3333000000003503
-0.22499999999999715,-1.0109999999999997,0.2430000000000001,-29.91099999999918,210.8889999999999,-1.1200000000002106
-0.138124999999998,-1.0005749999999998,0.24647500000000008,-4.950074999999426,208.15417499999992,-7.583500000000148
-0.051249999999998866,-0.9901499999999999,0.24995000000000003,20.010850000000328,205.41934999999995,-14.047000000000086
-0.046574999999999846,-0.945474999999998,0.27740000000000126,15.359224999999777,204.65047499999997,-31.326650000000768
-0.04309999999999988,-0.9002999999999984,0.30520000000000097,10.275299999999826,203.91029999999998,-48.76420000000059
-0.05162500000000264,-0.8562499999999992,0.334500000000001,3.755124999999552,204.4710000000003,-64.54875000000004
-0.15935000000000596,-0.8214999999999981,0.3762000000000023,-14.638050000001023,215.78560000000064,-66.66850000000011
-0.2670750000000049,-0.7867499999999984,0.41790000000000194,-33.03122500000084,227.1002000000005,-68.78825000000009
-0.36360000000000214,-0.7648000000000008,0.46680000000000266,-54.15560000000109,228.7123999999989,-66.01039999999932
-0.4226750000000015,-0.7856500000000005,0.5397750000000019,-84.41242500000078,197.8821999999992,-46.856199999999504
-0.4817500000000034,-0.8065000000000011,0.6127500000000042,-114.66925000000172,167.05199999999823,-27.701999999998904
-0.4942749999999996,-0.82245,0.6722500000000002,-126.87324999999986,139.12749999999986,-14.335924999999982
-0.42129999999999723,-0.8294000000000002,0.7070000000000013,-105.9189999999992,116.53999999999915,-11.601099999999898
-0.348324999999998,-0.8363500000000001,0.741750000000001,-84.96474999999941,93.95249999999938,-8.866274999999924
-0.3149500000000006,-0.8350499999999994,0.7500999999999988,-64.94439999999888,78.38739999999954,-9.009050000000196
-0.3253750000000001,-0.8246249999999999,0.7292499999999998,-45.95699999999984,70.58949999999993,-12.334625000000027
-0.33580000000000043,-0.8141999999999996,0.7083999999999991,-26.969599999999254,62.79159999999969,-15.660200000000131
-0.3752750000000018,-0.7913249999999992,0.6958499999999997,-15.018524999999787,57.890399999999914,-8.181249999999565
-0.43435000000000357,-0.7600499999999981,0.6888999999999996,-7.814849999999565,54.94359999999982,6.587500000000894
-0.4934250000000006,-0.7287749999999997,0.68195,-0.6111749999999294,51.99679999999997,21.356250000000145
-0.47499999999999803,-0.7099999999999994,0.6649999999999991,10.007500000000487,33.77749999999901,36.76500000000064
-0.4263499999999985,-0.6960999999999996,0.6441499999999993,21.95802500000037,9.601924999999248,52.42335000000049
-0.3777000000000009,-0.6822000000000004,0.6233000000000004,33.908549999999764,-14.573649999999525,68.0816999999997
-0.37585000000000035,-0.7268000000000029,0.6024499999999989,39.27782500000021,-20.84237500000015,67.1874749999998
-0.38280000000000003,-0.7824000000000001,0.5816,43.409600000000005,-23.744000000000003,63.1808
-0.38975000000000026,-0.8380000000000017,0.5607499999999994,47.54137500000013,-26.645625000000095,59.17412499999987
-0.4369000000000011,-0.880200000000001,0.5667000000000002,61.74325000000033,-32.16360000000013,48.655049999999754
-0.48555000000000265,-0.9219000000000022,0.5736500000000003,76.32087500000078,-37.7792000000003,37.89297499999942
-0.5333000000000001,-0.9606,0.5784999999999999,92.61060000000012,-42.78759999999999,28.42030000000001
-0.5715250000000014,-0.9675500000000002,0.5611249999999994,127.02005000000119,-41.36979999999995,32.59377500000014
-0.6097500000000009,-0.9745000000000001,0.5437499999999996,161.42950000000084,-39.95199999999996,36.767250000000104
-0.6443500000000012,-0.972749999999998,0.5154999999999962,191.47155000000075,-33.77674999999866,41.69690000000043
-0.6652000000000001,-0.9379999999999998,0.4459999999999997,204.94760000000005,-9.55599999999988,49.49480000000004
-0.6860500000000007,-0.9032499999999988,0.3764999999999975,218.4236500000005,14.664750000000872,57.29270000000028
-0.7138000000000011,-0.8604499999999985,0.3230999999999995,223.39429999999967,25.568499999999585,65.42640000000023
-0.7555000000000023,-0.8013749999999966,0.3022499999999988,211.1692499999993,9.548749999999082,74.2390000000005
-0.7972000000000002,-0.7422999999999996,0.2813999999999999,198.9441999999999,-6.471000000000105,83.05160000000006
-0.7869249999999972,-0.6816499999999976,0.2920500000000018,184.0101499999993,-23.47985000000069,91.53975000000031
-0.713949999999998,-0.6190999999999982,0.34070000000000134,165.80809999999948,-41.68190000000051,99.63650000000023
-0.6409749999999956,-0.5565499999999963,0.38935000000000286,147.60604999999893,-59.88395000000107,107.73325000000048
-0.5899999999999983,-0.5580000000000024,0.4140000000000003,113.17399999999772,-55.07399999999893,108.24199999999975
-0.55525,-0.6066499999999999,0.42095,66.77232500000008,-33.29270000000004,103.15460000000002
-0.520499999999999,-0.6553000000000014,0.42790000000000017,20.370649999998633,-11.511399999999359,98.06719999999986
-0.5415250000000009,-0.67,0.4227249999999998,-8.571025000000418,5.837000000000302,90.31957499999983
-0.5867000000000023,-0.67,0.4122999999999995,-29.952700000001084,21.266000000000783,81.42009999999955
-0.631875,-0.67,0.40187500000000004,-51.334375,36.695,72.520625
-0.6713500000000012,-0.6785500000000003,0.4171000000000007,-53.789199999999944,32.84659999999975,61.39814999999964
-0.7095750000000008,-0.6889750000000002,0.43795000000000045,-52.09339999999996,24.770699999999827,49.788174999999754
-0.747800000000002,-0.6994000000000005,0.4588000000000011,-50.39759999999991,16.694799999999578,38.17819999999939
-0.7827500000000001,-0.722925,0.5025750000000001,-55.41227500000001,6.025099999999984,32.13899999999999
-0.8175000000000011,-0.7472500000000007,0.5477500000000015,-60.83675000000017,-4.803000000000354,26.439999999999813
-0.8459499999999985,-0.775625000000002,0.5890999999999996,-66.92790000000036,-15.010775000000027,20.99749999999996
-0.7833999999999967,-0.8625000000000047,0.5751999999999993,-82.64880000000085,-16.258300000000066,19.259999999999906
-0.7208499999999998,-0.9493750000000003,0.5613,-98.36970000000005,-17.505825000000005,17.522499999999994
-0.6543999999999972,-1.0160999999999993,0.5428499999999987,-97.31019999999747,-13.058699999998993,19.00315000000053
-0.570999999999998,-0.9952499999999995,0.5046249999999991,-23.32049999999819,16.138250000000717,34.470375000000374
-0.48759999999999537,-0.9743999999999988,0.46639999999999787,50.66920000000411,45.33520000000162,49.937600000000856
-0.41494999999999777,-0.9384999999999968,0.43139999999999873,109.43905000000113,65.57847500000001,61.90462500000019
-0.36629999999999624,-0.8689999999999947,0.40359999999999785,134.2297000000019,65.83215000000003,66.05725000000031
-0.3176499999999987,-0.7994999999999982,0.37579999999999925,159.02035000000066,66.08582500000001,70.2098750000001
-0.274999999999998,-0.7539999999999992,0.3615000000000002,163.81749999999877,65.60899999999992,61.17299999999848
-0.24024999999999835,-0.7400999999999993,0.36497500000000016,142.28987499999897,64.17034999999994,34.769949999998744
-0.20550000000000013,-0.7262000000000001,0.36845,120.76225000000007,62.73170000000001,8.366900000000085
-0.19770000000000038,-0.7354000000000007,0.3719250000000001,103.10772499999959,69.35495000000037,-11.789525000000417
-0.21160000000000026,-0.7632000000000005,0.37540000000000007,88.57179999999974,82.46960000000024,-26.91620000000027
-0.2255000000000007,-0.7910000000000014,0.3788750000000002,74.03587499999928,95.58425000000064,-42.04287500000074
-0.25584999999999997,-0.7859,0.3847,73.98769999999999,99.12735,-32.51100000000003
-0.29407500000000114,-0.7650499999999995,0.3916500000000002,80.8751500000002,98.08832499999997,-11.17449999999937
-0.33230000000000076,-0.7441999999999996,0.3986000000000002,87.76260000000013,97.04929999999999,10.16200000000042
-0.27062499999999556,-0.7483250000000006,0.4,95.03855000000038,104.77650000000051,16.94640000000016
-0.18375,-0.75875,0.4,102.41250000000001,114.715,20.060000000000002
-0.0968749999999973,-0.7691750000000004,0.4,109.78645000000023,124.6535000000003,23.1736000000001
-0.09320000000000007,-0.8276000000000013,0.4288000000000007,101.76519999999981,116.24959999999979,7.071199999999621
-0.09667500000000018,-0.8901500000000032,0.4600750000000016,92.42092499999951,106.26939999999948,-10.68257500000093
-0.10180000000000178,-0.9513500000000013,0.4912000000000012,85.15475000000166,96.24164999999952,-27.672850000000004
-0.14350000000000307,-0.9826250000000023,0.519000000000002,123.95312500000286,85.15987499999918,-27.738875000000007
-0.18520000000000095,-1.0139000000000007,0.5468000000000006,162.75150000000087,74.07809999999975,-27.8049
-0.22632500000000205,-1.0376999999999992,0.5688499999999996,201.81955000000218,65.52805000000022,-25.12874999999911
-0.26455000000000173,-1.0237999999999994,0.5618999999999997,242.2477000000018,69.74670000000019,-8.62249999999927
-0.3027750000000029,-1.009899999999999,0.5549499999999995,282.67585000000304,73.96535000000031,7.883750000001243
-0.33900000000000075,-0.9799999999999983,0.5449999999999996,319.5860000000007,73.5059999999997,26.83500000000062
-0.37027500000000046,-0.910499999999999,0.5276249999999998,347.7891000000004,61.468599999999824,51.83762500000037
-0.4015500000000014,-0.8409999999999969,0.5102499999999992,375.9922000000013,49.43119999999945,76.84025000000115
-0.42,-0.7914500000000001,0.4914500000000001,397.24272499999995,38.94990000000004,94.91879999999996
-0.42,-0.7705999999999995,0.47059999999999946,408.4913000000003,30.707199999999784,103.03640000000021
-0.42,-0.7497499999999997,0.44974999999999965,419.7398750000002,22.464499999999866,111.15400000000014
-0.4292500000000001,-0.73815,0.44370000000000004,431.48795000000007,16.523199999999974,115.36625000000001
-0.44662499999999994,-0.734675,0.45065,443.67477499999995,12.603400000000013,116.148125
-0.46399999999999975,-0.7312000000000001,0.45759999999999995,455.86159999999984,8.683600000000052,116.92999999999999
-0.47,-0.7049750000000009,0.4486250000000004,466.0759999999998,12.282674999999827,123.1786999999998
-0.47,-0.6667499999999981,0.43124999999999913,475.25000000000045,19.84775000000037,132.31100000000043
-0.47,-0.6285249999999984,0.41387499999999927,484.4240000000004,27.412825000000296,141.44330000000036
-0.4808000000000004,-0.5605999999999978,0.3910999999999993,469.9081999999994,30.779400000000066,146.5445000000001
-0.49470000000000025,-0.4841499999999985,0.3667749999999995,448.5925499999996,32.94085000000004,150.48862500000007
-0.5086000000000013,-0.407699999999993,0.3424499999999978,427.276899999998,35.1023000000002,154.43275000000037
-0.5225,-0.371875,0.34625,386.333125,26.3825,142.30812500000002
-0.536400000000001,-0.34059999999999774,0.3532000000000005,343.1909999999969,16.443999999999285,128.383799999999
-0.5503000000000009,-0.31,0.3601500000000004,300.11524999999756,6.50189999999937,114.49847499999925
-0.5642000000000007,-0.31,0.36710000000000037,260.04849999999794,-3.60340000000053,102.38114999999937
-0.5781000000000006,-0.31,0.37405000000000027,219.9817499999983,-13.70870000000043,90.26382499999949
-0.5874999999999994,-0.31500000000000117,0.3830000000000007,183.22549999999944,-23.573500000000276,79.14899999999983
-0.5701249999999995,-0.3497500000000008,0.4038500000000005,166.16672499999962,-32.00732500000019,73.99904999999988
-0.5527499999999997,-0.38450000000000045,0.4247000000000003,149.1079499999998,-40.441150000000114,68.84909999999992
-0.5326,-0.4137,0.440925,135.87959999999998,-48.75102500000003,66.660075
-0.5048000000000002,-0.4275999999999999,0.44439999999999996,133.2108,-56.71919999999995,72.63359999999996
-0.4769999999999982,-0.4415000000000009,0.44787500000000025,130.54199999999983,-64.68737500000053,78.6071250000004
-0.4532500000000005,-0.4473000000000002,0.4526999999999998,129.82394999999994,-68.24240000000009,85.03424999999982
-0.4358749999999992,-0.4403499999999997,0.45965000000000034,132.1765250000001,-64.85079999999985,92.17537500000033
-0.4184999999999994,-0.43339999999999973,0.46660000000000024,134.52910000000008,-61.459199999999875,99.31650000000026
-0.4153250000000003,-0.4282249999999999,0.4646749999999997,134.90077499999995,-56.54287499999983,101.01369999999991
-0.4257500000000002,-0.4247499999999999,0.4542499999999998,133.37524999999997,-50.16624999999989,97.49699999999994
-0.4361750000000009,-0.4212749999999997,0.4438249999999991,131.84972499999986,-43.78962499999944,93.98029999999969
-0.43560000000000004,-0.3936000000000001,0.4246000000000001,112.8848000000001,-35.226200000000034,88.35820000000002
-0.42864999999999953,-0.3518999999999971,0.4002749999999983,83.81294999999801,-25.395424999999328,81.51592499999953
-0.4216999999999996,-0.31019999999999753,0.37594999999999856,54.74109999999829,-15.564649999999421,74.6736499999996
-0.4094999999999993,-0.2894999999999993,0.34899999999999864,17.298124999998038,-11.046874999999863,69.49299999999977
-0.39559999999999945,-0.27559999999999946,0.3211999999999989,-22.855500000001577,-8.249499999999891,64.85039999999982
-0.3816999999999996,-0.2616999999999996,0.29339999999999916,-63.009125000001184,-5.452124999999918,60.207799999999864
-0.38,-0.2966000000000008,0.2503499999999991,-103.5348500000008,-7.284650000000049,59.844350000000006
