-0.4636,0.0344,0.1652,6.644399999999994,49.00880000000001,12.866799999999998
-0.46,0.11,0.14,-28.74,-64.15,94.0
-0.5644,0.0956,0.1436,-27.9264,-51.244000000000014,88.86280000000001
-0.6688,0.08120000000000001,0.1472,-27.1128,-38.33800000000001,83.7256
-0.7436,0.03799999999999998,0.1532,-30.933600000000006,-28.851200000000002,76.3348
-0.7148,-0.10599999999999998,0.1676,-50.9748,-31.331599999999998,61.056400000000004
-0.686,-0.2500000000000001,0.18200000000000002,-71.01600000000002,-33.812,45.77799999999999
-0.6412,-0.3732000000000001,0.20280000000000004,-67.9948,-36.0188,33.651599999999995
-0.5764,-0.47040000000000004,0.23160000000000003,-36.145599999999995,-37.8836,25.4652
-0.5116,-0.5676,0.2604,-4.296400000000009,-39.7484,17.278800000000004
-0.4804,-0.5616,0.29640000000000005,44.76560000000002,-31.252399999999987,16.378800000000002
-0.46599999999999997,-0.5039999999999999,0.3360000000000001,102.43400000000008,-17.57599999999998,19.122000000000007
-0.4516,-0.44639999999999985,0.3756000000000001,160.10240000000013,-3.8995999999999675,21.86520000000001
-0.4404,-0.3792,0.38,182.3916,5.405600000000007,19.0692
-0.4296,-0.3108000000000001,0.38,200.25839999999997,14.164399999999993,15.580800000000004
-0.4188,-0.246,0.378,213.62519999999998,22.3452,12.489600000000001
-0.408,-0.20999999999999996,0.36,190.99199999999996,25.902,12.576
-0.3972,-0.17400000000000002,0.342,168.35880000000003,29.458799999999997,12.6624
-0.3936,-0.1488,0.3312,141.534,34.5948,14.914800000000003
-0.4044,-0.1452,0.33480000000000004,106.32600000000005,42.88919999999999,21.499199999999995
-0.41519999999999996,-0.1416,0.33840000000000003,71.11800000000001,51.18359999999999,28.0836
-0.416,-0.14600000000000005,0.33399999999999996,40.81199999999991,57.21200000000001,30.509999999999998
-0.4088,-0.15680000000000002,0.3232,14.427599999999963,61.427600000000005,29.61
-0.4016,-0.16760000000000005,0.31239999999999996,-11.956800000000126,65.64320000000002,28.709999999999997
-0.4028,-0.17,0.30160000000000003,-35.86879999999996,65.4376,27.689600000000002
-0.4064,-0.17,0.2908,-59.07440000000004,63.968799999999995,26.6348
-0.41,-0.17,0.28,-82.28,62.5,25.58
-0.42079999999999995,-0.17,0.28,-102.78199999999997,61.8844,26.987599999999997
-0.43160000000000004,-0.17,0.28,-123.28400000000003,61.2688,28.395200000000003
-0.4456,-0.17720000000000002,0.28,-139.5956,59.785199999999996,30.6948
-0.4708000000000001,-0.20960000000000012,0.28,-141.2408,55.26359999999998,36.11640000000001
-0.49600000000000005,-0.24200000000000008,0.28,-142.88600000000002,50.74199999999999,41.53800000000001
-0.51,-0.2792,0.28640000000000004,-138.3456,45.25399999999999,45.1644
-0.51,-0.32239999999999996,0.3008,-126.07320000000001,38.55800000000001,46.5468
-0.51,-0.3656000000000001,0.31520000000000004,-113.80079999999997,31.861999999999984,47.9292
-0.5052,-0.3776,0.32480000000000003,-98.34119999999999,29.497999999999998,47.4084
-0.498,-0.374,0.332,-81.28800000000001,29.299999999999997,45.936
-0.4908,-0.3704,0.3392,-64.23480000000005,29.102,44.4636
-0.5060000000000001,-0.3251999999999997,0.3432,-62.2408,32.00800000000002,39.032799999999966
-0.524,-0.27480000000000004,0.3468,-62.129200000000004,35.30199999999999,33.107200000000006
-0.5428,-0.22520000000000012,0.35239999999999994,-64.30319999999995,37.78600000000001,27.579200000000007
-0.5680000000000002,-0.18199999999999975,0.3740000000000001,-84.76200000000011,33.78999999999998,25.231999999999985
-0.5932000000000001,-0.1387999999999998,0.39560000000000006,-105.22080000000008,29.793999999999983,22.88479999999999
-0.616,-0.09919999999999991,0.4232000000000001,-129.07440000000008,24.305199999999974,21.2168
-0.6339999999999999,-0.06680000000000028,0.46279999999999966,-159.71759999999972,15.830800000000073,20.907200000000003
-0.6520000000000002,-0.034399999999999695,0.5024000000000004,-190.36080000000027,7.356399999999919,20.597599999999996
-0.6779999999999999,-0.012000000000000028,0.5499999999999999,-221.96799999999993,-6.127999999999965,21.863999999999997
-0.7103999999999999,0.0023999999999999473,0.6039999999999999,-254.3463999999999,-23.620399999999936,24.39119999999999
-0.7428000000000001,0.01680000000000007,0.6580000000000003,-286.7248000000002,-41.112800000000085,26.918400000000013
-0.7780000000000001,0.011599999999999966,0.6812,-326.6492000000002,-56.883200000000045,22.409199999999977
-0.8140000000000001,0.000799999999999983,0.6956,-368.72960000000006,-72.16160000000002,15.889599999999989
-0.85,-0.01,0.71,-410.81,-87.44,9.37
-0.8644000000000001,-0.05320000000000036,0.7136,-433.2668000000002,-97.18880000000007,-2.0456000000000927
-0.8787999999999999,-0.09639999999999987,0.7172,-455.7235999999999,-106.93759999999996,-13.461199999999964
-0.8932,-0.1387999999999998,0.7192,-473.75079999999997,-116.40719999999996,-23.618399999999973
-0.9076000000000001,-0.17840000000000014,0.7155999999999999,-476.2744,-124.89960000000004,-29.371200000000023
-0.922,-0.21800000000000008,0.712,-478.798,-133.39200000000002,-35.12400000000001
-0.9332,-0.248,0.718,-479.2928,-146.14040000000003,-37.032
-0.9404,-0.26599999999999996,0.736,-477.2516,-164.2088,-34.134
-0.9476,-0.2840000000000001,0.7540000000000001,-475.21039999999994,-182.27720000000014,-31.23599999999998
-0.9283999999999998,-0.3044000000000001,0.7624000000000001,-482.19800000000004,-204.89360000000016,-30.109199999999998
-0.8959999999999998,-0.32600000000000007,0.766,-493.70000000000005,-229.7840000000001,-29.868
-0.8635999999999999,-0.3476,0.7696000000000001,-505.20200000000006,-254.67440000000005,-29.6268
-0.8183999999999999,-0.3756,0.7636000000000001,-506.656,-264.1536,-30.457600000000003
-0.7716000000000001,-0.4044,0.7564,-506.854,-271.70640000000003,-31.4224
-0.7260000000000001,-0.43239999999999995,0.7452000000000001,-504.73720000000003,-279.3492,-32.446
-0.6899999999999997,-0.4540000000000001,0.7019999999999997,-484.10199999999986,-287.71200000000005,-33.94000000000001
-0.6539999999999998,-0.4756000000000001,0.6587999999999998,-463.46679999999986,-296.07480000000004,-35.434000000000005
-0.6131999999999999,-0.5032000000000001,0.6143999999999998,-443.55639999999994,-303.7572,-40.162000000000035
-0.5628,-0.5428000000000001,0.5676,-425.0956,-310.0788,-51.35800000000002
-0.5124,-0.5823999999999999,0.5208,-406.6348,-316.4004,-62.553999999999995
-0.4720000000000001,-0.604,0.46400000000000013,-396.712,-312.344,-73.73599999999998
-0.4396000000000001,-0.6112,0.3992000000000002,-393.6196,-299.9852,-84.90679999999996
-0.4072000000000002,-0.6184,0.33440000000000036,-390.5272,-287.62640000000005,-96.07759999999995
-0.3972,-0.6340000000000002,0.26399999999999907,-391.016,-271.2551999999998,-98.0308
-0.39359999999999995,-0.6520000000000002,0.19199999999999917,-392.528,-253.7375999999998,-97.3504
-0.39,-0.67,0.12,-394.04,-236.22,-96.67
-0.3504000000000001,-0.6916,0.10200000000000004,-408.3536,-232.5336,-90.48160000000001
-0.31080000000000013,-0.7132,0.08400000000000006,-422.6672,-228.84720000000002,-84.29320000000003
-0.25920000000000043,-0.7284,0.06760000000000005,-433.43440000000004,-223.06320000000005,-81.64559999999996
-0.16560000000000058,-0.7212000000000001,0.05680000000000007,-431.78920000000005,-209.9376000000001,-91.39079999999994
-0.0719999999999989,-0.7139999999999999,0.045999999999999874,-430.144,-196.81199999999984,-101.13600000000011
0.0024000000000005267,-0.7116,0.03679999999999993,-427.71799999999996,-183.25599999999986,-112.14040000000013
0.052800000000000444,-0.7152,0.02959999999999994,-424.316,-169.1619999999999,-124.71880000000012
0.10320000000000035,-0.7188,0.022399999999999948,-420.91399999999993,-155.0679999999999,-137.2972000000001
0.10079999999999983,-0.7560000000000002,0.044000000000000206,-433.7096000000001,-143.81319999999994,-140.422
0.07200000000000017,-0.8099999999999996,0.0799999999999998,-454.60399999999987,-133.97800000000007,-138.82000000000002
0.04320000000000022,-0.8639999999999995,0.11599999999999973,-475.49839999999983,-124.14280000000007,-137.21800000000002
0.0015999999999991021,-0.9564000000000019,0.15200000000000075,-477.372,-130.95400000000018,-137.02079999999998
-0.041600000000000824,-1.0536000000000019,0.18800000000000067,-476.868,-139.84600000000017,-136.9992
-0.08519999999999987,-1.1475999999999997,0.22319999999999993,-470.31760000000014,-148.6084,-136.89919999999998
-0.13199999999999978,-1.2159999999999997,0.2519999999999999,-415.39600000000024,-156.33399999999997,-136.172
-0.17879999999999974,-1.2843999999999998,0.2807999999999998,-360.4744000000003,-164.05959999999996,-135.44480000000001
-0.22079999999999977,-1.3252000000000002,0.2904000000000002,-307.77040000000034,-165.50080000000008,-131.3024000000001
-0.2531999999999997,-1.3108000000000002,0.2616000000000002,-259.5016000000004,-154.3732000000001,-120.3296000000001
-0.2856000000000003,-1.2964,0.23279999999999973,-211.23279999999954,-143.2455999999999,-109.35679999999991
-0.29399999999999993,-1.2659999999999996,0.19599999999999967,-171.43799999999973,-146.42200000000014,-98.05199999999991
-0.28319999999999995,-1.2227999999999997,0.1527999999999997,-138.42239999999978,-161.0416000000001,-86.48159999999993
-0.2724,-1.1795999999999998,0.1095999999999998,-105.40679999999983,-175.66120000000006,-74.91119999999995
-0.2588,-1.1756,0.1196000000000001,-90.06199999999995,-211.31440000000012,-64.99839999999998
-0.24439999999999998,-1.1827999999999999,0.14480000000000004,-79.76599999999998,-252.97720000000004,-55.55919999999998
-0.23,-1.19,0.17,-69.47,-294.64,-46.12
-0.24800000000000033,-1.2008,0.20960000000000073,-53.75239999999971,-319.59880000000044,-38.28279999999985
-0.26600000000000035,-1.2116000000000002,0.24920000000000067,-38.034799999999734,-344.55760000000043,-30.44559999999987
-0.27760000000000007,-1.216,0.28159999999999996,-23.039600000000053,-363.23800000000006,-20.50120000000008
-0.2668000000000001,-1.1980000000000002,0.28879999999999995,-10.572800000000075,-359.944,-3.181600000000106
-0.2560000000000001,-1.1800000000000002,0.29599999999999993,1.8939999999999024,-356.65000000000003,14.137999999999865
-0.24360000000000015,-1.1524000000000003,0.28400000000000036,10.850399999999958,-348.24400000000014,29.49599999999988
-0.22920000000000015,-1.1128000000000005,0.2480000000000004,15.418799999999951,-333.44800000000015,42.40199999999986
-0.21479999999999988,-1.0731999999999997,0.21199999999999974,19.987200000000033,-318.65199999999993,55.30800000000009
-0.19079999999999983,-1.0359999999999998,0.20720000000000008,25.225200000000033,-319.8088000000001,65.44920000000005
-0.1619999999999999,-0.9999999999999999,0.21800000000000005,30.798000000000023,-328.942,74.20800000000003
-0.13319999999999993,-0.9639999999999999,0.22880000000000003,36.37080000000002,-338.0752,82.96680000000002
-0.11079999999999998,-0.9728,0.2236,45.63640000000001,-347.186,93.5976
-0.08920000000000003,-0.9872,0.2164,55.3636,-356.294,104.46239999999999
-0.07239999999999996,-1.0024,0.21,65.72919999999996,-363.6656,114.84679999999999
-0.09400000000000035,-1.0240000000000005,0.21,81.20200000000025,-357.1459999999999,121.3880000000001
-0.11560000000000031,-1.0456000000000003,0.21,96.67480000000022,-350.6263999999999,127.9292000000001
-0.12279999999999973,-1.0515999999999996,0.2027999999999997,113.24680000000023,-341.3923999999998,131.39719999999997
-0.10119999999999976,-1.0263999999999998,0.18119999999999975,132.0172000000002,-326.72959999999983,128.71879999999996
-0.0795999999999998,-1.0011999999999999,0.1595999999999998,150.78760000000017,-312.0667999999999,126.04039999999996
-0.05399999999999978,-0.9739999999999998,0.16000000000000014,153.7019999999999,-300.42799999999994,119.54599999999992
-0.02519999999999982,-0.9451999999999998,0.1780000000000001,143.93159999999995,-291.2083999999999,109.99879999999993
0.003600000000000136,-0.9163999999999999,0.1960000000000001,134.16119999999995,-281.98879999999997,100.45159999999996
0.018400000000000034,-0.8932,0.18599999999999994,121.28559999999996,-265.99319999999994,95.47959999999999
0.029200000000000018,-0.8715999999999999,0.16799999999999998,107.52279999999999,-248.06159999999997,91.81479999999999
0.04,-0.85,0.15,93.76,-230.13,88.15
0.00040000000000006697,-0.8752,0.12480000000000004,78.79120000000003,-208.65960000000004,97.17159999999998
-0.039199999999999874,-0.9004,0.09960000000000008,63.822400000000044,-187.18920000000008,106.19319999999996
-0.06680000000000008,-0.9248,0.0752000000000001,47.98960000000009,-169.25080000000003,114.89239999999995
-0.05239999999999981,-0.9464000000000004,0.0535999999999997,29.132799999999747,-163.67439999999993,122.4632000000001
-0.037999999999999826,-0.9680000000000002,0.031999999999999744,10.275999999999778,-158.09799999999993,130.0340000000001
-0.013999999999999624,-0.9783999999999999,0.010399999999999777,-5.059200000000111,-152.51359999999994,133.8992
0.022000000000000318,-0.9748,-0.011200000000000189,-15.992400000000094,-146.91919999999996,133.13240000000002
0.05800000000000026,-0.9712,-0.032800000000000155,-26.925600000000077,-141.32479999999995,132.3656
0.08920000000000017,-0.9579999999999999,-0.05440000000000012,-47.13480000000013,-136.23919999999998,132.9884
0.1180000000000001,-0.94,-0.0760000000000001,-71.9820000000001,-131.408,134.306
0.14680000000000007,-0.922,-0.09760000000000006,-96.82920000000006,-126.57679999999999,135.6236
0.15,-0.9168000000000001,-0.07759999999999997,-117.73720000000003,-117.16319999999999,140.5508
0.15,-0.9132,-0.052400000000000016,-138.15279999999998,-107.17680000000001,145.9292
0.15519999999999895,-0.9104,-0.028400000000000314,-158.52919999999958,-97.75120000000011,150.46840000000006
0.20199999999999982,-0.914,-0.014000000000000056,-178.59199999999993,-92.81200000000001,148.294
0.2488000000000007,-0.9176000000000001,0.000400000000000204,-198.65480000000028,-87.87279999999993,146.11959999999996
0.29199999999999976,-0.9236,0.005200000000000107,-214.72999999999993,-80.1604000000001,143.13400000000001
0.3280000000000004,-0.9344000000000001,-0.009200000000000156,-222.8300000000001,-66.90159999999986,138.52599999999995
0.36399999999999966,-0.9451999999999998,-0.02359999999999985,-230.92999999999992,-53.642800000000136,133.91800000000006
0.3900000000000001,-0.9680000000000002,-0.023999999999999914,-236.79800000000003,-48.774000000000015,127.75999999999995
0.4080000000000005,-1.0004000000000008,-0.013199999999999719,-240.88040000000012,-50.61720000000005,120.36199999999981
0.4260000000000001,-1.0328000000000002,-0.0023999999999999486,-244.96280000000002,-52.46040000000001,112.96399999999996
0.42439999999999983,-1.0652000000000008,-0.0,-236.76999999999973,-52.7328,105.77039999999982
0.41719999999999996,-1.0976,-0.0,-225.07,-52.556400000000004,98.63519999999998
0.41,-1.13,-0.0,-213.37,-52.38,91.5
0.4064,-1.148,0.007199999999999989,-193.70320000000004,-49.55040000000001,85.11360000000002
0.40280000000000005,-1.166,0.014399999999999979,-174.03640000000007,-46.72080000000001,78.72720000000002
0.4088000000000006,-1.18,0.017599999999999838,-154.69599999999974,-44.017599999999966,72.55439999999993
0.44839999999999974,-1.18,0.006800000000000068,-136.4980000000001,-41.75680000000002,67.12920000000004
0.4880000000000005,-1.18,-0.0040000000000001285,-118.29999999999978,-39.495999999999974,61.70399999999994
0.5195999999999998,-1.1784,-0.008400000000000034,-103.3708000000001,-38.2,54.98280000000008
0.5412000000000001,-1.1747999999999998,-0.004799999999999969,-92.52759999999991,-38.11,46.641599999999926
0.5627999999999996,-1.1712,-0.0012000000000000454,-81.68440000000012,-38.02,38.30040000000011
0.5628,-1.1676,0.0,-76.78119999999998,-42.43960000000004,30.35519999999996
0.5519999999999997,-1.164,0.0,-74.84799999999996,-49.11400000000016,22.60799999999982
0.5412,-1.1603999999999999,0.0,-72.9148,-55.78840000000002,14.860799999999982
0.5271999999999998,-1.16,-0.0032000000000000743,-77.1096000000001,-65.2308000000002,14.272000000000006
0.5128,-1.16,-0.006799999999999997,-82.0704,-75.0192,14.578
0.49959999999999993,-1.16,-0.010800000000000125,-87.1460000000001,-83.44199999999995,15.635600000000125
0.496,-1.16,-0.017999999999999974,-93.13999999999997,-80.94000000000001,22.705999999999975
0.49239999999999995,-1.16,-0.0252000000000001,-99.13400000000009,-78.43799999999996,29.776400000000102
0.4912,-1.1587999999999998,-0.028799999999999954,-110.05880000000026,-78.58440000000007,33.69919999999997
0.4948,-1.1551999999999998,-0.02519999999999996,-130.84520000000023,-84.02760000000006,31.326799999999974
0.4984,-1.1516,-0.021599999999999966,-151.6316000000002,-89.47080000000005,28.95439999999998
0.5279999999999994,-1.1440000000000001,-0.033999999999999704,-170.23599999999982,-85.50000000000014,23.62000000000009
0.5784000000000004,-1.1332,-0.059200000000000155,-187.0948000000001,-73.99799999999993,15.91599999999995
0.6287999999999992,-1.1224000000000003,-0.08439999999999961,-203.95359999999974,-62.49600000000017,8.212000000000115
0.6484000000000001,-1.1228,-0.1152000000000001,-227.21600000000007,-45.855999999999945,2.403599999999983
0.6592000000000002,-1.1264,-0.14760000000000068,-252.3080000000005,-27.747999999999614,-2.8632000000001128
0.67,-1.13,-0.18,-277.4,-9.64,-8.13
0.6772000000000002,-1.1372000000000002,-0.19800000000000068,-297.7256000000008,-0.39879999999964966,-14.214000000000233
0.6843999999999999,-1.1443999999999999,-0.21599999999999994,-318.05119999999994,8.842399999999971,-20.29799999999998
0.6979999999999997,-1.154,-0.23239999999999997,-334.5768,17.08359999999998,-27.375599999999952
0.7339999999999998,-1.1719999999999997,-0.24319999999999994,-337.8024,21.82479999999997,-37.930799999999934
0.7699999999999997,-1.1899999999999997,-0.25399999999999995,-341.02799999999996,26.565999999999963,-48.48599999999992
0.7883999999999999,-1.214400000000001,-0.2648000000000003,-348.0696000000004,26.107199999999786,-54.45880000000001
0.7848,-1.2467999999999997,-0.2755999999999999,-359.88119999999986,19.148400000000073,-54.7036
0.7811999999999999,-1.279200000000001,-0.28640000000000027,-371.6928000000003,12.189599999999812,-54.94840000000001
0.7584000000000004,-1.337999999999999,-0.2756000000000003,-364.39080000000024,1.1940000000001838,-51.97000000000007
0.7259999999999992,-1.4100000000000017,-0.2539999999999995,-347.5319999999996,-11.82000000000031,-47.379999999999896
0.6936000000000005,-1.4819999999999987,-0.23240000000000038,-330.6732000000003,-24.833999999999776,-42.79000000000008
0.6964000000000001,-1.5476000000000014,-0.23320000000000007,-274.43839999999875,-10.92639999999965,-33.85119999999981
0.7036000000000001,-1.6124000000000012,-0.23680000000000007,-213.28159999999883,6.346400000000326,-24.368799999999823
0.7148000000000008,-1.6708,-0.23959999999999992,-150.45679999999865,22.029200000000053,-17.91320000000031
0.7580000000000007,-1.6780000000000002,-0.23599999999999993,-74.28799999999879,24.992000000000047,-35.67200000000028
0.8012000000000006,-1.6852,-0.23239999999999997,1.8808000000010807,27.95480000000004,-53.43080000000025
0.8095999999999992,-1.6779999999999995,-0.2107999999999993,70.69720000000069,22.14559999999971,-70.50920000000019
0.7483999999999993,-1.6419999999999997,-0.1531999999999994,124.8088000000006,-1.2076000000002551,-86.22680000000017
0.6871999999999995,-1.6059999999999997,-0.09559999999999946,178.9204000000005,-24.56080000000022,-101.94440000000016
0.6219999999999994,-1.5599999999999996,-0.08200000000000018,223.05600000000027,-34.53799999999999,-103.48999999999992
0.5535999999999995,-1.5059999999999996,-0.10360000000000014,259.21080000000023,-33.81439999999999,-93.69799999999995
0.48519999999999963,-1.4519999999999997,-0.12520000000000012,295.36560000000014,-33.090799999999994,-83.90599999999996
0.4279999999999998,-1.4035999999999997,-0.11039999999999991,296.68839999999994,-29.292799999999986,-61.754799999999925
0.3739999999999999,-1.3568,-0.08519999999999996,288.0592,-24.61639999999999,-36.07239999999996
0.32,-1.31,-0.06,279.43,-19.94,-10.39
0.32,-1.2776,-0.027600000000000048,248.85160000000005,-17.877200000000006,-0.7312000000000154
0.32,-1.2451999999999988,0.004800000000001175,218.2731999999989,-15.814399999999926,8.927600000000352
0.3239999999999999,-1.216,0.03159999999999996,190.75400000000008,-11.386000000000056,14.405600000000044
0.3420000000000006,-1.1979999999999993,0.03880000000000024,173.94199999999944,1.322000000000422,5.250799999999696
0.3599999999999999,-1.1800000000000002,0.045999999999999944,157.13000000000014,14.0299999999999,-3.903999999999928
0.37799999999999984,-1.1620000000000001,0.0452000000000001,136.89240000000024,28.12519999999985,-13.087599999999913
0.3959999999999998,-1.1440000000000001,0.034400000000000125,112.37280000000027,43.95439999999983,-22.307199999999902
0.41399999999999976,-1.1260000000000003,0.023600000000000138,87.85320000000031,59.7835999999998,-31.526799999999884
0.4151999999999998,-1.1248000000000002,0.04160000000000082,67.60559999999954,60.79999999999984,-35.63920000000004
0.40800000000000014,-1.132,0.07399999999999948,49.494000000000284,54.4100000000001,-37.19799999999998
0.4007999999999999,-1.1392,0.10640000000000072,31.3823999999996,48.01999999999986,-38.756800000000034
0.3968000000000001,-1.1655999999999993,0.1387999999999994,27.850000000000033,40.61880000000014,-40.88199999999996
0.39319999999999994,-1.1944000000000006,0.17120000000000063,26.13999999999997,33.09119999999986,-43.078000000000046
0.3856000000000009,-1.2223999999999995,0.2015999999999997,26.1587999999997,27.541199999999773,-45.09559999999999
0.3459999999999994,-1.2440000000000004,0.21600000000000022,40.00800000000022,37.81200000000016,-45.686000000000014
0.30639999999999945,-1.2656000000000003,0.2304000000000002,53.857200000000205,48.08280000000015,-46.27640000000001
0.2739999999999998,-1.28,0.23879999999999996,71.67360000000033,56.27640000000005,-44.48239999999992
0.25599999999999984,-1.28,0.23519999999999996,97.42440000000029,60.315600000000046,-37.91959999999993
0.23799999999999985,-1.28,0.23159999999999997,123.17520000000025,64.35480000000004,-31.35679999999994
0.24000000000000016,-1.28,0.24000000000000016,149.25400000000022,54.137999999999835,-30.732000000000035
0.2580000000000001,-1.28,0.2580000000000001,175.59520000000015,32.51639999999986,-34.857600000000026
0.27600000000000013,-1.28,0.27600000000000013,201.9364000000001,10.894799999999897,-38.98320000000002
0.29120000000000007,-1.2435999999999998,0.28,222.40320000000006,8.344000000000008,-40.516000000000005
0.30560000000000004,-1.1967999999999999,0.28,241.19160000000005,11.242000000000004,-41.308
0.32,-1.15,0.28,259.98,14.14,-42.1
0.27680000000000005,-1.0996000000000001,0.27280000000000004,254.93280000000001,27.00279999999998,-38.762800000000006
0.23360000000000014,-1.0492000000000001,0.26560000000000006,249.88560000000004,39.86559999999996,-35.42560000000001
0.19520000000000012,-1.0044000000000002,0.2568000000000001,238.59840000000017,50.24599999999999,-33.13239999999999
0.17360000000000014,-0.9792000000000002,0.2424000000000001,205.4712000000002,51.93799999999999,-34.49319999999999
0.15199999999999933,-0.9539999999999992,0.22799999999999954,172.34399999999894,53.63000000000005,-35.85400000000004
0.14,-0.9384,0.19920000000000043,141.61840000000026,60.38439999999987,-38.58119999999996
0.14,-0.9347999999999999,0.15239999999999868,113.89479999999921,73.46680000000038,-43.016400000000125
0.14,-0.9312,0.10560000000000058,86.17120000000035,86.54919999999983,-47.45159999999994
0.1448000000000002,-0.9372000000000003,0.07559999999999945,56.50119999999923,90.51399999999998,-53.816400000000186
0.15199999999999989,-0.9479999999999998,0.05400000000000034,25.858000000000487,89.92000000000002,-61.14599999999989
0.15920000000000017,-0.9588000000000002,0.03239999999999952,-4.7852000000006765,89.326,-68.47560000000017
0.17600000000000038,-0.9856000000000006,0.02359999999999985,-28.327600000000466,80.18799999999979,-74.18920000000011
0.19400000000000034,-1.0144000000000006,0.016399999999999863,-50.98240000000043,69.9819999999998,-79.7008000000001
0.21160000000000023,-1.0436000000000005,0.01,-71.34680000000004,61.41720000000008,-84.72920000000002
0.22600000000000023,-1.0760000000000005,0.01,-73.38800000000003,65.98200000000007,-85.89200000000001
0.2404000000000002,-1.1084000000000005,0.01,-75.42920000000004,70.54680000000006,-87.05480000000001
0.24399999999999977,-1.1420000000000003,0.014800000000000181,-73.41679999999988,73.84680000000002,-88.28360000000002
0.2259999999999998,-1.1780000000000004,0.02920000000000016,-63.29719999999989,74.61720000000001,-89.64440000000002
0.20799999999999985,-1.2140000000000004,0.04360000000000014,-53.177599999999906,75.3876,-91.00520000000002
0.2,-1.234,0.05400000000000006,-36.84999999999983,77.31400000000002,-90.04999999999998
0.2,-1.2412,0.06120000000000005,-15.555999999999864,80.16520000000003,-87.24199999999999
0.2,-1.2484,0.06840000000000004,5.738000000000102,83.01640000000002,-84.43399999999998
0.2,-1.2472,0.07280000000000002,29.21600000000008,86.17840000000001,-79.08079999999998
0.2,-1.2436,0.07640000000000001,53.31800000000004,89.42920000000001,-73.00039999999998
0.2,-1.24,0.08,77.42,92.68,-66.92
0.2,-1.2219999999999993,0.08720000000000028,99.17480000000083,89.20959999999988,-64.85359999999993
0.2,-1.204,0.09439999999999998,120.92959999999992,85.73920000000001,-62.787200000000006
0.19919999999999988,-1.1851999999999991,0.10240000000000038,140.28360000000038,83.46960000000007,-61.10239999999999
0.19560000000000002,-1.1636,0.11319999999999994,151.23479999999992,85.40279999999998,-60.7532
0.19200000000000003,-1.1420000000000001,0.12399999999999992,162.18599999999992,87.33599999999998,-60.404
0.19639999999999985,-1.1204,0.13319999999999993,168.1628,91.08359999999993,-60.493199999999995
0.21079999999999985,-1.0988000000000002,0.1403999999999999,167.9216,97.09919999999994,-61.130399999999995
0.2252000000000004,-1.0771999999999995,0.14760000000000018,167.6804,103.11480000000016,-61.767600000000016
0.21800000000000025,-1.0508000000000004,0.1595999999999998,160.29920000000016,102.63120000000006,-63.60239999999996
0.19999999999999957,-1.0219999999999994,0.17400000000000035,149.34799999999973,98.89799999999991,-66.03600000000006
0.1820000000000003,-0.9932000000000005,0.18839999999999976,138.39680000000018,95.16480000000007,-68.46959999999996
0.13839999999999905,-0.99,0.2028000000000003,126.42799999999976,90.67319999999991,-69.60080000000002
0.09160000000000096,-0.99,0.21719999999999973,114.33200000000025,86.0868000000001,-70.56919999999998
0.048399999999999756,-0.9895999999999999,0.23040000000000008,102.85079999999988,82.20520000000003,-70.96639999999994
0.03399999999999977,-0.9859999999999999,0.23400000000000007,96.2879999999999,83.96200000000003,-66.79399999999994
0.019599999999999798,-0.9823999999999999,0.23760000000000003,89.7251999999999,85.71880000000003,-62.621599999999944
0.02200000000000045,-0.9751999999999998,0.23399999999999976,80.98079999999983,88.41880000000006,-58.66999999999996
0.0580000000000004,-0.9607999999999998,0.2159999999999998,67.87319999999985,93.00520000000004,-55.15999999999997
0.09400000000000033,-0.9463999999999998,0.19799999999999984,54.76559999999987,97.59160000000004,-51.64999999999997
0.12600000000000022,-0.94,0.18599999999999994,41.891999999999896,101.91000000000003,-51.37000000000002
0.1548000000000002,-0.94,0.17879999999999996,29.20559999999992,106.01400000000002,-53.67400000000002
0.18360000000000015,-0.94,0.17159999999999997,16.519199999999937,110.11800000000002,-55.978000000000016
0.19560000000000002,-0.9512,0.17560000000000003,11.686799999999991,108.0928,-60.24480000000002
0.2028,-0.9656,0.18280000000000002,9.098399999999994,104.3164,-65.07240000000002
0.21,-0.98,0.19,6.51,100.54,-69.9
0.19200000000000003,-0.9944,0.1936,10.523999999999994,104.14,-73.2588
0.17400000000000004,-1.0088,0.1972,14.537999999999988,107.74,-76.6176
0.15920000000000017,-1.0231999999999994,0.2039999999999992,20.167999999999502,109.90640000000013,-79.42039999999997
0.15560000000000002,-1.0375999999999999,0.2219999999999999,31.45399999999993,107.05520000000003,-80.2772
0.15200000000000002,-1.0519999999999998,0.23999999999999985,42.73999999999991,104.20400000000002,-81.134
0.15480000000000033,-1.0648000000000004,0.2564000000000004,53.11720000000028,100.54159999999986,-82.87880000000008
0.1656000000000003,-1.0756000000000003,0.2708000000000004,62.358400000000266,95.86519999999987,-85.73360000000008
0.17639999999999986,-1.0864,0.2851999999999998,71.5995999999999,91.18880000000006,-88.58839999999996
0.17040000000000022,-1.0804000000000002,0.2708000000000004,85.56639999999977,100.34119999999976,-89.1872
0.15599999999999967,-1.0659999999999996,0.2419999999999993,101.89600000000038,116.40800000000037,-88.65799999999999
0.1415999999999997,-1.0515999999999996,0.21319999999999936,118.22560000000037,132.47480000000036,-88.12879999999998
0.08559999999999875,-1.0307999999999995,0.20679999999999993,131.8256000000003,137.24560000000005,-85.59319999999994
0.02440000000000126,-1.0092000000000005,0.20320000000000008,145.08439999999973,140.60439999999994,-82.80680000000005
-0.031599999999999684,-0.985200000000001,0.19920000000000015,156.78000000000003,142.0536000000003,-80.296
-0.04600000000000023,-0.9419999999999993,0.1919999999999999,155.97,128.22599999999977,-79.99
-0.06040000000000021,-0.8987999999999994,0.1847999999999999,155.16,114.39839999999981,-79.684
-0.05439999999999756,-0.8663999999999994,0.18240000000000037,148.57559999999904,103.08719999999968,-82.50160000000048
-0.007600000000001328,-0.8556000000000002,0.1895999999999998,130.44240000000053,96.80880000000018,-91.56639999999975
0.03920000000000044,-0.8447999999999999,0.19680000000000009,112.30919999999983,90.53039999999994,-100.63120000000008
0.06800000000000012,-0.8580000000000002,0.1859999999999998,89.59199999999979,88.74000000000001,-104.684
0.08240000000000067,-0.8904000000000015,0.16079999999999886,63.20759999999879,90.54000000000008,-104.7272
0.0967999999999995,-0.922799999999999,0.1356000000000009,36.82320000000092,92.33999999999993,-104.7704
0.09439999999999998,-0.9720000000000002,0.13,21.465199999999964,88.48959999999998,-99.04279999999997
0.08719999999999999,-1.0260000000000002,0.13,9.257599999999982,83.02479999999998,-91.6664
0.08,-1.08,0.13,-2.95,77.56,-84.29
0.058399999999999175,-1.105200000000001,0.15520000000000095,14.21840000000065,86.44840000000033,-80.99959999999989
0.03680000000000007,-1.1303999999999998,0.18039999999999992,31.386799999999944,95.33679999999997,-77.70920000000001
0.014400000000000121,-1.1468,0.2047999999999999,50.339999999999876,100.52360000000004,-74.57400000000001
-0.010799999999999838,-1.1324,0.22639999999999988,75.53999999999984,92.75480000000005,-71.98200000000003
-0.036000000000000795,-1.1179999999999997,0.2480000000000007,100.74000000000079,84.98599999999976,-69.38999999999992
-0.046799999999999786,-1.0875999999999986,0.2616000000000001,117.96880000000021,79.44919999999992,-64.82839999999979
-0.03960000000000008,-1.0372000000000006,0.2652,125.23359999999991,76.70240000000004,-57.80480000000008
-0.03240000000000009,-0.9868000000000007,0.2688,132.4983999999999,73.95560000000005,-50.781200000000084
-0.0011999999999989103,-0.943599999999999,0.2459999999999991,128.23119999999975,83.4608000000004,-46.03999999999991
0.04200000000000102,-0.903999999999999,0.20999999999999916,118.19799999999975,99.09200000000037,-42.43999999999991
0.08519999999999925,-0.8644000000000007,0.17400000000000063,108.16480000000017,114.72319999999972,-38.84000000000006
0.11879999999999938,-0.8440000000000003,0.16360000000000013,92.10600000000032,111.07440000000011,-39.12159999999999
0.1512000000000006,-0.8259999999999997,0.15639999999999987,75.29399999999968,105.01559999999988,-39.88840000000001
0.1812000000000002,-0.8108000000000002,0.15080000000000013,59.586399999999884,100.10320000000007,-41.09440000000008
0.19200000000000017,-0.8180000000000002,0.1580000000000001,52.71399999999989,104.36200000000007,-45.81400000000008
0.20279999999999973,-0.8251999999999998,0.16519999999999982,45.84160000000017,108.62079999999989,-50.53359999999988
0.17999999999999886,-0.8432000000000005,0.17120000000000005,41.436400000000006,114.56920000000011,-56.3224000000001
0.089999999999999,-0.8828000000000004,0.17480000000000004,41.9656,123.8968000000001,-64.24960000000009
-8.534839501805891e-16,-0.9224000000000003,0.17840000000000003,42.494800000000005,133.2244000000001,-72.17680000000007
-0.06400000000000206,-0.9540000000000012,0.18800000000000067,48.12000000000046,134.54199999999977,-76.27200000000005
-0.10720000000000028,-0.9792000000000002,0.20240000000000008,57.82200000000006,129.45159999999998,-77.30160000000001
-0.1504000000000002,-1.0044000000000002,0.21680000000000008,67.52400000000006,124.36119999999998,-78.33120000000001
-0.09279999999999973,-1.0016,0.22840000000000005,84.92600000000007,118.65479999999998,-76.95559999999999
-0.00639999999999645,-0.9907999999999996,0.23920000000000044,104.5280000000008,112.77239999999976,-74.89279999999991
0.08,-0.98,0.25,124.13,106.89,-72.83
0.11599999999999994,-0.9620000000000001,0.2536,138.85759999999996,110.7744,-70.8536
0.15199999999999989,-0.9440000000000001,0.2572,153.58519999999996,114.6588,-68.8772
0.14879999999999513,-0.9316000000000003,0.253599999999999,168.3672000000005,120.00160000000037,-66.0375999999998
0.008399999999995356,-0.9388000000000003,0.22479999999999906,183.3396000000005,130.44880000000035,-60.17679999999981
-0.1319999999999989,-0.946,0.19600000000000023,198.31199999999987,140.8959999999999,-54.316000000000045
-0.24679999999999921,-0.9388000000000002,0.1704000000000002,207.69239999999996,143.96880000000004,-44.786400000000135
-0.32960000000000234,-0.9135999999999993,0.14879999999999938,210.08280000000008,137.82359999999983,-30.670799999999602
-0.4124000000000022,-0.8883999999999993,0.12719999999999942,212.47320000000008,131.67839999999984,-16.555199999999623
-0.3919999999999982,-0.8559999999999991,0.146400000000001,205.88039999999972,112.15799999999933,-6.802799999999809
-0.3200000000000011,-0.8200000000000006,0.1859999999999994,194.79600000000016,85.95000000000041,0.7679999999998799
-0.2479999999999984,-0.7839999999999993,0.22560000000000088,183.71159999999975,59.74199999999942,8.338800000000168
-0.10559999999999692,-0.7575999999999995,0.24920000000000045,182.0128,57.60760000000002,-0.8296000000002302
0.04560000000000286,-0.7323999999999995,0.2708000000000004,181.4872,58.48240000000001,-12.090400000000214
0.17920000000000016,-0.7107999999999998,0.2888000000000002,181.95879999999983,62.07239999999943,-24.182799999999588
0.17200000000000018,-0.7179999999999997,0.27800000000000025,190.40799999999982,87.38399999999939,-42.92799999999956
0.1647999999999999,-0.7252000000000001,0.2671999999999998,198.85720000000012,112.69560000000035,-61.673200000000264
0.11199999999999821,-0.7360000000000002,0.25639999999999985,208.69720000000018,133.22160000000014,-73.72359999999999
-0.032000000000007245,-0.7540000000000009,0.24559999999999946,221.31880000000064,144.17640000000054,-72.38439999999993
-0.17599999999999566,-0.7719999999999995,0.23480000000000034,233.94039999999964,155.13119999999967,-71.04520000000004
-0.25800000000000023,-0.778,0.25400000000000034,254.2100000000002,149.68199999999985,-55.52399999999979
-0.2904000000000002,-0.7744,0.29720000000000024,280.5980000000002,131.1095999999999,-28.657199999999825
-0.3228000000000014,-0.7707999999999998,0.34040000000000187,306.9860000000012,112.53719999999917,-1.7903999999988125
-0.25439999999999585,-0.7531999999999991,0.35840000000000044,326.1332000000007,100.28439999999955,2.3543999999998997
-0.15719999999999984,-0.7315999999999999,0.36920000000000003,343.21160000000003,89.83719999999998,0.007199999999996098
-0.06,-0.71,0.38,360.29,79.39,-2.34
-0.23999999999999977,-0.6200000000000001,0.3872,367.3568,68.56840000000003,-22.535999999999973
-0.4200000000000066,-0.5299999999999967,0.3944000000000003,374.42360000000025,57.74679999999961,-42.73200000000073
-0.5264000000000068,-0.46959999999999813,0.38480000000000303,374.836800000001,49.446799999999975,-56.12320000000046
-0.375200000000001,-0.5127999999999997,0.31640000000000046,351.9624000000002,49.97239999999999,-45.697600000000065
-0.22399999999999526,-0.5560000000000014,0.24799999999999783,329.0879999999993,50.49800000000002,-35.27199999999967
-0.17519999999999925,-0.5736000000000001,0.24679999999999921,310.0872000000001,47.99000000000006,-14.69920000000031
-0.25440000000000224,-0.5591999999999996,0.32960000000000234,295.9283999999996,41.68999999999982,18.557600000000946
-0.333599999999999,-0.5448000000000002,0.41239999999999893,281.7696000000002,35.39000000000008,51.81439999999958
-0.3263999999999987,-0.5303999999999996,0.43279999999999974,275.83559999999994,43.8404000000004,61.61359999999995
-0.2760000000000008,-0.5160000000000002,0.42200000000000015,274.01400000000007,59.66599999999975,59.684000000000026
-0.22559999999999888,-0.5015999999999997,0.41119999999999973,272.19239999999996,75.49160000000035,57.754399999999954
-0.20399999999999893,-0.46479999999999766,0.3971999999999991,263.9707999999995,77.50280000000002,22.08399999999761
-0.18599999999999967,-0.42519999999999925,0.3827999999999997,254.94919999999985,77.78720000000001,-17.804000000000755
-0.1735999999999993,-0.38880000000000026,0.36120000000000174,245.26440000000034,78.80599999999986,-54.59639999999973
-0.20600000000000052,-0.37799999999999984,0.28199999999999875,230.27399999999977,85.70000000000012,-66.6240000000002
-0.23840000000000175,-0.3671999999999994,0.20279999999999573,215.28359999999918,92.59400000000036,-78.65160000000064
-0.27080000000000043,-0.3575999999999999,0.15,198.24359999999973,97.2488,-70.16279999999938
-0.3031999999999991,-0.3504000000000002,0.15,177.1044000000006,97.4252,-20.641200000001405
-0.3356000000000003,-0.34319999999999995,0.15,155.96519999999978,97.6016,28.88040000000047
-0.3720000000000019,-0.3740000000000029,0.1900000000000034,146.03199999999995,85.765999999999,63.87800000000111
-0.41160000000000024,-0.4352000000000004,0.26200000000000045,145.06359999999998,64.32079999999986,87.25640000000016
-0.45119999999999866,-0.4963999999999979,0.33399999999999747,144.09520000000003,42.875600000000745,110.63479999999919
-0.4011999999999998,-0.5604000000000002,0.42840000000000034,161.15880000000007,25.081599999999945,99.76359999999994
-0.3255999999999969,-0.6252000000000026,0.5292000000000041,183.37440000000092,8.330799999999313,79.10679999999915
-0.25,-0.69,0.63,205.59,-8.42,58.45
-0.21759999999999877,-0.6575999999999987,0.5903999999999985,239.32920000000126,2.0308000000003936,36.58719999999917
-0.18520000000000011,-0.6252000000000001,0.5508000000000002,273.0683999999999,12.481599999999966,14.724400000000072
-0.15919999999999987,-0.5751999999999962,0.500799999999997,303.7836000000007,26.566000000000926,-3.3240000000001633
-0.15560000000000002,-0.4636000000000007,0.41440000000000055,323.9147999999999,53.36799999999983,-8.02199999999997
-0.15199999999999989,-0.3519999999999964,0.3279999999999973,344.0460000000007,80.17000000000084,-12.720000000000148
-0.16599999999999965,-0.2612000000000006,0.25280000000000064,360.8683999999999,93.67440000000003,-8.178000000000157
-0.202000000000001,-0.19639999999999816,0.19159999999999827,373.5548000000004,90.55679999999991,7.914000000000456
-0.23799999999999955,-0.13160000000000083,0.1304000000000008,386.2411999999999,87.43920000000004,24.005999999999798
-0.26680000000000065,-0.11480000000000018,0.1340000000000009,341.92759999999817,87.02880000000003,24.773999999999823
-0.2920000000000016,-0.12200000000000046,0.17000000000000226,269.11399999999543,87.97200000000007,17.879999999999566
-0.31720000000000054,-0.12920000000000018,0.2060000000000008,196.3003999999984,88.91520000000001,10.985999999999848
-0.32319999999999993,-0.19719999999999857,0.254799999999999,177.18600000000023,76.43440000000027,9.69200000000001
-0.3268000000000001,-0.27280000000000143,0.3052000000000009,164.78399999999976,62.27559999999973,9.097999999999988
-0.32439999999999714,-0.34280000000000144,0.34719999999999857,154.02360000000013,50.2876000000003,7.584799999999497
-0.27399999999999924,-0.3680000000000004,0.3219999999999996,156.39600000000004,55.66600000000008,-1.2820000000001386
-0.22360000000000127,-0.39319999999999933,0.2968000000000007,158.76839999999993,61.04439999999986,-10.148799999999774
-0.1851999999999998,-0.41240000000000004,0.26799999999999957,171.2664000000004,71.25160000000025,-16.34560000000001
-0.17079999999999929,-0.41960000000000036,0.2319999999999982,204.01560000000165,91.11640000000101,-17.202400000000043
-0.15639999999999987,-0.42680000000000007,0.19599999999999965,236.7648000000003,110.98120000000019,-18.059200000000008
-0.11800000000000184,-0.4260000000000002,0.15400000000000147,275.9919999999986,137.895999999999,-23.475999999999715
-0.06039999999999964,-0.41879999999999995,0.10719999999999971,320.40160000000026,170.4508000000002,-32.540800000000054
-0.002799999999997454,-0.41159999999999963,0.060399999999997935,364.811200000002,203.00560000000144,-41.6056000000004
-0.12440000000000051,-0.3231999999999996,0.09480000000000019,289.2435999999997,221.42320000000007,-68.19000000000011
