-0.513325,-0.206725,0.1527,348.808275,84.6093,124.081125
-0.3,-0.09,0.04,146.87,131.09,138.39
-0.40464999999999995,-0.045725000000000016,0.08024999999999999,79.45125000000003,136.833675,120.25335
-0.5093,-0.0014500000000000068,0.12050000000000001,12.03250000000001,142.57735000000002,102.1167
-0.586975,-0.000749999999999959,0.13792500000000002,-25.20952499999999,148.877125,91.14087500000001
-0.6393,-0.04099999999999999,0.13390000000000002,-34.0927,155.6995,86.89450000000001
-0.6884999999999999,-0.08362500000000006,0.13112500000000002,-42.802875,161.19187499999998,82.25025
-0.6402,-0.2003499999999999,0.16734999999999997,-46.115449999999996,125.18825000000004,65.19230000000002
-0.5919,-0.317075,0.203575,-49.428025,89.18462500000001,48.134350000000005
-0.515,-0.3744,0.2288,-32.190400000000025,71.3706,36.739200000000004
-0.4143749999999998,-0.38245,0.24490000000000003,2.0945500000000408,68.645675,30.041599999999992
-0.32125000000000004,-0.38699999999999996,0.261,36.285000000000025,66.64350000000002,24.078500000000005
-0.341375,-0.3387,0.2771,69.04850000000002,75.55485000000002,29.206350000000004
-0.36149999999999993,-0.2904000000000001,0.29319999999999996,101.81199999999994,84.46619999999999,34.33419999999999
-0.372325,-0.24907500000000002,0.293025,112.518225,88.7973,33.91925
-0.37635,-0.21285,0.28095000000000003,107.09655000000001,89.7794,29.451500000000003
-0.38,-0.178125,0.26887500000000003,100.01887500000004,90.475375,26.15224999999999
-0.38,-0.15800000000000003,0.25680000000000003,76.82280000000003,88.38640000000001,34.22639999999999
-0.38,-0.137875,0.244725,53.626724999999986,86.297425,42.30055000000001
-0.38,-0.13490000000000002,0.23509999999999998,28.53679999999994,86.18315,45.26645
-0.38,-0.14295000000000002,0.22704999999999997,2.229399999999945,87.338325,44.948475
-0.3815,-0.15250000000000002,0.21799999999999997,-23.39550000000004,88.7525,43.16099999999998
-0.393575,-0.17262500000000003,0.20189999999999997,-44.20877500000003,91.992625,31.01354999999998
-0.40565,-0.19275000000000003,0.18579999999999997,-65.02205000000002,95.23275000000001,18.86609999999999
-0.41,-0.20772499999999997,0.19029999999999994,-75.26752499999998,94.48420000000002,13.689175000000006
-0.41,-0.21979999999999997,0.20639999999999994,-79.56219999999998,91.48960000000001,12.437400000000006
-0.409375,-0.230625,0.2225,-82.046875,89.078125,12.149375000000001
-0.40535,-0.23465,0.2386,-74.68515000000001,89.83885,17.104149999999997
-0.40132500000000004,-0.238675,0.2547,-67.32342500000001,90.59957499999999,22.058925
-0.38920000000000005,-0.2319,0.2654,-54.65890000000002,90.0913,21.781100000000002
-0.37310000000000004,-0.21982500000000002,0.27345,-39.39207500000002,88.96027500000001,18.935425000000006
-0.36449999999999994,-0.20850000000000002,0.28150000000000003,-25.68975000000001,88.6985,14.145750000000024
-0.38864999999999994,-0.20045000000000002,0.28955,-18.819075000000016,92.23245,0.8672750000000278
-0.41279999999999994,-0.19240000000000002,0.2976,-11.948400000000017,95.76639999999999,-12.411199999999969
-0.44260000000000005,-0.15892499999999993,0.31695,-8.916899999999998,94.771875,-17.918100000000006
-0.47480000000000006,-0.11464999999999995,0.3411,-7.516199999999999,91.85374999999999,-20.123800000000003
-0.499125,-0.07387499999999998,0.360875,-11.141500000000022,89.13775,-22.021500000000003
-0.4951,-0.04569999999999999,0.3649,-32.86040000000001,87.1494,-22.8104
-0.491075,-0.017524999999999995,0.368925,-54.5793,85.16104999999999,-23.5993
-0.5018,-0.0040999999999999665,0.3759,-95.6915000000002,90.63915000000003,-22.494299999999992
-0.5178999999999999,0.0039499999999999605,0.38394999999999996,-143.87074999999976,98.83807499999996,-20.69915000000001
-0.5470000000000003,0.011000000000000015,0.39700000000000013,-191.76300000000018,103.41399999999997,-18.246999999999986
-0.6154250000000002,0.015025000000000014,0.4251750000000001,-238.78707500000016,97.03034999999998,-13.807424999999988
-0.6838500000000002,0.01905000000000001,0.4533500000000001,-285.81115000000017,90.64669999999998,-9.367849999999988
-0.7369000000000001,0.01077499999999997,0.4846000000000001,-335.38440000000014,83.62959999999998,-16.570225000000026
-0.7852,-0.0013000000000000268,0.5168000000000001,-385.74520000000007,76.41679999999998,-27.369300000000024
-0.830125,-0.02125000000000006,0.534375,-437.02512500000006,71.8365,-40.79525000000003
-0.8663499999999997,-0.0614999999999997,0.5142500000000002,-490.6743499999996,74.04219999999998,-60.99269999999985
-0.9025749999999998,-0.10174999999999969,0.49412500000000015,-544.3235749999997,76.24789999999999,-81.19014999999985
-0.9291999999999998,-0.15479999999999955,0.49319999999999997,-567.8863999999999,61.81360000000015,-88.88199999999996
-0.9533499999999998,-0.2111499999999995,0.497225,-583.6925749999999,43.08930000000016,-93.34974999999997
-0.96375,-0.26375,0.51,-587.4025,18.015,-94.39500000000001
-0.943625,-0.308025,0.5422,-564.2587500000001,-21.156299999999987,-87.84230000000001
-0.9235000000000001,-0.35229999999999995,0.5743999999999999,-541.115,-60.327599999999975,-81.28960000000001
-0.90005,-0.376625,0.61325,-501.36620000000005,-86.35849999999998,-71.69452500000001
-0.8759,-0.39674999999999994,0.6535,-458.12160000000006,-109.62299999999996,-61.458950000000016
-0.8476250000000001,-0.405875,0.67725,-420.553,-126.550125,-51.89437500000001
-0.8114000000000001,-0.39380000000000004,0.6692,-393.9236000000001,-131.2634,-43.62300000000002
-0.7751750000000001,-0.38172500000000004,0.66115,-367.29420000000005,-135.976675,-35.35162500000002
-0.7562000000000001,-0.3627500000000001,0.66,-352.88815000000005,-152.23709999999994,-40.20749999999998
-0.7401000000000001,-0.34262500000000007,0.66,-340.51932500000004,-170.42204999999996,-47.25124999999998
-0.736,-0.33,0.663,-332.9985,-191.11349999999993,-53.21649999999998
-0.7521,-0.33,0.67105,-333.638475,-216.02422499999992,-57.36627499999998
-0.7682,-0.33,0.6791,-334.27845,-240.9349499999999,-61.51604999999998
-0.7485500000000002,-0.35859999999999986,0.6692750000000001,-322.38090000000005,-259.5894249999999,-64.55042499999999
-0.7244,-0.3907999999999998,0.6572000000000001,-308.9052000000001,-277.4563999999999,-67.44439999999999
-0.6986249999999998,-0.42462500000000014,0.6353749999999999,-303.10925000000003,-287.902,-65.81112499999998
-0.6704499999999999,-0.4608500000000001,0.59915,-308.6557,-287.3868,-57.49144999999997
-0.6422749999999999,-0.4970750000000001,0.5629249999999999,-314.20215,-286.8716,-49.171774999999975
-0.6325999999999999,-0.5333000000000001,0.5118999999999999,-330.5563,-287.2592,-35.324299999999965
-0.6245499999999999,-0.5695250000000001,0.4595749999999999,-347.859775,-287.72610000000003,-20.99127499999997
-0.59725,-0.6022500000000001,0.3967499999999998,-359.49675,-289.45300000000003,-11.694749999999996
-0.5449249999999999,-0.630425,0.32027499999999987,-363.767275,-292.8179,-8.945674999999996
-0.4925999999999999,-0.6586000000000001,0.2437999999999999,-368.0378,-296.18280000000004,-6.1965999999999966
-0.3752499999999999,-0.671475,0.20174999999999998,-358.57275,-293.875225,-14.364075000000005
-0.25449999999999995,-0.68355,0.1615,-348.3895,-291.27105,-23.10235
-0.13374999999999998,-0.699375,0.11937500000000001,-333.63125,-286.221875,-29.039375
-0.01300000000000004,-0.7194999999999999,0.07510000000000003,-313.627,-278.3691,-31.7643
0.10774999999999992,-0.739625,0.03082500000000003,-293.62275,-270.516325,-34.489225
0.16529999999999945,-0.7755499999999996,0.022100000000000078,-282.60475000000014,-264.0105000000001,-41.64604999999993
0.2216499999999999,-0.8117749999999999,0.01405000000000001,-271.757375,-257.53025,-48.887024999999994
0.2359999999999998,-0.8740000000000006,0.030000000000000276,-253.45799999999983,-259.5760000000001,-57.11400000000007
0.20782500000000007,-0.9625499999999998,0.07024999999999991,-227.61347500000005,-270.254325,-66.33929999999998
0.17909999999999954,-1.0512000000000006,0.1112000000000006,-201.52659999999972,-281.1545500000002,-75.31614999999994
0.1066500000000002,-1.1477999999999997,0.2077999999999997,-156.17290000000014,-309.6958249999999,-64.54122500000003
0.03419999999999959,-1.2444000000000006,0.3044000000000005,-110.81919999999974,-338.23710000000017,-53.76629999999994
-0.04462499999999969,-1.292125,0.35212499999999997,-57.32675000000021,-346.321,-35.67075000000008
-0.12915000000000043,-1.2961500000000001,0.35615,3.4427000000003076,-336.11359999999996,-11.029699999999877
-0.21367499999999964,-1.2961500000000004,0.36034999999999995,63.70079999999979,-326.33705000000003,13.16194999999994
-0.29820000000000035,-1.2075999999999998,0.3684,112.70920000000021,-326.0392,27.46680000000006
-0.38272500000000104,-1.119049999999999,0.3764500000000001,161.71760000000063,-325.74135,41.77165000000018
-0.42675,-1.0102499999999996,0.3619999999999999,175.00274999999996,-330.09650000000005,49.34225000000001
-0.43882500000000013,-0.8854749999999986,0.3297999999999996,160.10622499999982,-338.1223500000001,51.600275000000025
-0.444900000000001,-0.7616000000000016,0.2976000000000005,140.7481000000011,-344.2165000000003,53.75419999999998
-0.37647500000000045,-0.6489000000000007,0.2654000000000002,65.99177500000047,-326.3253750000001,54.61554999999999
-0.3080500000000011,-0.5362000000000018,0.2332000000000005,-8.764549999998838,-308.4342500000003,55.476899999999986
-0.2230000000000007,-0.48287500000000005,0.22237499999999996,-77.83037499999953,-305.633875,61.01462499999994
-0.12640000000000157,-0.4708000000000002,0.22639999999999993,-142.94279999999895,-313.31759999999986,69.80119999999985
-0.03660000000000025,-0.4697749999999993,0.22830000000000014,-204.1005999999998,-321.8224249999999,77.42412500000002
-0.004400000000000542,-0.5623499999999984,0.21220000000000028,-231.76039999999952,-337.28244999999976,75.19025000000003
0.027799999999999728,-0.6549249999999992,0.19610000000000014,-259.42019999999974,-352.7424749999999,72.95637500000002
0.012500000000000011,-0.7675,0.1775,-269.92999999999995,-350.75,71.0575
-0.031774999999999595,-0.8922749999999988,0.1573750000000002,-269.9783,-338.1115000000001,69.36297500000002
-0.07549999999999998,-1.0077,0.14,-264.90555,-326.9151,69.3223
-0.1157499999999996,-1.0640499999999995,0.14,-227.47707500000035,-324.83015,79.73094999999991
-0.15599999999999994,-1.1203999999999998,0.14,-190.04860000000005,-322.7452,90.13959999999999
-0.17,-1.1452499999999999,0.14262499999999997,-138.13537500000064,-314.7513750000001,99.23312499999992
-0.17,-1.1533,0.14665,-78.49695000000014,-303.60615,107.62524999999998
-0.17067499999999997,-1.1512250000000006,0.15404999999999971,-21.974325000000462,-295.0670999999999,114.6802
-0.1747,-1.0989000000000002,0.17819999999999991,19.084699999999884,-299.4624,115.0988
-0.17872499999999994,-1.0465750000000007,0.2023499999999997,60.14372499999951,-303.85769999999997,115.5174
-0.1442500000000002,-0.9695000000000004,0.20725000000000002,86.09424999999993,-294.06575000000004,118.14699999999999
-0.09192500000000067,-0.8809500000000012,0.20322500000000004,105.03992499999976,-277.6960750000002,121.80169999999995
-0.04840000000000004,-0.7948000000000004,0.19280000000000017,114.8688000000001,-259.4480000000001,125.51559999999999
-0.04035000000000011,-0.718325000000001,0.1565750000000005,87.94557500000036,-233.62762500000034,129.46814999999995
-0.03230000000000004,-0.6418500000000004,0.12035000000000018,61.02235000000013,-207.80725000000012,133.42069999999998
-0.04150000000000006,-0.6027499999999999,0.12150000000000005,10.204999999999785,-205.44400000000002,129.13349999999997
-0.057599999999999915,-0.5786000000000002,0.13759999999999992,-50.16999999999966,-212.46359999999996,121.55040000000004
-0.06074999999999989,-0.5683250000000002,0.1435249999999999,-109.88455000000016,-215.28647499999997,113.43634999999996
-0.02050000000000026,-0.6045499999999998,0.11535000000000017,-167.38569999999964,-204.04465000000008,103.54290000000006
0.019750000000000083,-0.6407750000000001,0.08717499999999995,-224.88685000000012,-192.80282499999998,93.64944999999997
0.0719999999999996,-0.6829999999999997,0.03800000000000041,-265.21299999999974,-162.90400000000025,90.62
0.12835000000000008,-0.7272750000000001,-0.018350000000000075,-299.67102500000004,-126.63069999999995,89.93575
0.18889999999999946,-0.7715499999999996,-0.07364999999999959,-329.98679999999985,-93.60295000000018,88.51440000000004
0.26135,-0.815825,-0.12597500000000003,-348.56620000000004,-69.77092499999998,85.0046
0.3337999999999994,-0.8600999999999996,-0.17829999999999957,-367.14559999999983,-45.9389000000002,81.49480000000003
0.39062499999999906,-0.913749999999999,-0.17125000000000043,-380.3499999999998,-51.50999999999975,69.06625000000027
0.4429499999999995,-0.9700999999999995,-0.14710000000000023,-392.00639999999987,-65.54919999999987,54.069100000000134
0.4846999999999997,-1.0334999999999985,-0.12765000000000015,-397.4306000000002,-77.86232499999984,38.93682500000028
0.5007999999999998,-1.1139999999999992,-0.11960000000000008,-387.73840000000007,-85.98879999999993,23.476800000000154
0.5168999999999997,-1.1944999999999983,-0.11155000000000015,-378.04620000000017,-94.11527499999985,8.016775000000294
0.4744999999999996,-1.2457500000000004,-0.09699999999999989,-347.44349999999974,-94.588,6.684500000000014
0.41815000000000113,-1.290024999999999,-0.08090000000000032,-311.8544500000007,-93.23560000000002,8.721149999999959
0.37609999999999993,-1.32,-0.0752000000000001,-273.6107999999997,-89.25979999999993,13.992200000000079
0.36402500000000027,-1.32,-0.09129999999999967,-229.8027000000009,-79.7849500000002,26.043049999999752
0.35194999999999993,-1.32,-0.10740000000000009,-185.99459999999974,-70.31009999999995,38.09390000000007
0.3736249999999994,-1.2997500000000006,-0.11337499999999992,-142.35187500000092,-71.08512499999995,41.416999999999966
0.4018000000000001,-1.2755999999999998,-0.11740000000000002,-98.74099999999977,-73.83420000000001,43.059200000000004
0.4313999999999993,-1.2500250000000006,-0.12569999999999965,-59.23982500000069,-71.98765000000023,40.08867500000025
0.4636000000000001,-1.2218499999999999,-0.14180000000000006,-27.23704999999986,-61.756099999999954,28.701949999999954
0.4957999999999993,-1.1936750000000005,-0.15789999999999965,4.765724999999277,-51.52455000000023,17.315225000000257
0.46149999999999985,-1.197,-0.1284999999999999,20.871500000000047,-58.70550000000003,7.0799999999999645
0.41722500000000023,-1.20505,-0.09227500000000022,34.59272499999992,-68.49832499999994,-2.982499999999943
0.3838,-1.21,-0.06689999999999999,50.212700000000055,-77.10850000000002,-8.111349999999991
0.3677000000000001,-1.21,-0.058850000000000055,68.86454999999988,-83.83024999999995,-5.362275000000017
0.35159999999999997,-1.21,-0.050799999999999984,87.51640000000005,-90.552,-2.613199999999994
0.3753749999999998,-1.1773750000000003,-0.060874999999999915,105.37437499999987,-85.47437500000005,10.325749999999903
0.40355,-1.14115,-0.07295000000000001,123.14475000000003,-79.09474999999999,24.38910000000002
0.4250249999999999,-1.1116250000000003,-0.08837499999999984,128.6574750000001,-68.24120000000013,33.88639999999998
0.4371,-1.0915000000000001,-0.10850000000000001,116.9729,-51.11079999999999,36.9776
0.44917499999999994,-1.0713750000000002,-0.12862499999999982,105.2883250000001,-33.980400000000145,40.068799999999975
0.4425,-1.0625,-0.12625,81.19125,-23.0225,28.6175
0.43445000000000006,-1.05445,-0.12222500000000003,56.18392500000023,-12.517250000000097,16.099750000000114
0.45339999999999997,-1.0338,-0.12359999999999999,34.88460000000001,-1.8806000000000083,6.195600000000002
0.5057249999999995,-0.9975750000000003,-0.13164999999999993,18.168775000000164,8.918474999999894,-0.47784999999993527
0.5580499999999999,-0.96135,-0.1397,1.4529500000000235,19.717549999999985,-7.151299999999991
0.5793749999999999,-0.95225,-0.07412500000000073,-30.04987499999966,-2.471249999999756,-10.565874999999966
0.5994999999999999,-0.9441999999999999,-0.005700000000000149,-62.12509999999993,-25.93699999999995,-13.854299999999993
0.6273249999999996,-0.9553999999999996,0.041549999999999726,-93.10884999999966,-46.98302499999979,-20.18422499999989
0.6635499999999999,-0.9875999999999999,0.06569999999999993,-122.90189999999991,-65.38934999999995,-29.83214999999997
0.6997750000000001,-1.0198000000000003,0.08985000000000014,-152.69495000000018,-83.7956750000001,-39.480075000000056
0.7200000000000003,-1.0520000000000005,0.045999999999999375,-147.61199999999994,-54.857999999999585,-36.34399999999995
0.7401249999999997,-1.0841999999999996,0.0017250000000005629,-142.31107500000007,-25.62442500000037,-33.128025000000044
0.7397500000000001,-1.10615,-0.02614999999999995,-138.44925,-6.6183000000000405,-26.500850000000042
0.7196249999999998,-1.118225,-0.03822500000000005,-135.973875,2.5345500000000385,-16.58727499999996
0.7002,-1.1311000000000004,-0.04929999999999965,-133.47219999999996,10.90509999999972,-7.296200000000191
0.7082499999999998,-1.1753749999999994,-0.021125000000000404,-129.93825000000004,-11.429624999999682,-22.438249999999787
0.7162999999999999,-1.2196499999999997,0.007049999999999839,-126.40430000000002,-33.76434999999987,-37.580299999999916
0.735225,-1.246525,0.013474999999999964,-117.73734999999996,-40.02364999999998,-48.79647500000002
0.7634000000000003,-1.2586000000000002,0.0013999999999998632,-104.70439999999985,-32.609599999999915,-56.673400000000086
0.7875250000000007,-1.2686500000000005,-0.012474999999999306,-92.97622499999984,-25.372850000000064,-63.43500000000019
0.7432500000000004,-1.2445000000000002,-0.056749999999999676,-103.28424999999993,-21.13050000000003,-51.360000000000085
0.698975,-1.22035,-0.10102500000000006,-113.59227500000001,-16.888149999999996,-39.28499999999998
0.6592999999999997,-1.2123,-0.12,-122.48350000000008,-15.166600000000003,-23.74619999999982
0.6230750000000006,-1.2163249999999999,-0.12,-130.31212499999987,-15.335649999999998,-5.609550000000308
0.5917499999999998,-1.2227999999999997,-0.11860000000000012,-136.5381000000001,-14.939450000000054,11.201999999999975
0.611875,-1.255,-0.1025,-125.93625,-8.608125,14.099999999999998
0.6320000000000002,-1.2872000000000003,-0.08639999999999987,-115.33439999999992,-2.2767999999999464,16.998000000000022
0.64,-1.3121249999999998,-0.0896999999999997,-93.95100000000053,5.327649999999844,3.243525000000453
0.64,-1.3322500000000006,-0.10580000000000041,-65.45399999999928,13.772100000000213,-21.49815000000063
0.6328750000000001,-1.34525,-0.12189999999999998,-37.27050000000004,21.16205,-43.1604
0.5724999999999996,-1.3049999999999997,-0.13800000000000012,-11.429999999999819,20.670999999999996,-41.80799999999999
0.5121250000000012,-1.2647500000000007,-0.15409999999999968,14.410499999999487,20.17995000000001,-40.455600000000025
0.4746999999999994,-1.2397999999999996,-0.1497999999999996,29.44665000000021,17.931949999999922,-35.53064999999983
0.45055000000000006,-1.2237,-0.13370000000000004,38.233224999999976,14.66767500000001,-28.53922500000002
0.43179999999999963,-1.2088,-0.11700000000000059,46.496599999999844,13.561599999999668,-22.216800000000074
0.44387499999999974,-1.2007500000000002,-0.09687500000000043,51.77337499999989,24.775249999999765,-19.713250000000052
0.45594999999999986,-1.1927,-0.07675000000000026,57.05014999999993,35.98889999999986,-17.209700000000034
0.46802499999999997,-1.19,-0.06465000000000004,61.67422499999998,43.55117499999997,-17.739599999999992
0.48009999999999964,-1.19,-0.056600000000000254,65.96889999999986,49.27069999999982,-19.800399999999936
0.4914500000000001,-1.190725,-0.04202499999999944,71.93470000000016,51.904624999999854,-22.05985000000004
0.4994999999999999,-1.19475,0.0022499999999993706,85.5069999999998,40.49375000000016,-25.223499999999955
0.50755,-1.198775,0.04652499999999975,99.07929999999992,29.082875000000065,-28.387149999999984
0.4848000000000012,-1.2055999999999998,0.0683999999999996,119.03839999999926,21.802000000000177,-30.086399999999966
0.44857499999999956,-1.2136500000000001,0.08047500000000013,141.79172500000027,16.32799999999994,-31.144975000000013
0.41235000000000055,-1.21915,0.09169999999999986,163.09324999999976,10.698450000000097,-32.565649999999955
0.37612500000000026,-1.215125,0.09974999999999994,178.9718749999999,4.487875000000043,-35.33887499999998
0.33990000000000126,-1.2111,0.10779999999999973,194.85049999999947,-1.7226999999997894,-38.112099999999906
0.32414999999999994,-1.1895249999999997,0.10707499999999996,197.654375,0.8797500000000582,-34.874449999999946
0.31610000000000016,-1.1613500000000003,0.10305000000000007,195.54125000000005,6.7964999999999,-29.376300000000093
0.3129249999999999,-1.1273250000000004,0.09610000000000014,193.04885000000002,16.47577499999982,-23.889850000000045
0.325,-1.075,0.08,189.37,37.925,-18.44
0.3370750000000001,-1.0226749999999996,0.06389999999999986,185.69114999999996,59.37422500000017,-12.990149999999954
0.3278000000000003,-0.9917000000000005,0.05695000000000007,170.92555000000036,70.63339999999985,-15.577049999999906
0.31170000000000014,-0.9675500000000002,0.05292500000000004,152.6158250000002,78.63509999999992,-20.73307499999995
0.2967,-0.9532999999999999,0.05659999999999997,133.52180000000004,79.47250000000003,-26.24989999999999
0.2846249999999999,-0.9653750000000001,0.08075000000000017,112.34224999999985,61.25937499999988,-32.726125000000046
0.27255000000000024,-0.9774499999999997,0.10489999999999952,91.16270000000041,43.04625000000036,-39.202349999999875
0.27634999999999993,-1.0053999999999996,0.11317499999999996,89.45859999999996,37.32357500000003,-41.17007499999999
0.2844,-1.0375999999999999,0.11719999999999998,92.96839999999999,34.94480000000001,-41.9308
0.2801999999999998,-1.0661250000000002,0.1249000000000001,97.93472500000004,34.223450000000014,-41.13822499999998
0.24800000000000066,-1.0862499999999997,0.14099999999999965,106.23024999999981,37.29049999999993,-36.795250000000095
0.2158000000000004,-1.1063749999999999,0.1570999999999998,114.5257749999999,40.35754999999996,-32.45227500000006
0.20340000000000003,-1.0935000000000001,0.1567,126.16089999999994,39.986000000000004,-26.277800000000028
0.19534999999999997,-1.073375,0.15267499999999998,138.52972500000004,38.858999999999995,-19.700949999999974
0.19809999999999944,-1.0492000000000008,0.15,149.5161499999998,38.767449999999954,-14.88585000000003
0.22224999999999967,-1.0170000000000006,0.15,157.76337499999988,40.72762499999997,-13.561625000000019
0.24639999999999987,-0.9848000000000001,0.15,166.01059999999995,42.68779999999999,-12.237400000000006
0.253425,-0.9594499999999999,0.13629999999999995,160.9106,38.65764999999998,-14.670400000000008
0.2574499999999999,-0.9353000000000006,0.12020000000000039,153.47240000000016,33.57810000000012,-17.761599999999923
0.2526249999999996,-0.9185249999999999,0.10114999999999952,145.64774999999983,31.511975000000064,-20.06220000000002
0.23250000000000015,-0.9145000000000001,0.07700000000000018,137.15500000000006,34.655499999999975,-20.99599999999999
0.21237499999999995,-0.910475,0.052849999999999966,128.66224999999997,37.79902500000001,-21.9298
0.22064999999999968,-0.9029000000000003,0.03935000000000031,116.68695000000031,44.552899999999816,-23.250549999999965
0.2327250000000002,-0.8948499999999999,0.02727499999999978,104.24567499999978,51.78985000000013,-24.623075000000025
0.2527999999999997,-0.89,0.02,91.8908000000001,53.43800000000006,-28.347599999999936
0.28500000000000003,-0.89,0.02,79.666875,46.615625,-35.636875
0.31719999999999915,-0.89,0.02,67.44295000000032,39.793250000000185,-42.92614999999981
0.3347000000000003,-0.9047000000000003,0.023675000000000068,72.0284750000001,46.910150000000144,-50.171325000000124
0.35079999999999983,-0.9207999999999998,0.02769999999999996,78.21489999999994,55.35459999999992,-57.412299999999924
0.34792500000000004,-0.94035,0.04207499999999996,88.16527499999998,55.256850000000014,-63.138724999999994
0.31974999999999976,-0.9645000000000001,0.0702500000000002,103.13425000000011,43.76949999999992,-66.84575000000002
0.29157499999999953,-0.9886500000000004,0.09842500000000044,118.10322500000024,32.282149999999824,-70.55277500000007
0.27480000000000016,-1.0203999999999998,0.11899999999999977,140.16679999999974,26.68100000000006,-65.12840000000007
0.25870000000000004,-1.0526,0.13912499999999994,162.65044999999995,21.428375000000017,-59.163350000000015
0.24074999999999988,-1.0607499999999999,0.14814999999999998,189.8923000000002,23.58870000000006,-53.99934999999998
0.2206249999999997,-1.0406249999999997,0.14412499999999995,222.72825000000046,34.46425000000015,-49.77712499999994
0.20050000000000026,-1.0205000000000002,0.14010000000000006,255.56419999999957,45.33979999999986,-45.55490000000005
0.19607500000000003,-0.9532750000000003,0.14784999999999998,263.825725,45.61,-41.88610000000001
0.19205,-0.8848499999999997,0.15590000000000004,271.46115000000003,45.61,-38.23139999999999
0.18802499999999994,-0.8243249999999993,0.16,268.35257499999983,43.77917499999995,-35.550374999999974
0.18400000000000005,-0.7720000000000007,0.16,254.0920000000002,40.04800000000005,-33.880000000000024
0.17985000000000012,-0.7199000000000001,0.16004999999999997,239.76710000000014,36.33222500000001,-32.22837499999999
0.15569999999999992,-0.7038,0.16810000000000003,215.15019999999993,35.08045,-33.576750000000004
0.13154999999999972,-0.6876999999999999,0.17615000000000008,190.5332999999997,33.82867499999998,-34.925125000000016
0.12209999999999993,-0.6779000000000001,0.17790000000000006,164.9315000000004,32.205200000000026,-35.82619999999999
0.12612499999999996,-0.6738750000000001,0.17387500000000003,138.42687500000017,30.241000000000014,-36.317249999999994
0.13015000000000002,-0.6697000000000001,0.1697,112.26604999999998,28.769850000000016,-36.6703
0.1341749999999999,-0.6616500000000003,0.1616500000000002,94.98672500000043,40.03582499999972,-33.45835000000008
0.13819999999999993,-0.6536000000000002,0.15360000000000013,77.70740000000029,51.301799999999815,-30.246400000000055
0.12220000000000028,-0.6633499999999998,0.15889999999999987,60.510400000000146,49.24447500000011,-28.509625000000003
0.09000000000000113,-0.6874999999999991,0.17499999999999943,43.38000000000061,36.40875000000045,-27.96625000000002
0.05944999999999993,-0.7124750000000003,0.18972499999999998,27.111449999999962,24.030624999999947,-27.274099999999976
0.05140000000000015,-0.7486999999999994,0.18570000000000006,22.595400000000083,17.892500000000112,-24.55320000000005
0.04335000000000008,-0.7849249999999997,0.18167500000000003,18.079350000000044,11.75437500000006,-21.832300000000025
0.058799999999998825,-0.8070499999999996,0.1753000000000003,18.220999999999872,15.06089999999963,-19.43805000000008
0.09100000000000022,-0.8191250000000001,0.16724999999999995,21.682500000000026,25.09925000000007,-17.276624999999985
0.12359999999999928,-0.8280000000000004,0.16119999999999976,25.189999999999923,34.08400000000001,-15.8323999999999
0.15982499999999958,-0.8078750000000002,0.17327499999999987,29.114374999999953,33.520500000000006,-20.88779999999994
0.19604999999999861,-0.7877500000000008,0.18534999999999954,33.03874999999985,32.95700000000002,-25.94319999999981
0.2199000000000001,-0.7577249999999998,0.18504999999999996,33.312499999999986,40.043725000000066,-31.679225000000038
0.23600000000000024,-0.7214999999999995,0.1769999999999999,31.299999999999972,51.921500000000165,-37.84150000000009
0.24737500000000026,-0.6884250000000001,0.17052499999999995,27.485700000000204,61.680375000000055,-43.92659999999993
0.2272500000000008,-0.6763500000000005,0.17454999999999984,11.659400000000627,57.313250000000174,-49.49719999999978
0.20712499999999992,-0.664275,0.178575,-4.166900000000067,52.94612499999998,-55.06780000000002
0.2,-0.6756000000000003,0.17739999999999995,-20.72640000000021,50.03499999999997,-57.2766
0.2,-0.6997499999999997,0.17337500000000006,-37.68774999999975,47.92187500000003,-57.642875
0.20259999999999934,-0.7258499999999986,0.1751999999999987,-52.71079999999979,45.99985000000004,-57.30000000000017
0.21870000000000006,-0.7620750000000001,0.20740000000000008,-57.66960000000002,45.070074999999996,-53.27499999999999
0.23480000000000018,-0.7983000000000005,0.23960000000000037,-62.628400000000056,44.14029999999999,-49.24999999999996
0.23182500000000017,-0.8290749999999996,0.2581749999999998,-54.83965000000022,44.338674999999995,-47.917300000000004
0.2197500000000005,-0.8572499999999988,0.2702499999999995,-40.96950000000059,45.07524999999997,-47.869
0.20302499999999996,-0.874575,0.27845000000000003,-25.900424999999974,50.021625000000036,-48.03305
0.16679999999999964,-0.8463999999999997,0.2703999999999999,-5.8035999999998005,72.62200000000021,-49.08760000000001
0.1305750000000006,-0.8182250000000005,0.26235000000000014,14.293224999999659,95.22237499999962,-50.14214999999999
0.1086000000000007,-0.7872000000000015,0.24290000000000106,20.214149999999997,108.82529999999957,-51.370549999999945
0.0925,-0.755,0.21875,20.290625000000002,118.71875,-52.670625
0.08180000000000007,-0.7291,0.19729999999999992,18.362799999999925,126.2794,-54.20740000000002
0.08984999999999986,-0.725075,0.18522500000000022,9.475600000000163,125.74005000000001,-56.566049999999954
0.09789999999999964,-0.7210500000000002,0.17315000000000055,0.5884000000004019,125.20070000000003,-58.924699999999895
0.09702500000000001,-0.734875,0.178925,-6.808324999999991,134.00285,-62.095524999999995
0.09299999999999997,-0.7550000000000001,0.1910000000000001,-13.679000000000048,146.1020000000001,-65.55300000000003
0.09102499999999991,-0.77,0.20204999999999984,-17.812925000000078,156.15114999999992,-68.78702499999994
0.09504999999999995,-0.77,0.21009999999999993,-13.936850000000044,160.20029999999997,-71.36704999999998
0.099075,-0.77,0.21814999999999998,-10.06077500000001,164.24945,-73.947075
0.10620000000000004,-0.7855000000000001,0.24480000000000018,-4.895099999999968,157.86399999999995,-76.99520000000003
0.11424999999999982,-0.8056249999999996,0.2769999999999993,0.6553749999998826,148.3650000000002,-80.18299999999994
0.1154000000000002,-0.8222999999999998,0.3,8.552999999999823,141.91694999999999,-82.08165000000001
0.0992999999999995,-0.8303500000000003,0.3,22.318500000000427,143.09627500000005,-80.75742499999996
0.08319999999999993,-0.8384,0.3,36.08400000000006,144.2756,-79.4332
0.07032500000000028,-0.8303250000000003,0.29677500000000007,51.54262499999964,143.17162500000003,-72.62325000000018
0.05825000000000018,-0.8182500000000003,0.29275000000000007,67.42124999999977,141.50125000000003,-64.45250000000011
0.05127500000000012,-0.8023499999999993,0.2925500000000002,78.01372499999998,141.54957500000012,-57.36932499999986
0.05530000000000001,-0.7782,0.30060000000000003,77.2047,145.3049,-52.63189999999999
0.0593249999999999,-0.7540500000000006,0.3086499999999998,76.39567500000003,149.06022499999992,-47.894475000000114
0.0700499999999998,-0.7131500000000007,0.32339999999999974,74.46440000000004,151.20084999999997,-49.30429999999996
0.08212500000000034,-0.6688749999999988,0.3395000000000004,72.30699999999995,153.01612500000005,-51.95275000000007
0.09840000000000003,-0.6344,0.3514,64.82959999999997,152.408,-55.43840000000001
0.12254999999999938,-0.6183000000000004,0.3554249999999999,47.37720000000044,147.25600000000014,-60.493799999999865
0.14669999999999958,-0.6022000000000003,0.35944999999999994,29.924800000000296,142.1040000000001,-65.54919999999991
0.1465249999999999,-0.6243250000000008,0.3634750000000001,2.4087999999992107,145.2120750000001,-71.70965000000017
0.14250000000000002,-0.6525000000000001,0.3675,-26.700000000000003,149.6275,-78.045
0.12322499999999964,-0.6806750000000003,0.3593249999999998,-50.86017500000014,154.21220000000005,-79.75654999999995
0.07895000000000083,-0.7088499999999995,0.3311500000000005,-66.90784999999971,159.0743999999999,-73.88810000000011
0.03467499999999887,-0.7370250000000007,0.3029749999999993,-82.9555250000004,163.9366000000001,-68.01964999999986
-0.00599999999999995,-0.7652,0.2892,-89.32639999999999,173.95399999999998,-57.65480000000002
-0.04625000000000029,-0.7933750000000003,0.2771249999999999,-94.55487500000004,184.58000000000007,-46.759124999999926
-0.055150000000000726,-0.8050500000000003,0.26670000000000016,-96.44210000000005,193.22434999999987,-37.70485000000012
-0.018925000000001694,-0.7929750000000007,0.2586500000000004,-93.51995000000014,199.01632499999974,-31.3010750000003
0.0172999999999999,-0.7809,0.25060000000000004,-90.5978,204.8083,-24.89730000000002
0.07587500000000034,-0.776275,0.25,-90.108075,202.0812,-33.25197500000006
0.13624999999999873,-0.7722500000000001,0.25,-89.81425000000002,198.66800000000006,-42.7952499999998
0.1398250000000033,-0.7806499999999988,0.2482250000000002,-90.90669999999987,199.78104999999965,-51.26997499999966
0.0714000000000003,-0.8047999999999998,0.2442,-93.7564,206.63159999999996,-58.390199999999965
0.0029749999999997105,-0.8289500000000001,0.24017499999999997,-96.60610000000001,213.48215000000002,-65.51042500000003
-0.127049999999997,-0.8492499999999995,0.26694999999999935,-80.39060000000039,210.1648500000001,-59.386650000000145
-0.2598749999999934,-0.869374999999999,0.2951249999999986,-63.30850000000085,206.38537500000018,-52.66087500000033
-0.3053000000000003,-0.8837999999999999,0.3232999999999998,-47.67420000000008,192.27180000000013,-42.980600000000074
-0.25297499999999984,-0.89185,0.3514750000000001,-33.65914999999996,166.60034999999993,-29.995949999999965
-0.2006499999999994,-0.8999000000000001,0.3796500000000003,-19.644099999999842,140.92889999999971,-17.011299999999856
-0.08870000000000573,-0.919874999999999,0.35615000000000124,-5.338875000000726,141.090975,-1.9199000000007693
0.02400000000000318,-0.9400000000000005,0.3319999999999993,8.970000000000404,141.578,13.198000000000427
0.05570000000000163,-0.9115250000000026,0.3220249999999999,30.710624999999013,143.48859999999988,6.385150000000969
0.007400000000001225,-0.835050000000002,0.3260499999999999,59.79124999999926,146.80519999999993,-22.087699999999273
-0.040599999999999456,-0.7596250000000003,0.33,88.2170500000001,149.92140000000012,-49.936250000000086
-0.07279999999999973,-0.7395000000000002,0.33,82.15540000000004,142.48320000000007,-44.905000000000044
-0.105,-0.719375,0.33,76.09375,135.04500000000002,-39.87375
-0.15010000000000046,-0.7358000000000003,0.3429000000000002,62.65114999999983,132.19705000000002,-37.252649999999996
-0.20644999999999697,-0.7840999999999974,0.3670499999999987,42.77167500000107,133.35222499999995,-36.73342500000003
-0.2597999999999999,-0.8293999999999997,0.3902000000000001,25.397200000000765,135.56580000000056,-35.52179999999964
-0.25577500000000014,-0.8173250000000004,0.3942249999999999,55.93084999999888,158.02127499999918,-21.06802500000053
-0.25175000000000014,-0.8052500000000004,0.3982499999999999,86.46449999999913,180.47674999999938,-6.614250000000409
-0.23180000000000064,-0.7818000000000007,0.37042500000000106,98.88005000000003,192.72202499999992,-1.9247749999999444
-0.19960000000000036,-0.7496000000000004,0.3181000000000006,97.35860000000001,197.11329999999995,-4.746299999999968
-0.17,-0.719675,0.26902500000000007,95.23265000000002,200.53380000000004,-7.478774999999995
-0.17,-0.7156499999999999,0.25694999999999996,86.22469999999994,192.90239999999997,-9.197450000000009
-0.17,-0.7116250000000002,0.24487500000000068,77.2167500000005,185.27100000000044,-10.916124999999901
-0.20120000000000118,-0.7316000000000008,0.26160000000000083,65.83759999999971,177.24359999999982,-3.1955999999996827
-0.2535250000000016,-0.7678250000000011,0.2978250000000011,52.852949999999595,168.94807499999976,10.916050000000437
-0.2995500000000001,-0.8049499999999987,0.3340499999999989,44.62929999999909,159.70305000000053,24.080899999999822
-0.2955250000000001,-0.849224999999999,0.3702749999999992,74.22914999999934,142.9147750000004,29.72394999999987
-0.29150000000000004,-0.8934999999999994,0.4064999999999995,103.82899999999958,126.12650000000025,35.36699999999992
-0.292525,-0.8923250000000001,0.4275749999999999,127.50014999999988,123.59689999999998,45.168724999999924
-0.29655,-0.8641499999999999,0.43965000000000004,147.64930000000004,129.5378,57.44095000000003
-0.30057499999999976,-0.8342500000000024,0.44885000000000047,167.84732499999876,133.1925000000006,68.11064999999994
-0.3046000000000001,-0.7939999999999992,0.44079999999999986,188.3386000000004,123.1299999999998,69.16520000000001
-0.3086250000000001,-0.7537499999999988,0.43274999999999975,208.82987500000058,113.06749999999971,70.21975000000003
-0.2596500000000026,-0.6976000000000022,0.39025000000000204,213.23035000000016,114.42914999999975,65.94250000000024
-0.18317500000000192,-0.6332000000000017,0.32987500000000153,209.2818250000001,121.71842499999981,58.89875000000018
-0.11300000000000068,-0.5716000000000008,0.270200000000001,200.60760000000053,131.07759999999968,49.11940000000038
-0.07275000000000034,-0.5233000000000004,0.21385000000000048,169.48630000000026,150.26879999999983,26.345950000000194
-0.0325,-0.47500000000000003,0.15750000000000003,138.36499999999998,169.45999999999998,3.5725
-0.0366499999999985,-0.46277499999999977,0.10115000000000351,92.99685000000322,186.09819999999903,-15.210499999998945
-0.06080000000000041,-0.46680000000000005,0.04479999999999905,41.21119999999912,201.58640000000025,-32.19600000000029
-0.09567500000000195,-0.48320000000000163,-0.0016500000000002034,-13.179800000001649,216.00787500000027,-44.8898499999999
-0.1721499999999972,-0.5475999999999976,-0.009699999999999705,-77.67639999999763,226.2917499999996,-40.93730000000015
-0.24862499999999785,-0.6119999999999982,-0.017749999999999773,-142.17299999999818,236.5756249999997,-36.98475000000011
-0.32510000000000394,-0.6851000000000038,0.0322000000000037,-176.87500000000117,241.56990000000013,-24.332199999999183
-0.4015749999999991,-0.7615749999999991,0.10464999999999919,-200.01874999999973,244.51217499999996,-8.304650000000182
-0.4533500000000001,-0.8332999999999998,0.1666499999999999,-204.44085000000015,242.82130000000004,8.770749999999943
-0.42517499999999986,-0.8896500000000003,0.19482500000000016,-148.2639249999997,226.1336499999999,29.237875000000113
-0.39699999999999963,-0.9460000000000007,0.22300000000000042,-92.08699999999921,209.44599999999977,49.70500000000029
-0.3294999999999982,-0.9478999999999996,0.2572250000000008,-49.39249999999913,209.21132500000013,54.27272499999998
-0.2490000000000032,-0.9318000000000006,0.2934499999999986,-11.155000000001511,214.4156499999998,53.584450000000025
-0.1824750000000009,-0.9071000000000016,0.3210749999999999,36.7048249999977,218.9373499999999,52.71342500000004
-0.15429999999999866,-0.8587999999999977,0.3251000000000002,110.97010000000357,221.58580000000012,51.340899999999934
-0.1261250000000004,-0.8105000000000008,0.32912499999999995,185.23537499999895,224.23424999999997,49.96837500000002
-0.10425000000000012,-0.6456500000000012,0.2985000000000002,137.13260000000045,246.05359999999985,40.182200000000066
-0.08412499999999995,-0.44842499999999946,0.25824999999999987,55.03869999999977,273.1982000000001,28.058899999999966
-0.09639999999999474,-0.3028000000000014,0.23599999999999882,-32.697599999994026,287.464400000001,13.966400000001112
-0.18495000000000172,-0.2786499999999995,0.25612500000000044,-133.71705000000202,271.4126999999997,-4.761925000000371
-0.27349999999999625,-0.254500000000001,0.27624999999999916,-234.73649999999571,255.36100000000067,-23.490249999999207
-0.3423999999999978,-0.44322499999999193,0.2898249999999996,-273.9468749999992,236.27665000000067,-46.2500999999992
-0.4067999999999984,-0.680699999999994,0.3018999999999997,-299.0024999999994,216.4978000000005,-69.93319999999939
-0.4407250000000005,-0.8532499999999993,0.2941000000000008,-312.9427000000002,200.78140000000013,-73.61940000000062
-0.41255000000000025,-0.8934999999999996,0.2458000000000004,-304.2326000000001,193.34320000000005,-36.557200000000314
-0.384375,-0.93375,0.1975,-295.52250000000004,185.905,0.5049999999999999
-0.48199999999999255,-0.9603999999999985,0.244399999999996,-296.51259999999985,169.40920000000114,13.267399999999485
-0.6027500000000021,-0.9845500000000004,0.3088000000000011,-299.28582500000005,151.2483999999997,21.562925000000142
-0.6466499999999977,-0.9854999999999989,0.34274999999999944,-272.02374999999796,132.6279499999995,28.929000000000144
-0.5540750000000034,-0.9452500000000015,0.3226250000000007,-191.42312500000295,113.19122500000071,34.644499999999795
-0.46150000000000263,-0.9050000000000011,0.30250000000000055,-110.82250000000228,93.75450000000055,40.359999999999836
-0.46057499999999973,-0.8718000000000007,0.3493499999999989,-56.962525000000994,67.58855000000054,41.99354999999998
-0.47264999999999985,-0.8396000000000003,0.40569999999999934,-6.8955500000005685,40.468100000000305,43.048099999999984
-0.5020499999999999,-0.8278749999999999,0.46047499999999986,55.57927499999977,16.834700000000055,50.43257499999995
-0.5583999999999963,-0.8479999999999986,0.5127999999999966,137.35519999999468,-1.3743999999988183,67.66359999999888
-0.6147500000000008,-0.8681250000000003,0.5651250000000007,219.13112500000116,-19.583500000000257,84.89462500000025
-0.6820500000000016,-0.8919000000000006,0.5773000000000001,257.10705000000075,-41.734600000000505,94.77820000000021
-0.7504749999999973,-0.916049999999999,0.5853499999999996,290.58297499999867,-64.2906999999991,103.90689999999964
-0.8069999999999988,-0.9520999999999984,0.5849000000000003,354.0893999999968,-69.81620000000055,128.59569999999857
-0.8472499999999992,-1.0044249999999988,0.5728250000000003,458.66694999999766,-52.0498500000004,174.56522499999895
-0.8874999999999994,-1.0567499999999994,0.5607500000000002,563.2444999999985,-34.28350000000025,220.53474999999935
-0.8673500000000002,-0.890125000000001,0.5826499999999999,568.656575,-64.7352249999998,270.7624749999997
-0.8432000000000016,-0.7090000000000123,0.6067999999999983,567.5014000000001,-98.38019999999771,321.2721999999966
-0.751524999999998,-0.5935749999999996,0.5634249999999985,583.6070750000005,-98.96529999999956,330.8526499999995
-0.5784499999999966,-0.5573499999999993,0.43864999999999754,620.5203500000008,-59.69739999999923,291.0936999999992
-0.40537500000000737,-0.5211250000000015,0.3138750000000053,657.4336249999985,-20.429500000001664,251.3347500000017
-0.4935999999999967,-0.5122000000000003,0.36849999999999794,625.5470000000012,-8.083300000000389,189.33800000000213
-0.5902000000000044,-0.5041499999999997,0.4288750000000027,591.4552499999985,3.400025000000519,126.62849999999716
-0.6770499999999987,-0.4766000000000008,0.432700000000001,588.4464999999994,10.546549999999957,95.96529999999994
