-0.01009999999999997,-0.18869999999999998,-0.12320000000000003,198.4022,-14.8387,5.010999999999996
0.23,0.12,-0.28,0.55,-34.62,64.35
0.11240000000000001,0.0906,-0.15259999999999999,-1.9588,-12.8689,46.0338
-0.005199999999999995,0.0612,-0.025200000000000007,-4.4676,8.8822,27.7176
-0.005300000000000003,0.01770000000000002,0.017599999999999977,-29.132199999999987,-3.295999999999994,16.653500000000005
-0.00040000000000000034,-0.026399999999999996,0.056799999999999996,-54.739599999999996,-16.918,5.898000000000001
0.026999999999999982,-0.061499999999999985,0.051000000000000004,-49.9675,-12.652500000000003,4.8265
0.05639999999999999,-0.0958,0.0412,-42.495,-6.797000000000001,4.6158
0.042800000000000005,-0.09570000000000001,0.0357,-28.391900000000007,-1.780000000000003,4.8007
0.023200000000000002,-0.09079999999999999,0.0308,-13.363600000000002,3.119999999999999,5.0408
0.011799999999999998,-0.0982,0.021799999999999993,-7.834999999999999,0.8203999999999989,5.8795
0.002000000000000011,-0.10799999999999998,0.01200000000000001,-4.160000000000004,-2.883999999999996,6.834999999999999
-0.0038999999999999972,-0.10220000000000001,0.006100000000000003,0.7278999999999973,-5.589999999999999,10.383999999999997
-0.008799999999999999,-0.0924,0.0012000000000000012,5.926799999999999,-8.04,14.597999999999999
0.001099999999999976,-0.06410000000000005,0.02219999999999995,8.757699999999996,-9.3837,20.34379999999999
0.015799999999999984,-0.02980000000000004,0.051599999999999965,10.820599999999997,-10.368599999999999,26.586399999999994
0.02,-0.02,0.08449999999999998,5.796000000000006,-7.664500000000004,31.1455
0.02,-0.02,0.11879999999999999,-2.063599999999998,-3.4848000000000017,35.0312
0.006799999999999997,-0.013399999999999999,0.1234,-9.6394,2.9917000000000016,40.5042
-0.012800000000000013,-0.0035999999999999943,0.11359999999999999,-17.077600000000004,10.581800000000005,46.7468
-0.007599999999999982,0.018600000000000026,0.09139999999999998,-33.81890000000003,21.68730000000001,53.16300000000001
0.011999999999999957,0.04799999999999993,0.06200000000000007,-55.961999999999954,34.833999999999975,59.679999999999986
0.01710000000000001,0.0629,0.06159999999999997,-91.41609999999993,39.4924,63.1694
0.012200000000000006,0.0678,0.08119999999999997,-136.05019999999993,38.2968,64.5708
0.02349999999999998,0.0754,0.10619999999999996,-178.07069999999996,37.643899999999995,68.9881
0.04799999999999999,0.0852,0.13559999999999997,-217.96159999999998,37.4332,75.86280000000001
0.06,0.0675,0.1325,-243.9475,44.235,70.6925
0.06,0.02340000000000014,0.0982000000000001,-256.58459999999997,57.768799999999956,53.95900000000005
0.07150000000000002,-0.027600000000000055,0.06159999999999997,-267.93140000000005,65.4008,36.73559999999999
0.09599999999999995,-0.08639999999999987,0.02240000000000009,-277.8196,66.3612,18.95840000000004
0.12260000000000006,-0.13050000000000003,0.006300000000000024,-284.6103,69.5224,5.765499999999989
0.15199999999999997,-0.15499999999999997,0.020999999999999977,-287.271,75.61799999999998,-1.3149999999999897
0.15860000000000013,-0.1851999999999998,0.04139999999999986,-279.6318000000001,85.45469999999992,-6.738699999999987
0.1292,-0.2244,0.07079999999999997,-255.7296,101.19839999999999,-9.546399999999998
0.09640000000000015,-0.2720999999999998,0.07980000000000011,-230.2617000000001,109.36520000000003,-9.897600000000017
0.05719999999999999,-0.33580000000000004,0.050399999999999986,-201.8466,103.2696,-5.624799999999999
0.03449999999999996,-0.38,0.03749999999999993,-171.8130000000001,99.223,2.1234999999999538
0.049200000000000015,-0.38,0.06200000000000003,-138.11079999999995,99.8208,17.74960000000002
0.05870000000000001,-0.36570000000000014,0.07870000000000002,-106.96050000000005,103.10569999999998,30.79909999999999
0.053799999999999994,-0.3117999999999999,0.07379999999999999,-82.87699999999995,113.83180000000003,36.71340000000001
0.04670000000000002,-0.2634000000000001,0.07329999999999999,-61.30260000000001,124.042,41.1592
0.03200000000000006,-0.23400000000000012,0.08799999999999994,-48.39600000000006,132.46999999999997,40.532000000000004
0.02,-0.21,0.1036,-35.7747,141.4785,39.454800000000006
0.02,-0.21,0.12319999999999995,-24.42140000000004,153.06699999999995,36.377600000000015
0.01719999999999999,-0.20579999999999998,0.14140000000000003,-14.288899999999998,164.34890000000001,33.1681
-0.0023999999999999473,-0.17640000000000006,0.15119999999999997,-11.481200000000008,173.79119999999998,29.16480000000001
-0.022000000000000033,-0.15150000000000002,0.16,-9.481500000000008,183.276,25.423499999999997
-0.04159999999999997,-0.16619999999999996,0.16,-14.592199999999991,193.13479999999998,23.987800000000004
-0.061499999999999874,-0.18239999999999978,0.16089999999999993,-19.364200000000004,202.60239999999996,23.02249999999997
-0.08599999999999998,-0.22159999999999996,0.17559999999999998,-18.942800000000002,206.0716,29.269999999999996
-0.11029999999999994,-0.25970000000000004,0.19029999999999994,-18.350200000000036,209.5425,35.44609999999999
-0.125,-0.245,0.20500000000000002,-9.540000000000001,213.095,38.195
-0.13969999999999996,-0.23030000000000006,0.21969999999999995,-0.7298000000000282,216.64749999999998,40.94389999999999
-0.16399999999999984,-0.1868000000000003,0.24879999999999983,3.5491999999999733,223.39679999999996,46.908799999999964
-0.18849999999999995,-0.1427000000000001,0.27819999999999995,7.733799999999991,230.21269999999998,52.940699999999985
-0.21300000000000005,-0.1308,0.2846,0.3309999999999853,240.52920000000003,51.125
-0.23749999999999977,-0.12100000000000008,0.2894999999999999,-7.8274999999999295,251.07399999999993,48.79750000000002
-0.2619999999999999,-0.10680000000000006,0.2636000000000001,-19.281599999999944,255.55559999999997,39.03400000000005
-0.2865,-0.0921,0.23420000000000002,-31.110199999999992,259.34819999999996,28.425500000000007
-0.3068000000000001,-0.08579999999999999,0.2258,-38.53720000000002,263.8086,11.466599999999936
-0.32639999999999986,-0.08090000000000004,0.22090000000000004,-45.23059999999995,268.3803,-6.550699999999875
-0.34199999999999997,-0.08,0.22799999999999998,-60.583999999999946,273.052,-23.95599999999995
-0.3567,-0.08,0.2378,-77.88590000000002,277.74620000000004,-41.22360000000002
-0.3827999999999997,-0.08759999999999991,0.27039999999999964,-93.53859999999986,278.8,-53.4903999999999
-0.41219999999999984,-0.09739999999999996,0.3095999999999998,-108.71389999999991,278.8,-64.30959999999995
-0.4487999999999999,-0.09640000000000001,0.34519999999999995,-115.41839999999999,270.06280000000004,-66.8704
-0.4880000000000001,-0.09149999999999998,0.3795000000000001,-119.06400000000002,258.17049999999995,-66.449
-0.5203999999999998,-0.10699999999999982,0.42399999999999965,-122.27439999999999,239.47820000000016,-70.67539999999994
-0.5498,-0.13149999999999992,0.4729999999999998,-125.2928,217.78590000000005,-76.95229999999998
-0.5504,-0.15600000000000003,0.5156000000000001,-122.0072,199.1368,-88.2788
-0.5357000000000002,-0.18049999999999977,0.5547999999999996,-115.37260000000006,182.10440000000017,-102.28789999999987
-0.527,-0.1780000000000001,0.5640000000000001,-102.83100000000009,171.89700000000005,-115.93399999999991
-0.5221,-0.15840000000000004,0.5542,-86.54830000000003,166.0121,-129.35019999999997
-0.5452000000000001,-0.11639999999999986,0.5388,-86.51960000000003,158.58999999999997,-140.78680000000003
-0.5892999999999996,-0.05760000000000047,0.5192000000000002,-98.6813999999999,150.01500000000007,-150.7386999999999
-0.6385999999999997,-0.017000000000000102,0.5126,-133.67119999999977,131.27920000000012,-155.2202
-0.6925,0.0075,0.5175000000000001,-188.855,103.555,-154.8625
-0.7344000000000002,-0.008800000000000238,0.5440000000000003,-249.7604000000003,73.03239999999985,-153.156
-0.7637999999999998,-0.06759999999999963,0.5929999999999996,-316.6257999999996,39.59480000000021,-150.04450000000003
-0.7690000000000001,-0.14619999999999977,0.6134000000000001,-360.554,8.775200000000062,-149.7798
-0.7444999999999999,-0.24910000000000018,0.5986999999999999,-376.33200000000005,-18.83140000000005,-153.0089
-0.7220000000000002,-0.3359999999999994,0.5520000000000008,-381.0600000000001,-38.375999999999934,-149.3960000000001
-0.7024,-0.3996999999999997,0.4589000000000004,-369.7655000000001,-46.23069999999996,-135.86220000000006
-0.6828,-0.44,0.37660000000000005,-358.41700000000003,-54.943999999999996,-119.40880000000001
-0.6631999999999999,-0.44,0.3128999999999998,-346.97549999999995,-65.13600000000004,-97.92719999999991
-0.6468,-0.4431999999999999,0.25880000000000025,-335.09400000000005,-75.69759999999992,-79.57680000000008
-0.637,-0.45299999999999996,0.22450000000000012,-322.30500000000006,-87.02149999999997,-67.68450000000003
-0.6174,-0.45439999999999997,0.18459999999999993,-314.4244,-94.3498,-57.22579999999999
-0.5733000000000005,-0.4348000000000002,0.1307000000000005,-318.81479999999993,-91.68910000000002,-50.35110000000006
-0.5304000000000002,-0.4247999999999999,0.08640000000000007,-326.5495999999999,-84.00880000000012,-45.0208
-0.4912000000000001,-0.44439999999999996,0.07170000000000001,-344.5963,-60.85140000000003,-44.4524
-0.45399999999999996,-0.4650000000000001,0.05799999999999997,-356.6669999999999,-38.90799999999995,-43.57399999999999
-0.42460000000000025,-0.4894999999999998,0.048200000000000076,-345.4313000000001,-21.699200000000133,-41.48660000000002
-0.39440000000000014,-0.5147999999999999,0.044799999999999895,-332.35240000000005,-8.065599999999984,-40.475999999999985
-0.3601,-0.5442,0.07420000000000002,-309.8271,-12.754900000000003,-44.984
-0.32700000000000023,-0.5741999999999996,0.10479999999999962,-286.72700000000026,-17.429799999999958,-48.70240000000002
-0.30250000000000016,-0.6084999999999998,0.14399999999999977,-259.50750000000016,-22.00149999999997,-46.76200000000001
-0.2824,-0.6436,0.17920000000000003,-231.58800000000005,-26.246399999999998,-44.14360000000001
-0.3118000000000001,-0.6877000000000001,0.16939999999999997,-195.7934999999999,-26.8148,-33.89769999999997
-0.3405999999999999,-0.7311999999999997,0.15840000000000032,-159.73080000000036,-27.897799999999894,-23.830800000000046
-0.35529999999999995,-0.7605999999999999,0.11920000000000017,-117.36540000000018,-41.073899999999945,-17.970400000000023
-0.37,-0.79,0.08,-75.0,-54.25,-12.11
-0.37,-0.8242999999999997,0.060400000000000204,-43.20880000000033,-90.43159999999963,4.407899999999827
-0.37,-0.8585999999999998,0.04080000000000013,-11.417600000000203,-126.61319999999978,20.925799999999896
-0.40759999999999935,-0.8412000000000003,0.05409999999999976,-2.8115000000001285,-149.81339999999963,38.195699999999704
-0.44679999999999953,-0.8216000000000002,0.06879999999999982,4.807999999999902,-172.4611999999997,55.49759999999978
-0.4589999999999999,-0.7615000000000005,0.06550000000000004,2.5770000000000266,-190.88349999999983,68.87549999999989
-0.46879999999999994,-0.6978000000000002,0.06060000000000002,-0.5295999999999856,-208.9301999999999,81.90459999999995
-0.47859999999999997,-0.6298,0.0643,-21.098499999999984,-221.2106,87.1163
-0.4884,-0.5611999999999998,0.06920000000000003,-44.10400000000008,-232.68640000000005,91.23720000000002
-0.4776999999999999,-0.5253999999999998,0.06179999999999993,-103.56260000000049,-236.95850000000002,94.30850000000002
-0.4630000000000003,-0.4960000000000005,0.05200000000000017,-170.13399999999885,-239.82499999999996,97.17499999999995
-0.40150000000000097,-0.5211999999999994,0.06559999999999974,-213.5393999999995,-248.49469999999985,93.83660000000008
-0.3280000000000007,-0.5603999999999996,0.08519999999999982,-251.00479999999965,-258.6523999999999,88.90720000000005
-0.29520000000000013,-0.6143999999999996,0.08630000000000003,-266.51809999999995,-260.3741,91.80699999999997
-0.2756,-0.6731999999999999,0.0814,-274.91179999999997,-259.3598,97.246
-0.2910000000000001,-0.7215000000000001,0.06949999999999996,-262.58549999999997,-262.101,106.82550000000003
-0.32040000000000024,-0.7656000000000003,0.0547999999999999,-241.97119999999987,-266.34440000000006,118.06120000000008
-0.3563999999999993,-0.7767000000000001,0.05329999999999992,-217.1296000000005,-265.45630000000006,124.10269999999994
-0.39559999999999945,-0.7718,0.05819999999999993,-190.23840000000038,-262.08020000000005,127.62579999999994
-0.4038000000000001,-0.7421000000000004,0.05070000000000015,-179.60360000000003,-257.0022,127.86290000000001
-0.3940000000000001,-0.6980000000000003,0.03600000000000009,-178.408,-250.93600000000004,126.19200000000001
-0.37550000000000006,-0.68,0.00680000000000007,-188.38899999999995,-244.2347,126.05810000000001
-0.351,-0.68,-0.032400000000000095,-206.07800000000006,-237.09539999999998,126.9842
-0.31569999999999976,-0.6989000000000003,-0.06350000000000017,-226.87740000000014,-229.12989999999994,127.2839
-0.27160000000000084,-0.7331999999999994,-0.08799999999999955,-250.21119999999956,-220.49120000000016,127.0732
-0.22250000000000078,-0.7624999999999996,-0.09750000000000007,-268.9124999999998,-212.3275000000001,127.35249999999999
-0.16860000000000058,-0.7869999999999998,-0.09260000000000004,-283.16659999999985,-204.61980000000008,128.10219999999998
-0.1262000000000002,-0.8114999999999999,-0.09,-298.54079999999993,-197.50090000000006,132.84699999999995
-0.09680000000000008,-0.836,-0.09,-315.1812,-191.04760000000002,142.10799999999998
-0.07579999999999984,-0.8563000000000002,-0.08789999999999992,-329.5557000000002,-185.77239999999995,150.83140000000014
-0.06599999999999995,-0.8710000000000001,-0.08299999999999998,-340.90900000000005,-182.06799999999998,158.83800000000005
-0.052400000000000085,-0.8762000000000001,-0.08,-349.8759,-178.01590000000002,165.2334
-0.032800000000000294,-0.8664000000000002,-0.08,-355.0747999999999,-173.41480000000007,169.08479999999994
-0.006400000000001002,-0.8616999999999999,-0.07830000000000013,-362.10969999999975,-170.5239,168.26290000000023
0.032799999999999725,-0.8665999999999999,-0.07340000000000003,-372.60059999999993,-170.8522,158.64420000000007
0.061499999999999916,-0.8744999999999997,-0.06850000000000009,-384.36949999999973,-172.48849999999993,147.72650000000024
0.06640000000000001,-0.8892,-0.06359999999999999,-399.03520000000003,-177.08960000000002,133.8644
0.062200000000000276,-0.9064999999999998,-0.06649999999999977,-408.36830000000003,-177.8232000000001,123.43430000000002
0.03280000000000058,-0.9309999999999995,-0.09099999999999951,-402.93420000000015,-167.8468000000002,122.50820000000003
0.00780000000000001,-0.9599,-0.11989999999999995,-394.31340000000006,-158.7812,123.3861
-0.0019999999999998855,-1.0039999999999996,-0.16399999999999948,-374.68400000000025,-152.86200000000008,130.49599999999992
-0.0028000000000008574,-1.0471999999999992,-0.20629999999999926,-354.7414000000005,-146.04910000000024,135.26320000000013
0.03639999999999987,-1.0864,-0.2405999999999999,-333.4068000000001,-135.26420000000005,129.61840000000004
0.08679999999999838,-1.1255999999999995,-0.2651000000000005,-311.25740000000036,-125.64410000000004,122.67510000000021
0.20440000000000055,-1.1648000000000003,-0.23079999999999987,-284.2191999999999,-123.01279999999998,107.94079999999992
0.3239999999999992,-1.2029999999999998,-0.19800000000000012,-255.57100000000025,-121.09549999999999,94.20100000000002
0.4611999999999977,-1.2323999999999995,-0.17840000000000034,-212.7548000000007,-125.46139999999993,89.21280000000007
0.59,-1.26,-0.16030000000000003,-170.17259999999993,-129.6899,84.69470000000001
0.59,-1.26,-0.16519999999999996,-131.17840000000032,-131.81159999999997,87.38479999999997
0.5892000000000007,-1.259000000000001,-0.17,-92.78920000000018,-133.48200000000037,89.96820000000004
0.55,-1.21,-0.17,-83.44,-113.49,87.43
0.5108000000000004,-1.1610000000000005,-0.17,-74.0908000000001,-93.49800000000022,84.89180000000003
0.5484000000000003,-1.1023999999999996,-0.18440000000000012,-105.77200000000028,-83.31719999999993,79.71839999999996
0.5875999999999999,-1.0436,-0.19909999999999997,-138.30799999999994,-73.34080000000003,74.49010000000001
0.6681999999999989,-1.0308000000000002,-0.22759999999999964,-180.32459999999946,-53.31800000000027,60.310200000000194
0.7514999999999981,-1.0210000000000004,-0.25699999999999934,-222.95949999999903,-32.640000000000484,45.54650000000034
0.8039999999999998,-1.0419999999999998,-0.29079999999999984,-262.0303999999998,-12.556000000000093,27.755600000000083
0.8529999999999992,-1.0664999999999998,-0.3250999999999995,-300.69629999999944,7.460499999999698,9.620700000000273
0.8642,-1.1330000000000002,-0.33840000000000003,-325.7080000000001,16.464600000000026,-4.3646000000000456
0.8691,-1.2064999999999995,-0.3481999999999999,-348.44399999999985,23.63329999999995,-17.658299999999908
0.8739999999999999,-1.2599999999999991,-0.3260000000000005,-351.74,24.854000000000003,-29.807999999999794
0.8788999999999999,-1.3089999999999986,-0.2966000000000008,-350.66200000000003,24.736400000000003,-41.700299999999665
0.8458000000000004,-1.3352,-0.3089999999999998,-332.51060000000024,44.937399999999755,-27.942600000000194
0.8017000000000009,-1.3547999999999998,-0.3334999999999995,-309.41690000000045,71.02009999999949,-6.7599000000004175
0.7684000000000001,-1.3996,-0.34,-257.71760000000006,85.20839999999998,-4.189199999999995
0.7390000000000003,-1.4534999999999993,-0.34,-195.68850000000072,95.10149999999989,-8.339499999999951
0.7368,-1.4597999999999998,-0.33319999999999994,-139.0721999999996,96.38579999999997,-26.032000000000163
0.7465999999999999,-1.4451,-0.3234,-84.84390000000019,93.8721,-49.69899999999991
0.7148000000000008,-1.4272000000000002,-0.2976000000000005,-52.801200000000286,100.59039999999985,-69.75319999999975
0.6609000000000014,-1.4076000000000004,-0.2633000000000008,-32.54460000000049,112.21319999999972,-87.88809999999955
0.5650000000000007,-1.4179999999999997,-0.2380000000000001,-18.52500000000006,122.53699999999995,-93.21900000000002
0.442500000000002,-1.4473999999999996,-0.21840000000000032,-8.455500000000164,132.03809999999984,-90.44070000000005
0.3115999999999997,-1.474,-0.20439999999999997,3.798000000000034,124.72239999999996,-82.47119999999998
0.1744000000000011,-1.4984999999999997,-0.19460000000000008,17.68949999999989,104.79410000000016,-70.6083000000001
0.07620000000000118,-1.5048000000000001,-0.17700000000000046,41.98099999999938,84.1690000000004,-57.76260000000026
0.0125,-1.495,-0.15250000000000002,75.4725,62.9275,-44.0475
-0.036799999999999645,-1.4756000000000002,-0.12560000000000032,100.94559999999981,50.80120000000003,-31.25640000000012
-0.07109999999999927,-1.4462000000000006,-0.09620000000000062,118.06619999999964,48.169900000000055,-19.427800000000246
-0.09439999999999997,-1.3948,-0.08,129.4316,43.29900000000002,-9.810200000000016
-0.10419999999999988,-1.316400000000001,-0.08,133.73379999999995,35.6795000000001,-2.9061000000000883
-0.09999999999999987,-1.2379999999999995,-0.0719999999999999,127.45199999999988,28.145999999999958,2.7780000000000227
-0.07550000000000011,-1.1596000000000004,-0.05240000000000009,105.8234000000001,20.737200000000037,6.693099999999982
-0.056400000000000144,-1.1064000000000003,-0.032800000000000294,80.39500000000048,13.944000000000086,10.705399999999937
-0.04660000000000025,-1.0966000000000002,-0.013200000000000501,48.42250000000082,8.211000000000146,14.885099999999893
-0.04319999999999993,-1.1027999999999998,0.011199999999999766,22.061200000000103,1.7148000000000554,18.959199999999974
-0.052999999999999825,-1.1419999999999992,0.04549999999999941,7.273000000000256,-6.355499999999859,22.815499999999933
-0.06700000000000003,-1.1854,0.07700000000000004,0.8162000000000162,-14.697400000000009,23.699599999999993
-0.09149999999999978,-1.2392999999999994,0.10149999999999977,15.187899999999866,-23.718299999999914,17.153200000000062
-0.09800000000000096,-1.2847999999999997,0.12359999999999971,38.61119999999899,-29.769200000000062,11.434800000000063
-0.04900000000000148,-1.3043999999999996,0.13829999999999956,89.94359999999845,-26.662600000000094,8.269400000000097
-0.005000000000000289,-1.32,0.1430000000000004,143.0919999999993,-21.74500000000014,5.92699999999999
0.01949999999999946,-1.32,0.10870000000000075,203.32279999999867,-9.764500000000265,6.79429999999998
0.04159999999999997,-1.3152000000000001,0.0712000000000002,260.61759999999987,1.040799999999983,8.275999999999984
0.05139999999999986,-1.2858000000000005,0.017300000000000752,302.8653999999994,5.823199999999933,12.906499999999934
0.06300000000000011,-1.2551999999999999,-0.03,341.17300000000006,8.256599999999931,16.23079999999997
0.08749999999999986,-1.2160000000000002,-0.03,351.24249999999995,-6.144499999999917,10.194000000000035
0.11279999999999944,-1.1784000000000003,-0.02880000000000024,359.5876000000002,-20.911599999999694,3.969600000000135
0.14709999999999906,-1.1588000000000005,-0.014100000000000392,348.5332000000003,-39.7961999999995,-4.365299999999778
0.18019999999999994,-1.1392,0.00039999999999992125,337.1202000000002,-58.09659999999996,-12.30760000000001
0.1850999999999999,-1.1196000000000004,0.010199999999999819,317.28010000000035,-62.66829999999991,-11.023800000000023
0.19,-1.1,0.02,297.44,-67.24,-9.74
0.1508000000000004,-1.1,0.02,269.2944000000003,-60.96800000000006,1.3486999999998837
0.11160000000000082,-1.1,0.02,241.1488000000006,-54.696000000000126,12.43739999999977
0.05830000000000012,-1.0906,-0.022299999999999896,218.27660000000006,-30.564000000000057,23.347499999999975
0.004400000000000688,-1.0808000000000002,-0.06639999999999945,195.6288000000003,-5.672000000000318,34.24999999999986
-0.004499999999999886,-1.044000000000001,-0.07899999999999978,168.86800000000062,2.5339999999998435,30.145000000000124
-0.009399999999999836,-1.0048000000000012,-0.08879999999999967,141.74160000000091,9.256799999999775,24.70600000000018
0.04589999999999904,-0.9914000000000002,-0.047000000000000736,103.59860000000059,-3.9766999999997594,12.111800000000205
0.10959999999999837,-0.9816000000000003,0.001999999999998751,63.91840000000101,-19.99479999999959,-1.4807999999996535
0.13639999999999985,-0.9963999999999998,0.05509999999999962,39.71570000000015,-15.881900000000055,-10.575699999999943
0.15599999999999967,-1.0159999999999996,0.10899999999999906,18.53300000000037,-7.84100000000014,-18.792999999999857
0.11319999999999994,-1.0317,0.1122,16.659200000000002,8.873500000000021,-15.762699999999992
0.054400000000000545,-1.0464,0.1024000000000001,19.73639999999997,27.811999999999827,-9.848400000000055
-0.011799999999998645,-1.0684999999999996,0.1073999999999998,32.877599999999674,34.95489999999994,-4.700000000000097
-0.08039999999999992,-1.093,0.11719999999999998,49.28279999999998,38.2722,0.1999999999999944
-0.13849999999999937,-1.0930000000000002,0.1444999999999996,64.02199999999984,42.31399999999995,7.896499999999898
-0.19240000000000038,-1.0832,0.17880000000000024,78.09480000000009,46.64560000000003,16.71160000000006
-0.21,-1.056900000000001,0.19329999999999983,87.47829999999976,49.14899999999995,18.96630000000003
-0.21,-1.0225999999999995,0.19820000000000007,94.58820000000011,50.76600000000003,18.040199999999984
-0.16660000000000166,-0.9945000000000006,0.17830000000000085,102.3986999999998,57.993999999999744,13.958300000000143
-0.09800000000000239,-0.9700000000000009,0.1440000000000012,110.61599999999972,68.47999999999963,8.044000000000207
-0.04680000000000063,-0.9571000000000001,0.11550000000000041,117.08169999999991,76.5792999999999,5.311000000000009
-0.007600000000001045,-0.9522,0.09100000000000066,122.33939999999986,83.03259999999983,4.7720000000000145
0.01,-0.9526999999999999,0.07730000000000005,118.5089000000001,90.53889999999994,0.9741000000000533
0.01,-0.9575999999999999,0.0724000000000001,107.2732000000002,98.90319999999984,-5.47919999999988
0.0075,-0.9575,0.0675,91.0225,107.7575,-11.3825
0.002600000000000051,-0.9526,0.06260000000000004,69.95740000000022,117.0821999999999,-16.757799999999943
-0.006899999999999691,-0.9614999999999995,0.06,53.35430000000024,123.13859999999995,-21.700699999999905
-0.021599999999999966,-0.9859999999999999,0.06,41.79520000000002,125.50039999999998,-26.154799999999987
-0.015300000000000445,-1.0104999999999997,0.05580000000000013,35.80319999999998,126.8626,-27.918800000000022
0.019000000000000197,-1.0350000000000001,0.045999999999999944,37.23400000000001,126.892,-26.09599999999999
0.04379999999999995,-1.0462,0.04189999999999998,36.36200000000002,128.2191,-27.250499999999974
0.053600000000000134,-1.0364,0.04680000000000007,31.853999999999935,131.59520000000006,-33.10600000000008
0.05490000000000037,-1.0232000000000006,0.03810000000000088,28.048100000000062,136.7018999999998,-37.22069999999998
0.04020000000000053,-1.0036000000000007,0.0038000000000012364,25.56380000000009,145.0661999999997,-38.05859999999997
0.0195000000000006,-0.9914999999999999,-0.018500000000000086,18.92900000000028,146.07750000000027,-38.34750000000002
-0.014799999999999043,-0.9963999999999998,-0.013600000000000136,2.8864000000004477,130.42200000000045,-37.392000000000024
-0.034800000000000185,-1.0103999999999997,-0.0061000000000001366,-10.59649999999994,115.83640000000011,-35.43680000000004
-0.015200000000000387,-1.0495999999999992,0.00859999999999971,-16.99099999999987,104.21360000000023,-30.713200000000093
-0.00439999999999998,-1.0833000000000002,0.024399999999999977,-19.68950000000001,94.3948,-25.675000000000008
-0.02399999999999977,-1.0979999999999999,0.043999999999999775,-9.620000000000118,90.80800000000004,-19.55000000000007
-0.047199999999999145,-1.1109,0.06089999999999989,2.463699999999541,87.35890000000006,-14.347500000000025
-0.08639999999999987,-1.1158000000000001,0.06579999999999998,23.499399999999927,84.52180000000001,-13.245000000000005
-0.12,-1.111600000000001,0.06860000000000015,42.5239999999999,82.76409999999994,-11.514600000000078
-0.12,-1.0527999999999997,0.058799999999999956,49.48200000000003,87.48280000000003,-6.016799999999975
-0.11850000000000051,-0.9955000000000015,0.05,55.04450000000023,91.4305000000001,-1.2199999999999522
-0.10379999999999981,-0.9513999999999995,0.05,48.326599999999914,88.59339999999997,-2.5920000000000174
-0.08790000000000091,-0.91,0.04940000000000026,41.513000000000225,85.43800000000022,-4.009899999999943
-0.05360000000000127,-0.91,0.039600000000000364,33.23200000000031,77.4020000000003,-6.131599999999922
-0.02039999999999964,-0.9105999999999995,0.030099999999999908,24.76460000000032,69.45010000000008,-8.219199999999992
-0.03999999999999943,-0.9399999999999992,0.03499999999999986,7.350000000000504,65.53500000000011,-8.669999999999987
-0.05959999999999979,-0.9693999999999997,0.03989999999999995,-10.064599999999817,61.61990000000004,-9.120799999999996
-0.12239999999999868,-1.0035999999999994,0.0352000000000001,-9.92560000000001,67.97679999999987,-4.152400000000107
-0.18609999999999985,-1.0379,0.03030000000000001,-9.420900000000001,74.54769999999999,0.9288999999999882
-0.2773999999999988,-1.04,0.03,-1.1422000000001127,83.92919999999988,13.048199999999838
-0.37049999999999783,-1.04,0.03,7.643499999999795,93.49399999999977,25.62649999999971
-0.3404000000000002,-1.0048000000000001,0.025600000000000022,15.91879999999996,93.5548,26.9364
-0.2963000000000007,-0.9656000000000006,0.020700000000000073,24.136099999999875,92.53560000000002,26.965799999999998
-0.20179999999999962,-0.939,0.011599999999999966,25.9736,96.13220000000001,20.312999999999974
-0.09890000000000071,-0.9145000000000002,0.0018000000000000683,26.747799999999994,100.49809999999997,12.546500000000053
-0.05199999999999961,-0.9140000000000001,0.004000000000000057,23.425999999999952,103.08000000000003,6.435999999999933
-0.017700000000000958,-0.9188999999999999,0.008899999999999863,19.182600000000118,105.26049999999994,0.6981000000001597
-0.04799999999999954,-0.9579999999999995,0.028999999999999772,19.17999999999999,102.27300000000004,-1.42599999999999
-0.09700000000000045,-1.0070000000000006,0.05350000000000023,20.405000000000012,97.78949999999995,-2.50400000000001
-0.15319999999999823,-1.045199999999999,0.10679999999999808,26.10839999999978,90.30000000000025,4.741199999999692
-0.21199999999999933,-1.0794999999999997,0.17049999999999926,33.42899999999992,81.7250000000001,14.99199999999988
-0.202800000000002,-1.0594000000000023,0.22059999999999774,48.317999999999074,78.89260000000002,14.502200000000265
-0.163599999999999,-1.015299999999999,0.26470000000000116,66.54600000000048,78.59369999999998,9.273899999999866
-0.11800000000000067,-0.9712000000000006,0.2704000000000002,84.69399999999975,86.09959999999984,1.565600000000126
-0.06900000000000261,-0.9271000000000024,0.2557000000000008,102.79949999999903,97.75179999999938,-7.460199999999519
-0.038000000000000686,-0.8950000000000009,0.22600000000000137,112.36399999999985,98.6130000000002,-12.513999999999912
-0.01840000000000032,-0.8705000000000004,0.18680000000000063,116.51919999999993,92.6399000000001,-15.05219999999996
-0.018400000000000034,-0.8543999999999999,0.15599999999999994,115.03799999999998,84.97559999999997,-16.823200000000003
-0.033099999999999456,-0.8446000000000004,0.13150000000000092,109.32950000000021,76.04290000000033,-18.018799999999956
-0.05039999999999964,-0.8685999999999989,0.13819999999999935,98.72260000000028,62.28980000000033,-17.849400000000024
-0.07,-0.9225,0.1725,83.7825,44.272499999999994,-16.4725
-0.11839999999999691,-0.9859999999999971,0.21399999999999808,72.85280000000026,24.119200000000884,-16.794799999999917
-0.19679999999999837,-1.0594999999999986,0.26299999999999896,66.10060000000014,1.740900000000467,-18.887099999999954
-0.2641999999999999,-1.0890000000000002,0.2966,75.37979999999993,-10.5504,-17.250400000000013
-0.3181000000000008,-1.0644999999999996,0.31130000000000024,104.33390000000047,-10.4622,-11.037199999999899
-0.33800000000000063,-1.0220000000000016,0.31200000000000044,135.87199999999916,-9.02000000000008,-2.9580000000002524
-0.3086000000000001,-0.9534000000000004,0.2924000000000001,171.15689999999984,-5.614500000000016,7.82689999999995
-0.28460000000000063,-0.8956000000000017,0.2620000000000022,201.56919999999903,-7.356999999999534,18.710799999999512
-0.26989999999999953,-0.8563999999999987,0.2129999999999984,223.5898000000007,-17.965500000000343,29.76520000000036
-0.26799999999999985,-0.8315999999999999,0.19119999999999976,233.1608000000001,-28.87479999999992,36.03080000000003
-0.29249999999999887,-0.8364999999999997,0.2254999999999984,217.05450000000076,-40.404499999999466,32.41950000000017
-0.30720000000000025,-0.8358000000000004,0.25699999999999934,204.88500000000008,-50.63779999999981,29.34440000000005
-0.29740000000000005,-0.8211000000000002,0.28149999999999975,202.55750000000003,-57.630099999999935,27.609800000000018
-0.2863999999999998,-0.81,0.2951999999999998,203.3536000000001,-62.536799999999985,25.699999999999978
-0.27170000000000044,-0.81,0.27560000000000057,213.7807999999997,-61.012900000000045,23.250000000000075
-0.25400000000000034,-0.8020000000000005,0.26,224.98799999999986,-58.477000000000075,20.379000000000055
-0.2245999999999998,-0.7627999999999997,0.26,239.23720000000012,-51.99429999999995,15.86609999999997
-0.20079999999999984,-0.7260000000000008,0.26079999999999987,250.08720000000022,-46.50200000000002,12.002800000000017
-0.20569999999999994,-0.7015000000000003,0.26569999999999994,243.5163000000001,-46.0855,11.468700000000007
-0.22200000000000045,-0.6824000000000001,0.26639999999999986,233.90459999999985,-44.38799999999995,12.364400000000053
-0.3200000000000023,-0.7020000000000005,0.23699999999999932,202.50049999999928,-33.50999999999975,23.50700000000026
-0.41879999999999823,-0.7219999999999995,0.21199999999999958,170.24800000000067,-24.141999999999875,34.776399999999796
-0.5266000000000002,-0.7465,0.23650000000000004,128.4509999999999,-31.76150000000002,47.47230000000003
-0.6270000000000027,-0.7696000000000004,0.26159999999999856,87.76240000000054,-39.36519999999973,59.65859999999999
-0.5535000000000013,-0.7598000000000001,0.3007999999999993,73.12120000000027,-46.597599999999865,59.869299999999996
-0.48,-0.75,0.34,58.48,-53.83,60.08
-0.3379000000000056,-0.6961000000000022,0.3204000000000008,67.11379999999966,-34.494600000000766,43.04760000000067
-0.19580000000000297,-0.6422000000000011,0.3008000000000004,75.74759999999982,-15.159200000000403,26.015200000000355
-0.15710000000000007,-0.5742000000000002,0.28590000000000004,79.91169999999998,0.6464999999999641,0.21730000000005845
-0.12279999999999944,-0.5055999999999989,0.2711999999999998,83.88560000000005,16.302000000000252,-25.953600000000424
-0.16949999999999876,-0.5089999999999998,0.28349999999999964,60.2295000000006,13.6020000000001,-38.89899999999973
-0.22339999999999977,-0.5187999999999999,0.2981999999999999,34.117400000000124,9.27040000000002,-50.66879999999995
-0.29450000000000104,-0.6189000000000016,0.3387000000000006,8.37079999999964,1.2923999999998816,-47.18219999999992
-0.3679999999999981,-0.7315999999999971,0.38279999999999886,-17.324799999999343,-7.194399999999783,-41.56680000000014
-0.3349000000000004,-0.8155999999999994,0.36950000000000016,9.229999999999741,-1.7043000000000568,-28.202400000000104
-0.2810000000000025,-0.8939999999999964,0.34500000000000114,45.97999999999829,6.512999999999618,-13.32600000000069
-0.18419999999999676,-0.8787999999999988,0.30489999999999867,115.59530000000235,23.00220000000056,-6.198899999999844
-0.07640000000000101,-0.8396000000000003,0.2608000000000004,193.63759999999928,41.61239999999983,-1.0588000000000475
0.0017999999999966515,-0.7708000000000038,0.2019000000000031,252.54719999999742,61.265999999999025,-8.124999999999464
0.07039999999999792,-0.6924000000000023,0.13820000000000193,305.2515999999984,81.2579999999994,-19.149999999999668
0.0410000000000008,-0.6560000000000002,0.07800000000000068,315.14400000000006,99.86049999999979,-31.966999999999842
-0.02760000000000048,-0.6363999999999999,0.01919999999999959,307.91159999999996,117.90720000000012,-45.5008000000001
-0.11929999999999666,-0.6464999999999992,-0.0032999999999998413,279.89580000000126,118.46720000000026,-43.33980000000032
-0.22219999999999857,-0.6709999999999997,-0.008199999999999931,241.80320000000054,110.54880000000011,-33.56920000000014
-0.24449999999999988,-0.6893000000000001,0.021000000000000227,212.3657999999999,96.46759999999992,-15.766499999999896
-0.22000000000000086,-0.7039999999999995,0.06999999999999829,187.95400000000086,78.8080000000006,6.699999999999218
-0.1665000000000012,-0.7071000000000001,0.13059999999999888,179.35299999999998,63.27120000000022,17.514299999999956
-0.09300000000000408,-0.7022000000000003,0.19919999999999619,181.65599999999986,49.19840000000079,20.292599999999844
-0.07890000000000072,-0.6864999999999994,0.24350000000000052,192.59900000000036,48.60940000000022,17.738399999999853
-0.11319999999999937,-0.6620000000000005,0.26799999999999957,210.58199999999965,59.007199999999806,10.839200000000128
-0.16,-0.6225,0.28250000000000003,228.52249999999998,65.8075,10.4175
-0.2187999999999977,-0.5686000000000022,0.2873999999999998,246.4221999999993,69.15419999999988,16.21419999999977
-0.2408000000000004,-0.5147000000000012,0.28770000000000007,249.70770000000027,65.30650000000026,22.80899999999984
-0.22120000000000004,-0.46080000000000015,0.28280000000000005,236.47280000000003,53.32600000000003,30.305999999999983
-0.2120999999999998,-0.43,0.2883999999999992,206.03890000000223,42.88270000000035,34.564800000000005
-0.2169999999999999,-0.43,0.30799999999999955,152.67300000000125,34.489000000000196,34.506
-0.2275999999999999,-0.44139999999999985,0.32569999999999993,106.34090000000016,19.907000000000117,36.415599999999976
-0.24720000000000028,-0.4708000000000004,0.3404000000000002,71.1147999999995,-4.446000000000339,41.43320000000007
-0.26,-0.5086999999999986,0.35,47.60170000000004,-25.179699999999645,44.472000000000016
-0.26,-0.5625999999999997,0.35,46.13660000000001,-39.1005999999999,43.78600000000001
-0.26150000000000007,-0.6,0.34699999999999986,46.68450000000006,-54.43150000000021,47.12450000000015
-0.26639999999999986,-0.6,0.3372000000000003,51.79519999999985,-72.95839999999947,59.58519999999965
-0.2764999999999998,-0.5948000000000002,0.3196000000000004,54.218800000000044,-84.97620000000005,71.3477999999999
-0.3009999999999988,-0.5752000000000009,0.2804000000000019,49.20120000000024,-78.96880000000029,81.17719999999952
-0.3321000000000015,-0.5511999999999989,0.24229999999999904,41.715199999999555,-74.14279999999998,88.33689999999994
-0.38599999999999934,-0.5120000000000005,0.2080000000000004,25.702000000000186,-73.39800000000001,86.27400000000003
-0.42550000000000127,-0.47550000000000125,0.1746000000000015,8.82120000000106,-71.26450000000042,82.86740000000049
-0.4010000000000008,-0.4510000000000008,0.14520000000000094,-11.915599999999326,-62.95900000000027,73.48880000000031
-0.37230000000000074,-0.4341999999999996,0.1269999999999993,-28.89620000000008,-54.24750000000016,64.25020000000012
-0.31839999999999974,-0.4636000000000001,0.1760000000000002,-23.339599999999976,-43.09999999999995,55.85159999999996
-0.2714999999999995,-0.4954999999999981,0.2234999999999988,-18.749499999999866,-33.61749999999982,47.31000000000034
-0.2861999999999998,-0.5493999999999991,0.2577999999999994,-22.664599999999936,-38.78699999999992,37.51000000000016
-0.2981999999999999,-0.6,0.28879999999999995,-23.7278999999999,-43.276099999999985,28.456400000000002
-0.2688000000000011,-0.6,0.2692000000000007,18.936399999998415,-37.33240000000022,30.847599999999908
-0.24059999999999945,-0.5986000000000012,0.2499000000000001,61.126399999999634,-31.476400000000034,33.433299999999775
-0.27,-0.53,0.245,80.55,-29.83,45.355000000000004
-0.29940000000000055,-0.46139999999999876,0.2400999999999999,99.97360000000036,-28.183599999999966,57.276700000000226
-0.2856000000000003,-0.4360000000000005,0.2304000000000002,89.16200000000023,-30.199599999999958,52.192000000000114
-0.27090000000000003,-0.41150000000000003,0.22060000000000002,77.72050000000003,-32.2919,46.753000000000014
-0.2562000000000006,-0.4145999999999998,0.2383999999999992,47.62140000000131,-33.79539999999994,35.34320000000049
-0.24150000000000033,-0.4194999999999999,0.25799999999999956,16.305500000000727,-35.260499999999965,23.544000000000274
-0.20920000000000016,-0.4551999999999998,0.26,-4.863999999999908,-31.868000000000016,10.71960000000006
-0.17490000000000153,-0.4943999999999983,0.26,-24.880499999999117,-27.923500000000175,-2.22129999999943
-0.16580000000000014,-0.5293999999999991,0.25160000000000027,-39.26479999999965,-19.472400000000235,-7.602199999999895
-0.16090000000000004,-0.5636999999999998,0.24180000000000007,-52.71039999999991,-10.270200000000065,-11.723099999999972
-0.18400000000000033,-0.5820000000000002,0.22399999999999978,-53.519999999999975,-2.6799999999999162,-13.796000000000019
-0.21339999999999917,-0.5966999999999996,0.20440000000000055,-51.486500000000056,4.547499999999799,-15.408099999999955
-0.2124000000000001,-0.5962000000000001,0.18100000000000024,-47.093200000000046,3.042600000000038,-13.569800000000026
-0.20259999999999992,-0.5912999999999999,0.15649999999999978,-42.016799999999954,-0.9901000000000375,-10.732699999999975
-0.18200000000000074,-0.5864000000000001,0.14640000000000014,-40.6268,-3.330799999999948,-8.925200000000043
-0.15750000000000028,-0.5815,0.14150000000000007,-40.568,-5.06049999999998,-7.4895000000000165
-0.16019999999999923,-0.5766000000000002,0.16039999999999852,-37.17040000000025,-7.310399999999873,-9.684999999999807
-0.17490000000000036,-0.5716999999999999,0.18980000000000077,-32.29979999999988,-9.789800000000064,-13.482500000000098
-0.1704000000000002,-0.5668000000000001,0.18720000000000028,-20.83400000000021,-12.115599999999969,-9.395200000000116
-0.15570000000000078,-0.5619000000000003,0.16760000000000105,-5.864500000000799,-14.35979999999988,-1.1191000000004419
-0.15,-0.5450000000000009,0.16299999999999984,-1.8689999999998967,-13.565000000000095,3.955999999999894
-0.15,-0.5205000000000004,0.16789999999999994,-4.823699999999952,-10.845500000000044,7.003799999999951
-0.1472,-0.5324000000000001,0.15879999999999997,-4.726399999999995,-9.7136,-1.1484000000000378
-0.1423000000000002,-0.5715999999999986,0.13920000000000074,-2.3401000000000884,-9.772399999999998,-17.700599999999383
-0.12440000000000057,-0.59,0.1274000000000001,-8.130799999999759,-7.137600000000093,-29.005999999999876
-0.095,-0.59,0.1225,-21.155,-2.12,-35.67
-0.08719999999999942,-0.5516000000000031,0.10560000000000117,-59.38159999999746,16.5823999999987,-38.70280000000003
-0.1018999999999997,-0.4732000000000016,0.07620000000000061,-123.86069999999864,49.53979999999932,-37.95310000000001
-0.13419999999999677,-0.4431999999999982,0.07539999999999793,-169.35599999999866,56.5922000000015,-36.976800000000075
-0.18810000000000088,-0.47260000000000046,0.10970000000000056,-191.55300000000037,31.852099999999602,-35.72239999999998
-0.20800000000000068,-0.507999999999999,0.12200000000000046,-208.4339999999998,10.284000000000393,-29.224000000000323
-0.17860000000000015,-0.5520999999999998,0.10240000000000009,-217.60679999999996,-6.684699999999923,-15.121800000000064
-0.16719999999999913,-0.5961999999999981,0.09179999999999978,-218.66880000000057,-15.083600000000281,-3.741200000000295
-0.18679999999999952,-0.6402999999999989,0.09669999999999988,-205.76220000000032,-8.723400000000163,2.952199999999829
-0.17600000000000054,-0.6572000000000003,0.09360000000000014,-199.33399999999995,6.380799999999773,6.610400000000018
-0.10250000000000342,-0.6180000000000018,0.07400000000000091,-206.26749999999967,39.51949999999846,4.0085000000001205
-0.08639999999999645,-0.5872000000000003,0.07819999999999823,-203.45140000000075,56.240400000000676,3.0641999999999108
-0.21379999999999882,-0.5774,0.14189999999999942,-176.26130000000023,31.916800000000226,6.26389999999997
-0.3051999999999998,-0.5772000000000003,0.19600000000000023,-150.47639999999978,6.328399999999732,9.806800000000042
-0.2856000000000006,-0.6065999999999991,0.22049999999999925,-129.02420000000063,-23.15979999999911,14.407899999999861
-0.26200000000000045,-0.6319999999999999,0.24199999999999988,-103.48000000000049,-52.66099999999966,19.740999999999907
-0.22279999999999972,-0.6418,0.2518000000000001,-61.97699999999971,-82.2129000000002,27.928900000000056
-0.1804000000000019,-0.6579999999999985,0.25840000000000035,-17.665200000001903,-103.58880000000067,32.331200000000486
-0.12160000000000082,-0.7069999999999993,0.24860000000000013,41.04169999999918,-83.06270000000029,17.33230000000021
-0.07119999999999949,-0.7565999999999972,0.2465999999999971,103.90539999999507,-63.59740000000063,-0.27179999999806626
-0.08100000000000022,-0.8105000000000012,0.3005000000000012,196.55950000000212,-51.73449999999973,-36.54650000000084
-0.09039999999999992,-0.8588000000000002,0.35079999999999983,289.1159999999985,-41.07639999999996,-71.62559999999965
-0.09529999999999973,-0.8441000000000007,0.3605999999999994,380.5744999999949,-43.97229999999984,-93.2541999999988
-0.1031999999999971,-0.8236000000000058,0.363400000000006,467.0206000000012,-45.700000000000955,-112.85500000000104
