-0.36675,0.2807,0.0649,270.33835,-3.59165,12.78665
-0.39,0.29,0.13,65.65,-3.68,15.2
-0.32955,0.22025,0.10675000000000001,15.862450000000017,0.435249999999999,5.500100000000003
-0.2691,0.15050000000000002,0.0835,-33.92509999999999,4.5504999999999995,-4.199799999999999
-0.2679,0.0570500000000001,0.07605,-74.37089999999996,17.620399999999986,-1.9983500000000034
-0.2772,-0.040599999999999976,0.0714,-113.1612,32.27719999999999,2.312199999999999
-0.28650000000000003,-0.10250000000000002,0.08300000000000002,-107.57925,34.311,1.806249999999999
-0.2958,-0.14899999999999997,0.10159999999999998,-82.88310000000003,30.907200000000003,-0.7744999999999977
-0.28980000000000006,-0.17255,0.12019999999999996,-61.51215000000005,35.06159999999998,1.8849999999999856
-0.2712,-0.1772,0.13879999999999998,-42.87960000000001,45.4404,8.859999999999996
-0.27294999999999997,-0.17445,0.15184999999999998,-23.02050000000002,57.07164999999999,16.613849999999996
-0.30550000000000005,-0.16049999999999998,0.1565,-1.3049999999999855,70.59850000000002,25.54650000000001
-0.3346,-0.14194999999999997,0.16345,17.382550000000002,79.5104,34.19165000000001
-0.35319999999999996,-0.10940000000000005,0.17739999999999997,26.854599999999984,74.3768,41.96179999999998
-0.3691,-0.07595,0.18955,35.11615,70.33534999999999,48.864349999999995
-0.3598,-0.034100000000000096,0.1849,32.0797,76.48729999999998,47.6693
-0.3505,0.007749999999999969,0.18025,29.04325,82.63924999999999,46.47425
-0.35,0.023199999999999988,0.18,8.868800000000025,93.0328,41.046400000000006
-0.35,0.03714999999999998,0.18,-12.279399999999972,103.66734999999998,35.37805000000001
-0.36479999999999996,0.04,0.18,-32.73199999999997,112.04489999999998,31.285900000000005
-0.38339999999999996,0.04,0.18,-53.005999999999965,119.84294999999999,27.598450000000007
-0.393,0.024999999999999967,0.174,-68.72600000000003,124.53,24.699999999999996
-0.39765,0.001749999999999972,0.16469999999999999,-81.94130000000003,127.506,22.235499999999995
-0.4092,-0.02150000000000002,0.16,-90.38640000000001,130.7488,20.3437
-0.42779999999999996,-0.04474999999999993,0.16,-93.95759999999999,134.2642,19.037050000000004
-0.4432,-0.06639999999999993,0.1616,-96.3688,136.4132,17.24400000000001
-0.4525,-0.085,0.16625,-96.56875,135.9575,14.52375
-0.46090000000000003,-0.1009,0.1718,-94.9075,134.9753,11.8908
-0.46555,-0.10555,0.1811,-85.49125000000001,131.79935,9.6216
-0.47,-0.10940000000000007,0.19019999999999998,-76.09840000000004,128.6954,7.591399999999984
-0.47,-0.09545000000000002,0.19485,-67.2262,127.19345,10.878949999999996
-0.47,-0.08150000000000002,0.1995,-58.35400000000001,125.6915,14.166499999999994
-0.49074999999999996,-0.050950000000000065,0.20829999999999999,-57.29625,118.74890000000002,19.45434999999999
-0.514,-0.01840000000000007,0.2176,-57.18,111.15080000000002,24.98319999999999
-0.53035,0.0003499999999999684,0.21655000000000002,-71.09834999999995,103.57340000000002,27.924549999999996
-0.5443,0.014299999999999962,0.2119,-89.89829999999995,96.00320000000002,29.965899999999994
-0.5307499999999998,0.0062499999999998945,0.21825000000000006,-110.2410000000001,93.36375,20.38849999999992
-0.4982000000000001,-0.016999999999999918,0.23219999999999993,-131.64959999999994,94.131,2.7836000000000594
-0.4636000000000001,-0.03,0.23385000000000006,-148.45594999999997,98.51034999999997,-18.57279999999991
-0.42640000000000017,-0.03,0.21990000000000004,-159.42529999999996,107.47089999999996,-44.6871999999999
-0.4027,-0.03269999999999996,0.20595000000000005,-172.50334999999993,114.53739999999999,-66.06849999999996
-0.41200000000000003,-0.04200000000000003,0.19199999999999995,-190.73600000000005,116.974,-75.88000000000002
-0.42389999999999983,-0.049350000000000026,0.18129999999999996,-210.44674999999984,117.96825000000004,-83.24165000000004
-0.45180000000000003,-0.04469999999999999,0.19060000000000002,-239.25350000000006,110.08649999999997,-75.52729999999998
-0.47969999999999985,-0.04005000000000002,0.19989999999999997,-268.0602499999998,102.20475000000005,-67.81295000000004
-0.503,-0.0860000000000001,0.23220000000000007,-286.2364,84.75499999999997,-61.41879999999999
-0.5262500000000001,-0.1325000000000001,0.26475000000000004,-304.297,67.20124999999997,-55.03899999999999
-0.5339,-0.18679999999999963,0.2972999999999998,-318.8631999999999,54.14420000000008,-47.399500000000046
-0.5385500000000001,-0.24260000000000007,0.32985000000000003,-332.75739999999996,41.95189999999999,-39.51774999999999
-0.5559999999999998,-0.28559999999999974,0.35599999999999987,-333.79400000000004,31.535600000000066,-33.31280000000004
-0.57925,-0.32280000000000003,0.37925000000000003,-329.0045,21.924049999999998,-27.86765
-0.575,-0.3325,0.385,-313.68,15.1325,-23.46
-0.5471,-0.31855,0.3757,-289.29540000000003,10.766150000000001,-19.9446
-0.512,-0.2812,0.35200000000000004,-272.2314,12.919399999999992,-19.634999999999998
-0.4655,-0.20680000000000007,0.30550000000000005,-266.75835,25.39534999999999,-24.401249999999994
-0.4322,-0.1335000000000001,0.26890000000000003,-275.7458999999999,36.84499999999999,-29.482099999999992
-0.4415,-0.0637500000000001,0.26425000000000004,-331.4017499999999,44.98249999999999,-35.57824999999999
-0.4527999999999997,-0.0031999999999996476,0.25960000000000005,-386.2699999999995,51.75680000000008,-43.10359999999978
-0.48535000000000017,-0.04040000000000021,0.25494999999999995,-432.7700000000002,44.04709999999996,-65.81420000000011
-0.5178999999999999,-0.0775999999999999,0.2503,-479.26999999999987,36.337400000000024,-88.52479999999994
-0.50695,-0.15829999999999977,0.24130000000000004,-521.6592499999999,34.48715000000001,-105.58474999999996
-0.49300000000000005,-0.24199999999999974,0.23200000000000004,-563.7649999999999,33.041000000000004,-122.25499999999995
-0.4790499999999999,-0.32935000000000036,0.2080999999999999,-576.3824000000001,46.12550000000007,-119.34299999999998
-0.46510000000000007,-0.4176999999999997,0.1802000000000001,-580.9208,63.190999999999946,-111.06600000000003
-0.49834999999999974,-0.4824499999999998,0.16705000000000003,-572.1104500000001,71.91389999999998,-96.02170000000008
-0.5587999999999997,-0.5335999999999999,0.16240000000000002,-555.6076,75.82919999999999,-77.07760000000007
-0.6102499999999997,-0.5914999999999997,0.16,-523.8767500000002,64.11600000000013,-70.63449999999997
-0.6521000000000001,-0.6566000000000002,0.16,-475.90269999999987,35.73239999999991,-77.52580000000002
-0.67535,-0.7139500000000001,0.17085000000000009,-435.4136,11.848449999999964,-84.61550000000003
-0.6614000000000001,-0.7557999999999998,0.20339999999999983,-409.89440000000013,-3.0361999999999174,-92.10199999999996
-0.6525499999999999,-0.7942499999999997,0.23084999999999994,-385.1946000000003,-14.168950000000075,-96.10010000000015
-0.6665000000000002,-0.8175000000000002,0.23550000000000004,-364.15799999999984,-8.528499999999948,-84.5029999999999
-0.6812000000000001,-0.83895,0.24,-342.73904999999996,-3.1642000000000037,-72.84274999999998
-0.7183999999999998,-0.8064000000000002,0.24,-309.84960000000024,-6.084399999999981,-59.288000000000096
-0.7556,-0.77385,0.24,-276.96015,-9.004600000000002,-45.73324999999999
-0.7845999999999997,-0.7249000000000004,0.23180000000000006,-257.4941000000001,-22.297799999999892,-44.5318
-0.8125,-0.6737500000000001,0.2225,-239.82875,-36.9825,-44.9875
-0.8132,-0.6328000000000003,0.1928000000000003,-252.1003999999998,-54.69659999999985,-54.5007999999999
-0.8039000000000001,-0.5956,0.15560000000000004,-275.37829999999997,-73.52444999999999,-67.3441
-0.7703000000000004,-0.58,0.11030000000000045,-299.7766999999998,-79.82160000000002,-72.8461
-0.7191500000000001,-0.58,0.059150000000000064,-324.98435,-77.06880000000001,-73.04605
-0.6739999999999997,-0.5960000000000002,0.003999999999999629,-343.8740000000001,-72.95199999999997,-70.85399999999997
-0.6368,-0.6332,-0.056449999999999896,-354.39230000000003,-67.02790000000002,-65.49255000000001
-0.6164999999999997,-0.6690999999999997,-0.11949999999999933,-363.30899999999997,-66.80299999999986,-63.215999999999944
-0.6397499999999999,-0.7016499999999999,-0.18924999999999984,-368.0985,-81.26449999999997,-68.88899999999998
-0.6618,-0.7318,-0.2469999999999999,-372.7056,-94.89920000000004,-74.23620000000001
-0.67575,-0.7457499999999999,-0.2237500000000001,-376.08149999999995,-102.95299999999997,-77.38424999999998
-0.6896999999999998,-0.7596999999999998,-0.20050000000000026,-379.45739999999995,-111.00679999999991,-80.53229999999996
-0.67635,-0.8054999999999999,-0.18635000000000007,-360.1652000000001,-114.8655,-80.82294999999999
-0.6624,-0.8520000000000002,-0.17239999999999997,-340.37479999999994,-118.63200000000002,-81.05080000000001
-0.6215000000000003,-0.8792499999999999,-0.17384999999999998,-299.15145000000024,-120.29254999999999,-81.09
-0.575,-0.9025000000000001,-0.17850000000000002,-253.47449999999986,-121.5155,-81.09
-0.5316500000000002,-0.9257499999999999,-0.17055000000000006,-198.4987500000003,-121.9667,-79.36065
-0.4898000000000005,-0.9489999999999997,-0.15660000000000018,-139.09500000000077,-122.0504,-76.80780000000003
-0.44550000000000023,-0.9697999999999999,-0.14265000000000008,-83.45935000000028,-123.88339999999998,-77.55754999999998
-0.3989999999999999,-0.9884000000000001,-0.12869999999999998,-31.2072999999999,-127.2872,-81.2729
-0.37174999999999997,-0.9930000000000001,-0.11650000000000005,14.921499999999774,-132.55649999999994,-88.92399999999992
-0.37639999999999996,-0.9744000000000003,-0.10720000000000013,50.9031999999995,-140.91719999999987,-103.0971999999998
-0.3831500000000001,-0.9536999999999998,-0.09369999999999977,81.3409000000001,-150.39300000000011,-114.78715000000003
-0.3971,-0.9258,-0.06579999999999998,92.77060000000002,-163.692,-117.9631
-0.4058000000000004,-0.8972000000000003,-0.04069999999999993,102.93855000000005,-175.9452,-120.40510000000006
-0.35,-0.86,-0.05,97.605,-175.35000000000002,-113.83000000000001
-0.2942000000000004,-0.8228000000000002,-0.05929999999999992,92.27145000000004,-174.75480000000002,-107.25490000000006
-0.23840000000000003,-0.8114,-0.08579999999999999,84.4783,-191.7251,-102.2235
-0.18260000000000048,-0.8021000000000001,-0.11369999999999976,76.48495000000007,-210.12514999999985,-97.31775000000003
-0.1916,-0.8324,-0.09480000000000004,50.578000000000046,-232.98559999999998,-101.78639999999999
-0.21949999999999975,-0.8742499999999996,-0.0622500000000003,19.446250000000287,-257.14699999999976,-108.98924999999994
-0.29959999999999976,-0.9218999999999999,-0.012300000000000116,-16.479199999999928,-284.4172,-104.58920000000003
-0.41120000000000057,-0.9730500000000003,0.04815000000000033,-55.29740000000021,-313.5634000000002,-93.18739999999994
-0.4831999999999999,-0.9494000000000002,0.09319999999999994,-98.66299999999988,-315.4120000000001,-79.46680000000005
-0.5111000000000001,-0.8424499999999995,0.12110000000000015,-147.09275000000025,-286.8609999999999,-63.16389999999992
-0.5075000000000003,-0.7460000000000002,0.13400000000000006,-186.77749999999995,-262.288,-52.787499999999994
-0.4377499999999997,-0.6715999999999996,0.11539999999999993,-208.0977500000001,-246.06879999999992,-54.856750000000005
-0.3807999999999999,-0.6139999999999995,0.09200000000000089,-235.52599999999893,-231.15680000000015,-58.667599999999766
-0.38544999999999996,-0.6372499999999998,0.04550000000000054,-292.34899999999936,-222.53570000000008,-70.85989999999987
-0.39,-0.6615000000000009,-0.0011000000000005589,-348.5195000000003,-213.84209999999987,-82.86440000000005
-0.39,-0.7312499999999992,-0.05224999999999937,-375.0012499999997,-201.84975000000014,-86.32399999999997
-0.39,-0.8009999999999997,-0.10339999999999976,-401.48299999999983,-189.85740000000007,-89.78359999999999
-0.34139999999999987,-0.8950500000000002,-0.13430000000000009,-393.14284999999995,-185.09834999999998,-86.87254999999999
-0.2856000000000003,-0.9926999999999995,-0.16219999999999984,-379.6439000000001,-181.41090000000003,-83.01770000000002
-0.24319999999999994,-1.0669000000000002,-0.18005000000000004,-331.9950499999999,-180.3398,-87.37370000000001
-0.20600000000000024,-1.1319999999999995,-0.19399999999999992,-271.0940000000004,-180.284,-94.91599999999995
-0.17144999999999996,-1.1759,-0.2053,-207.3468499999999,-180.35805,-94.8475
-0.13889999999999972,-1.2038000000000002,-0.2146000000000001,-141.45169999999945,-180.5301,-89.03499999999994
-0.12974999999999964,-1.2219499999999999,-0.22194999999999993,-77.32910000000092,-185.09939999999983,-78.58540000000025
-0.15299999999999983,-1.2266,-0.22659999999999997,-15.660800000000457,-195.75719999999993,-61.715200000000124
-0.187499999999999,-1.2175000000000007,-0.2337499999999998,39.9712499999994,-206.00499999999988,-45.75125000000021
-0.2525999999999995,-1.1710000000000003,-0.2476999999999999,79.18469999999968,-215.13759999999994,-32.252300000000105
-0.30945,-1.11955,-0.2589,115.2494,-224.367,-19.001950000000008
-0.3048,-1.0312000000000006,-0.24960000000000007,127.8415999999999,-234.31799999999993,-7.604800000000099
-0.30015,-0.9428500000000001,-0.2403,140.4338,-244.26899999999998,3.792349999999986
-0.27300000000000024,-0.8500000000000009,-0.21300000000000024,100.94300000000038,-249.88649999999996,12.69199999999992
-0.24510000000000004,-0.7570000000000001,-0.18510000000000004,59.716100000000075,-255.35955,21.508399999999984
-0.22859999999999991,-0.7057999999999998,-0.17619999999999997,-12.028600000000438,-243.42859999999993,23.769800000000004
-0.21465000000000023,-0.6639500000000007,-0.1715500000000001,-90.59964999999862,-227.6046500000003,24.564949999999985
-0.1944999999999999,-0.6717000000000002,-0.1948000000000002,-149.39580000000024,-203.86329999999987,22.44919999999998
-0.1712499999999997,-0.7042500000000004,-0.23200000000000046,-198.3045000000006,-176.16324999999966,18.877999999999954
-0.1647999999999999,-0.7607999999999991,-0.26199999999999973,-233.98439999999974,-160.22800000000004,18.59719999999997
-0.17409999999999995,-0.8398499999999998,-0.2852499999999999,-257.26229999999987,-155.32225000000003,21.40114999999999
-0.18169999999999986,-0.9120999999999984,-0.3,-267.3754000000003,-156.99889999999965,21.67720000000011
-0.1863499999999999,-0.9725499999999988,-0.3,-254.64370000000025,-170.09794999999974,17.56660000000008
-0.18499999999999958,-1.0260000000000005,-0.3040000000000003,-237.89999999999944,-179.94699999999995,16.00500000000014
-0.16175000000000012,-1.0538999999999998,-0.32259999999999994,-206.51250000000016,-177.93355000000003,23.747249999999962
-0.1394,-1.0818,-0.34060000000000007,-174.93299999999994,-175.9129,32.073000000000036
-0.1301000000000002,-1.1096999999999995,-0.3498999999999998,-140.56950000000072,-173.78785000000005,48.85949999999965
-0.12080000000000012,-1.1375999999999995,-0.35919999999999985,-106.20600000000046,-171.66280000000003,65.64599999999977
-0.04350000000000051,-1.14,-0.35150000000000003,-74.53700000000019,-192.23699999999985,75.56024999999994
0.0402000000000001,-1.14,-0.3422,-43.12159999999996,-214.94760000000002,84.82770000000001
0.11680000000000064,-1.1258,-0.35065000000000013,-32.484349999999964,-227.00820000000007,89.70735000000003
0.1911999999999989,-1.1072000000000004,-0.3645999999999998,-28.28540000000006,-235.76879999999986,93.22739999999995
0.23994999999999975,-1.0743500000000004,-0.37,-41.43154999999982,-237.59820000000002,92.41545000000002
0.27249999999999996,-1.0325,-0.37,-65.5325,-235.05,88.86749999999999
0.29,-0.9971000000000007,-0.37214999999999987,-86.4492999999996,-230.87425000000013,82.8578000000002
0.29,-0.9692000000000004,-0.3767999999999999,-103.66359999999973,-224.8060000000001,73.98560000000013
0.29144999999999993,-0.9557999999999998,-0.38434999999999986,-126.5966999999997,-221.62904999999998,62.565750000000136
0.2961,-0.9743999999999999,-0.3983,-162.15059999999997,-224.8329,45.52350000000002
0.30075,-0.9945000000000002,-0.40924999999999995,-197.4120000000002,-229.44975000000008,28.783499999999904
0.3053999999999999,-1.0223999999999995,-0.40460000000000007,-231.1523999999994,-241.4141999999998,13.615200000000257
0.3103499999999997,-1.0503499999999997,-0.4002499999999998,-264.65529999999984,-253.31279999999995,-1.509799999999892
0.3428999999999999,-1.0829,-0.4235,-276.30819999999994,-259.15319999999997,-12.651199999999974
0.3754500000000002,-1.1154500000000003,-0.44675000000000015,-287.96110000000004,-264.9936,-23.792600000000057
0.3880000000000001,-1.1360000000000003,-0.4780000000000004,-277.0539999999998,-253.83399999999983,-22.253999999999955
0.39729999999999993,-1.1545999999999998,-0.5105499999999996,-262.48090000000013,-239.91190000000014,-18.65490000000004
0.39670000000000005,-1.1501,-0.5332,-242.81590000000008,-225.82810000000006,-13.042800000000023
0.39205,-1.1361499999999998,-0.5518000000000001,-221.0678499999999,-211.67814999999996,-6.607199999999976
0.4133999999999992,-1.1222000000000003,-0.5703999999999997,-204.36120000000022,-197.0706000000003,-2.8808000000000313
0.4552499999999995,-1.1082500000000002,-0.5889999999999997,-191.62950000000015,-182.1022500000002,-1.2905000000000193
0.4989999999999998,-1.1076,-0.6094999999999999,-186.49969999999996,-169.60010000000005,-3.408999999999965
0.5455000000000001,-1.1262,-0.63275,-192.37265,-160.66744999999997,-10.895500000000018
0.5848000000000001,-1.1472000000000002,-0.6524000000000001,-198.17840000000004,-156.35240000000007,-20.63560000000016
0.6033999999999997,-1.1750999999999996,-0.6617,-203.79094999999992,-165.3129499999999,-36.854799999999784
0.619,-1.2014999999999998,-0.6670000000000003,-208.62300000000002,-173.197,-52.905999999999906
0.6097,-1.21545,-0.6391,-206.9769,-172.14610000000002,-67.56280000000001
0.6004000000000002,-1.2293999999999996,-0.6112000000000006,-205.33080000000004,-171.09520000000003,-82.21959999999967
0.5733000000000004,-1.1944000000000006,-0.6277999999999997,-190.7975000000002,-150.48210000000032,-77.26080000000009
0.5454000000000002,-1.1572000000000002,-0.6463999999999999,-175.68500000000012,-128.98980000000014,-71.42040000000004
0.56625,-1.1125,-0.7025,-158.63,-94.42125000000001,-56.11500000000001
0.5988000000000002,-1.0659999999999996,-0.7676000000000005,-141.1087999999999,-56.71439999999973,-38.537999999999876
0.6770999999999984,-1.0591499999999998,-0.8204999999999993,-136.73614999999995,-24.88185000000046,-36.22624999999991
0.7793999999999991,-1.0731,-0.8669999999999997,-139.26109999999997,3.8690999999997544,-41.92249999999996
0.8487999999999988,-1.1222999999999974,-0.8806000000000006,-144.02089999999976,19.03704999999994,-60.315799999999015
0.8860000000000002,-1.2060000000000006,-0.8619999999999999,-150.96800000000002,20.911000000000012,-91.13600000000018
0.8918499999999994,-1.3012500000000016,-0.8301999999999993,-147.18844999999968,21.717399999999984,-116.76530000000022
0.8407000000000006,-1.4174999999999989,-0.7744000000000005,-123.90590000000022,20.582800000000013,-132.95659999999984
0.7743500000000003,-1.5204499999999999,-0.7157500000000001,-88.80725000000018,16.18685000000004,-144.87290000000002
0.6488000000000033,-1.5715999999999988,-0.6460000000000018,-7.688000000002077,-0.9111999999995639,-140.13920000000013
0.527250000000001,-1.6185000000000007,-0.5782500000000006,74.48149999999814,-17.58999999999983,-133.83075000000062
0.4761000000000006,-1.5906000000000005,-0.5457000000000003,175.13539999999887,-26.8899999999999,-99.80670000000038
0.42495000000000016,-1.5627000000000002,-0.5131500000000001,275.7892999999996,-36.18999999999997,-65.78265000000013
0.41579999999999995,-1.4675999999999996,-0.5015999999999999,331.8602000000002,-19.496199999999927,-37.7771999999999
0.4111499999999999,-1.3652999999999988,-0.4922999999999999,383.15435000000053,-0.01734999999978637,-10.416599999999699
0.4274999999999997,-1.2385000000000017,-0.4830000000000001,384.2515000000002,22.023499999999718,0.3854999999999347
0.4507499999999999,-1.1036500000000007,-0.4737,368.8553500000001,44.90614999999988,5.746949999999973
0.48519999999999885,-1.0220000000000014,-0.48119999999999946,328.9396000000016,59.18159999999976,2.1260000000002695
0.5270499999999991,-0.9755000000000009,-0.49979999999999963,272.8234000000012,67.77014999999983,-7.429749999999801
0.5521000000000001,-0.95,-0.51,216.31239999999903,76.74510000000016,-20.263600000000288
0.55675,-0.95,-0.51,159.32200000000034,86.18924999999994,-37.077999999999896
0.5446,-0.9584,-0.503,111.66259999999997,91.082,-51.792400000000015
0.49345000000000117,-0.9862999999999994,-0.4797500000000005,85.66445000000057,85.40900000000013,-61.63179999999978
0.44230000000000075,-1.0239999999999987,-0.4544000000000006,61.75300000000018,78.87850000000017,-72.13269999999979
0.3911500000000004,-1.1169999999999993,-0.4172000000000003,49.61650000000009,67.50925000000008,-86.3663499999999
0.34,-1.21,-0.38,37.48,56.14,-100.6
0.3120999999999998,-1.2379000000000002,-0.3660499999999999,75.78670000000028,67.53715000000008,-86.53374999999988
0.28420000000000045,-1.2657999999999996,-0.3521000000000002,114.09339999999939,78.93429999999982,-72.46750000000021
0.2760500000000001,-1.2384000000000004,-0.37369999999999975,161.09404999999958,86.09309999999995,-58.816000000000116
0.27140000000000003,-1.2012,-0.40159999999999996,209.63539999999995,92.5008,-45.238000000000014
0.2472500000000008,-1.1672500000000008,-0.41,236.69424999999956,82.08650000000044,-44.99474999999986
0.21470000000000056,-1.1347000000000007,-0.41,254.49909999999971,64.42580000000031,-50.4956999999999
0.18470000000000028,-1.1149000000000002,-0.39215000000000033,250.72330000000022,50.7890000000001,-55.85639999999995
0.15680000000000008,-1.1056000000000001,-0.3596000000000001,229.17520000000005,40.46600000000002,-61.10159999999999
0.14370000000000005,-1.0833499999999998,-0.3325999999999999,208.4836499999999,40.53445000000008,-61.57379999999997
0.15299999999999983,-1.0415000000000008,-0.31400000000000033,189.08850000000035,56.33049999999971,-54.82200000000013
0.15885000000000005,-1.0042500000000003,-0.3011499999999999,172.7581000000001,70.5820999999999,-47.27210000000011
0.1542,-0.9810000000000001,-0.30579999999999996,165.75520000000003,80.13319999999996,-37.29320000000004
0.14685000000000087,-0.9604499999999998,-0.31224999999999936,158.0224000000004,89.65729999999975,-29.130499999999763
0.11429999999999964,-0.9651000000000001,-0.33550000000000024,143.47719999999984,98.9294000000001,-37.919000000000096
0.0817500000000004,-0.9697499999999999,-0.3587499999999997,128.9320000000002,108.2014999999999,-46.70749999999989
0.08,-0.9392000000000001,-0.3907999999999998,116.85520000000007,123.62039999999993,-40.179600000000036
0.08,-0.90665,-0.42335000000000006,104.91864999999997,139.38855000000004,-32.78144999999998
0.1207000000000005,-0.9148000000000002,-0.41149999999999975,92.03489999999988,142.721,-30.796399999999995
0.17184999999999775,-0.9333999999999991,-0.38825000000000104,78.90795000000058,142.8605,-30.201200000000025
0.2109999999999998,-0.9639999999999997,-0.38299999999999995,73.83,140.45900000000003,-37.27099999999993
0.24355000000000004,-1.0012,-0.38765,73.17899999999999,136.65995,-48.556550000000016
0.2484999999999998,-1.0292000000000001,-0.39230000000000004,82.38580000000016,145.23030000000017,-54.66480000000001
0.22524999999999962,-1.0478000000000003,-0.3969500000000001,101.66470000000031,166.43895000000035,-55.48320000000002
0.20680000000000034,-1.06,-0.3920000000000009,122.4267999999991,184.61399999999952,-52.77200000000036
0.1975000000000003,-1.06,-0.3687500000000007,146.01624999999927,197.00624999999962,-43.33250000000029
0.1908999999999999,-1.0626999999999998,-0.3437000000000007,169.8918999999994,203.86080000000038,-36.71899999999988
0.19554999999999995,-1.0766499999999999,-0.31115000000000054,194.9600499999996,187.64160000000027,-41.88049999999992
0.2,-1.0889999999999995,-0.2804000000000002,219.83280000000045,171.6943999999998,-47.128400000000156
0.2,-1.0657500000000009,-0.28969999999999974,240.35789999999932,161.79920000000033,-54.29869999999977
0.2,-1.0425000000000006,-0.29899999999999977,260.88299999999947,151.90400000000025,-61.468999999999824
0.16680000000000064,-0.9819000000000011,-0.3,264.20219999999995,145.42425000000011,-52.39620000000019
0.12960000000000035,-0.9168000000000006,-0.3,265.4484,139.35600000000005,-41.36640000000011
0.12,-0.8793000000000001,-0.2931,249.34110000000004,129.68940000000003,-31.747650000000025
0.12,-0.8513999999999998,-0.2838,227.1977999999999,118.77119999999995,-22.619699999999956
0.13374999999999956,-0.8317500000000002,-0.2772500000000001,195.7155000000007,119.07299999999985,-18.9395
0.15699999999999975,-0.8178000000000002,-0.27260000000000006,157.78080000000043,127.1267999999999,-19.0232
0.16180000000000008,-0.8079500000000001,-0.2659,123.3577500000001,138.72914999999995,-20.045799999999993
0.14319999999999994,-0.8033,-0.2566,93.3884999999999,154.83210000000005,-22.259200000000007
0.11379999999999939,-0.8054000000000002,-0.25405000000000016,68.22524999999986,163.60994999999988,-24.052750000000007
0.05800000000000069,-0.8239999999999997,-0.26799999999999985,54.810000000000166,154.4820000000001,-24.81999999999999
0.007400000000000094,-0.8419499999999999,-0.27870000000000006,42.47765000000003,144.34720000000007,-24.215100000000046
-0.011200000000000043,-0.8559,-0.2694,36.809299999999986,128.01639999999998,-15.166199999999979
-0.02980000000000018,-0.8698500000000001,-0.26009999999999994,31.140949999999943,111.68559999999985,-6.117299999999911
0.0160000000000008,-0.8746,-0.23239999999999952,38.11800000000012,106.32119999999992,-6.162600000000002
0.0624999999999983,-0.8792499999999999,-0.20450000000000104,45.23249999999974,101.07600000000019,-6.306749999999995
0.09339999999999918,-0.8877999999999997,-0.18440000000000056,60.10409999999952,106.91069999999976,-6.661499999999989
0.1212999999999994,-0.8970999999999998,-0.16580000000000042,76.46744999999963,114.87614999999983,-7.056749999999991
0.10440000000000055,-0.9063999999999999,-0.1695999999999998,101.09959999999958,127.36959999999978,-1.3464000000001235
0.06719999999999914,-0.9157000000000003,-0.18355000000000032,129.47855000000067,141.91480000000033,7.130550000000198
0.02250000000000156,-0.9125000000000004,-0.18000000000000058,153.1949999999994,145.59250000000017,17.832499999999616
-0.02864999999999881,-0.8985500000000003,-0.16140000000000043,172.90169999999952,139.9241500000001,30.447949999999707
-0.027600000000001318,-0.8792000000000004,-0.1428000000000003,191.41139999999973,136.6138,42.04459999999984
0.056099999999999275,-0.8513000000000002,-0.12420000000000016,208.02584999999985,137.03695,52.02814999999991
0.12989999999999996,-0.8256,-0.11109999999999999,221.0862,139.7679,57.50280000000001
0.17174999999999896,-0.8070000000000005,-0.11574999999999988,222.67649999999998,149.94674999999975,48.42600000000022
0.20320000000000135,-0.7896000000000001,-0.11920000000000015,224.0396,159.63799999999992,38.778800000000274
0.12415000000000076,-0.78495,-0.1099000000000001,222.98870000000002,164.14849999999996,23.07110000000015
0.045100000000000195,-0.7803,-0.10060000000000002,221.9378,168.659,7.363400000000038
-0.02090000000000032,-0.7626,-0.09564999999999999,225.0542,171.2033,15.050000000000047
-0.08599999999999881,-0.7440000000000003,-0.09100000000000008,228.45799999999994,173.61199999999994,24.34999999999983
-0.09635000000000005,-0.7290500000000001,-0.09,225.76265000000006,168.1002000000001,35.85459999999986
-0.09170000000000002,-0.7151000000000001,-0.09,221.39630000000002,160.41840000000005,47.96319999999996
-0.09295000000000002,-0.7159,-0.09295000000000002,210.73464999999996,157.98760000000001,54.38715000000001
-0.09760000000000005,-0.7252000000000001,-0.09760000000000005,196.44519999999983,158.5828,57.53520000000003
-0.1022499999999998,-0.73,-0.0910000000000008,182.63500000000056,161.52249999999975,60.80699999999985
-0.10689999999999984,-0.73,-0.07240000000000066,169.33600000000047,166.9629999999998,64.21079999999988
-0.10535000000000039,-0.7284500000000002,-0.053800000000000514,155.06360000000046,172.31049999999985,66.08165000000004
-0.09139999999999987,-0.7237999999999999,-0.035199999999999815,138.84439999999984,177.47200000000004,64.88659999999999
-0.08595000000000055,-0.7234000000000003,-0.01659999999999968,124.05064999999986,179.4094499999998,64.28910000000003
-0.1185000000000008,-0.7420000000000004,0.0020000000000004563,115.6294999999998,166.9334999999997,66.36300000000006
-0.1502999999999997,-0.7601499999999999,0.021049999999999056,107.72059999999979,154.74750000000012,68.68004999999972
-0.1595999999999998,-0.7647999999999999,0.05359999999999929,115.17919999999984,151.2600000000001,78.29159999999979
-0.16889999999999988,-0.76945,0.08614999999999952,122.63779999999988,147.77250000000006,87.90314999999987
-0.12490000000000039,-0.7413000000000002,0.07360000000000014,138.41939999999988,157.56079999999992,90.065
-0.07375,-0.70875,0.055,155.31750000000002,169.13,91.2275
-0.03280000000000201,-0.6694000000000022,0.03300000000000125,160.50259999999997,177.5677999999996,85.52540000000045
0.004399999999998272,-0.6275500000000019,0.00975000000000108,161.38144999999997,184.85434999999967,77.29955000000038
-0.01509999999999763,-0.6019000000000005,0.013499999999999089,143.19560000000126,182.34530000000038,68.54990000000035
-0.07555000000000178,-0.5879499999999995,0.036750000000000685,111.24079999999907,172.76164999999972,59.42194999999973
-0.1500000000000034,-0.58,0.056000000000000515,80.49399999999893,167.64200000000002,58.9160000000004
-0.24299999999999838,-0.58,0.06994999999999976,51.347800000000504,168.43714999999997,69.83419999999981
-0.3151999999999998,-0.5838999999999999,0.08389999999999986,25.506200000000174,165.68850000000012,79.47449999999994
-0.33379999999999993,-0.59785,0.09784999999999996,8.180300000000043,153.80775000000003,85.82174999999998
-0.33859999999999957,-0.6112000000000001,0.11120000000000005,-9.566200000000102,141.74399999999994,90.91499999999998
-0.2502499999999989,-0.6205000000000002,0.12050000000000012,-30.151750000000252,128.44499999999985,87.54374999999996
-0.16190000000000368,-0.6297999999999996,0.1297999999999996,-50.737299999999145,115.14600000000056,84.17250000000013
-0.17819999999999936,-0.6436499999999995,0.13,-64.05194999999955,119.27349999999984,72.5293500000004
-0.1967999999999995,-0.6575999999999996,0.13,-77.20679999999965,123.78399999999988,60.70440000000032
-0.2692999999999984,-0.6830999999999995,0.10305000000000064,-54.256350000000594,119.86300000000011,60.45254999999996
-0.352999999999999,-0.7109999999999996,0.0705000000000004,-23.803500000000373,114.19000000000007,62.60549999999997
-0.3863,-0.7451999999999999,0.06629999999999996,0.5005499999998939,94.63180000000013,70.46624999999995
-0.39560000000000006,-0.7824000000000001,0.07560000000000003,21.876600000000053,68.46159999999993,81.04500000000002
-0.38529999999999975,-0.8073500000000001,0.09470000000000028,29.422399999999953,40.12559999999971,80.7016499999999
-0.35739999999999955,-0.8213000000000003,0.12260000000000049,24.549199999999917,9.844799999999484,70.55069999999982
-0.3259999999999991,-0.8107499999999987,0.14350000000000024,20.036499999999904,0.2000000000005997,62.651999999999894
-0.2888000000000011,-0.7596000000000015,0.15279999999999974,16.121200000000115,24.751999999999278,58.48560000000012
-0.2620999999999998,-0.7053000000000014,0.14950000000000102,17.50734999999957,48.51754999999953,56.42444999999989
-0.27139999999999986,-0.6402000000000009,0.10300000000000067,37.06989999999971,69.5866999999997,61.58129999999992
-0.2866499999999994,-0.5803499999999999,0.05755000000000023,54.724950000000035,87.87475000000012,65.81450000000005
-0.375,-0.585,0.024999999999999994,48.94499999999999,71.995,58.699999999999996
-0.4633499999999952,-0.5896499999999997,-0.007549999999998249,43.165050000000306,56.115250000000856,51.58550000000038
-0.4657000000000002,-0.628699999999998,0.007199999999999134,23.117700000000987,23.878300000001556,47.115500000000196
-0.4610500000000002,-0.6705499999999984,0.02579999999999927,1.9090500000008293,-9.690049999998687,42.860750000000166
-0.40600000000000225,-0.68,0.026400000000000146,5.194799999999669,-16.240400000000044,48.72919999999972
-0.3362500000000017,-0.68,0.021750000000000113,15.624749999999747,-14.910500000000033,57.550249999999785
-0.29260000000000047,-0.6829,0.002600000000000477,29.59559999999972,-0.08690000000039788,55.01490000000016
-0.26470000000000027,-0.6875499999999999,-0.02529999999999973,45.70319999999984,22.87944999999977,45.626550000000094
-0.26099999999999995,-0.6856,-0.033400000000000034,63.50039999999995,36.26919999999999,40.2378
-0.2842500000000001,-0.6763,-0.019449999999999933,83.1792000000001,38.99410000000002,39.303149999999995
-0.30150000000000005,-0.6760000000000003,-0.0069999999999998865,102.39000000000023,36.76899999999985,41.112000000000094
-0.3061500000000001,-0.6946000000000003,0.002300000000000182,120.61800000000036,24.148899999999756,48.68220000000015
-0.31079999999999985,-0.7163999999999987,0.017199999999998564,137.54919999999964,10.353600000000664,55.32599999999993
-0.3154499999999999,-0.753599999999999,0.059049999999998874,148.23954999999972,-9.097349999999476,57.51149999999994
-0.3199000000000001,-0.79,0.10069999999999937,158.83779999999987,-28.328699999999817,59.518900000000116
-0.3152500000000001,-0.79,0.13324999999999962,165.2454999999999,-37.568249999999885,53.42275000000007
-0.31060000000000004,-0.79,0.16579999999999986,171.65319999999997,-46.80779999999996,47.32660000000003
-0.3302499999999986,-0.745450000000003,0.19834999999999808,178.97619999999955,-38.02485000000067,49.747599999999785
-0.3535000000000002,-0.6942999999999996,0.2309000000000003,186.43480000000008,-26.57189999999989,53.430400000000034
-0.36,-0.6464999999999992,0.2265999999999997,194.27865000000014,-14.566199999999792,55.910550000000036
-0.36,-0.5999999999999989,0.20799999999999955,202.2720000000002,-2.3459999999997017,57.92400000000005
-0.3440999999999991,-0.5587999999999987,0.1761499999999987,199.71569999999969,7.40175000000025,51.27724999999958
-0.3162000000000006,-0.5216000000000008,0.13430000000000092,189.19740000000024,15.283499999999826,38.09450000000029
-0.29220000000000024,-0.5038999999999999,0.10025000000000034,176.78760000000023,19.8249,23.020250000000264
-0.2736000000000001,-0.5132,0.07700000000000017,161.75880000000012,19.7412,5.3270000000001305
-0.2625,-0.525,0.05375,149.315,20.7625,-9.431249999999999
-0.2718000000000001,-0.5436000000000002,0.030499999999999826,143.90239999999997,24.78940000000003,-16.20630000000005
-0.2849499999999981,-0.5682499999999968,0.015499999999997835,140.74974999999935,27.367050000000383,-21.958900000000085
-0.32679999999999837,-0.6379999999999972,0.06199999999999818,154.44399999999948,19.14120000000032,-20.089600000000072
-0.36864999999999865,-0.7077499999999978,0.10849999999999853,168.13824999999957,10.915350000000261,-18.22030000000006
-0.37,-0.7414999999999992,0.15499999999999886,188.3889999999995,7.387500000000083,-14.1550000000001
-0.37,-0.7740499999999995,0.2014999999999992,208.85829999999964,4.016250000000058,-10.01650000000007
-0.3510000000000002,-0.7648000000000001,0.20620000000000005,256.11759999999947,11.417999999999903,1.0987999999998763
-0.32775000000000004,-0.7462000000000001,0.20155,309.36939999999987,21.229499999999977,13.774699999999969
-0.3013999999999999,-0.6748999999999995,0.1720999999999998,361.25720000000024,34.478900000000074,25.164100000000055
-0.2734999999999997,-0.5772499999999988,0.13024999999999948,412.46300000000065,49.44725000000018,35.91025000000013
-0.24559999999999946,-0.49399999999999866,0.10039999999999964,436.508,57.91880000000005,37.39239999999986
-0.21770000000000098,-0.4242500000000024,0.08180000000000064,435.08975000000004,60.29959999999992,30.189550000000246
-0.22209999999999838,-0.37320000000000053,0.08189999999999914,418.02980000000116,60.14230000000013,18.167200000000555
-0.28254999999999886,-0.35460000000000036,0.11444999999999937,373.8269000000009,55.58065000000009,-2.2183999999995976
-0.33299999999999985,-0.3390000000000001,0.13600000000000023,327.7580000000006,52.74299999999996,-16.696000000000083
-0.3469499999999999,-0.33435000000000004,0.1174000000000001,274.8782000000003,56.197949999999985,-9.609400000000035
-0.36180000000000007,-0.3288,0.10060000000000002,222.13729999999987,58.894199999999984,-1.9116999999999535
-0.38969999999999855,-0.310200000000001,0.10989999999999953,171.41045000000258,50.58930000000043,14.646949999999151
-0.41759999999999875,-0.2916000000000008,0.11919999999999958,120.68360000000223,42.28440000000037,31.205599999999272
-0.3987500000000008,-0.32824999999999843,0.12849999999999967,96.62550000000078,32.78525000000035,30.041750000000103
-0.37550000000000067,-0.37009999999999876,0.13779999999999973,75.07740000000064,23.17370000000028,27.209900000000083
-0.3344999999999982,-0.4084000000000015,0.13289999999999963,85.11010000000078,24.709150000000193,23.355649999999837
-0.2880000000000007,-0.4455999999999995,0.12360000000000014,104.9283999999997,29.698599999999924,19.18460000000006
-0.2643000000000001,-0.4372000000000003,0.09720000000000026,132.43029999999976,39.34494999999991,20.89024999999996
-0.255,-0.4,0.06,164.785,51.932500000000005,26.307499999999997
-0.25860000000000016,-0.3756999999999999,0.0335499999999999,196.2195000000002,60.01150000000002,30.583100000000023
-0.2772000000000003,-0.36639999999999984,0.019599999999999795,226.58400000000043,62.84800000000004,33.53120000000004
-0.29724999999999907,-0.3628999999999996,0.008550000000000182,250.83964999999955,65.83384999999987,32.78325000000035
-0.3204999999999993,-0.3721999999999997,0.0039000000000001477,261.61369999999965,69.1492999999999,23.878500000000283
-0.3407499999999999,-0.3814999999999998,0.0029999999999995447,269.8085000000001,72.15424999999998,15.450000000000145
-0.34539999999999993,-0.39079999999999987,0.021599999999999682,264.5912000000001,73.54459999999997,9.498000000000102
-0.34990000000000004,-0.40009999999999996,0.04019999999999982,259.71659999999974,74.8041500000001,3.6550999999999583
-0.34060000000000057,-0.40939999999999943,0.05879999999999882,286.3703999999983,64.03010000000069,7.849399999999734
-0.3313,-0.4187,0.0774000000000001,313.0242000000001,53.256049999999945,12.04370000000002
-0.3219999999999999,-0.3559999999999991,0.09200000000000016,339.84600000000034,55.458000000000055,30.82600000000026
-0.3126999999999998,-0.2815999999999986,0.10595000000000027,366.69510000000054,59.76855000000009,51.97885000000041
-0.2868999999999991,-0.21379999999999827,0.10009999999999963,364.1873999999996,63.716100000000104,59.26840000000004
-0.25435000000000085,-0.14870000000000175,0.08615000000000038,349.6701000000004,67.51514999999989,60.88659999999996
-0.24,-0.1251999999999998,0.09299999999999956,332.3968000000004,60.86740000000029,54.385000000000254
-0.24,-0.1344999999999999,0.11624999999999971,312.9505000000002,45.98275000000018,41.48125000000016
-0.24189999999999998,-0.1419,0.13569999999999993,293.31610000000006,35.17550000000003,30.52500000000004
-0.24655000000000002,-0.14655,0.14965000000000003,273.40944999999994,30.269749999999988,22.38749999999998
-0.25,-0.14760000000000048,0.16959999999999809,256.2988000000005,25.349600000000255,17.528399999999767
-0.25,-0.13830000000000042,0.20679999999999837,247.2266500000004,20.38805000000022,22.0946999999998
-0.252999999999999,-0.13049999999999984,0.24049999999999983,239.62399999999982,14.499500000000499,27.919999999999405
-0.2808999999999992,-0.13514999999999988,0.24514999999999987,244.21819999999985,0.9168500000003981,44.194999999999524
-0.3087999999999994,-0.13979999999999992,0.2497999999999999,248.81239999999988,-12.6657999999997,60.469999999999644
-0.3366999999999996,-0.12220000000000028,0.25444999999999995,231.58825000000027,-31.64629999999972,69.66504999999987
-0.3645999999999998,-0.10360000000000014,0.2591,213.38350000000014,-50.869399999999864,78.54189999999994
-0.33999999999999997,-0.07750000000000001,0.2,188.23000000000002,-58.707499999999996,81.7225
-0.30279999999999974,-0.0495999999999998,0.12559999999999946,161.40879999999981,-63.81320000000003,83.53600000000002
-0.27474999999999966,0.04235000000000183,0.08169999999999959,69.84829999999816,-30.418749999999214,85.07195000000002
-0.2514999999999995,0.16790000000000277,0.05379999999999939,-55.67380000000277,23.17250000000118,86.46230000000003
-0.2799499999999975,0.2112000000000012,0.06114999999999868,-183.73154999999585,68.29434999999883,67.17500000000126
-0.35899999999999804,0.1740000000000009,0.10299999999999898,-314.27099999999683,105.1269999999991,27.650000000000965
-0.43144999999999895,0.1186500000000015,0.12835000000000008,-414.8695499999992,126.4942000000001,-4.742049999999665
-0.49189999999999945,0.03030000000000086,0.12370000000000005,-461.03009999999955,119.74240000000006,-24.16509999999981
-0.5504499999999999,-0.04474999999999994,0.12379999999999995,-496.6884,106.0518000000001,-31.967750000000088
-0.6015999999999971,-0.06799999999999869,0.14239999999999894,-491.4432000000003,65.33640000000229,5.487999999997896
-0.6482500000000017,-0.09249999999999772,0.16299999999999726,-483.4342500000028,24.532750000002068,42.15249999999889
-0.6157000000000014,-0.13899999999999807,0.2187999999999977,-426.7833000000023,-17.82409999999824,64.89099999999905
-0.5831500000000011,-0.18549999999999842,0.2745999999999981,-370.1323500000019,-60.18094999999855,87.62949999999923
-0.5379999999999984,-0.26560000000000283,0.2842000000000002,-281.64959999999684,-81.18500000000064,98.28040000000033
-0.4915000000000009,-0.34929999999999833,0.2888499999999999,-189.7563000000018,-99.90124999999964,107.63619999999982
-0.4485000000000005,-0.46449999999999847,0.2725000000000003,-94.51350000000119,-95.95150000000014,105.21100000000008
-0.40665000000000023,-0.5900499999999994,0.2492500000000001,1.8298499999995244,-84.55435000000006,98.91490000000003
-0.39280000000000004,-0.6287999999999999,0.25960000000000005,125.93800000000033,-78.34559999999999,93.35519999999998
-0.3974500000000001,-0.6101999999999999,0.2921500000000003,268.3907500000014,-75.56489999999998,88.28204999999996
-0.410499999999999,-0.5643000000000035,0.3162999999999994,417.80709999999306,-68.9559000000005,77.13780000000082
-0.43374999999999914,-0.4852500000000029,0.3302499999999995,575.6792499999942,-57.698250000000414,58.62150000000068
-0.4318000000000018,-0.3950000000000034,0.31620000000000237,707.5141999999979,-53.37339999999965,48.215399999999754
-0.37135000000000135,-0.27875000000000255,0.23715000000000175,778.9056499999984,-65.14254999999974,56.636549999999815
-0.32139999999999985,-0.14850000000000307,0.15740000000000123,816.1903000000023,-70.1245000000005,60.02540000000037
