-0.35385,0.03724999999999999,0.03290000000000001,188.37755,-10.126000000000003,18.8939
-0.14,0.06,-0.14,201.75,15.9,35.01
-0.28105,0.0782,-0.02624999999999998,141.40789999999998,19.671950000000002,24.968149999999998
-0.42210000000000003,0.09640000000000001,0.08750000000000004,81.06579999999998,23.443900000000003,14.926299999999996
-0.46095,0.07444999999999999,0.09905,42.60179999999998,4.8924499999999895,6.508699999999996
-0.4746,0.04259999999999998,0.08539999999999999,9.532399999999978,-19.163400000000014,-1.5084000000000053
-0.42499999999999993,-0.014000000000000054,0.07175,-10.99700000000001,-25.443249999999995,-4.344499999999999
-0.334,-0.0868,0.0581,-23.318399999999997,-20.0879,-3.7894
-0.28555,-0.13925000000000004,0.059250000000000025,-22.958049999999975,-12.73639999999999,-2.1853499999999966
-0.2992,-0.16200000000000003,0.08200000000000003,-4.089199999999977,-2.471599999999988,0.9496000000000038
-0.3119,-0.1743,0.1,13.516149999999993,7.388499999999997,4.548149999999996
-0.321,-0.14699999999999996,0.1,26.33350000000002,15.715000000000014,9.903500000000008
-0.33020000000000005,-0.11989999999999998,0.1,39.099300000000014,23.9765,15.287150000000015
-0.3484,-0.1108,0.1,47.2256,26.387999999999998,23.2178
-0.3666,-0.1017,0.1,55.3519,28.799500000000002,31.148450000000004
-0.37,-0.07409999999999994,0.11480000000000004,54.97559999999999,23.925699999999985,36.28560000000001
-0.37,-0.04224999999999999,0.133,52.646,17.378249999999998,40.781
-0.3616,-0.024399999999999977,0.1372,43.22959999999996,16.276800000000005,40.73479999999999
-0.34795000000000004,-0.015300000000000012,0.13265000000000002,29.38395000000002,18.579099999999997,37.850100000000005
-0.34,-0.01569999999999999,0.12430000000000002,14.16080000000002,22.967599999999994,32.98370000000001
-0.34,-0.029349999999999987,0.11065000000000001,-2.983599999999983,30.265799999999995,25.353350000000006
-0.3430000000000001,-0.04200000000000003,0.10100000000000002,-18.177000000000024,36.850000000000016,18.997999999999994
-0.3566500000000001,-0.05110000000000003,0.10555000000000002,-26.44435000000003,40.89950000000001,17.168899999999994
-0.3706000000000001,-0.06020000000000003,0.11030000000000005,-34.478199999999994,44.79779999999999,15.50320000000002
-0.3979,-0.0693,0.12395,-32.121300000000005,41.9677,21.1088
-0.42519999999999997,-0.0784,0.1376,-29.764400000000002,39.1376,26.714399999999998
-0.41875,-0.07625,0.14375000000000002,-26.81125,37.29,29.52625
-0.4051,-0.0717,0.1483,-23.7309,35.652,31.7421
-0.4,-0.07855000000000001,0.15284999999999999,-20.738899999999997,38.1864,34.482350000000004
-0.4,-0.09220000000000006,0.1574,-17.799599999999987,43.20960000000002,37.53540000000002
-0.41365,-0.10195000000000001,0.16,-13.598649999999997,48.0066,41.18320000000001
-0.4455,-0.10650000000000001,0.16,-7.715499999999995,52.502,45.624
-0.4742,-0.10894999999999999,0.15895,-1.7619999999999933,55.300599999999996,48.662
-0.4924,-0.10439999999999999,0.15439999999999998,4.426000000000007,52.4432,47.023999999999994
-0.5097,-0.09924999999999998,0.15,10.177649999999991,49.403699999999986,45.417049999999996
-0.5006,-0.07650000000000007,0.15,3.1297000000000175,41.022600000000025,44.7209
-0.4915,-0.053749999999999964,0.15,-3.918250000000011,32.641499999999986,44.02475
-0.4862,-0.04240000000000002,0.16899999999999996,-20.04819999999996,32.513999999999996,41.500800000000005
-0.48164999999999997,-0.03329999999999998,0.19175000000000006,-37.970650000000035,34.0155,38.616099999999996
-0.48869999999999997,-0.027100000000000006,0.20579999999999998,-57.51999999999996,34.8065,38.648799999999994
-0.5023500000000001,-0.02254999999999999,0.21490000000000004,-77.99500000000005,35.19325,40.3414
-0.512,-0.028000000000000115,0.22400000000000006,-96.7020000000001,33.94599999999998,40.277999999999984
-0.5165500000000001,-0.04620000000000005,0.23310000000000003,-113.15480000000004,30.61539999999999,37.97569999999999
-0.5144999999999998,-0.06330000000000009,0.24220000000000005,-128.36680000000007,28.1571,34.86819999999996
-0.4917499999999999,-0.07695000000000003,0.2513,-139.68720000000002,28.43465,29.235299999999985
-0.46979999999999994,-0.0906000000000001,0.26020000000000004,-150.89040000000006,28.64039999999999,23.514799999999948
-0.46525,-0.10425000000000004,0.26475000000000004,-159.54450000000003,27.284499999999994,15.888999999999976
-0.4607,-0.11789999999999999,0.26930000000000004,-168.1986,25.9286,8.263200000000005
-0.4754000000000001,-0.10844999999999995,0.27770000000000006,-179.15500000000003,23.27524999999999,13.427100000000026
-0.4936,-0.0948,0.2868,-190.53,20.386000000000003,20.9164
-0.5206500000000001,-0.07819999999999994,0.2959,-204.33285000000006,12.446349999999958,34.019550000000066
-0.5525,-0.06,0.305,-219.4525,1.7675,50.167500000000004
-0.56795,-0.05615000000000006,0.31,-239.49830000000009,-14.499650000000095,56.352449999999976
-0.5634,-0.0698,0.31,-265.5516,-37.58180000000001,50.3874
-0.5461999999999998,-0.08920000000000015,0.2996499999999998,-288.27335000000005,-55.71435000000001,44.42234999999997
-0.4916,-0.12560000000000002,0.2587,-301.1453,-59.213300000000004,38.4573
-0.4374999999999998,-0.1622500000000002,0.22,-313.07225,-61.69824999999993,33.14300000000003
-0.3919999999999996,-0.20320000000000035,0.22,-308.74519999999995,-46.74239999999987,39.02160000000005
-0.3464999999999998,-0.2441500000000002,0.22,-304.41814999999997,-31.786549999999924,44.900200000000034
-0.34,-0.24609999999999999,0.23170000000000002,-290.8169,-21.206499999999988,49.070600000000006
-0.34,-0.24154999999999996,0.24535000000000007,-275.6699499999999,-11.355749999999947,52.95630000000002
-0.4030000000000002,-0.24900000000000003,0.2890000000000001,-270.912,-14.972000000000016,54.940000000000005
-0.4985500000000006,-0.2626500000000001,0.34815000000000035,-271.5217,-25.54620000000006,55.941
-0.5773000000000001,-0.30360000000000015,0.4031000000000001,-276.15290000000005,-47.00260000000006,57.593
-0.6364500000000004,-0.37640000000000046,0.4531500000000003,-285.47585000000004,-81.1549000000002,60.004500000000014
-0.6643999999999999,-0.4324,0.4876,-283.67599999999993,-108.32680000000002,63.63880000000002
-0.6052499999999996,-0.44150000000000006,0.4784999999999999,-250.82499999999976,-116.01175000000005,70.68675000000005
-0.5430999999999998,-0.4445999999999998,0.4672999999999999,-217.4948999999999,-121.84899999999995,76.80529999999997
-0.4384500000000002,-0.36270000000000013,0.42635000000000006,-177.37755000000004,-101.51050000000002,69.75735
-0.3337999999999997,-0.28079999999999977,0.3853999999999999,-137.26019999999988,-81.17199999999994,62.70939999999998
-0.2884000000000003,-0.1910000000000008,0.33655000000000046,-135.00359999999998,-65.29305000000014,47.35460000000015
-0.2519999999999999,-0.09999999999999973,0.28649999999999987,-138.49800000000002,-50.091499999999954,30.73799999999995
-0.29184999999999994,-0.0761,0.27305,-176.34454999999997,-47.309549999999994,5.694250000000025
-0.36919999999999964,-0.08519999999999996,0.2776,-231.08559999999974,-50.63559999999998,-23.493999999999872
-0.43795000000000045,-0.13300000000000067,0.2843000000000001,-287.3854000000004,-55.630050000000054,-41.90430000000005
-0.4971000000000002,-0.2240000000000003,0.29340000000000005,-345.4252000000002,-62.48690000000002,-48.28340000000002
-0.545,-0.32125,0.29375,-390.59875,-66.01875,-47.65124999999999
-0.5631999999999999,-0.4349999999999996,0.2710000000000001,-401.80539999999996,-60.77260000000002,-28.50940000000007
-0.5803499999999999,-0.5441999999999996,0.24825000000000016,-409.33950000000027,-56.65134999999993,-10.229600000000056
-0.5849,-0.5988000000000002,0.2254999999999999,-372.8029999999998,-66.02890000000005,-2.294399999999964
-0.58945,-0.6534000000000009,0.20274999999999965,-336.26649999999944,-75.40645000000016,5.640800000000128
-0.5819999999999999,-0.6559999999999999,0.22400000000000037,-313.1179999999997,-89.8560000000002,4.647999999999972
-0.5728999999999999,-0.65145,0.25130000000000025,-291.8103499999998,-105.00295000000013,2.4275999999999804
-0.5730999999999999,-0.6189999999999998,0.25379999999999997,-287.9309,-104.70879999999997,5.917400000000031
-0.57765,-0.5735,0.24469999999999997,-292.20335,-97.19219999999999,12.078100000000008
-0.5866000000000001,-0.5235999999999993,0.21799999999999942,-296.7046000000001,-91.76779999999997,16.976000000000045
-0.6002500000000001,-0.46899999999999953,0.17249999999999957,-301.45025000000004,-88.57824999999997,20.525000000000034
-0.5865999999999996,-0.4247999999999999,0.12699999999999975,-310.3559000000001,-89.24060000000006,22.545199999999987
-0.5046999999999998,-0.40659999999999996,0.08149999999999992,-329.66155000000003,-99.53270000000002,20.743399999999998
-0.4247999999999992,-0.3940000000000006,0.039199999999999874,-350.99440000000055,-109.25640000000006,18.521999999999913
-0.3656499999999994,-0.43950000000000045,0.03009999999999991,-393.35945000000044,-113.08295000000004,11.947249999999936
-0.3064999999999996,-0.48500000000000026,0.020999999999999942,-435.72450000000026,-116.90950000000002,5.37249999999996
-0.34860000000000013,-0.5629000000000002,0.003799999999999956,-457.83955000000003,-113.05724999999998,0.42584999999998807
-0.4031999999999999,-0.6447999999999999,-0.014399999999999979,-477.45459999999997,-108.257,-4.3197999999999945
-0.47040000000000076,-0.7046500000000006,-0.02315000000000005,-470.6978499999998,-102.40149999999993,-10.29395000000007
-0.5432000000000005,-0.7547000000000004,-0.02770000000000003,-452.2202999999999,-96.07699999999996,-16.814100000000046
-0.5687499999999999,-0.789,-0.05025000000000013,-419.27074999999985,-94.7475,-23.59525000000002
-0.546,-0.8071999999999999,-0.09119999999999998,-371.5276,-98.524,-30.643199999999997
-0.5218999999999997,-0.8267500000000002,-0.12675000000000025,-327.4699499999996,-104.22560000000013,-37.114700000000056
-0.4945999999999998,-0.8495000000000001,-0.1495000000000002,-292.1482999999997,-114.49040000000008,-42.21980000000004
-0.47315000000000007,-0.8695499999999999,-0.16864999999999997,-257.43099999999987,-123.6437,-47.06975000000001
-0.505,-0.865,-0.15500000000000003,-228.22,-122.66999999999999,-49.595
-0.5368499999999999,-0.86045,-0.14135000000000006,-199.0090000000001,-121.6963,-52.12024999999999
-0.5112999999999998,-0.8517999999999999,-0.13179999999999994,-156.24339999999964,-119.72629999999998,-50.24209999999998
-0.4794499999999998,-0.8426999999999999,-0.12269999999999996,-111.99009999999981,-117.64694999999999,-47.88064999999999
-0.41239999999999993,-0.8336,-0.14240000000000003,-69.72719999999997,-114.0636,-44.6648
-0.33050000000000024,-0.8245,-0.1742499999999999,-28.304000000000126,-109.84575000000002,-41.08850000000001
-0.2807999999999998,-0.8130999999999998,-0.18769999999999995,-9.013700000000021,-111.96670000000007,-41.54870000000004
-0.2625999999999999,-0.79945,-0.18314999999999998,-11.375150000000012,-120.28865000000005,-45.95765000000002
-0.257,-0.7928000000000001,-0.16319999999999993,-15.502000000000011,-131.8376,-48.1658
-0.2797500000000003,-0.8019000000000002,-0.10859999999999928,-23.601000000000106,-150.64730000000023,-45.42214999999996
-0.30550000000000044,-0.8135000000000003,-0.05599999999999966,-31.261500000000037,-168.33550000000008,-42.39449999999995
-0.35555000000000025,-0.8453500000000002,-0.019599999999999795,-35.370150000000024,-176.93955000000005,-37.06644999999997
-0.40560000000000085,-0.8772000000000005,0.016800000000000637,-39.47880000000008,-185.54360000000017,-31.738399999999906
-0.41414999999999996,-0.8136000000000001,0.003400000000000035,-53.149049999999974,-174.02430000000004,-22.160750000000018
-0.4187,-0.7407999999999992,-0.014800000000000181,-67.74090000000014,-160.56539999999987,-12.173499999999901
-0.3744999999999996,-0.6712499999999996,-0.04925000000000026,-90.55850000000015,-147.32749999999993,-7.061249999999981
-0.31079999999999985,-0.6029999999999998,-0.0902000000000001,-116.66640000000005,-134.17799999999997,-3.898999999999992
-0.2541500000000001,-0.59115,-0.13114999999999993,-149.83839999999992,-133.03699999999998,-8.430649999999986
-0.20409999999999948,-0.6321000000000004,-0.17210000000000045,-189.6236000000004,-143.13800000000012,-20.165100000000123
-0.1627500000000002,-0.6759499999999996,-0.20289999999999994,-224.0771499999998,-149.34720000000002,-30.945449999999923
-0.13999999999999993,-0.7260000000000002,-0.21200000000000002,-247.13200000000006,-147.236,-39.68600000000003
-0.11780000000000002,-0.78045,-0.21835000000000002,-266.68885,-146.33589999999998,-47.57075
-0.0995999999999998,-0.866900000000001,-0.20469999999999985,-260.80569999999994,-154.24380000000008,-49.23150000000002
-0.08140000000000015,-0.9533499999999993,-0.1910500000000001,-254.92255000000006,-162.15169999999992,-50.89224999999999
-0.11360000000000015,-1.0146000000000002,-0.1858,-218.43819999999985,-171.95380000000003,-47.43739999999999
-0.15000000000000058,-1.073750000000001,-0.1812499999999999,-179.4037499999994,-181.91375000000016,-43.55624999999994
-0.19630000000000059,-1.0999000000000003,-0.18990000000000015,-131.6737999999994,-182.9406,-33.89679999999986
-0.2463500000000012,-1.1135500000000005,-0.20355000000000031,-80.65009999999879,-180.58369999999994,-22.04859999999972
-0.2627999999999999,-1.0936,-0.18359999999999976,-35.64319999999982,-187.54840000000007,-12.221199999999962
-0.2491499999999998,-1.0435499999999993,-0.1335499999999992,3.973650000000646,-202.86370000000025,-4.204099999999869
-0.21749999999999914,-0.9784999999999988,-0.10750000000000029,34.563500000000154,-211.44699999999995,0.2009999999999632
-0.14924999999999833,-0.8829499999999977,-0.13025000000000056,46.7984500000003,-206.34189999999987,-2.7383000000000717
-0.08819999999999993,-0.7903999999999997,-0.15660000000000024,53.40299999999985,-199.80999999999992,-4.510599999999971
-0.07454999999999977,-0.7175999999999988,-0.20665000000000083,22.94074999999949,-183.88499999999974,1.3998500000001002
-0.06090000000000003,-0.6448000000000002,-0.2566999999999999,-7.521499999999923,-167.96000000000004,7.310299999999986
-0.06,-0.6485000000000001,-0.2812500000000002,-60.814750000000515,-153.76899999999986,-0.5705000000000826
-0.06,-0.6576000000000001,-0.3040000000000001,-115.7196000000003,-139.70039999999992,-9.42480000000005
-0.05329999999999984,-0.7203000000000015,-0.30329999999999985,-157.14405000000062,-142.99820000000017,-24.95565000000031
-0.04420000000000002,-0.8021999999999998,-0.2942,-193.7396999999999,-152.5168,-42.87809999999996
-0.020399999999999634,-0.8669500000000004,-0.29490000000000005,-214.06490000000005,-152.99489999999992,-49.400699999999965
0.01600000000000023,-0.9170000000000003,-0.30400000000000005,-220.44400000000005,-145.72399999999996,-46.15199999999998
0.04620000000000005,-0.95775,-0.30689999999999995,-218.31824999999998,-141.44925,-40.665099999999974
0.06439999999999999,-0.9804999999999999,-0.2978,-199.73150000000004,-142.9735,-30.84620000000001
0.08,-1.0013000000000003,-0.2906500000000001,-179.3526999999992,-146.31385000000037,-22.362399999999987
0.08,-1.0104,-0.29519999999999996,-148.22160000000028,-160.55079999999987,-21.889200000000006
0.08,-1.0195000000000003,-0.29975000000000007,-117.09049999999941,-174.78775000000027,-21.415999999999993
0.09720000000000027,-0.9941999999999995,-0.3258000000000004,-89.71329999999959,-169.7993999999999,-15.885999999999914
0.1154000000000002,-0.9668999999999996,-0.3531000000000003,-62.554349999999694,-163.69329999999994,-10.061999999999934
0.1404000000000002,-0.9361999999999997,-0.38380000000000025,-58.053000000000026,-150.9129999999999,-4.339999999999957
0.1677000000000001,-0.9043499999999999,-0.41565000000000013,-61.21525000000001,-135.87524999999994,1.3475000000000215
0.2,-0.8925000000000001,-0.415,-70.9025,-129.01,-4.595000000000002
0.23639999999999986,-0.89705,-0.3877000000000001,-85.94024999999993,-128.8462,-20.074099999999945
0.26639999999999986,-0.9175999999999996,-0.3572000000000003,-98.36359999999993,-137.5591999999998,-37.77879999999984
0.28460000000000035,-0.967650000000001,-0.32079999999999925,-105.96665000000016,-162.63880000000051,-59.58695000000044
0.2916000000000008,-1.0107,-0.2913999999999998,-110.92720000000014,-183.1131000000001,-76.27670000000018
0.23699999999999932,-1.01525,-0.3005000000000001,-101.35399999999989,-178.25824999999995,-64.81524999999986
0.1823999999999995,-1.0198,-0.3096000000000001,-91.78079999999991,-173.40339999999995,-53.3537999999999
0.14519999999999983,-0.9764999999999998,-0.3622000000000003,-76.71789999999993,-161.88869999999994,-26.645599999999867
0.10879999999999881,-0.9309999999999986,-0.4168000000000018,-61.4025999999995,-150.06779999999964,0.7636000000008893
0.12069999999999995,-0.8958500000000001,-0.4575999999999999,-66.80799999999996,-144.6225,6.148000000000003
0.1480000000000007,-0.8639999999999992,-0.49400000000000094,-78.82000000000029,-141.20999999999992,4.509999999999959
0.19570000000000137,-0.8372499999999995,-0.5253000000000005,-103.06945000000071,-130.38209999999964,-1.7766500000002097
0.25940000000000113,-0.8144999999999997,-0.5526000000000004,-136.9169000000006,-113.73819999999971,-11.709300000000173
0.3247500000000009,-0.824750000000001,-0.5567999999999995,-172.11240000000052,-105.99605000000011,-21.580900000000135
0.3930000000000007,-0.8930000000000007,-0.5203999999999996,-209.6772000000004,-113.89940000000007,-31.345200000000098
0.4552500000000002,-0.9665000000000006,-0.48624999999999985,-240.41924999999998,-122.48525000000008,-40.78025000000005
0.4871000000000001,-1.0666000000000002,-0.4634999999999999,-236.59269999999998,-134.52910000000003,-48.54710000000002
0.51895,-1.1666999999999998,-0.44075000000000003,-232.76614999999998,-146.57295,-56.31394999999999
0.4715999999999987,-1.1920000000000006,-0.4532000000000003,-173.96599999999842,-130.28079999999954,-43.36999999999964
0.4215500000000004,-1.2147499999999998,-0.4668499999999999,-113.29175000000053,-113.02265000000016,-29.72000000000012
0.39599999999999963,-1.1849999999999992,-0.4945000000000006,-62.81649999999911,-100.13949999999979,-15.13199999999972
0.3777999999999997,-1.1394999999999993,-0.5263500000000005,-15.40094999999929,-88.56884999999983,-0.262599999999777
0.41160000000000085,-1.0809999999999993,-0.5478000000000002,5.159200000000005,-83.246,6.539000000000009
0.48440000000000055,-1.0127499999999996,-0.5614500000000001,5.577800000000003,-82.609,7.289750000000006
0.5623000000000004,-0.9597999999999999,-0.5734,-4.111800000000095,-80.96559999999998,2.420299999999944
0.6487499999999999,-0.9325,-0.5825,-30.747500000000002,-77.63499999999999,-11.87125
0.7240000000000006,-0.9188000000000014,-0.59,-56.34880000000057,-75.64120000000011,-26.72760000000048
0.7467499999999998,-0.9688499999999997,-0.59,-77.10134999999985,-79.91364999999996,-44.23144999999987
0.7695000000000005,-1.018900000000001,-0.59,-97.85390000000042,-84.18610000000008,-61.73530000000035
0.7165999999999991,-1.135700000000002,-0.5143499999999988,-91.01199999999987,-92.45020000000014,-80.5741500000003
0.6619999999999994,-1.2540000000000016,-0.436999999999999,-83.5499999999999,-100.8040000000001,-99.44300000000024
0.6073999999999995,-1.2977500000000002,-0.3951499999999997,-31.560349999999417,-99.02609999999996,-98.58804999999995
0.5527999999999997,-1.3205000000000002,-0.36329999999999985,32.97230000000033,-94.39419999999997,-92.17709999999997
0.53,-1.2929,-0.38180000000000003,96.55095000000007,-81.45454999999997,-76.97609999999997
0.53,-1.2292,-0.43639999999999984,159.44559999999984,-62.55840000000005,-55.472800000000056
0.5265000000000001,-1.1637500000000003,-0.47174999999999995,202.68599999999992,-46.03175000000008,-41.07800000000002
0.5173999999999999,-1.0954999999999986,-0.47630000000000006,214.47960000000026,-33.29629999999973,-38.05679999999994
0.5023499999999993,-1.0348999999999995,-0.4791499999999999,220.65979999999968,-22.07979999999992,-37.05605000000014
0.4613999999999994,-1.0075999999999996,-0.4745999999999999,202.40519999999975,-17.475199999999937,-44.85020000000011
0.4204499999999996,-0.9802999999999997,-0.4700499999999999,184.1505999999998,-12.870599999999953,-52.644350000000074
0.42,-0.98,-0.4609999999999999,163.96999999999986,-7.581999999999967,-51.08299999999999
0.42,-0.98,-0.4518999999999997,143.76799999999932,-2.2857999999998215,-49.41769999999995
0.4164,-0.9908,-0.4176000000000001,134.80880000000002,5.472799999999991,-51.7052
0.4118499999999999,-1.0044500000000003,-0.37664999999999893,128.81644999999983,13.881200000000222,-55.03580000000009
0.4072999999999999,-1.0045999999999997,-0.3464999999999995,138.05480000000045,22.386800000000193,-56.75180000000001
0.40274999999999994,-0.9954999999999998,-0.3237499999999996,157.72900000000038,30.95900000000016,-57.36150000000001
0.39279999999999976,-0.9809999999999997,-0.31,175.12980000000022,42.375200000000234,-55.50159999999991
0.3745999999999998,-0.9582499999999997,-0.31,189.05735000000016,58.13640000000018,-49.86869999999993
0.35369999999999974,-0.9345999999999998,-0.31900000000000034,198.28689999999992,70.7251,-43.40239999999993
0.32184999999999886,-0.907299999999999,-0.3645000000000016,188.46344999999965,70.44754999999999,-33.556199999999656
0.29,-0.88,-0.41,178.64,70.17,-23.71
0.30365000000000036,-0.88,-0.40089999999999976,158.55174999999946,64.06389999999983,-18.51844999999986
0.3172999999999999,-0.88,-0.3918000000000001,138.46350000000015,57.95780000000005,-13.32690000000004
0.3273000000000002,-0.9055500000000006,-0.3826999999999998,119.51404999999963,47.60309999999977,-21.293600000000225
0.33640000000000014,-0.9374000000000005,-0.3735999999999999,100.8453999999997,36.200799999999816,-32.50480000000018
0.3262499999999997,-0.9610000000000002,-0.3369999999999993,90.02249999999992,26.7757499999999,-39.20325000000005
0.30349999999999977,-0.9792000000000002,-0.28239999999999954,84.33499999999995,18.64489999999993,-42.94790000000003
0.2751999999999998,-0.9937,-0.24629999999999996,86.01235000000005,17.984350000000052,-45.00165
0.23879999999999996,-1.0028,-0.2372,98.43840000000002,28.226400000000012,-44.5876
0.20524999999999935,-0.9995499999999986,-0.23095000000000013,111.53135000000044,40.04830000000051,-42.67254999999978
0.18250000000000013,-0.9495000000000003,-0.23549999999999996,127.1514999999999,57.856999999999886,-35.06950000000005
0.15989999999999982,-0.899449999999999,-0.2400500000000001,142.48964999999978,75.4147999999999,-27.50274999999991
0.15079999999999985,-0.8493999999999992,-0.24460000000000007,132.44779999999983,70.39159999999991,-23.202999999999925
0.14169999999999988,-0.7993499999999993,-0.24915000000000007,122.40594999999986,65.36839999999994,-18.903249999999943
0.1622000000000003,-0.7937000000000001,-0.25,103.47299999999979,47.05849999999979,-22.340200000000053
0.18950000000000017,-0.7982500000000001,-0.25,82.49749999999987,25.696249999999868,-27.554500000000033
0.22520000000000012,-0.8280000000000002,-0.27800000000000014,68.91679999999998,20.826000000000015,-35.96360000000003
0.26614999999999994,-0.8734999999999999,-0.3234999999999999,59.957850000000015,26.263249999999992,-46.369449999999986
0.29570000000000035,-0.9190000000000011,-0.3614000000000007,61.91060000000046,42.56850000000082,-58.68480000000039
0.3093500000000003,-0.964500000000001,-0.3887000000000006,79.08230000000039,74.0317500000007,-73.66340000000034
0.3139999999999995,-1.0,-0.4110000000000001,98.43700000000051,101.51900000000025,-87.8080000000002
0.28669999999999873,-1.0,-0.4155500000000002,125.54135000000126,114.89145000000062,-98.99190000000051
0.2589999999999995,-0.9991999999999996,-0.4203000000000001,152.7909000000004,127.64499999999984,-109.7250999999999
0.21349999999999966,-0.9627999999999998,-0.4339500000000001,186.50185000000025,112.85749999999989,-100.40214999999993
0.1679999999999984,-0.9263999999999988,-0.4476000000000005,220.21280000000118,98.06999999999948,-91.07919999999967
0.1787500000000007,-0.8974999999999992,-0.45375000000000015,233.6175000000003,80.12874999999941,-75.92499999999949
0.2014999999999999,-0.8702000000000001,-0.4583,242.69019999999998,61.51470000000007,-59.52680000000006
0.2042999999999998,-0.8685500000000003,-0.4286499999999988,242.9164999999999,49.344499999999805,-53.22614999999999
0.19519999999999982,-0.8822000000000003,-0.378599999999999,237.8659999999999,41.01799999999983,-52.94859999999999
0.1782999999999987,-0.8860999999999996,-0.33439999999999825,237.14450000000022,36.79625000000006,-50.877049999999784
0.15099999999999966,-0.8769999999999999,-0.29799999999999954,242.19500000000008,38.047500000000014,-46.41349999999994
0.12264999999999973,-0.8542499999999994,-0.26369999999999977,250.62545000000017,40.86010000000007,-38.68969999999983
0.09079999999999984,-0.7859999999999996,-0.23639999999999986,270.32240000000013,48.877200000000045,-20.09839999999991
0.05909999999999911,-0.7186499999999987,-0.20774999999999777,289.4597000000001,56.30809999999968,-1.9608499999998426
0.031800000000000064,-0.6777000000000001,-0.13950000000000018,292.1806,46.543800000000026,2.8666999999999883
0.0045000000000001705,-0.6367500000000003,-0.07125000000000042,294.9015,36.77950000000006,7.69424999999997
-0.022800000000000577,-0.6261999999999999,-0.01819999999999894,291.31819999999993,26.50219999999978,3.971799999999886
-0.05010000000000048,-0.6216499999999999,0.03185000000000088,286.4906499999999,16.12364999999982,-1.4381500000000944
-0.045500000000000394,-0.5939000000000008,0.058699999999999766,286.5438,25.46219999999964,1.6923999999998607
-0.02274999999999977,-0.5529499999999996,0.07235000000000014,289.3739,46.01910000000021,9.68220000000008
-0.005999999999999945,-0.5059999999999997,0.0719999999999999,290.37399999999997,61.93200000000006,15.258000000000015
0.0031000000000003074,-0.45139999999999814,0.05379999999999939,289.0408499999999,71.92380000000034,17.755950000000084
0.008900000000000005,-0.4078,0.03340000000000003,281.2419,79.98949999999999,16.469900000000017
0.004350000000000023,-0.39870000000000005,0.0061000000000001366,253.16385000000014,82.01424999999999,3.315850000000065
0.0008000000000004115,-0.39160000000000084,-0.019599999999999795,224.47119999999904,84.21460000000013,-9.346600000000045
0.019000000000000343,-0.42800000000000066,-0.010499999999999829,182.4109999999992,90.23425000000012,-11.316750000000036
0.037199999999999706,-0.46439999999999937,-0.0014000000000001479,140.35080000000067,96.2538999999999,-13.286899999999967
0.036149999999999946,-0.5354500000000009,0.019250000000000256,108.48154999999966,85.32584999999985,-4.292249999999875
0.03159999999999997,-0.6128000000000006,0.042000000000000176,78.46519999999977,71.3163999999999,6.696000000000083
0.03,-0.6783500000000021,0.07065000000000111,60.24589999999958,53.852499999999324,13.439200000000156
0.03,-0.7375000000000018,0.102500000000001,48.42499999999963,34.5149999999994,17.880000000000138
0.04434999999999988,-0.7659,0.12409999999999996,38.592600000000026,25.589449999999985,26.07024999999995
0.07620000000000077,-0.7567999999999998,0.13320000000000023,31.185199999999824,29.36140000000009,38.833000000000304
0.09309999999999946,-0.7338999999999987,0.1296499999999992,26.555050000000072,33.737100000000126,53.124100000000375
0.0657999999999987,-0.670199999999997,0.08869999999999806,30.13590000000017,39.89780000000029,71.93380000000089
0.04100000000000023,-0.6064999999999992,0.04749999999999943,33.44374999999999,44.8189999999998,89.97225000000006
0.059200000000000155,-0.5427999999999994,0.0019999999999995993,32.05599999999999,28.420799999999854,94.74520000000004
0.07740000000000066,-0.47909999999999764,-0.04350000000000165,30.668249999999947,12.022599999999406,99.51815000000018
0.12680000000000177,-0.47,-0.08120000000000119,1.196599999998888,-13.29100000000087,84.12419999999939
0.18139999999999987,-0.47,-0.11759999999999991,-32.95569999999992,-40.090499999999935,65.36910000000005
0.20600000000000024,-0.49100000000000077,-0.12399999999999978,-82.93300000000146,-38.7589999999996,45.6629999999995
0.2151000000000002,-0.5228500000000007,-0.11489999999999981,-141.08655000000124,-22.893149999999665,25.46554999999957
0.20739999999999867,-0.5442000000000005,-0.0994999999999989,-184.87190000000132,-5.296899999999045,12.23379999999975
0.18010000000000048,-0.5532999999999999,-0.0767500000000004,-211.89434999999952,14.318149999999658,7.128700000000089
0.1491999999999996,-0.5672000000000004,-0.062400000000000094,-229.3971999999999,28.291999999999984,3.0327999999999875
0.10824999999999847,-0.594500000000001,-0.07150000000000034,-220.32449999999966,26.517499999999934,1.7542499999999521
0.06819999999999908,-0.6233000000000017,-0.07909999999999955,-209.98039999999904,24.4720999999998,0.38989999999991287
0.040900000000000034,-0.6733499999999999,-0.06545000000000002,-181.62480000000005,18.588950000000008,-2.189949999999997
0.013600000000000136,-0.7233999999999997,-0.05180000000000007,-153.26920000000015,12.705800000000028,-4.769799999999988
0.0060499999999998975,-0.7616000000000008,-0.05790000000000021,-118.24204999999918,20.604200000000226,-1.5944999999999094
0.0014999999999999148,-0.7980000000000007,-0.06700000000000017,-82.20149999999931,30.59600000000019,2.4550000000000756
0.018299999999999553,-0.8008500000000003,-0.07914999999999978,-35.33955000000085,40.97514999999983,7.9928999999998975
0.04560000000000031,-0.7871999999999999,-0.09280000000000016,16.844400000000586,51.544800000000116,14.26280000000007
0.08365000000000038,-0.7627999999999997,-0.10430000000000007,56.233700000000184,60.332100000000054,13.899949999999942
0.13370000000000176,-0.7263999999999987,-0.11340000000000032,81.34060000000088,67.12980000000024,6.133099999999728
0.1625,-0.6862499999999999,-0.12,98.62875,79.91,-0.2625000000000002
0.1352000000000001,-0.6362000000000001,-0.12,95.27540000000002,108.4839999999999,-3.0379999999999896
0.10544999999999859,-0.5896499999999999,-0.12315000000000097,91.90664999999993,135.67970000000025,-5.262599999999897
0.046299999999998814,-0.5850999999999998,-0.1641000000000008,88.35309999999994,146.33580000000023,-0.8763999999999124
-0.012849999999999112,-0.58055,-0.20504999999999937,84.79955000000005,156.99189999999984,3.509799999999934
0.012000000000000455,-0.5840000000000001,-0.2300000000000003,79.78599999999993,152.25599999999991,-0.42400000000006344
0.048400000000001456,-0.5885500000000001,-0.2527500000000009,74.5716999999998,145.40369999999973,-5.501800000000204
0.12200000000000047,-0.5931,-0.25379999999999997,60.24339999999991,143.6912,-17.13920000000007
0.21300000000000296,-0.5976500000000001,-0.2446999999999997,41.65209999999939,144.38280000000003,-31.844800000000475
0.2622,-0.6043999999999999,-0.22460000000000008,24.00240000000004,161.21359999999993,-45.10059999999997
0.26675000000000015,-0.6135000000000003,-0.1927499999999992,7.358499999999583,195.28400000000084,-56.8077500000003
0.2543999999999972,-0.6278000000000015,-0.16739999999999952,-3.119499999999741,225.95360000000116,-64.09229999999981
0.19979999999999903,-0.6551000000000005,-0.15829999999999983,1.8172500000000857,248.12120000000039,-60.320349999999934
0.14400000000000118,-0.6831999999999994,-0.14920000000000017,7.137199999999837,267.7764000000001,-56.626400000000054
0.07574999999999932,-0.7196000000000004,-0.14009999999999992,16.432850000000094,261.3654499999999,-53.74169999999997
0.007499999999997442,-0.7560000000000013,-0.13099999999999967,25.72850000000035,254.95449999999977,-50.85699999999989
-0.02025000000000148,-0.7397499999999985,-0.12189999999999941,27.641000000000066,244.10069999999925,-45.62329999999964
-0.043000000000000684,-0.7169999999999993,-0.11279999999999973,28.642000000000028,232.69839999999965,-40.09959999999983
-0.04055000000000007,-0.6879500000000002,-0.09425000000000011,22.284600000000047,223.71530000000004,-29.45085000000006
-0.026899999999999695,-0.6560999999999992,-0.07149999999999948,12.656799999999784,215.80739999999983,-16.52429999999971
-0.01099999999999909,-0.6490000000000009,-0.0442499999999984,3.0019999999995175,202.8527499999991,-10.78425000000008
0.007200000000000272,-0.6672000000000003,-0.01239999999999952,-6.680400000000145,184.73919999999973,-12.390400000000025
0.009200000000000735,-0.6921499999999993,0.019449999999999357,-15.40834999999987,169.28245000000018,-14.54194999999993
-0.027200000000000273,-0.7331000000000003,0.051300000000000234,-21.87390000000005,160.12329999999994,-17.986300000000025
-0.06450000000000158,-0.77,0.08405000000000143,-27.154149999999806,151.99915000000004,-19.87409999999957
-0.11,-0.77,0.125,-21.634999999999998,153.305,-7.58
-0.15550000000000125,-0.77,0.16595000000000112,-16.11584999999985,154.61085000000006,4.714100000000338
-0.16409999999999997,-0.7331000000000003,0.17819999999999994,2.830799999999847,156.8884,17.077899999999907
-0.1686500000000001,-0.6921499999999993,0.1873000000000002,23.25120000000041,159.27260000000004,29.449350000000244
-0.16360000000000013,-0.6672000000000003,0.1708000000000004,32.80439999999992,157.75600000000003,31.61920000000003
-0.1544999999999999,-0.6489999999999998,0.14349999999999966,37.77300000000006,154.59374999999997,29.485249999999972
-0.13159999999999855,-0.6307999999999993,0.11849999999999909,41.67440000000011,151.5993999999999,29.929600000000118
-0.09519999999999981,-0.6125999999999999,0.09574999999999989,44.53180000000001,148.7693,32.896200000000015
-0.07139999999999987,-0.6027999999999997,0.07580000000000041,47.985599999999856,149.12419999999977,35.29999999999997
-0.07594999999999999,-0.6119,0.06215000000000004,52.78129999999999,156.64534999999998,36.4375
-0.08700000000000158,-0.6205000000000002,0.04699999999999932,59.074500000000455,163.92500000000013,37.17849999999994
-0.15070000000000333,-0.6250500000000002,0.019699999999998573,77.49745000000097,169.24850000000026,34.70784999999987
-0.21440000000000112,-0.6296,-0.007600000000000478,95.92040000000033,174.5720000000001,32.23719999999996
-0.26979999999999904,-0.6341499999999999,-0.026599999999999683,112.04009999999973,168.10950000000014,39.36134999999986
-0.3244000000000006,-0.6387,-0.04480000000000019,127.93780000000015,160.51099999999994,47.410300000000085
-0.32699999999999935,-0.6302499999999995,-0.05650000000000034,141.53775000000047,152.8312499999997,56.70400000000037
-0.3087999999999988,-0.6165999999999991,-0.0656000000000006,154.2186000000008,145.1189999999995,66.49560000000064
-0.27884999999999877,-0.6005999999999995,-0.07,159.59094999999996,140.92939999999996,70.36989999999994
-0.2379000000000002,-0.5824,-0.07,158.12130000000002,140.0376,68.7046
-0.20709999999999978,-0.5612999999999994,-0.07,156.45589999999996,142.02985000000018,64.56414999999978
-0.19799999999999954,-0.5339999999999986,-0.07,154.3719999999999,150.18800000000041,55.13199999999953
-0.19825000000000104,-0.51,-0.06889999999999988,151.41689999999986,156.5652499999999,46.49789999999996
-0.2665000000000029,-0.51,-0.05979999999999962,142.1257999999996,149.9904999999997,43.66779999999988
-0.33475000000000055,-0.51,-0.05069999999999993,132.83469999999994,143.41574999999995,40.83769999999998
-0.4240000000000032,-0.5394000000000011,-0.012199999999998566,127.30259999999983,117.63439999999903,48.919200000000316
-0.515,-0.5712499999999999,0.02875,122.08375000000001,90.2525,57.910000000000004
-0.5300999999999997,-0.6163000000000013,0.06970000000000112,124.43510000000015,60.41539999999916,69.51440000000035
-0.5164499999999993,-0.6663500000000027,0.11065000000000226,129.6539500000003,29.648299999998308,82.1088000000007
-0.4667999999999984,-0.6972000000000003,0.14920000000000072,150.84960000000072,9.239599999999777,89.33440000000004
-0.38490000000000124,-0.7108499999999998,0.18559999999999946,186.35779999999946,-1.8896999999998325,91.75044999999997
-0.29399999999999865,-0.694499999999999,0.2024999999999997,225.8470000000006,-0.4219999999996631,93.14049999999999
-0.18479999999999563,-0.617149999999997,0.17974999999999908,273.4309000000019,26.659600000001085,92.44434999999997
-0.09180000000000006,-0.5367999999999995,0.1545999999999998,319.3678000000002,54.15760000000015,91.7302
-0.10544999999999959,-0.43670000000000303,0.11365000000000124,354.461949999999,84.39689999999909,90.89755000000002
-0.11909999999999996,-0.3366000000000003,0.07270000000000011,389.5560999999999,114.63619999999992,90.06490000000001
-0.21350000000000252,-0.31299999999999956,0.07425000000000012,370.0759999999994,116.88925,77.65099999999967
-0.31360000000000526,-0.294799999999999,0.07880000000000024,346.74359999999876,117.16680000000001,64.4195999999993
-0.37015000000000076,-0.3235000000000008,0.10680000000000064,308.82529999999923,100.1616999999996,57.680499999999924
-0.4110999999999993,-0.3689999999999992,0.14319999999999936,265.68220000000076,76.96580000000041,53.267000000000074
-0.4177499999999998,-0.4047000000000003,0.15754999999999997,246.32370000000003,61.57069999999992,60.23865000000016
-0.39499999999999913,-0.43200000000000105,0.15299999999999983,247.35200000000003,52.861999999999675,76.96900000000062
-0.3613999999999999,-0.42674999999999985,0.14534999999999995,247.76495,52.157500000000034,89.02145
-0.30679999999999835,-0.35849999999999793,0.1316999999999996,246.98689999999996,66.94500000000045,92.01990000000009
-0.25675000000000014,-0.2935000000000002,0.11610000000000013,246.52214999999998,80.95574999999997,92.67120000000007
-0.2339999999999995,-0.24799999999999897,0.08879999999999938,247.93720000000002,90.30600000000021,79.2395999999997
-0.21124999999999886,-0.20249999999999774,0.06149999999999863,249.35225000000008,99.65625000000047,65.80799999999932
-0.274500000000001,-0.22150000000000034,0.06,250.87480000000002,104.12600000000006,45.90489999999969
-0.3427500000000029,-0.24425000000000097,0.06,252.40360000000007,108.31200000000018,25.625549999999137
-0.3566,-0.29420000000000046,0.0497999999999999,240.88999999999987,98.5919999999999,19.133199999999988
-0.3520499999999998,-0.35335000000000205,0.03614999999999952,224.96499999999943,84.1684999999995,17.304099999999938
-0.38,-0.365,0.042499999999999996,207.515,75.3525,15.245000000000001
-0.4346000000000015,-0.3376999999999993,0.06525000000000063,188.81449999999947,71.1346499999999,12.997299999999937
-0.457199999999998,-0.3232000000000005,0.0832000000000005,176.44519999999997,59.64799999999863,10.221599999999793
-0.4207999999999993,-0.3323000000000002,0.09230000000000019,175.74904999999998,34.759499999999505,6.472399999999924
-0.39,-0.3420999999999998,0.10839999999999919,177.83259999999973,12.35600000000013,2.9206000000000367
-0.39,-0.3557500000000002,0.1630000000000007,195.20450000000022,3.619999999999891,0.45449999999996926
-0.39,-0.36940000000000056,0.21760000000000218,212.5764000000007,-5.11600000000035,-2.0116000000000986
-0.35954999999999787,-0.34824999999999845,0.25915000000000277,250.63255000000262,-6.800650000000092,1.325200000000243
-0.327699999999999,-0.3254999999999993,0.3001000000000013,289.63970000000126,-8.161100000000044,4.928800000000117
-0.33035,-0.25445000000000023,0.30655,298.10055,6.762449999999948,11.606349999999981
-0.3440000000000003,-0.16799999999999785,0.3019999999999999,296.82199999999995,26.8780000000005,19.26400000000019
-0.3678500000000017,-0.08664999999999595,0.28214999999999835,274.709949999998,42.45200000000062,23.096650000000043
-0.39970000000000055,-0.00929999999999865,0.25029999999999947,236.25789999999932,54.46400000000021,23.929300000000016
-0.43485000000000185,0.025149999999998146,0.23,200.4507999999986,58.19629999999951,21.582399999999645
-0.4758000000000004,-0.01580000000000041,0.23,169.2923999999997,47.37639999999989,13.64719999999992
-0.5069999999999993,-0.059750000000002204,0.23375000000000087,141.0522499999995,36.70274999999963,6.530999999999889
-0.48879999999999996,-0.11890000000000014,0.25650000000000006,127.59789999999997,26.770099999999978,3.5643999999999925
-0.4705999999999994,-0.17805000000000176,0.2792500000000007,114.14354999999959,16.837449999999702,0.5977999999999111
-0.43040000000000017,-0.21079999999999982,0.27120000000000005,131.0579999999999,21.204799999999977,0.6055999999999995
-0.3894499999999991,-0.24265000000000073,0.26209999999999983,149.0077500000004,26.059650000000108,0.7148000000000024
-0.39749999999999974,-0.2569999999999999,0.26,171.2274999999997,40.112499999999784,1.9159999999999808
-0.42025000000000035,-0.26610000000000017,0.26,194.72825000000037,56.924750000000245,3.4448000000000225
-0.45080000000000153,-0.22059999999999635,0.26,203.43499999999992,65.4924000000001,9.029600000000364
-0.4872000000000003,-0.13414999999999935,0.26,201.04625,67.87660000000002,17.656400000000062
-0.5048999999999996,-0.057899999999997925,0.2548999999999995,186.6554999999988,66.31339999999972,21.597999999999864
-0.49124999999999996,0.0012500000000000011,0.24125000000000002,152.14375,58.1325,17.685
-0.4711999999999986,0.05240000000000038,0.20999999999999688,98.89999999999611,56.76520000000084,11.367199999999517
-0.42114999999999725,0.06605000000000075,0.09624999999999374,-42.150000000007765,87.33665000000168,-6.223100000000969
-0.371099999999999,0.07970000000000027,-0.017500000000002274,-183.20000000000283,117.90810000000062,-23.81340000000035
-0.3566500000000002,0.035500000000000684,0.06009999999999878,-268.13549999999873,168.07289999999924,-72.11759999999927
-0.34299999999999986,-0.010000000000000567,0.14200000000000101,-351.810000000001,218.67800000000065,-121.1120000000006
-0.4216500000000042,-0.037750000000000915,0.17420000000000074,-373.40565000000015,203.95599999999868,-125.96924999999969
-0.526300000000007,-0.06050000000000154,0.19240000000000124,-377.5143000000003,170.83199999999778,-118.39349999999949
-0.5620499999999995,-0.11770000000000266,0.18939999999999943,-392.04275000000075,150.93944999999965,-100.7848499999992
-0.5484,-0.1995999999999998,0.17120000000000005,-414.0419999999999,140.53360000000004,-75.98280000000005
-0.5540000000000009,-0.25,0.19500000000000228,-402.7387499999984,112.5857499999986,-46.98599999999911
-0.5904000000000019,-0.25,0.28600000000000475,-338.1514999999966,56.57069999999706,-11.277599999998127
-0.6114999999999992,-0.2448999999999995,0.3634000000000003,-273.9322999999989,5.168599999999458,21.553550000000357
-0.565999999999998,-0.21759999999999877,0.3816000000000008,-211.31519999999716,-26.153600000001408,41.860200000000916
-0.5204999999999995,-0.19029999999999972,0.3998000000000002,-148.69809999999936,-57.47580000000031,62.1668500000002
-0.5515000000000012,-0.27100000000000307,0.39549999999999985,-78.42199999999735,-74.20000000000061,50.42449999999955
-0.58335,-0.3529000000000002,0.39095,-8.060799999999823,-90.76200000000004,38.32604999999997
-0.5575999999999988,-0.39520000000000094,0.38639999999999985,44.91240000000144,-100.27880000000023,36.94480000000004
-0.5166499999999976,-0.4270500000000018,0.38184999999999975,93.29710000000279,-107.93645000000043,38.39170000000008
-0.5081000000000003,-0.3940999999999983,0.3854000000000002,134.5052000000008,-106.1764999999998,32.19489999999974
-0.5217499999999998,-0.316750000000001,0.3944999999999999,170.79599999999954,-97.9637500000001,20.76075000000014
-0.504799999999999,-0.3024000000000012,0.3891999999999996,206.1634000000005,-88.13819999999981,3.3577999999996067
-0.4410999999999973,-0.38430000000000347,0.3618999999999989,240.12005000000144,-75.84864999999948,-23.164150000001126
-0.40980000000000705,-0.40859999999998536,0.33099999999999685,258.809999999997,-63.76789999999921,-40.47729999999859
