0.42037499999999994,0.13349999999999995,-0.8552499999999997,106.549375,189.422875,-22.085625
-0.0,-0.18,-0.1,90.34,21.85,11.58
0.007124999999999999,0.005249999999999977,-0.14275,192.65499999999997,168.21887499999997,60.76387499999999
-0.15999999999999992,0.1055,-0.03675000000000006,151.74075000000005,138.13625000000002,52.93400000000002
-0.32675000000000015,0.11387500000000005,0.10387500000000005,23.367250000000027,4.1650000000000205,15.120125000000002
0.0009999999999998344,-0.021499999999999936,-0.03149999999999993,-65.56699999999996,-65.08999999999996,13.203500000000002
0.0475,-0.10625,-0.0375,-100.101875,-38.410624999999996,11.534375
0.03,-0.1555,-0.006250000000000026,-100.63000000000002,-9.958249999999992,10.49775
0.03,-0.16975,0.02937499999999999,-70.135,-19.384625,10.362375
0.03699999999999999,-0.21199999999999997,0.023000000000000007,-79.582,-24.155999999999995,19.368999999999993
0.015249999999999968,-0.23,0.02,-68.39124999999999,-24.42225,28.287250000000007
-0.021249999999999998,-0.22125,0.0225,-41.5125,-24.29875,34.910000000000004
-0.028375000000000004,-0.17137499999999997,0.036750000000000005,-13.881749999999986,-37.458625000000005,31.604
-0.03,-0.10500000000000011,0.04549999999999999,-5.435000000000004,-38.953,32.225
-0.03524999999999999,-0.03637500000000006,0.05787499999999998,-14.245624999999972,-45.62649999999998,33.3185
-0.049499999999999995,0.027749999999999966,0.07924999999999999,-42.923749999999984,-67.08699999999999,33.233
-0.05,0.08499999999999999,0.08,-91.38125,-91.7375,23.336875
-0.053999999999999986,0.11799999999999997,0.06800000000000005,-148.97399999999988,-115.08799999999995,12.88800000000002
-0.05887500000000001,0.12887500000000002,0.05,-213.5669999999999,-137.13312499999995,2.1768750000000168
-0.05174999999999999,0.12174999999999998,0.05,-280.4280000000001,-158.11625000000004,-9.116250000000017
-0.017750000000000023,0.114625,0.044625000000000005,-348.50374999999997,-158.287375,-24.150374999999993
-0.012499999999999845,0.10250000000000005,0.06499999999999984,-422.1874999999998,-151.16500000000002,-30.95000000000003
-0.07662499999999987,0.08112500000000004,0.13624999999999987,-505.5143749999998,-143.08525,-20.26250000000002
-0.12725000000000006,-0.007750000000000097,0.11299999999999998,-530.7710000000001,-191.75950000000006,-19.57175
-0.13062500000000005,-0.07712499999999994,0.06900000000000006,-529.5243750000001,-211.714875,-17.905750000000005
-0.10999999999999979,-0.12099999999999997,0.02799999999999983,-508.7800000000001,-206.87799999999996,-15.004000000000007
-0.18124999999999966,-0.12812499999999996,0.08499999999999971,-488.1887500000001,-213.91749999999996,-12.396250000000013
-0.2,-0.10900000000000006,0.08950000000000004,-489.16974999999996,-233.72499999999997,-0.1862500000000331
-0.20712500000000003,-0.08524999999999999,0.077625,-494.496875,-248.566375,14.135000000000014
-0.22849999999999998,-0.07100000000000002,0.07050000000000001,-493.1075,-244.3555,25.81999999999999
-0.2697499999999999,-0.04350000000000009,0.06337500000000003,-456.2478750000001,-254.96474999999995,27.488
-0.305,0.0037500000000000033,0.04875,-445.89,-264.135,31.535000000000004
-0.34662499999999974,0.06437499999999993,0.029125000000000012,-466.09799999999984,-267.0922500000001,36.24225000000003
-0.4819999999999995,0.09999999999999985,0.02200000000000003,-517.0559999999998,-242.1120000000001,25.512000000000043
-0.6993749999999985,0.12537499999999988,0.025124999999999956,-588.2679999999996,-232.91162500000002,3.686125000000157
-0.975749999999999,0.10175000000000037,0.0030000000000002525,-643.2909999999999,-246.86799999999985,-22.111999999999924
-1.3106250000000002,-0.019374999999999996,-0.08249999999999999,-646.1125,-297.65500000000003,-47.135
-1.5545000000000007,-0.13400000000000034,-0.14200000000000018,-594.1259999999999,-327.47300000000007,-44.454999999999984
-1.7497500000000001,-0.21900000000000006,-0.16275,-530.19225,-338.059625,-22.09187499999996
-1.8989999999999998,-0.2685,-0.15224999999999997,-462.00225000000006,-330.968,16.282999999999966
-1.9844999999999995,-0.25425000000000003,-0.17362499999999992,-412.4336250000001,-314.89400000000006,51.08149999999989
-2.0499999999999994,-0.24000000000000007,-0.2249999999999997,-381.1250000000001,-309.58000000000004,80.84999999999985
-2.0815,-0.21937500000000007,-0.28487499999999993,-355.9427500000001,-310.991625,105.51424999999996
-2.053,-0.18375000000000014,-0.3347499999999998,-326.9155000000001,-317.46824999999995,123.19849999999992
-1.9607500000000004,-0.14812500000000023,-0.3718749999999998,-295.2553750000002,-310.76137500000004,143.17137499999987
-1.8469999999999998,-0.1019999999999999,-0.4075000000000001,-266.01199999999994,-296.83,168.73000000000005
-1.718125,-0.045625,-0.444375,-239.8825,-274.48375,199.48624999999998
-1.5827500000000003,0.0042499999999999,-0.4942499999999999,-216.76900000000003,-225.7345000000001,227.03149999999994
-1.4620000000000004,0.058999999999999775,-0.5636249999999997,-200.93875000000006,-168.51737500000024,249.01924999999991
-1.368,0.10799999999999985,-0.6379999999999996,-200.16599999999983,-106.62200000000038,269.8799999999999
-1.3252500000000005,0.1364999999999998,-0.7021249999999994,-229.36424999999974,-42.75350000000051,294.4256249999998
-1.0887500000000025,0.1649999999999997,-0.8412499999999985,-323.57499999999897,6.133749999999534,319.6149999999998
-0.7306250000000054,0.1361250000000011,-0.997624999999998,-458.4133749999979,52.883124999999445,327.5706250000001
-0.2685000000000018,0.030000000000001137,-1.1529999999999998,-624.6744999999995,102.27599999999967,315.3140000000001
0.18037499999999732,-0.2549999999999983,-1.1957499999999996,-743.1561249999993,187.29149999999947,290.29100000000017
0.3585000000000001,-0.5732500000000006,-1.1719999999999997,-760.5197499999999,267.65200000000016,242.15449999999987
0.388125,-0.874375,-1.0999999999999999,-696.71875,310.950625,185.58124999999998
0.381,-1.0809999999999997,-0.9860000000000002,-547.2220000000003,256.9930000000001,137.74400000000009
0.5086249999999994,-1.0977500000000002,-0.9210000000000003,-426.26162500000044,146.82625000000047,128.904625
0.6452499999999992,-1.0315000000000007,-0.9192499999999997,-318.1242500000006,74.05175000000011,138.59699999999987
0.7558750000000006,-0.9040000000000009,-0.9841249999999994,-222.07137500000044,58.681624999999855,162.44174999999987
0.6775,-0.79,-1.0625,-168.3275,77.1425,179.95499999999998
0.6315000000000001,-0.75925,-1.1686249999999998,-120.19837500000008,85.9325,182.28900000000002
0.6344999999999996,-0.77,-1.2372500000000004,-86.53175,84.36225000000007,175.43800000000005
0.7342499999999994,-0.77,-1.1446250000000004,-87.96387499999999,67.02712500000011,165.57700000000008
1.0559999999999972,-0.7879999999999998,-1.028000000000001,-57.64400000000029,11.136000000000504,167.64399999999998
1.350624999999998,-0.8312499999999994,-0.9225000000000008,-7.973750000000663,-56.39062499999926,158.39750000000026
1.5462500000000012,-0.8992500000000003,-0.8387500000000004,55.951250000000186,-129.13624999999928,131.3345000000005
1.4393750000000003,-0.8778750000000001,-0.8031250000000002,40.31187500000006,-190.30437499999977,91.27775000000015
1.3955,-0.7890000000000007,-0.8304999999999997,-44.609499999999244,-258.88399999999956,92.95849999999984
1.3656250000000008,-0.7094999999999992,-0.9514999999999976,-133.3650000000003,-323.9479999999997,118.00299999999983
1.25875,-0.795,-1.2650000000000001,-98.31,-362.48,139.72
1.5689999999999993,-1.2741249999999988,-2.494999999999997,194.71624999999932,-759.7512499999991,176.6708749999999
1.8480000000000008,-2.3140000000000103,-3.611000000000004,405.15800000000013,-1260.7490000000034,241.86500000000058
1.9517500000000028,-3.9641250000000054,-4.223750000000023,417.38137500000295,-1780.7238750000033,340.14737499999984
1.4814999999999992,-3.0592499999999982,-0.44749999999999246,-85.28025000000102,-1253.694749999999,366.21775
1.5887499999999952,-1.1437500000000256,2.042499999999983,-24.739375000004145,-721.8356250000054,381.5868749999999
1.9210000000000003,1.078499999999998,3.0040000000000036,436.2229999999987,-125.23800000000165,251.6910000000014
1.7357500000000026,2.068874999999986,1.2655000000000243,1071.217249999991,702.7439999999884,-397.7242499999909
0.2625000000000106,0.7420000000000112,0.08475000000000632,437.3877500000056,568.9637500000022,-292.4520000000017
-0.978250000000001,-0.8888750000000025,-0.5083749999999999,-99.14437499999988,198.79712499999928,-43.2464999999996
-1.4199999999999955,-2.1499999999999875,-0.43000000000000077,-43.320000000000555,-180.82999999999623,151.94999999999806
-0.22300000000000236,-1.131125000000002,-1.0854999999999988,200.66849999999954,-201.42124999999996,135.52687500000005
0.3917499999999991,0.11299999999999444,-1.4264999999999994,-16.10249999999786,-139.76225000000048,87.77275000000029
0.4737500000000029,1.2235000000000005,-1.5409999999999997,-490.0174999999985,-41.17575000000012,11.983500000000632
-0.024999999999996025,1.1380000000000008,-1.5979999999999996,-735.8299999999981,-20.84100000000016,-92.41199999999917
-0.23125,0.4337500000000001,-1.986875,-934.173125,-23.079375,-143.0325
-0.38424999999999765,-0.3969999999999908,-2.2222500000000016,-1012.4922500000011,-32.94324999999985,-161.15200000000013
-0.5766249999999992,-1.1664999999999968,-2.0726250000000004,-920.0026250000004,-45.36212499999995,-150.37900000000005
-0.4399999999999994,-1.383000000000001,-1.7339999999999987,-506.99699999999837,-1.0249999999998174,-125.0879999999999
-0.09950000000000386,-1.2060000000000035,-1.4910000000000014,-109.72612500000301,84.32162499999909,-116.79674999999996
0.3025,-0.7224999999999999,-1.3050000000000002,217.53249999999997,190.42625,-125.7975
0.3167499999999998,-0.10975000000000734,-1.048500000000003,289.08174999999915,257.3798749999992,-157.07624999999965
0.15500000000000083,0.227999999999999,-0.7260000000000013,126.82050000000092,254.70350000000008,-276.62449999999944
-0.11649999999999405,0.18787500000000878,-0.3446250000000072,-91.73474999999686,220.86275000000083,-423.4519999999976
-0.48699999999999705,-0.36074999999999563,0.10424999999999641,-288.3704999999984,168.86450000000042,-572.3359999999988
-0.5,-0.8956249999999999,0.21625,-270.155625,84.24437499999999,-510.906875
-0.31200000000000394,-1.1180000000000003,0.1240000000000029,-148.03200000000234,39.758000000000145,-384.8540000000021
-0.017625000000000307,-1.0291250000000018,-0.15199999999999814,27.626249999999757,26.152250000000084,-238.46937500000007
0.06074999999999875,-0.5802500000000071,-0.6079999999999927,88.40249999999902,5.076500000000337,-221.0487500000003
-0.108124999999998,-0.3463750000000013,-0.6823750000000004,66.88750000000039,-47.7547499999995,-279.36724999999933
-0.2774999999999996,-0.23000000000000057,-0.6350000000000009,58.13499999999871,-107.76749999999892,-354.99999999999875
-0.2988749999999997,-0.20150000000000035,-0.5922500000000005,122.55924999999924,-161.93887499999934,-417.0444999999993
-0.04350000000000648,-0.38899999999999524,-0.4550000000000034,187.97574999999844,-147.83400000000043,-427.79574999999977
0.056750000000000675,-0.5536249999999978,-0.4209999999999991,223.13324999999986,-115.35825000000071,-398.08662500000094
-0.030999999999997085,-0.6330000000000021,-0.5289999999999966,246.65299999999914,-75.54500000000009,-342.57000000000016
-0.394375,-0.369375,-0.9493750000000001,354.61812499999996,-65.676875,-322.1925
-0.5424999999999991,-0.16875000000000212,-1.5114999999999927,427.78099999999927,-69.2592499999999,-298.1662500000003
-0.5496250000000005,-0.03337500000000021,-2.140874999999997,458.4660000000001,-92.28724999999979,-275.11212500000005
-0.4284999999999995,0.0165000000000002,-2.8035000000000028,429.0539999999999,-144.59900000000022,-256.60849999999994
-0.08875000000000284,-0.36424999999999674,-2.604875000000002,191.03400000000204,-198.40137499999958,-238.98600000000013
0.09125,-0.6575,-2.1425,49.2675,-174.48125,-208.56
0.12225000000000077,-0.788499999999998,-1.5554999999999986,38.88087500000165,-74.9822499999989,-159.49237499999919
0.2219999999999996,-0.532000000000001,-1.3560000000000008,246.93799999999914,63.99799999999945,-60.0060000000004
0.08599999999999908,-0.35237499999999944,-1.7305000000000024,445.37037500000076,177.4506250000004,10.765000000000242
-0.12849999999999853,-0.16000000000000228,-2.1759999999999993,565.7292500000003,231.42550000000043,46.705000000000126
-0.31375000000000003,0.125,-2.29,525.066875,178.11625,31.4575
-0.02450000000000399,0.35799999999999726,-2.1050000000000026,350.36150000000225,213.38899999999947,22.6710000000001
0.11462500000000021,0.36850000000000077,-1.7643750000000018,217.00825000000032,249.24774999999988,-5.47887499999981
0.06625000000000057,0.1682500000000033,-1.297500000000008,136.8077500000012,279.6797499999992,-52.42549999999932
0.030625000000000284,-0.03837499999999835,-0.7987500000000041,63.25637500000059,329.0773749999996,-95.13274999999966
-0.05500000000000001,-0.135,-0.39,-32.92,314.78499999999997,-75.855
-0.14912499999999923,-0.14875000000000088,-0.07687500000000214,-123.79662499999932,266.0378750000008,-43.42562500000002
-0.21324999999999975,-0.07750000000000029,0.10124999999999929,-179.57824999999977,199.91075000000026,-42.03625000000001
-0.16262500000000102,-0.044500000000000456,0.06262500000000101,-207.22062499999961,135.575000000001,-32.63987500000017
-0.07050000000000098,-0.11399999999999863,0.009000000000000341,-224.42299999999992,82.88800000000033,-20.338000000000115
0.03375000000000143,-0.283124999999997,-0.025625000000001,-231.1425000000005,42.17000000000078,-8.693124999999675
-0.037499999999999145,-0.4327499999999982,0.024249999999999404,-205.6350000000003,2.7260000000004716,-25.030749999999806
-0.08437499999999985,-0.5482499999999996,-0.037999999999999534,-119.01937500000045,-35.44074999999985,-10.153750000000116
-0.1539999999999975,-0.6639999999999975,-0.17399999999999693,6.667999999997534,-81.55599999999892,30.29999999999889
-0.31074999999999875,-0.8207499999999988,-0.36637499999999845,160.20462499999877,-149.54987499999947,99.37687499999944
-0.34874999999999956,-0.7900000000000011,-0.6399999999999944,320.9412499999968,-274.4812499999974,163.00999999999874
-0.37349999999999967,-0.7869999999999993,-0.9182499999999967,434.75749999999925,-380.8529999999991,245.9824999999987
-0.40949999999999676,-0.8409999999999996,-1.178999999999997,491.058,-460.84699999999714,352.3359999999971
-0.5448749999999978,-0.8552499999999997,-1.307249999999998,490.887,-581.9292499999981,472.5489999999981
-0.6802499999999989,-0.8077500000000006,-1.4117499999999994,552.1477499999992,-680.6532499999993,566.8697499999994
-0.8137499999999974,-0.6825000000000051,-1.455625000000002,610.1775000000007,-766.6306249999983,633.1056249999996
-0.9419999999999984,-0.4260000000000031,-1.363000000000001,573.1560000000005,-848.218999999999,656.9529999999996
-0.8497500000000006,-0.3103750000000004,-1.3989999999999998,620.0653749999998,-885.5174999999998,723.9387499999997
-0.724750000000002,-0.3152499999999981,-1.43325,646.7055000000003,-888.3532500000005,819.0339999999981
-0.6197499999999985,-0.4468749999999974,-1.446374999999999,640.242374999999,-859.3676250000001,931.7447500000002
-0.8049999999999999,-0.7675,-1.5675000000000001,767.0175,-842.0325,909.415
-0.9486249999999986,-0.4360000000000081,-1.5175000000000016,613.9246250000036,-879.6608749999992,862.4941250000007
-1.0172500000000004,0.04150000000000065,-1.4344999999999994,337.45375000000075,-941.1314999999998,835.4239999999998
-0.9246249999999997,-0.11525000000000063,-1.5342500000000003,146.68187499999925,-984.5797500000002,910.1510000000003
-0.8019999999999985,-0.07999999999999916,-1.0999999999999936,2.265999999998371,-986.502,1012.7180000000013
-0.7549999999999989,-0.14312499999999528,-0.8468749999999978,-122.4049999999978,-990.4318749999998,1027.7081250000022
-0.7987500000000038,-0.38974999999999327,-0.9759999999999911,-221.83800000000247,-1010.0179999999988,929.1972499999994
-0.4781250000000013,-0.9526249999999977,-1.716999999999997,-16.296000000000824,-1115.4109999999996,975.8588749999998
-0.36900000000000005,-1.5695000000000023,-1.5579999999999972,112.16550000000034,-1115.4995,963.3319999999998
-0.47424999999998846,-1.8522500000000266,-1.1063749999999906,221.66499999999448,-1074.9766249999993,937.0183749999987
-0.8874999999999917,-0.8975000000000191,-1.4412499999999933,419.16999999999604,-1104.9087499999996,980.9012499999991
-0.607500000000005,-0.8122499999999988,-1.5,373.60862500000115,-1093.7863750000004,997.8766249999999
-0.2760000000000008,-0.980999999999999,-1.5959999999999992,241.01200000000074,-1092.4809999999998,977.7920000000003
-0.08500000000000113,-1.248750000000002,-1.8166249999999993,62.67024999999992,-1116.15475,914.4266249999997
-0.369999999999992,-1.747499999999986,-1.6242500000000055,42.16450000000057,-1110.1555,840.1342500000021
-0.6156249999999956,-2.036249999999997,-1.5456250000000002,159.06874999999596,-1039.2531250000022,808.9793750000001
-0.8379999999999973,-2.0415000000000068,-1.6254999999999953,329.40949999999947,-937.1680000000008,821.064499999999
-1.0659999999999992,-1.4786250000000023,-2.0316249999999982,376.2421249999998,-871.1335000000003,893.6183749999997
-1.4320000000000017,-1.3182499999999997,-1.8052499999999985,290.0542499999995,-909.8927500000003,916.69925
-1.4313750000000165,-1.3173749999999975,-1.568500000000001,214.81412500000033,-976.166624999998,894.694500000002
-0.8400000000000117,-1.4099999999999981,-1.5400000000000007,202.78000000000023,-1046.0699999999986,823.5300000000013
-0.6903750000000017,-1.6878749999999967,-2.2026249999999923,60.6718750000017,-917.4281250000015,815.713875
-0.9147499999999982,-1.80425,-2.380750000000001,-67.57274999999952,-843.3902500000002,775.8655000000002
-1.372874999999994,-1.8773749999999945,-2.233875000000002,-145.3403750000015,-797.8217500000013,725.0292500000002
-1.750499999999997,-2.226499999999997,-2.098500000000001,-51.24050000000075,-716.8390000000006,718.859
-1.9649999999999965,-2.148125000000004,-1.9293750000000036,134.2712499999958,-600.3906250000025,701.9900000000004
-1.9132500000000048,-1.766000000000008,-1.9409999999999963,266.73874999999987,-471.7210000000016,634.8277500000017
-1.5071250000000016,-1.0820000000000027,-2.2544999999999984,276.03687499999995,-338.65450000000055,492.19237500000054
-1.6539999999999975,-1.3709999999999951,-2.434999999999997,-46.69599999999477,-334.31100000000004,385.0330000000017
-1.9592499999999966,-1.6979999999999973,-2.2748750000000033,-186.76712499999996,-323.4386250000001,296.3642500000006
-2.3137499999999998,-2.0125,-1.9075,-149.61249999999995,-277.03125,221.37625
-2.3921250000000005,-2.197750000000002,-1.7222499999999985,75.86525000000181,-93.78337499999854,149.6488749999994
-2.245000000000005,-1.8605000000000118,-1.9329999999999923,129.23699999999994,45.60199999999698,49.178500000002614
-2.130999999999999,-1.4371250000000049,-2.137375,8.127000000005353,160.66437499999847,-50.75412499999865
-2.1879999999999993,-1.1307500000000026,-2.1302499999999998,-324.92399999999736,256.24624999999924,-135.20674999999932
-2.135,-1.594375,-2.054375,-442.794375,310.743125,-215.39
-2.114,-1.9060000000000012,-2.076000000000001,-396.3039999999986,382.2820000000007,-292.6140000000006
-2.108750000000002,-2.0016250000000073,-2.173499999999998,-234.8942500000029,469.8456249999977,-370.88399999999774
-2.037500000000001,-1.695250000000005,-2.2589999999999986,-112.81450000000194,565.6412499999984,-466.41599999999846
-1.8910000000000013,-1.4426250000000018,-2.306875,-158.6712499999992,637.3837499999995,-543.5332499999995
-1.77,-1.2650000000000001,-2.305,-271.75,690.0875,-619.09
-1.741500000000001,-1.1937500000000023,-2.2337500000000023,-408.03699999999566,722.057374999999,-702.8514999999974
-1.6320000000000028,-1.3587499999999957,-2.0882500000000035,-481.43424999999837,736.7067499999997,-750.3924999999989
-1.549000000000001,-1.470999999999999,-2.054874999999999,-488.98112500000076,751.0797499999998,-777.9412499999997
-1.4840000000000009,-1.539999999999999,-2.108,-433.9800000000009,772.1369999999995,-784.2940000000002
-1.37,-1.6824999999999999,-2.09375,-316.20374999999996,830.6118749999999,-753.18625
-1.1405000000000087,-1.5205000000000086,-2.0532500000000016,-277.1722500000003,927.2174999999966,-720.256750000001
-0.9410000000000014,-1.2806250000000043,-2.050874999999998,-283.28074999999905,1025.7657499999982,-690.3388750000005
-0.8840000000000009,-1.102500000000003,-2.1434999999999986,-323.4229999999994,1100.9629999999988,-667.7455000000003
-0.7872500000000008,-1.0303750000000005,-2.156625,-337.2308749999999,1119.21175,-661.3105
-0.71,-1.07125,-2.1825,-304.77875,1132.795,-675.4412500000001
-0.6521250000000021,-1.1768750000000034,-2.2025000000000046,-239.70625000000044,1148.9174999999989,-705.2659999999994
-0.5880000000000015,-1.0700000000000025,-2.0600000000000036,-226.24000000000032,1185.539999999999,-722.8219999999995
-0.44700000000000273,-0.8913750000000034,-2.0763749999999987,-226.5856249999999,1238.224249999999,-747.0609999999996
-0.30525000000000063,-0.709500000000001,-2.12775,-227.61650000000006,1288.0414999999998,-787.8062499999994
-0.22687500000000313,-0.581250000000005,-2.1206250000000004,-218.45375000000038,1318.066249999999,-858.6643749999972
-0.362999999999995,-0.6414999999999975,-1.9445000000000063,-205.00100000000043,1347.6489999999992,-926.0774999999978
-0.4001250000000019,-0.6546250000000012,-1.7811250000000032,-229.55712499999854,1389.5251249999988,-977.5754999999991
-0.32325000000000104,-0.603250000000001,-1.6285000000000047,-293.3817499999987,1448.0172499999985,-1014.6622499999994
-0.2591250000000005,-0.5391250000000005,-1.3292500000000023,-375.66837499999934,1546.5061249999994,-1057.1486249999996
-0.34999999999999376,-0.49500000000000144,-1.135000000000006,-419.3249999999989,1660.6649999999952,-1083.5099999999993
-0.5598749999999894,-0.4615000000000009,-0.9938750000000038,-453.7931249999983,1759.5089999999984,-1095.2173750000002
-0.894749999999992,-0.43300000000000066,-0.8727500000000029,-505.27124999999876,1806.6479999999988,-1088.56975
-1.1467499999999962,-0.34075000000000155,-0.7388750000000022,-494.7525000000003,1796.6415000000004,-1073.838625
-1.3504999999999923,-0.21650000000000713,-0.7014999999999969,-465.84500000000196,1698.6910000000087,-1087.4549999999979
-1.5212499999999904,-0.10437499999998895,-0.768749999999996,-432.7968749999983,1508.245000000011,-1128.0974999999996
-1.7634999999999923,-0.3822499999999911,-0.8684999999999968,-476.1952499999986,1230.7120000000089,-1134.225
-1.6937500000000052,-1.3426249999999693,-1.1486249999999913,-423.16612500000235,890.5547500000089,-920.4705000000076
-1.450000000000005,-2.6039999999999806,-1.372000000000002,-356.94999999999976,506.3580000000068,-579.8780000000065
-1.1293750000000027,-3.82949999999999,-1.236625000000001,-370.98624999999987,83.37525000000338,-174.31587500000325
-0.7775000000000001,-3.13,-0.16375000000000006,-202.96625,-233.01375000000002,42.90249999999999
-0.07362500000003469,-1.6783750000000635,0.5307499999999958,89.62824999998713,-358.0751250000023,188.93274999999693
0.8925000000000162,0.24149999999997562,0.5960000000000185,470.06949999999796,-279.10100000000443,275.639000000001
0.21562500000001078,1.2603749999999838,-0.17349999999998772,555.7048749999987,-93.72275000000296,236.15225000000063
-0.2189999999999975,1.4670000000000016,-0.928749999999994,254.0917500000039,-231.9477499999976,130.10375000000113
-0.32812500000000006,1.190625,-1.41625,-198.121875,-457.81062499999996,16.555625
0.1350000000000037,0.6989999999999961,-1.173999999999998,-529.8690000000026,-476.01500000000016,-24.80500000000033
-0.02662500000000423,-0.019250000000012035,-1.244125000000002,-706.3228750000023,-405.74374999999867,-34.94650000000008
-0.07250000000000342,-0.6379999999999927,-1.2742500000000012,-660.4630000000045,-349.3057500000004,-24.313000000000468
0.12512500000000074,-1.0422500000000041,-1.2284999999999955,-381.803500000002,-323.80350000000055,5.082124999999756
0.0325,-0.515,-1.77,-139.81,-248.25,35.7125
-0.013875000000000168,-0.09874999999999715,-2.1450000000000022,-63.92337500000011,-167.20199999999932,66.03300000000024
-0.02299999999999954,0.1962500000000017,-2.3670000000000004,-91.02450000000107,-86.29724999999885,85.09799999999976
0.005499999999999545,0.3031249999999983,-2.3954999999999993,-158.66924999999893,-14.954625000001137,70.10700000000024
0.0939999999999992,0.40999999999999914,-2.3400000000000003,-279.40199999999896,93.84599999999908,56.8020000000001
0.084375,0.28562499999999996,-2.159375,-373.32937499999997,192.97625,49.719375
-0.06125000000000028,-0.1297500000000022,-1.8389999999999975,-416.8937499999996,269.30125000000027,50.50925000000007
-0.09687499999999914,-0.40762499999999335,-1.5255000000000074,-369.4056250000012,306.10187499999915,59.892874999999776
-0.08300000000000068,-0.3255000000000047,-1.167000000000006,-311.43700000000104,343.9689999999994,79.2934999999996
-0.07437499999999914,-0.0658750000000012,-0.9236249999999981,-272.21562499999965,374.69075,100.35462499999994
-0.18125000000000002,0.08374999999999999,-1.15875,-317.13874999999996,379.1225,107.25874999999999
-0.2940000000000009,-0.21312500000000312,-1.105999999999999,-335.6243750000001,350.7071249999997,127.24062500000018
-0.342000000000001,-0.4459999999999997,-0.9830000000000032,-355.05199999999934,312.978000000001,151.21399999999937
-0.2983750000000015,-0.46274999999999755,-0.8472500000000025,-380.9383750000019,272.0337500000006,177.7238749999988
-0.20575000000000074,-0.6194999999999988,-0.6905000000000012,-262.85575000000097,230.06750000000034,253.1847499999994
-0.16125,-0.631875,-0.6125,-176.91625,205.999375,300.050625
-0.1544999999999993,-0.4890000000000122,-0.6154999999999962,-136.2249999999983,188.98300000000103,322.86
-0.17587499999999948,-0.1042500000000092,-0.7366249999999971,-189.4487499999987,156.2222500000008,322.86
-0.283499999999998,-0.1277499999999981,-0.9324999999999967,-237.23299999999924,95.20600000000108,326.40199999999993
-0.32837500000000064,-0.3926249999999962,-0.855875000000004,-243.9955000000004,34.128875000000406,311.29850000000033
-0.25,-0.87,-0.35,-192.04,-17.05,267.38
0.28437499999998295,-0.6705000000000063,0.18437499999998297,-74.47750000000374,-6.882625000000324,232.7952500000011
0.6572499999999937,-0.33500000000001023,0.5104999999999956,22.87199999999801,69.3679999999971,186.9140000000013
0.7338750000000113,0.03612499999999785,0.5596250000000083,118.1186249999977,173.26787499999946,124.72162500000155
0.028500000000005632,0.17149999999999893,0.03950000000000414,261.7514999999989,205.85049999999976,26.275500000000783
-0.44625,-0.07,-0.548125,459.058125,67.79875000000001,-13.006875
-0.7164999999999986,-0.41749999999998866,-0.9502499999999976,679.4144999999926,-104.87374999999503,-57.20324999999754
-0.759249999999999,-0.7737499999999915,-1.0286249999999981,913.6702499999943,-260.23437499999625,-134.31712499999813
-0.23500000000000854,-0.8359999999999991,-1.0160000000000002,947.0189999999994,21.86299999999538,-100.11700000000057
0.07249999999999886,-1.0291249999999976,-1.438999999999994,896.5200000000009,121.46937500000031,64.37487499999793
0.06625000000002812,-1.1437500000000287,-1.9450000000000238,738.1512500000156,73.87000000000356,301.12624999999446
-0.6391249999999775,-0.42412500000002296,-1.3465000000000191,347.13837500001245,-15.10699999999716,438.93087499999564
-0.3875000000000128,1.257999999999953,-1.3419999999999959,84.34150000000537,-148.9584999999965,309.89200000000494
0.2571249999999867,2.2978750000000088,-1.3948750000000023,-199.2657499999939,-175.1083750000029,140.44037500000167
1.0907499999999934,1.7492500000000044,-1.245250000000001,-583.488499999997,6.101749999998555,36.86425000000082
1.4568749999999862,-0.133124999999923,-0.9306250000000128,-590.5143750000003,244.66312499999037,78.33687499999813
1.5780000000000018,-1.4279999999999746,-0.6100000000000103,-283.7520000000173,433.32999999999527,62.76800000000206
1.562624999999995,-2.1191249999999973,-0.3669999999999959,286.06724999998266,577.285749999997,11.856124999999516
1.7692499999999967,-2.2402499999999983,-0.5379999999999973,1008.5564999999884,699.3654999999981,32.09824999999968
1.8952499999999952,-2.441999999999989,-0.5423750000000024,1261.6577499999953,657.1852500000047,113.72824999999513
1.96,-2.3000000000000327,-0.5075000000000003,1281.397500000005,522.1000000000083,184.8424999999994
1.96,-1.4735000000000262,-0.5003750000000002,1152.142875000004,314.0785000000066,199.52712499999953
1.96,-0.4985000000000235,-0.6687499999999957,641.9722500000128,355.07799999999867,288.63049999999777
1.8360000000000036,-0.32124999999999204,-0.9631249999999938,74.67575000000949,397.07799999999946,323.26662500000026
1.6090000000000104,-0.83799999999997,-1.2320000000000233,-475.4969999999875,454.0819999999897,320.39999999999674
1.388125000000009,-1.464999999999975,-0.7475000000000194,-736.0368749999897,668.9149999999914,388.87124999999725
1.0675000000000114,-2.3597499999999685,-0.5045000000000051,-532.3980000000117,682.2687500000019,578.6647499999926
0.7278750000000074,-3.1126249999999933,-0.5139999999999918,-36.58587500001806,556.0636250000064,773.5429999999972
0.4215000000000049,-3.390499999999996,-0.8559999999999945,712.016499999988,294.6545000000042,891.9319999999981
0.671624999999986,-2.5686250000000435,-0.9263749999999976,1174.412249999979,186.9122500000046,1001.9602499999947
0.9749999999999875,-1.6187500000000394,-0.7850000000000125,1486.8374999999921,216.3924999999943,1087.8037499999973
1.2447500000000014,-0.6800000000000181,-0.4697500000000105,1652.8168750000018,371.4783749999922,1144.675375
1.202000000000001,-0.11000000000001366,-0.14200000000000784,1597.9900000000011,616.1579999999942,1146.022
1.0311250000000034,0.0858749999999992,0.3241249999999917,1415.6941250000036,782.8402499999978,1130.4612500000003
0.799000000000002,0.07725000000000107,0.7699999999999978,1230.3957500000008,918.1799999999989,1106.7680000000003
0.5425,-0.05812500000000001,1.0550000000000002,1146.370625,1051.56,1079.75
0.4680000000000018,-0.4729999999999859,1.4634999999999865,1069.1640000000025,1241.925499999994,1124.9014999999984
0.483499999999998,-1.0017499999999853,1.753374999999996,1187.0616249999925,1438.8361249999953,1127.344375000001
0.5809999999999969,-1.5724999999999967,1.9037499999999994,1496.7489999999946,1642.116499999996,1072.642000000002
0.7804999999999984,-1.7862499999999983,1.9393749999999996,1840.8294999999973,1890.7932499999981,939.6610000000011
0.825,-1.76,1.795,1975.065,1984.9,763.78
0.7377499999999981,-1.5998749999999982,1.6187499999999995,2006.68,2004.84,583.6341249999988
0.49550000000000577,-1.3647500000000057,1.5475000000000017,2006.68,2004.84,436.3532500000035
0.3170000000000027,-1.1997500000000025,1.8396249999999945,2006.68,2004.84,322.57937500000173
0.20200000000000046,-1.0150000000000017,2.1569999999999974,2006.68,2004.84,221.30850000000072
0.13187500000000824,-0.8062500000000062,2.4162500000000064,1989.134375000008,2004.84,134.67375000000106
-0.07475000000000165,-0.6494999999999987,2.2594999999999987,1789.1142499999985,2004.84,108.04049999999978
-0.16924999999999898,-0.370875000000008,1.9418750000000093,1432.7967500000102,2004.84,82.0946250000006
-0.21000000000000085,-0.10799999999999813,1.5219999999999883,1002.5619999999894,2004.84,35.63399999999761
-0.2456249999999997,-0.029625000000000627,1.0303750000000038,567.7660000000035,2004.84,-64.2086249999992
-0.5999999999999841,-0.063749999999998,0.5700000000000182,246.5325000000122,2004.84,-170.7887499999957
-1.1340000000000054,-0.08662499999999994,0.17812499999999748,7.074374999998668,2004.84,-235.26062500000012
-1.8059999999999876,-0.08149999999999949,-0.13099999999999626,-153.449999999998,2004.84,-251.98349999999957
-2.3190000000000124,-0.10287500000000051,-0.2877500000000038,-237.95250000000203,2004.84,-269.84587500000043
-2.7654999999999967,-0.1432499999999996,-0.37799999999999956,-233.9150000000004,2004.84,-284.7774999999999
-3.120624999999992,-0.17812500000000028,-0.42562499999999914,-175.7393750000034,1949.0025000000085,-290.4006250000006
-3.3130000000000015,-0.17099999999999996,-0.4470000000000002,-89.93299999999931,1736.8199999999983,-274.0629999999999
-3.3216250000000005,-0.0658750000000029,-0.523499999999998,112.76899999999469,1572.2900000000036,-235.877500000001
-3.1897500000000147,0.04224999999999483,-0.6642499999999885,238.78174999999933,1356.464750000016,-151.8555000000075
-2.907000000000005,0.1333749999999995,-0.866749999999999,246.0972500000006,1071.0016250000022,-18.38212500000091
-2.280000000000025,0.19749999999999746,-0.9949999999999949,172.32500000000294,799.9025000000108,98.04749999999535
-1.6668749999999952,0.2940000000000009,-1.1695000000000015,32.142374999998594,657.1748749999994,166.03025000000034
-1.189000000000002,0.35375000000000256,-1.3584999999999963,-137.25974999999644,645.3024999999958,197.11200000000005
-1.1035000000000048,0.24687500000000598,-1.5152499999999913,-286.1508749999917,822.21624999999,195.2880000000001
-1.5399999999999958,0.04400000000000176,-1.5100000000000002,-444.8399999999988,880.9899999999997,161.1960000000003
-2.0368749999999824,-0.1174999999999966,-1.4806250000000007,-564.0568749999974,798.7093750000093,93.40375000000411
-2.4745000000000013,-0.20275000000000065,-1.4579999999999995,-628.2147500000001,562.6124999999978,-7.715000000000352
-2.602749999999997,-0.2811249999999981,-1.4010000000000014,-632.340125,281.9587500000067,-52.03249999999893
-2.5645000000000073,-0.36849999999999483,-1.2585000000000108,-610.428500000002,31.70700000001301,-49.725500000001645
-2.4161250000000014,-0.45949999999999935,-1.0775000000000012,-554.9580000000009,-182.6882499999988,-24.59212500000008
-2.2237500000000074,-0.5449999999999966,-0.9350000000000057,-437.3100000000047,-335.7474999999939,-14.253750000000412
-2.0313749999999984,-0.5717500000000001,-0.8453749999999994,-214.27037499999804,-446.7828750000008,-60.90875000000047
-1.8690000000000029,-0.5680000000000006,-0.7610000000000022,46.37599999999321,-548.7869999999975,-121.95799999999846
-1.749625000000001,-0.5385000000000049,-0.6711249999999964,326.411999999989,-648.8868749999999,-184.9093750000003
-1.72825,-0.4530000000000007,-0.7352499999999995,523.1759999999985,-649.27875,-179.74375000000003
-1.7768749999999964,-0.297500000000008,-0.7774999999999989,693.4493749999939,-625.5775000000015,-139.2018750000025
-1.8710000000000009,-0.09349999999999828,-0.7939999999999998,811.1359999999999,-599.4565000000001,-78.05999999999956
-1.9707499999999976,0.12737499999999471,-0.7655000000000007,794.0645000000004,-621.0523749999995,-23.055000000001314
-2.0302499999999974,0.2907499999999916,-0.7657499999999996,701.8922500000061,-700.3207499999949,-34.60049999999846
-2.0398750000000003,0.43462499999999893,-0.772875,573.6313750000013,-792.0118749999992,-72.26074999999958
-1.990000000000002,0.5699999999999945,-0.7799999999999997,418.5700000000062,-881.6799999999964,-124.9999999999979
-1.8403750000000048,0.57,-0.7301250000000016,229.85012500000602,-893.8494999999996,-168.09912499999862
-1.7715000000000003,0.5105000000000024,-0.6717500000000015,86.0357500000027,-899.0192499999999,-212.28624999999892
-1.7613749999999997,0.40387500000000753,-0.6103750000000028,-13.01337499999783,-901.1217499999995,-251.11399999999924
-1.7685,0.26850000000000107,-0.5605000000000004,-51.89449999999969,-910.199,-264.4519999999999
-1.7475000000000012,0.18375000000000286,-0.5050000000000023,-28.3887500000016,-942.2599999999985,-272.6431249999997
-1.7135000000000014,0.1317500000000007,-0.4397500000000025,28.25349999999736,-981.9074999999987,-281.4417499999996
-1.6707500000000008,0.11037500000000051,-0.3613750000000019,111.14574999999802,-1023.873749999999,-293.3903749999997
-1.614000000000001,0.11,-0.28300000000000125,164.97399999999914,-1055.0879999999995,-283.4010000000002
-1.8787499999999961,0.04400000000000091,-0.05200000000000268,168.17687500000025,-1074.787125,-266.47762500000016
-2.4337499999999674,-0.08624999999999178,0.3712499999999679,131.00625000000224,-1133.006249999989,-247.60125000000022
-3.2531249999999736,-0.29287499999999345,1.1763749999999744,75.35287500000177,-1410.973874999991,-241.9083750000002
-3.929499999999985,-0.7524999999999873,1.9319999999999822,122.12049999999816,-1758.6209999999912,-358.29349999999636
-3.936250000000017,-1.0873750000000002,2.39475,290.25474999999483,-1991.19,-428.3615000000011
-2.8675000000000086,-1.0802500000000002,2.3805,614.5704999999974,-1991.19,-357.19700000000057
-2.1425,-0.44062500000000004,3.033125,567.55375,-1991.19,-196.238125
-0.9340000000000512,-0.026000000000007045,3.2260000000000058,445.8420000000054,-1991.19,-33.406000000005164
0.5843749999999734,0.08237500000001174,3.0767499999999988,258.65250000000674,-1991.19,128.21599999999617
1.6887499999999824,-0.4092499999999922,3.119499999999999,-22.784999999995506,-1991.19,289.18399999999747
1.96,-0.8954999999999962,3.4417499999999968,-108.85737499999982,-1991.19,369.39262499999955
1.96,-1.155,3.71,-61.83999999999999,-1991.19,353.3675
1.96,-0.998250000000005,3.71,113.7199999999944,-1991.19,207.95337500000466
1.3862499999999904,-0.8347499999999974,3.466999999999996,185.93750000000105,-1991.19,238.24850000000063
1.2998749999999946,-0.5430000000000064,3.043875000000009,215.977125,-1991.19,308.90224999999845
1.6359999999999877,-0.153000000000016,2.5240000000000125,204.71200000000368,-1991.19,396.6819999999983
1.8925,0.181875,2.2675,127.63374999999999,-1991.19,432.17875
1.8812500000000034,0.34874999999999656,2.2157499999999994,69.60775000000163,-1991.19,368.59750000000315
1.641374999999992,0.3891249999999985,2.1824999999999974,29.59612499999972,-1916.4938749999965,250.0232499999975
1.1355000000000082,0.2965000000000015,2.0400000000000023,12.00450000000028,-1692.4055000000037,92.23300000000252
0.45075000000003346,0.09787500000000988,1.8511250000000092,17.474499999999654,-1478.0558750000102,53.003750000001446
0.04125000000000001,0.0,1.51625,-8.262499999999996,-1299.7175,35.22875
-0.08912500000000023,0.027999999999992697,1.080250000000008,-67.09974999999733,-1151.7198750000052,24.286250000001356
-0.08199999999999989,0.25600000000000367,0.8379999999999962,-150.56200000000135,-993.6659999999974,-18.25000000000068
-0.14149999999999863,0.41224999999999795,0.6162500000000034,-272.0517499999978,-818.0231250000029,-82.65462499999884
-0.24274999999999353,0.4122500000000133,0.3372500000000201,-416.3239999999922,-639.8767500000081,-160.53424999999578
-0.378125,0.134375,-0.083125,-577.8050000000001,-471.178125,-249.119375
-0.35750000000000115,0.019000000000003188,-0.15899999999999864,-762.477999999994,-275.5305000000063,-354.7864999999966
-0.3581250000000006,-0.12425000000000294,-0.13287499999999852,-782.9608749999977,-175.1194999999999,-406.50674999999995
-0.44474999999999176,-0.2892500000000001,-0.04175000000000126,-657.47425,-181.5979999999982,-399.4912500000008
-0.9648749999999752,-0.28212500000000035,0.036624999999996244,-657.039625,-293.77399999999466,-349.4381250000024
-0.81,-0.385,-0.155,-669.3499999999999,-297.29,-279.66499999999996
-0.4681250000000034,-0.4942499999999995,-0.34025000000000316,-671.3987500000011,-244.1960000000025,-223.7192500000001
-0.3612500000000068,-0.5084999999999991,-0.24050000000000638,-636.5575000000022,-166.56200000000496,-220.02850000000024
-0.4264999999999986,-0.30600000000000366,-0.032375000000003526,-421.4248750000038,-227.19537499999876,-234.8379999999997
-0.20750000000002555,-0.17950000000000102,-0.02499999999998978,-203.24300000000954,-258.21050000000076,-233.31950000000097
0.29375,-0.166875,-0.22375,-12.21374999999999,-238.08125,-213.91312499999998
0.450499999999995,-0.24524999999999753,-0.2664999999999987,92.05349999999667,-180.29750000000186,-207.7927500000002
0.5146249999999987,-0.3382499999999936,-0.21662500000000592,171.61912499999565,-160.0853750000002,-206.8691249999999
0.5359999999999997,-0.44999999999999774,-0.132000000000001,243.19799999999873,-156.4720000000001,-196.99000000000063
0.5573749999999991,-0.5924999999999931,-0.06787500000000307,323.52524999999616,-150.95725000000027,-158.01625000000186
0.1225,-0.51,-0.15375,357.97125,-97.23,-70.53625
-0.04550000000000637,-0.3386250000000075,-0.15262500000000387,374.2623749999999,-74.2492499999994,15.486124999997543
0.13400000000000548,-0.11650000000000318,-0.041999999999998185,368.36050000000813,-92.67199999999904,88.6114999999985
0.04850000000000137,-0.0666250000000008,-0.07049999999999955,241.11512500000202,-107.66299999999976,112.28787499999963
-0.07499999999999318,0.016499999999995213,0.11949999999998567,139.49600000000424,-112.66,122.44099999999985
-0.15187499999999998,0.075,0.28,49.33062499999998,-108.65875,130.998125
-0.04500000000000341,0.01800000000000182,0.052000000000007277,-44.640999999997,-93.45400000000048,154.01899999999927
-0.07287499999999682,0.034499999999998185,0.0016250000000013632,-136.07074999999418,-134.3419999999968,163.9017499999995
-0.07400000000000091,0.06949999999999931,-0.06849999999999797,-204.69299999999933,-138.9107500000008,171.5972499999999
-0.0218749999999983,0.1036250000000058,-0.1926249999999976,-246.97799999999768,-88.74625000000285,176.8690000000018
-0.05750000000000001,-0.0175,-0.2425,-295.77,-29.395000000000003,139.42000000000002
-0.04225000000000137,-0.04150000000000091,-0.2091250000000025,-332.883874999999,-19.14737499999948,109.69475000000082
0.010999999999994542,-0.04974999999999227,-0.15699999999999817,-346.8572500000024,-24.963250000001686,84.71150000000148
0.09649999999999864,-0.17087499999999806,-0.18549999999999955,-309.1446250000006,1.4063749999995787,61.46975000000037
0.08600000000000137,-0.04000000000000853,-0.5679999999999785,-347.1699999999975,26.569999999998807,51.254000000000374
0.004375000000011925,-0.0306249999999835,-0.6793750000000256,-410.8243749999938,10.407500000005484,31.01812500000289
-0.1409999999999991,-0.22475000000000478,-0.3682500000000016,-487.92874999999856,-60.41649999999592,-3.769000000000119
-0.16949999999999818,-0.07512500000000956,-0.3183750000000032,-532.6381249999972,-187.71174999999187,-0.03550000000023834
-0.09900000000000204,-0.07399999999999865,-0.31799999999999956,-557.4799999999998,-282.4899999999988,-19.23849999999948
-0.0032499999999993194,-0.19199999999998912,-0.3172500000000048,-513.3911250000115,-342.22874999999976,-45.72737499999972
-0.017499999999998864,-0.41999999999998183,-0.21750000000000796,-275.223750000019,-347.57249999999954,-51.59124999999953
0.27962499999998836,-0.2485000000000082,-0.3116249999999957,-160.39612500000283,-159.6522500000073,-80.16787499999893
0.43600000000000816,-0.12399999999999636,-0.3420000000000073,-79.18200000000454,70.96299999998513,-111.89699999999813
0.3083750000000015,-0.18112499999999898,-0.22862500000000124,-8.067250000001167,299.76674999999994,-140.62612500000017
0.21575000000000444,-0.24524999999999694,-0.15025000000000374,65.0494999999965,305.8514999999997,-130.71525000000048
-0.021249999999973845,-0.2831249999999983,-0.015000000000013641,197.68374999998642,208.55937500001295,-97.78750000000377
-0.25000000000000455,-0.3494999999999925,0.12149999999999977,397.49949999999006,38.193500000006395,-56.94850000000052
-0.1075000000000091,-0.584624999999985,0.12862499999999955,708.9546249999801,-162.5248749999872,-40.69637500000104
0.13849999999999565,-0.5035000000000025,-0.09999999999999545,768.64025,-203.92224999999993,-78.3389999999992
