-0.06510000000000002,-0.0037000000000000366,-0.08845000000000003,321.20535000000007,18.004,42.93334999999999
0.18,0.68,-0.34,-115.35,-26.63,182.75
0.0252,0.87995,-0.02395,-285.44939999999997,-13.89125,138.5804
-0.0687,0.8914,0.1587,-493.5504,-31.7417,82.03359999999999
-0.08805000000000002,0.6720999999999998,0.17805,-748.1706000000003,-87.03755000000004,10.335399999999945
-0.0784,0.4412,0.08139999999999997,-959.604,-91.5834,12.0594
-0.09024999999999997,0.24725000000000005,0.03249999999999996,-1102.65075,-88.97475,25.16624999999999
-0.1483000000000001,0.12469999999999981,0.0970000000000001,-1127.0769,-83.62769999999999,44.16150000000003
-0.16515000000000002,0.07424999999999998,0.11515,-1106.56415,-78.121,47.3617
-0.19080000000000003,0.0436,0.10879999999999998,-1072.4243999999999,-75.6092,50.05800000000001
-0.27465000000000006,0.017799999999999976,0.06364999999999996,-1031.3636999999999,-82.29785,63.31275000000001
-0.336,-0.03950000000000003,0.05,-959.5725,-105.803,78.8985
-0.38284999999999997,-0.11139999999999987,0.04715000000000004,-872.0023500000002,-134.64969999999997,93.66369999999999
-0.40220000000000006,-0.18880000000000025,0.027799999999999943,-770.1761999999997,-152.23240000000004,97.83040000000001
-0.42540000000000006,-0.18919999999999987,-0.006950000000000109,-684.3390999999998,-155.86655,100.7574
-0.45660000000000023,-0.13579999999999987,-0.05120000000000005,-612.1569999999999,-151.43300000000005,103.0353
-0.5985000000000001,-0.0454999999999999,-0.07700000000000003,-598.5475,-174.71750000000003,109.16925
-0.7500000000000001,0.006400000000000006,-0.0964,-605.1556,-198.978,112.74640000000001
-0.9112500000000004,0.019300000000000032,-0.10930000000000004,-632.2972000000001,-224.22975000000005,113.7268
-1.1457000000000006,-0.004400000000000048,-0.13440000000000005,-627.1088,-241.59420000000003,130.74410000000003
-1.3996500000000003,0.010600000000000095,-0.15,-637.69865,-260.40075,152.98595000000003
-1.677,0.08800000000000005,-0.15,-675.2570000000001,-282.105,181.811
-1.8780500000000004,0.17085000000000022,-0.12819999999999993,-753.6903500000002,-288.39665,180.5684
-2.0498999999999996,0.24709999999999996,-0.14419999999999988,-839.4393999999999,-297.0492,168.37290000000002
-2.18535,0.3051500000000001,-0.26030000000000014,-924.7471000000002,-318.12780000000004,143.15984999999998
-2.1912,0.32480000000000003,-0.3524000000000005,-962.4340000000002,-330.07680000000005,151.90200000000013
-2.1437500000000003,0.3175,-0.4225,-977.95875,-327.34749999999997,173.87
-2.0598999999999994,0.25299999999999967,-0.43540000000000006,-969.3867,-276.61179999999973,202.30160000000015
-2.0216999999999996,0.1926500000000001,-0.45244999999999996,-934.4206500000001,-227.98015000000004,215.0462
-2.0088,0.13099999999999967,-0.47360000000000013,-884.2301999999999,-184.2454,217.68499999999995
-1.9958999999999998,0.034249999999999725,-0.5123000000000001,-828.2248499999998,-176.88594999999998,206.55874999999997
-1.9409999999999998,-0.03800000000000011,-0.53,-762.1464999999998,-169.957,197.8405
-1.8507,-0.08960000000000008,-0.53,-687.5780499999998,-163.3909,191.15185
-1.626,-0.0836,-0.5556,-569.6111999999998,-109.36879999999996,195.7848
-1.4087999999999998,-0.05149999999999999,-0.5813999999999999,-446.35484999999994,-37.858849999999975,206.2575
-1.2023999999999988,0.013000000000000327,-0.6072000000000001,-316.8452999999994,55.27270000000047,223.9950000000001
-0.9270000000000003,0.11199999999999988,-0.7019999999999998,-226.6025000000001,133.08049999999992,277.52624999999995
-0.5683999999999981,0.18220000000000003,-0.8250000000000006,-165.37959999999993,191.3436000000001,357.5250000000005
-0.06530000000000122,0.18864999999999998,-0.9862499999999996,-150.98320000000004,215.45369999999994,480.2362499999997
0.4174000000000012,-0.02930000000000066,-1.1118000000000003,-114.29469999999989,275.79420000000016,511.8258
0.7815500000000001,-0.3035500000000005,-1.1705499999999998,-73.14064999999994,332.45400000000006,471.9361999999997
0.788,-0.5680000000000003,-1.0479999999999998,-36.52399999999996,347.16,282.33199999999977
0.6742999999999999,-0.6322,-1.01,-62.28745000000002,262.99145,97.3112999999999
0.5164999999999995,-0.5955999999999995,-1.0343000000000009,-126.05350000000064,135.22999999999934,-67.23720000000027
0.41974999999999957,-0.4923999999999995,-1.208450000000001,-251.2802500000006,12.679999999999431,-118.24380000000022
0.4863999999999997,-0.4841999999999999,-1.4281999999999997,-398.7711999999998,-48.67479999999997,-94.7818000000001
0.6667500000000006,-0.5485000000000008,-1.6735000000000002,-558.3650000000002,-65.36799999999988,-18.806999999999704
0.8409000000000005,-0.7678000000000006,-1.7638000000000003,-633.0560000000002,-32.80839999999991,71.57040000000023
0.9709500000000006,-0.9776500000000015,-1.683999999999998,-608.172349999999,-50.16370000000052,112.08644999999991
1.0548000000000006,-1.1776000000000013,-1.4259999999999982,-478.9723999999991,-119.81080000000047,100.36679999999993
1.0236999999999998,-1.1597499999999996,-1.1558999999999984,-267.10524999999865,-240.51990000000075,76.39589999999984
1.005,-1.0599999999999998,-0.955,-83.59749999999998,-330.1225,68.66
1.0179,-0.8535999999999989,-0.8646999999999996,46.46675000000063,-365.24275000000017,87.8552000000001
1.0037999999999998,-0.6309999999999978,-0.9094000000000007,121.37540000000062,-296.9097999999991,108.75680000000021
0.9455999999999994,-0.47,-0.9988500000000005,186.04405000000023,-219.3222999999998,123.6077
0.7908000000000004,-0.47,-1.1342999999999996,251.9178999999998,-168.74140000000014,122.5886
0.7690000000000001,-0.5317500000000002,-1.2365000000000002,303.5750000000001,-192.6310000000001,123.0705
0.8080000000000007,-0.5963999999999998,-1.3039999999999998,314.765599999999,-235.5472000000001,119.75159999999985
0.90475,-0.57705,-1.27175,171.17569999999986,-245.09965000000003,97.45394999999998
0.8210999999999989,-0.4879999999999992,-1.2312999999999996,131.4347000000001,-191.65559999999948,38.80569999999954
0.64395,-0.37165,-1.18835,141.05175000000006,-133.45049999999986,-35.92234999999999
0.5729999999999997,-0.3910000000000001,-1.1689999999999998,41.62499999999957,-411.51000000000124,-59.63900000000011
1.0264499999999983,-0.7760499999999988,-1.0254500000000004,4.974449999999969,-462.7527000000003,-101.0265499999999
1.9359000000000028,-1.479100000000002,-0.7738999999999993,22.911900000000056,-316.76339999999954,-157.78010000000017
1.95,-2.3218500000000066,-2.878200000000017,119.21470000000076,-671.3001500000029,209.411400000003
1.5607999999999984,-2.0943999999999967,-2.5107999999999935,41.219599999999446,-739.0191999999995,360.4215999999998
0.6642499999999941,-0.46899999999998926,1.1270000000000242,-265.594000000002,-422.57574999999787,220.92099999999908
0.3889999999999999,2.233700000000001,-0.1600000000000008,-604.5157000000002,-113.67339999999987,184.8868
0.2277499999999995,3.3538499999999876,-1.4779500000000003,-949.5756500000018,52.087299999999374,121.27689999999922
0.13099999999999903,1.0253999999999763,-1.561800000000001,-1298.4626000000035,-66.45080000000121,-24.712400000001477
-0.07685000000000095,-0.26780000000000403,-1.9436000000000018,-1273.3768499999994,-20.035699999999643,-141.1390000000004
-0.22250000000000036,-0.9575000000000008,-2.211500000000001,-1078.2675000000008,60.10149999999991,-196.75300000000024
-0.061249999999999576,-0.602749999999999,-1.830949999999999,-664.2097499999988,100.6139500000001,-78.73089999999968
0.14840000000000172,-0.11599999999999588,-1.4943999999999975,-345.36799999999795,172.35320000000064,-53.23640000000013
0.32959999999999806,0.37615000000000154,-1.2089499999999989,-103.13639999999964,257.895000000001,-67.24989999999988
0.17480000000000073,0.4986999999999994,-1.1251000000000004,-73.36320000000015,338.5199999999996,-57.53620000000004
0.09125,0.4675,-1.1575,-141.36375,414.0675,-75.17125
0.05659999999999944,0.3115999999999971,-1.2625999999999988,-275.73840000000007,483.9166000000001,-112.33140000000016
-0.05305000000000107,-0.28180000000000577,-1.0239499999999977,-284.3943000000001,489.9344500000001,-144.3040500000003
-0.18130000000000052,-0.6396000000000004,-0.8286999999999995,-265.52529999999985,491.2279,-172.30870000000007
-0.3296500000000013,-0.7428000000000009,-0.6803499999999988,-216.9116499999996,487.41594999999995,-196.0253500000002
-0.334,-0.5459999999999995,-0.39999999999999936,-256.6180000000001,454.6599999999999,-222.41200000000006
-0.3349000000000001,-0.4369500000000005,-0.1979499999999996,-333.6027500000009,421.01949999999977,-232.61084999999989
-0.3478,-0.5079000000000001,-0.13989999999999994,-460.63550000000015,389.479,-216.05369999999996
-0.4676999999999992,-0.29530000000000145,-0.1460499999999999,-531.8837999999997,344.3976500000002,-250.64789999999977
-0.595200000000001,-0.07839999999999918,-0.25000000000000344,-577.0338,293.2399999999993,-283.03860000000003
-0.6855000000000003,-0.0009999999999996609,-0.5725000000000015,-584.3932500000001,233.57749999999973,-282.56775
-0.6018999999999985,-0.3372000000000045,-0.7869000000000017,-454.3011999999983,135.57239999999894,-298.1427000000002
-0.4466499999999994,-0.7469000000000001,-0.9184999999999999,-242.19084999999893,38.10624999999991,-309.4203499999999
-0.2596000000000006,-0.7856,-0.8540000000000002,112.04959999999892,8.92000000000009,-273.35840000000013
-0.02394999999999664,-0.6258499999999965,-0.736849999999998,360.5445500000024,-11.963750000000205,-239.1189499999996
0.21799999999999983,-0.35399999999999865,-0.6035000000000003,532.0185,-25.409499999999888,-208.17049999999998
0.1921999999999997,-0.14759999999999762,-0.6486500000000005,532.6441500000001,-8.891049999999812,-203.53294999999994
0.07459999999999894,0.045200000000000934,-0.6870000000000002,506.58999999999975,5.968200000000071,-221.0566000000002
-0.12534999999999982,0.22579999999999986,-0.71925,456.6025,19.339049999999986,-258.46014999999994
-0.21820000000000137,0.13549999999999857,-0.8649000000000022,436.3509999999997,-10.892400000000467,-283.4905000000004
-0.23700000000000018,0.005750000000000394,-0.9582499999999999,413.08400000000006,-40.44874999999994,-281.0122500000001
-0.15959999999999894,-0.16840000000000238,-0.9776000000000002,384.8071999999996,-67.70000000000037,-241.91879999999946
-0.16695000000000013,-0.13914999999999958,-1.0082500000000003,387.7071,-76.83735000000004,-218.19334999999984
-0.17579999999999985,-0.0012999999999962486,-1.1518000000000046,424.3185000000012,-58.22039999999913,-177.357499999999
-0.16289999999999993,0.30185000000000184,-1.5259000000000025,521.6167500000006,12.574800000000437,-96.5712499999995
-0.15000000000000002,0.41500000000000004,-1.76,550.4100000000001,6.994999999999997,-79.72
-0.1370999999999998,0.4585499999999999,-1.885349999999998,532.5480499999983,-19.538750000000356,-84.93920000000028
-0.12419999999999988,0.45209999999999995,-1.775699999999999,422.31109999999893,-41.952500000000214,-102.32840000000016
-0.041699999999999585,0.4674000000000001,-1.6747499999999997,319.89544999999964,-6.0457999999997725,-94.67464999999993
0.043999999999997486,0.47719999999999796,-1.6268000000000058,243.49960000000158,72.46040000000352,-58.53119999999706
-0.08500000000000171,0.37399999999999867,-1.9235000000000038,324.2020000000011,252.9830000000024,93.43725000000201
-0.27320000000000166,0.2226999999999987,-2.116600000000001,415.6011000000007,296.1319999999996,199.9697000000005
-0.5012000000000001,0.040600000000000025,-2.2175499999999992,511.51949999999994,234.24664999999985,269.8445
-0.5527999999999997,0.06639999999999986,-1.6822000000000028,463.33800000000025,49.20260000000097,218.43800000000027
-0.41224999999999623,0.18980000000000247,-1.0675499999999924,387.6912499999989,-99.18655000000115,172.66789999999958
-0.05749999999999843,0.42200000000000104,-0.3644999999999969,281.42749999999955,-206.7145000000005,133.18099999999984
0.11280000000000313,0.08894999999999229,0.04700000000000784,298.69170000000054,-145.71464999999847,164.08260000000075
0.05639999999999418,-0.29640000000000555,0.2059999999999968,382.46040000000255,-76.13039999999916,232.1256000000017
-0.35640000000000327,-0.6898500000000032,-0.019750000000001794,560.9383500000014,-15.958349999999522,352.8631500000009
-0.938800000000001,-0.7971,-0.3250000000000006,705.7083000000002,-190.1152000000004,468.1735000000002
-1.4092499999999997,-0.7442500000000014,-0.5704999999999999,766.6542500000006,-433.4184999999987,570.0352499999997
-1.4802000000000008,-0.42819999999999636,-0.6092000000000004,622.1161999999983,-725.8744000000033,638.9406000000008
-1.095449999999997,0.05525000000000285,-0.4014499999999984,245.4501499999975,-962.0141500000011,648.2747999999999
-0.5849000000000003,0.5078,-0.1247000000000001,-171.47839999999982,-1164.6511999999998,628.0295000000001
-0.320449999999996,0.4948999999999998,0.023650000000002232,-347.2022000000026,-1310.3696000000023,576.0747499999992
-0.4800000000000037,-0.12600000000000877,0.11200000000000046,-398.2899999999998,-1419.596000000001,532.3399999999997
-0.8884500000000065,-1.0792500000000103,0.14064999999999317,-361.38234999999526,-1492.5817999999972,507.2250500000038
-1.1528999999999991,-1.4984999999999986,-0.13669999999999902,-169.0627000000007,-1380.3776000000005,663.2440999999994
-1.0455000000000043,-1.4186000000000052,-0.5145499999999954,116.79229999999637,-1291.7842000000007,867.5131999999976
-0.5939999999999972,-0.8767999999999967,-0.9854000000000029,489.2024000000023,-1225.0395999999996,1116.4316000000017
-0.4175,-0.27249999999999996,-1.53125,596.3249999999999,-1244.845,1082.8
-0.5603000000000091,0.14210000000000236,-1.714999999999995,552.1094999999962,-1287.572800000001,1011.2664999999982
-1.1343500000000055,0.29045000000000143,-1.392499999999997,309.4927499999976,-1358.2906000000005,899.6492499999989
-1.2156,0.1531999999999994,-1.4060000000000001,67.78879999999913,-1426.8860000000002,818.1487999999997
-1.207699999999999,-0.08480000000000698,-1.5689000000000073,-54.28619999999741,-1484.2614500000007,751.8591499999991
-1.1689999999999994,-0.4460000000000048,-1.9430000000000047,80.10600000000177,-1518.2465000000004,708.4054999999994
-1.1451499999999997,-0.9408500000000038,-1.8913999999999986,268.06710000000146,-1486.5153499999997,723.2282000000002
-1.1720000000000002,-1.374,-1.7724000000000002,479.6126000000002,-1449.8544,738.9454
-1.3654999999999988,-1.4384999999999997,-1.8755999999999995,717.6756499999988,-1467.2435999999998,694.1888500000002
-1.2149999999999965,-0.9912999999999925,-1.8755999999999995,832.8705000000006,-1467.8971999999999,665.8195999999998
-0.9119999999999994,-0.3985000000000011,-1.8345000000000002,844.0552499999986,-1463.2205,654.9957500000003
-0.7571999999999969,-0.643600000000005,-1.8732000000000006,531.6623999999937,-1481.6288000000002,715.2452000000012
-0.5877999999999974,-0.8266500000000019,-1.9155500000000005,237.87724999999608,-1437.4724499999986,752.0178500000003
-0.4162000000000031,-0.9609000000000004,-1.9604000000000001,-42.58230000000265,-1346.6445999999999,771.0168000000003
-0.8161000000000007,-1.01895,-1.9862,-383.2906500000006,-1339.8463,804.9954
-1.122999999999999,-1.373999999999997,-1.9820000000000002,-486.4890000000007,-1320.1840000000002,821.451
-1.3229500000000023,-2.0706000000000078,-1.9432999999999996,-316.55084999999804,-1285.7280999999996,817.75515
-1.5465000000000013,-2.2775000000000007,-2.264500000000002,70.21820000000218,-1215.5535999999995,810.1004
-1.7581499999999999,-1.9640500000000012,-2.3889500000000004,402.63009999999986,-1137.1755,762.1853500000001
-1.9452000000000027,-0.8223999999999829,-2.1115999999999957,604.940800000003,-1050.2939999999987,644.6727999999982
-1.8592499999999987,-0.3422499999999971,-2.1230000000000007,452.550999999998,-1039.191,584.9049999999995
-1.7448999999999995,-0.2955000000000184,-2.2701000000000087,206.01719999999304,-1041.0737999999997,533.5691999999984
-1.7255500000000001,-1.0372499999999973,-2.611949999999999,-77.03459999999899,-1030.8441,468.9144000000002
-1.9545999999999968,-1.4523999999999972,-2.4478000000000035,-120.8864000000005,-943.7944000000011,418.2252000000004
-2.2436500000000006,-1.69105,-2.1252999999999997,-40.687999999998624,-825.2081499999993,378.8635499999999
-2.3274999999999997,-1.6975,-2.035,182.73999999999998,-703.3225,368.8725
-2.3007499999999985,-1.549899999999996,-2.043450000000001,315.08100000000115,-611.0894999999988,350.1163999999996
-2.216000000000001,-1.293199999999996,-2.105199999999999,375.75199999999853,-533.3411999999986,323.2639999999993
-2.3127500000000003,-0.8610499999999985,-2.0277999999999996,224.37049999999948,-390.81554999999946,257.86099999999976
-2.4821000000000044,-0.8216000000000065,-2.0725000000000033,41.66209999999589,-288.81389999999874,191.30959999999868
-2.7207500000000033,-1.1570000000000045,-2.2337500000000023,-170.94925000000282,-225.49424999999914,123.66199999999911
-2.7796000000000003,-1.306400000000001,-2.1531999999999996,-164.1053999999999,-114.83759999999921,19.22979999999925
-2.73845,-1.36085,-2.10795,-123.57674999999995,7.323450000000122,-77.52195000000009
-2.564299999999997,-1.289899999999999,-2.1273000000000004,-47.43449999999873,143.24430000000228,-161.1333000000014
-2.5067000000000004,-1.3854499999999985,-2.1577499999999996,-12.412200000000324,250.46609999999885,-227.89484999999928
-2.488,-1.395999999999999,-2.1499999999999995,-2.3980000000001382,354.8040000000005,-287.3500000000002
-2.5138000000000007,-1.1573499999999952,-2.053249999999998,-33.190300000000626,463.0801500000022,-336.628000000001
-2.5592000000000006,-0.9970999999999981,-2.03,-106.17650000000121,516.2264000000006,-398.42550000000097
-2.5311499999999976,-0.9440000000000021,-2.03945,-187.32170000000048,557.1540500000006,-458.92365000000035
-2.2021999999999995,-1.2020000000000004,-2.0846,-248.86760000000012,617.8034000000001,-499.5522
-2.013499999999998,-1.324000000000001,-2.1170000000000004,-272.0105000000001,707.9392500000018,-531.7317500000005
-1.9086,-1.3546000000000016,-2.1267000000000014,-281.3312999999994,808.8572999999993,-556.9897
-1.8957,-1.2126999999999992,-2.004149999999999,-340.4068500000003,872.9638500000003,-561.3176500000001
-1.864799999999999,-1.1536,-1.9968000000000017,-369.0768000000001,944.0976000000016,-549.6183999999995
-1.8198000000000003,-1.1596500000000003,-2.0799000000000003,-373.8256999999998,1020.4508999999998,-525.37245
-1.7939999999999998,-1.1144999999999996,-2.0669999999999997,-397.7810000000002,1052.8170000000005,-519.2384999999999
-1.7357499999999977,-1.1136000000000013,-2.077700000000001,-378.9406499999983,1081.4248000000007,-511.70034999999973
-1.638999999999998,-1.165200000000001,-2.116400000000001,-309.3257999999987,1105.5736000000004,-502.4961999999998
-1.5539499999999988,-1.0588499999999985,-2.1434000000000006,-257.51249999999936,1149.5890000000006,-504.81655
-1.4654999999999994,-0.9500999999999995,-2.1554,-228.59070000000006,1189.5838,-506.817
-1.368749999999998,-0.8662499999999982,-2.1424999999999996,-237.6787500000002,1218.6475000000007,-506.1075
-1.3032000000000004,-0.8188000000000002,-2.0984000000000003,-254.59279999999987,1240.2595999999999,-501.75280000000004
-1.2467999999999995,-0.7767999999999995,-2.06,-276.15680000000026,1261.5605000000003,-496.76439999999997
-1.1951999999999987,-0.7251999999999986,-2.06,-305.7752000000008,1287.1670000000006,-492.4815999999999
-1.1072000000000002,-0.7145499999999999,-2.08275,-343.8247499999999,1303.7827,-488.4445
-1.0039999999999987,-0.7119999999999993,-2.1049999999999995,-383.9680000000004,1323.192000000001,-485.49800000000005
-0.9007999999999993,-0.6603999999999997,-2.0727499999999996,-416.3341000000002,1378.2879000000003,-487.9361
-0.7741999999999968,-0.6321999999999998,-1.9936999999999976,-408.7992999999992,1416.6957000000007,-489.992
-0.6333500000000006,-0.6168500000000003,-1.89,-376.72875000000005,1444.0677999999998,-493.30719999999985
-0.5107999999999987,-0.5587999999999994,-1.89,-371.72999999999996,1469.2744000000002,-522.9256000000003
-0.5507500000000053,-0.510499999999999,-1.7599999999999931,-370.4005000000001,1488.1402500000004,-554.9197500000009
-0.7506999999999997,-0.47180000000000005,-1.5020000000000004,-372.6838,1500.7629,-589.2531
-0.7723000000000002,-0.3162499999999977,-1.4038999999999988,-440.366200000001,1489.7264999999998,-572.3630999999997
-0.6785999999999925,-0.24340000000000173,-1.3057999999999967,-497.00120000000106,1470.4327999999991,-561.4868
-0.4270499999999996,-0.3014500000000001,-1.1961499999999998,-532.5536000000001,1440.6209,-563.2154
-0.28550000000000053,-0.4089999999999995,-0.9710000000000011,-525.9155000000001,1445.789,-587.7854999999998
-0.25265000000000204,-0.5134000000000009,-0.7278499999999972,-496.6999999999993,1444.6575499999997,-612.8397000000001
-0.42680000000000473,-0.5908000000000021,-0.4891999999999935,-432.1999999999982,1415.0455999999992,-629.9064000000004
-0.7318999999999997,-0.56635,-0.3621000000000001,-361.78785000000005,1386.7625500000001,-644.1989
-1.0178000000000007,-0.4887999999999977,-0.3186000000000021,-305.8963000000001,1360.0267999999996,-647.7611999999995
-1.0565000000000013,-0.33399999999999525,-0.46050000000000435,-315.2552500000003,1337.6839999999993,-612.4409999999989
-1.1834000000000005,-0.4018000000000005,-0.49739999999999995,-261.9249999999998,1241.2279999999996,-588.7506
-1.3179000000000007,-0.5901499999999993,-0.4709000000000003,-180.04420000000013,1101.2796500000006,-577.0526999999998
-1.0985999999999974,-0.7901000000000025,-0.3805999999999989,-143.07279999999955,927.5230999999978,-616.7718000000004
-0.964500000000001,-0.8374000000000013,-0.3506499999999997,-33.933450000002665,766.9938500000023,-635.6062499999999
-0.9,-0.76,-0.37,134.16,617.27,-637.38
-0.8419499999999991,-0.7148499999999992,-0.4087000000000006,131.01239999999996,541.7985499999988,-446.002049999997
-0.7780999999999978,-0.6261999999999954,-0.5924000000000114,126.68159999999982,433.5599999999953,-268.1525999999949
-0.7071499999999997,-0.48429999999999945,-0.9536000000000012,120.90239999999997,285.20999999999947,-106.86389999999943
-0.6361999999999985,0.09840000000001226,-1.3786000000000083,106.84659999999971,188.67139999999824,-104.1878000000003
-0.5787499999999989,0.5955000000000086,-1.8535000000000195,39.015249999994126,75.56074999999454,-122.04575000000081
-0.5464999999999998,0.8406000000000018,-2.408200000000004,-127.46570000000119,-79.32310000000109,-145.05290000000016
-0.29794999999999305,0.8127499999999978,-2.453049999999998,-443.89405000000806,-170.23365000000172,-184.267100000001
-0.023599999999992766,0.643999999999985,-2.2603999999999798,-700.8947999999986,-199.6211999999958,-212.66359999999935
0.16345000000000198,0.2569999999999959,-1.7379499999999946,-663.0203999999997,-91.46759999999885,-195.86779999999982
0.1119999999999959,-0.18850000000001244,-1.4629999999999956,-465.013499999993,-0.3509999999977822,-90.5569999999962
-0.043749999999999734,-0.5919,-1.3256999999999999,-179.62855000000076,76.62839999999993,41.00444999999989
-0.2050000000000023,-0.6048000000000001,-1.3644000000000005,209.8934000000055,114.50280000000055,102.47940000000088
-0.10060000000000405,-0.10180000000001199,-1.422349999999999,349.76980000000043,161.29764999999927,102.51605000000059
0.1642999999999998,0.7277000000000007,-1.4951,309.1827999999995,213.44350000000006,63.47300000000002
0.041749999999997844,1.1082500000000066,-1.604750000000002,25.227999999995006,251.78875000000068,73.85750000000019
-0.19599999999999623,1.108000000000004,-1.6536,-235.39239999999748,256.08600000000035,81.70439999999995
-0.5507500000000018,0.7209999999999979,-1.6406999999999998,-472.31380000000127,225.80324999999985,86.97405000000003
-0.35039999999999505,0.25469999999999005,-1.4020999999999946,-526.4914000000009,209.76399999999967,79.89729999999983
-0.1488000000000011,-0.07589999999999919,-1.1607500000000015,-506.8391500000008,212.70309999999978,91.28304999999972
0.006000000000001365,-0.192000000000001,-0.934999999999998,-390.306999999999,243.4180000000003,131.98900000000037
-0.15530000000000543,-0.1445999999999981,-0.7092499999999945,-300.3272499999979,228.0422499999994,151.5925500000004
-0.3061999999999995,-0.09190000000000026,-0.5024999999999935,-230.58099999999865,202.4956999999988,166.2810000000005
-0.29329999999999984,-0.09835000000000009,-0.341249999999998,-197.6214999999996,172.84504999999962,178.47150000000016
-0.20359999999999673,-0.22000000000000455,-0.26639999999999875,-139.78839999999812,176.43920000000043,176.4395999999998
-0.10124999999999801,-0.36750000000000393,-0.247500000000004,-72.32124999999684,187.52124999999978,177.8025000000016
-0.05609999999999929,-0.45780000000000143,-0.33780000000000143,-0.34569999999886036,182.2128999999999,213.62580000000057
-0.12300000000000409,-0.4816999999999996,-0.48205000000000553,71.9079000000023,142.16074999999813,232.98190000000034
-0.24180000000000007,-0.4507999999999992,-0.6387999999999999,140.42220000000012,86.32099999999993,242.428
-0.26114999999999955,-0.24440000000000506,-0.6259000000000003,170.97584999999924,64.29425000000055,244.23399999999995
-0.3154999999999993,-0.17099999999999965,-0.6339999999999998,201.17249999999973,17.022000000000602,243.73700000000002
-0.3993500000000006,-0.20970000000000028,-0.6598000000000002,231.06825000000023,-51.52860000000049,241.29889999999997
-0.40640000000000015,-0.5300000000000074,-0.6343999999999994,220.83599999999976,-100.80240000000113,281.35680000000093
-0.25895000000000185,-0.7156999999999999,-0.5003000000000014,271.04654999999934,-109.60665000000023,327.10184999999973
0.08290000000000361,-0.7286000000000001,-0.22939999999999713,398.00190000000134,-67.48169999999955,379.61130000000054
0.3327500000000063,-0.08599999999998093,-0.10224999999999711,483.6895000000021,-26.76549999999893,319.28849999999807
0.40420000000000045,0.4691999999999996,-0.12019999999999953,537.2976,-10.91579999999994,248.28980000000013
0.15264999999999646,0.7014000000000032,-0.3846500000000037,538.6392,-42.77235000000044,183.2028499999991
-0.30800000000001543,0.3419999999999846,-0.48080000000000156,461.578499999997,-145.90140000000366,187.02200000000067
-0.6767499999999955,-0.12285000000001389,-0.535500000000003,379.4641999999985,-224.76329999999737,199.28189999999915
-0.5799999999999983,-0.4260000000000054,-0.6000000000000011,346.98199999999946,-167.26799999999898,180.56399999999965
-0.3185999999999888,-0.4843999999999983,-0.8380500000000106,425.71865000000435,-122.62874999999869,210.38670000000172
-0.02189999999999713,-0.4508000000000038,-1.1000999999999965,528.5887999999973,-83.8070999999981,269.68080000000526
0.03615000000000122,-0.5282000000000017,-1.0291499999999985,472.03519999999884,-45.22964999999918,376.1832000000023
0.06759999999999991,-0.24460000000000381,-0.7834000000000026,258.3364000000023,4.937799999999591,402.5854000000002
0.10200000000000498,0.30775000000000863,-0.42774999999999946,-60.885000000001924,61.06725000000003,370.5322499999991
0.669599999999989,1.2816999999999812,-0.36970000000000114,-279.2819999999958,64.60829999999993,274.09830000000187
1.1174999999999988,1.4681500000000023,-0.3935499999999996,-465.1993499999994,98.74529999999976,144.1641000000006
1.440000000000004,0.8295999999999921,-0.5032000000000013,-617.0904000000019,164.9352000000008,-20.86560000000204
1.363199999999997,-0.15985000000002858,-0.41924999999999724,-494.51714999999604,285.7203000000035,-184.37675000000462
1.3475000000000001,-0.895,-0.3525,-345.35249999999996,459.15749999999997,-277.1925
1.4700500000000019,-1.1917000000000046,-0.3331499999999997,-182.84474999999742,710.0818500000039,-258.4681499999997
1.4683999999999993,-1.2345999999999997,-0.24359999999999674,-271.3992000000044,617.0801999999949,-271.16100000000057
1.542500000000001,-1.2077999999999998,-0.1774000000000001,-278.9123999999989,556.9024000000006,-285.88905
1.8650000000000062,-1.1303999999999985,-0.2032000000000005,36.46680000000612,744.6232000000036,-290.4879000000001
1.636499999999985,-1.257250000000007,-0.46650000000001224,219.8625000000048,766.6402499999987,-222.13149999999666
1.186799999999996,-1.4031999999999993,-0.8244000000000028,341.0436000000004,725.4023999999995,-104.13279999999844
0.6320999999999873,-1.312899999999998,-1.2243000000000093,396.6942000000013,666.8815499999986,116.81840000000506
0.2782999999999908,-0.984799999999982,-1.5422000000000107,228.94399999998853,458.6368999999886,277.27000000000487
0.11225000000000651,-0.5187499999999949,-1.797150000000001,-56.49320000000185,179.75329999999877,397.33710000000065
0.7250000000000163,-0.03499999999998721,-1.8810000000000022,-230.7980000000046,63.69199999999693,456.17400000000157
1.0375999999999999,-0.16879999999999873,-1.6750500000000008,-311.19725,171.10099999999943,594.7817999999996
1.0892000000000008,-0.8396000000000094,-1.2170999999999934,-309.9395,472.83200000000426,802.7556000000029
0.5502500000000077,-1.3706999999999925,-0.5305500000000096,-350.5028499999994,478.51965,789.6033500000003
0.34920000000000045,-1.8044000000000004,-0.1147999999999999,-190.1555999999993,365.64959999999957,883.4652000000004
0.6007500000000044,-2.114000000000005,-0.05674999999999898,232.95150000000743,104.30849999999539,1121.3670000000043
0.4875000000000017,-2.332399999999998,-0.4375999999999954,921.1427999999923,-80.36189999999814,1229.696399999999
0.35849999999999965,-2.3517499999999982,-0.9772500000000038,1496.9622500000014,-289.34620000000143,1228.513899999999
0.29399999999999865,-1.9969999999999926,-1.7190000000000156,1778.279000000006,-567.1348000000058,1042.405599999996
0.45675000000000837,-1.3594499999999736,-1.8042499999999964,1732.5829999999949,-619.8196499999996,911.0190999999957
0.6405000000000004,-0.7109999999999963,-1.6204999999999958,1564.2079999999976,-585.359999999999,799.3299999999992
0.6856500000000011,-0.2852999999999895,-1.1496499999999883,1290.1603999999932,-469.25999999999715,702.5799999999977
0.7660000000000039,-0.15,-0.5907999999999756,967.1539999999859,-310.4755999999927,679.7984000000005
0.8202499999999973,-0.18060000000000287,-0.007099999999994111,628.8563499999964,-143.06154999999885,700.093250000001
0.5944999999999936,-0.41280000000000655,0.4702000000000135,340.09629999999186,-49.81389999999737,777.1385000000022
0.447499999999996,-0.8512500000000258,0.7712500000000077,191.4174999999979,18.991250000002253,912.6312500000079
0.35659999999999825,-1.4424000000000115,0.9472000000000036,153.0274000000041,72.81480000000215,1091.4816000000035
0.2469499999999965,-2.1648000000000227,1.1794000000000073,409.3310500000082,208.41960000000432,1310.1882000000069
0.2830000000000007,-2.682600000000001,1.3,790.5833000000019,351.77750000000054,1494.0787000000005
0.47650000000000375,-2.9793000000000056,1.3,1306.86065000001,503.513750000003,1640.3453500000028
0.6519999999999985,-2.898000000000001,1.2460000000000004,1745.2819999999963,687.6259999999984,1692.6579999999997
0.6987499999999989,-2.719749999999998,1.1805999999999994,2013.55,886.6247000000014,1777.797850000001
0.5374999999999963,-2.4294999999999933,1.1031999999999984,2013.55,1105.9634000000049,1928.0377000000035
0.4351000000000005,-2.4709499999999993,1.400299999999998,2013.55,1268.634899999999,1974.9958
0.5878000000000083,-2.5626,1.4773999999999925,2013.55,1392.9864000000007,1865.1477999999952
1.3682500000000206,-2.607750000000001,0.7872499999999817,2013.55,1448.4435000000014,1405.075749999988
1.1429000000000011,-1.9573000000000016,0.5718000000000001,2013.55,1634.9271999999996,1012.6649000000007
0.6097499999999969,-1.1432999999999947,0.6182000000000062,2013.55,1848.6901000000016,663.8182999999963
0.38399999999999324,-0.7691999999999888,1.056800000000013,2013.55,1963.3324000000034,399.63919999999206
0.1258499999999873,-0.6826500000000039,1.4063000000000137,2013.55,2005.99,222.83479999999426
-0.15200000000000502,-0.7645000000000011,1.6805,2000.552999999997,2005.99,103.95749999999919
-0.4358000000000095,-0.8225500000000019,1.6869500000000002,1832.8916999999942,2005.99,58.25924999999847
-0.6720000000000095,-0.7989999999999952,1.5811999999999897,1642.1171999999895,2005.99,5.322399999997067
-0.865500000000004,-0.7022499999999979,1.3747999999999958,1430.6087999999957,2005.99,-54.10790000000126
-1.2479999999999973,-0.4291000000000019,1.1369000000000018,1171.2267000000018,2005.99,-176.41849999999914
-1.6955000000000047,-0.14899999999999755,0.9367499999999986,889.6644999999972,2005.99,-264.27550000000036
-2.22439999999999,0.1347999999999945,0.7884000000000029,579.793600000006,2005.99,-303.7623999999993
-2.561199999999999,0.23779999999999973,0.6513500000000005,321.3885500000009,1997.4811,-275.75440000000015
-2.7679,0.2710999999999993,0.5032999999999979,117.8923999999987,1952.2458999999985,-238.66629999999955
-2.7614499999999995,0.21304999999999838,0.32914999999999506,13.041199999997042,1833.4304499999967,-202.56564999999898
-2.585,0.21000000000000002,0.13999999999999999,19.099999999999998,1731.72,-182.165
-2.3316999999999948,0.23450000000000104,-0.050600000000002865,69.19820000000144,1651.0533999999996,-160.57824999999934
-1.983399999999989,0.29900000000000204,-0.2312000000000057,160.24640000000286,1625.8467999999993,-119.20149999999869
-1.6350999999999989,0.39830000000000043,-0.40310000000000057,248.45840000000027,1616.683,-91.48809999999992
-1.309999999999997,0.5184000000000029,-0.5788000000000045,329.61720000000076,1626.3960000000018,-69.65319999999947
-1.1487499999999944,0.6667500000000052,-0.8110000000000082,370.63275000000147,1714.7287500000032,-42.75024999999905
-1.0911000000000002,0.7596000000000004,-0.9766000000000009,334.76599999999934,1840.1540000000011,-35.02440000000004
-1.1158500000000058,0.8092499999999994,-1.0893999999999995,240.22399999999635,1989.8360000000002,-43.924350000002505
-1.3674000000000097,0.7769999999999988,-1.063599999999999,81.29599999999382,2000.4140000000004,-152.47140000000422
-1.7043500000000045,0.717299999999999,-1.0438999999999998,-110.59030000000243,1977.3321999999994,-217.27840000000018
-2.1365000000000114,0.6269999999999976,-1.0309999999999997,-339.21700000000607,1916.7279999999985,-233.32600000000042
-2.2711499999999996,0.4831500000000003,-0.9943000000000001,-464.18279999999976,1686.7987000000005,-224.77630000000002
-2.3375999999999997,0.32519999999999755,-0.9387999999999987,-580.4520000000016,1408.4859999999953,-232.99240000000057
-2.33115,0.15105000000000246,-0.8549500000000011,-696.7454999999984,1072.5377500000047,-272.98884999999945
-2.2558,-0.06020000000000039,-0.9089000000000002,-746.7625,790.7501999999995,-287.8421
-2.179499999999999,-0.2742500000000035,-0.9927500000000015,-741.5712499999979,562.521999999998,-285.04399999999936
-2.1407999999999987,-0.4742000000000067,-1.0766000000000029,-626.7289999999962,446.5767999999961,-249.4915999999988
-2.1672000000000025,-0.6369500000000073,-1.1139500000000009,-443.95024999998964,366.61329999999674,-230.8930999999994
-2.223199999999998,-0.7523000000000011,-1.1256000000000006,-231.33260000000524,285.5005000000035,-220.76260000000002
-2.3005999999999993,-0.7071500000000003,-1.0998,-1.4933000000016108,131.05525000000108,-219.8983
-2.2419999999999987,-0.5419999999999978,-1.0659999999999996,182.61400000000137,-25.538000000001404,-185.96199999999953
-2.1023499999999973,-0.30289999999999395,-1.0245999999999982,333.505300000002,-177.57440000000184,-131.63409999999863
-1.9926999999999955,-0.05779999999999007,-0.9471999999999969,414.9946000000033,-251.31080000000298,-75.50619999999773
-1.9534000000000014,0.15715000000001053,-0.8496999999999935,469.31875000000167,-306.38100000000213,-41.66919999999926
-1.9792000000000007,0.3442000000000053,-0.7335999999999967,498.50500000000085,-344.1780000000011,-28.45959999999963
-2.04875,0.47500000000000003,-0.6487499999999999,447.385,-373.85625,-41.84375
-2.122400000000001,0.5635000000000006,-0.5702999999999988,380.8890999999987,-426.0114000000013,-61.95680000000044
-2.1998000000000024,0.595750000000001,-0.49934999999999774,296.6069499999973,-509.74530000000266,-90.23360000000089
-2.1259999999999994,0.5775999999999999,-0.4171999999999997,262.2823999999999,-611.0632000000004,-138.7936000000002
-2.0353999999999983,0.5476999999999993,-0.3538499999999996,245.7148500000001,-685.0873000000001,-194.66965000000127
-1.9579999999999973,0.5089999999999987,-0.33449999999999935,250.9845000000002,-694.8010000000003,-259.6405000000023
-1.9499,0.49504999999999993,-0.29039999999999966,263.98110000000014,-674.5127499999998,-309.0683500000003
-1.9781999999999982,0.49559999999999943,-0.23600000000000138,279.4563999999997,-654.8307999999997,-352.1215999999992
-2.0620499999999993,0.5213999999999999,-0.17150000000000035,295.4265999999999,-670.1302,-389.1703999999998
-2.1244000000000005,0.4869999999999993,-0.13279999999999972,316.56110000000024,-705.0935000000004,-438.38390000000055
-2.196250000000006,0.40599999999999453,-0.10924999999999983,334.0212499999992,-754.9010000000023,-500.44400000000303
-2.4220000000000095,0.19959999999999128,-0.10279999999999972,303.9319999999987,-842.8016000000038,-613.9124000000048
-2.8740500000000364,-0.08345000000001984,0.03870000000001428,274.2661499999983,-962.4170500000084,-764.1691500000104
-3.502099999999989,-0.42729999999999324,0.2875999999999931,247.66539999999793,-1109.878799999995,-944.7878999999955
-4.282550000000001,-0.8981500000000007,0.7778000000000009,395.07370000000026,-1480.6764000000007,-1261.3474500000007
-4.414999999999989,-1.204000000000002,1.0970000000000022,703.5460000000087,-1772.3220000000035,-1515.5100000000034
-3.8022499999999795,-1.320100000000004,1.2195500000000041,1197.2419000000164,-1972.9428000000066,-1697.916000000006
-2.4578999999999303,-0.9287999999999784,0.9644999999999857,1696.1239000000246,-1990.05,-1700.4132999999993
-1.6187500000000035,-0.6476499999999998,1.1113500000000192,1925.0677999999948,-1990.05,-1616.7274999999956
-1.780000000000006,-0.6411999999999998,2.0208000000000337,1682.212399999991,-1990.05,-1411.9399999999923
-1.710249999999999,-1.0652500000000047,2.263500000000001,1622.8129999999999,-1990.05,-1124.8797499999973
-1.353099999999975,-1.3496999999999906,2.3555000000000024,1589.4258999999981,-1990.05,-817.3261999999922
-0.3404500000000036,-0.9691500000000013,2.45225,1511.5550500000004,-1990.05,-505.0559000000011
0.5480000000000104,-0.26199999999998963,2.631800000000003,1084.755799999993,-1990.05,-200.04439999999627
1.296200000000008,0.4221499999999969,2.8352000000000044,510.7701499999829,-1990.05,89.54335000000634
1.5800000000000125,0.31249999999999517,2.990000000000007,-98.47750000002685,-1990.05,314.82250000000994
1.7926999999999953,-0.03414999999998597,3.05395,-465.64544999999396,-1990.05,501.20204999999544
1.95,-0.5431999999999915,3.062,-653.9956000000025,-1990.05,652.0664000000002
1.95,-1.2398000000000025,3.09425,-455.10339999999934,-1990.05,638.14085
1.95,-1.7714000000000074,2.958199999999994,-119.36349999999095,-1990.05,654.7832000000009
1.95,-2.1455000000000135,2.6614999999999895,347.00375000001645,-1990.05,700.6040000000016
1.95,-1.7011999999999756,2.3523999999999843,713.6750000000186,-1990.05,652.1351999999973
1.95,-0.9747999999999273,2.0189499999999754,921.5132499999991,-1990.05,583.7735999999938
1.95,0.10879999999999429,1.651300000000002,907.3555000000001,-1990.05,492.3384000000005
1.95,0.6873500000000052,1.6388500000000006,632.9915499999967,-1872.2789999999984,433.11539999999945
1.95,0.9099999999999898,1.6499999999999981,336.67599999999334,-1702.9959999999935,370.22599999999784
1.95,0.5229999999999836,1.5854999999999972,85.40334999998937,-1461.5918499999898,287.5563499999965
1.8323999999999978,0.09679999999999378,1.4866999999999984,58.62910000000062,-1255.1785999999972,158.06719999999797
1.647899999999991,-0.21894999999999556,1.3257499999999893,89.4033999999994,-1052.9259499999932,14.607499999995781
1.3511999999999864,-0.07059999999999321,0.9709999999999837,69.30519999999908,-824.5765999999896,-125.68000000000643
0.9865000000000106,0.052249999999997104,0.7820000000000027,-33.35349999999613,-670.4237500000031,-235.6224999999975
0.599900000000003,0.14510000000000048,0.6753000000000013,-174.31559999999888,-556.0911000000011,-326.25899999999933
0.32254999999999856,0.09994999999999976,0.5398499999999993,-278.85720000000055,-453.36194999999947,-387.3405000000003
-0.041200000000009174,-0.0028000000000031333,0.4043999999999971,-366.2052000000016,-340.60319999999746,-436.0812000000008
-0.47680000000003253,-0.1494999999999976,0.2673499999999873,-439.0556999999985,-219.6649999999944,-474.3539999999981
-1.3540000000000465,-0.08499999999999659,-0.07450000000001808,-398.51099999999786,-68.08999999999199,-423.2699999999973
-1.5998999999999655,-0.1739000000000186,-0.038749999999966755,-309.93734999999,-60.83195000001129,-439.0979000000066
-1.0968000000000018,-0.44479999999999903,0.4449999999999983,-164.3802000000005,-224.79739999999944,-534.3127999999996
-1.0090499999999996,-0.323749999999998,0.22674999999999643,-97.65179999999927,-153.04879999999883,-407.33299999999815
-1.003000000000002,-0.17859999999999673,-0.042800000000006555,-27.945399999997463,-48.77999999999663,-273.56739999999706
-1.067500000000003,-0.06249999999999488,-0.27500000000001024,61.72250000000395,70.54500000000526,-168.67749999999538
-1.132000000000004,0.017200000000004254,-0.23679999999999382,87.02480000000058,103.53440000000073,-42.321999999992116
-1.1783499999999998,0.013899999999993029,-0.14349999999999796,55.36369999999516,99.0159499999983,60.640250000000634
-1.1719,-0.2054000000000008,-0.07899999999999976,-96.99820000000054,45.758299999999814,80.53850000000007
-0.9470499999999938,-0.46110000000000523,-0.00994999999999862,-136.71574999999984,20.80619999999975,63.43159999999938
-0.6660000000000008,-0.6800000000000005,0.03900000000000063,-110.28000000000114,27.197999999999013,42.64499999999962
-0.5756999999999994,-0.6154999999999995,-0.0319500000000005,20.33250000000092,139.9956000000008,86.02125000000031
-0.49319999999999825,-0.15319999999998346,-0.14970000000000339,-129.61710000000767,318.8280000000051,159.77070000000217
-0.43505000000001076,0.5079499999999842,-0.27249999999998753,-445.50905000000046,516.0811499999909,244.70374999999746
-0.7124000000000151,0.10159999999997779,0.050000000000017614,-456.3644000000006,281.8751999999872,178.4299999999964
-0.5477500000000106,-0.08375000000000057,0.0572500000000053,-512.2647499999982,130.52475000000123,156.25224999999963
0.052099999999998946,-0.05150000000000006,-0.24589999999999948,-612.5170999999998,60.75510000000012,177.49209999999997
0.08,-0.3759500000000048,-0.16159999999999855,-568.9947499999993,8.685149999999279,86.45139999999863
0.1840000000000077,-0.6138000000000025,-0.09479999999999962,-465.02899999999454,-44.67680000000169,32.61520000000028
0.44200000000001183,-0.6976500000000038,-0.08189999999999942,-281.9457499999916,-101.23040000000259,41.98060000000043
0.4139999999999952,-0.36899999999997535,-0.0855000000000004,-306.22900000000374,-187.69850000000565,72.4000000000021
0.3229499999999905,-0.070499999999995,-0.04904999999998949,-358.36045000000263,-252.23645000000016,90.82089999999863
0.20039999999999936,-0.005999999999999657,0.08640000000000071,-392.1004000000002,-254.2424,73.16079999999991
-0.03855000000000586,-0.00455000000000041,0.11029999999999973,-151.73289999999304,-263.7901000000002,13.451199999998444
-0.25349999999999884,-0.035600000000002865,0.10910000000000167,126.65880000000263,-261.2800999999978,-43.79459999999972
-0.22124999999999972,-0.1130000000000007,0.15425000000000041,197.45400000000063,-201.14674999999946,-36.325499999999934
-0.19739999999999952,-0.2954000000000059,0.07759999999999652,275.494200000002,-127.539799999998,-34.61460000000003
-0.17804999999999835,-0.5269000000000141,-0.05260000000000219,361.3397000000102,-48.86764999999497,-38.29530000000205
-0.15870000000000062,-0.6945999999999947,-0.07839999999999918,482.1997999999961,10.594899999998113,-62.56019999999923
