370.89487500000007,28.061499999999995,35.92825000000002
64.89,124.9,-34.7
70.70212500000001,122.684875,-9.77675
76.51425,120.46975,15.146500000000009
59.082250000000016,100.25687500000002,21.418875000000003
24.52299999999997,66.78249999999997,13.948499999999994
-6.987499999999983,38.46,7.6899999999999995
-21.424999999999983,38.988,8.218
-35.86249999999999,39.516,8.746
-45.45200000000001,35.963999999999984,9.238000000000001
-53.22350000000001,30.881999999999994,9.716500000000002
-57.73375000000001,26.806250000000006,9.250000000000005
-54.743125000000006,25.044875,6.610000000000003
-51.752500000000005,23.283500000000004,3.9700000000000046
-52.647875,29.105624999999996,1.4170000000000016
-54.079249999999995,35.97374999999999,-1.1239999999999966
-58.199375,40.370625,-2.97875
-65.546,41.802,-4.010000000000002
-73.09599999999998,43.42024999999998,-5.047374999999997
-87.15400000000002,51.01850000000001,-6.280750000000002
-101.21200000000002,58.61675,-7.514125000000001
-116.76499999999993,65.75499999999997,-9.477499999999988
-133.28975,72.59424999999999,-11.915374999999997
-150.02074999999996,79.84599999999998,-15.446749999999984
-167.67987500000004,88.95400000000001,-23.898875000000015
-185.33899999999994,98.06199999999997,-32.35099999999997
-205.798125,108.17625,-39.390625
-227.15324999999999,118.61249999999998,-45.97824999999999
-246.79787499999998,126.21624999999999,-51.192249999999994
-263.02149999999995,128.155,-53.65899999999999
-279.24512500000003,130.09375,-56.125750000000004
-283.14250000000004,128.095,-56.511250000000004
-285.80725,125.7025,-56.688625
-284.29,126.16600000000001,-57.328
-278.329375,129.664,-58.45825
-272.68725,133.98649999999992,-59.37675000000001
-271.981875,151.08875,-57.013125
-271.2765,168.19099999999997,-54.6495
-274.7186249999999,178.18737499999995,-54.028875
-280.53075,184.12325,-54.404250000000005
-286.176625,189.4195,-53.969375000000014
-291.205,192.33999999999997,-50.525000000000034
-296.233375,195.2605,-47.08062499999999
-298.0345,201.10924999999997,-44.05225000000001
-298.96675,207.746375,-41.135875
-299.605,215.87599999999998,-38.09050000000001
-299.72875,226.6175,-34.819375
-299.8525,237.35900000000004,-31.54824999999999
-302.6965,241.764875,-31.702625
-305.716,245.76199999999997,-32.077999999999996
-311.44275,248.87937499999998,-32.183499999999995
-319.71750000000003,251.16875,-32.035
-328.4448749999999,253.69587499999997,-32.23374999999998
-341.69849999999997,258.6005,-35.904999999999994
-354.9521249999999,263.50512499999996,-39.57624999999997
-363.748,267.89,-42.52699999999999
-370.315,272.015,-45.1175
-376.35699999999997,276.342,-45.37900000000003
-380.758375,281.30025,-38.362375000000014
-385.15975,286.2585,-31.34574999999999
-391.08324999999996,300.74099999999993,-22.351375000000033
-397.34499999999997,317.34,-12.9175
-400.65575,331.70949999999993,-4.06862500000004
-399.42650000000003,342.649,3.880249999999986
-398.19725000000005,353.58849999999995,11.829124999999946
-403.52400000000006,363.53200000000004,15.79800000000002
-409.055625,373.444375,19.642500000000002
-405.31500000000005,379.00525,22.735499999999988
-393.8475,380.939875,25.202249999999996
-380.8215000000001,383.061,28.22049999999995
-356.4963750000003,386.53424999999993,35.23712499999992
-332.17125,390.0075,42.253750000000004
-309.35549999999995,398.6845,45.87212500000001
-287.196,409.62399999999997,48.013
-269.584875,422.2993749999999,50.228124999999984
-264.10275000000007,439.60374999999976,52.64124999999997
-258.620625,456.908125,55.054375
-260.75800000000004,464.09749999999997,50.722999999999985
-264.25600000000003,469.48062500000003,45.18724999999996
-270.0464999999999,476.1552499999999,36.548750000000084
-278.94825,484.58262499999995,23.699375000000042
-287.84999999999985,493.0099999999998,10.850000000000222
-289.83825,517.20725,9.088624999999993
-291.8265,541.4045000000001,7.327249999999988
-286.7752500000001,556.1729999999999,7.014624999999995
-276.53700000000003,563.9939999999999,7.769499999999997
-266.295,570.893125,7.929375
-256.032,572.6297500000001,4.757249999999989
-245.76899999999992,574.3663750000001,1.5851249999999781
-240.63000000000002,585.43,-7.217999999999925
-237.4125,599.9912499999999,-18.132749999999962
-235.17749999999998,614.1725,-28.575
-235.20225,627.4797499999999,-37.93049999999987
-235.227,640.787,-47.286000000000065
-234.7225,651.48425,-47.071500000000015
-234.145,661.8215,-45.537000000000006
-235.406875,672.59375,-40.24125
-238.87599999999998,683.8879999999999,-30.432000000000137
-242.35962499999997,695.058,-20.902500000000007
-246.30724999999998,702.252,-20.325000000000006
-250.254875,709.4459999999999,-19.747500000000002
-259.0825,710.8625,-21.2125
-271.0821249999998,708.523625,-24.00512499999996
-282.5964999999999,706.7787500000001,-26.08375000000001
-291.9272499999999,707.706875,-24.949375000000007
-301.2579999999999,708.635,-23.815000000000005
-301.67312499999997,712.994375,-18.661875
-299.23525000000006,718.45175,-12.222750000000088
-296.00812500000006,723.4237499999999,-6.6388750000000405
-291.20250000000004,727.425,-2.765500000000027
-286.396875,731.42625,1.1078749999999866
-280.47375,741.1424999999999,6.053750000000001
-274.43887500000005,751.4302499999999,11.106874999999931
-267.96400000000006,756.438,15.867999999999954
-261.02162500000003,755.83575,20.31887499999997
-253.31250000000006,755.32475,24.801999999999985
-233.71875,756.228125,29.785
-214.12499999999994,757.1315000000001,34.768000000000015
-193.32900000000024,754.7063750000001,48.08799999999981
-171.84600000000015,750.3792500000001,66.17199999999988
-151.04112500000036,746.76175,82.84199999999976
-132.755,745.78,94.25999999999999
-114.46887499999994,744.79825,105.67800000000004
-110.29425,733.2767500000001,106.91050000000001
-109.918875,718.9176249999998,105.40074999999999
-114.12449999999997,700.8430000000001,101.91550000000002
-126.34687500000001,676.26625,94.973125
-138.56924999999984,651.6895000000004,88.0307500000001
-156.6079999999998,641.6013750000001,86.99775000000001
-175.0220000000002,632.4479999999999,86.34599999999999
-191.30887499999994,625.768125,88.91999999999999
-205.59375,621.41625,94.53
-219.30037499999992,617.0508750000001,100.12387499999991
-227.22449999999992,612.5505,105.55649999999994
-235.1486249999998,608.0501250000001,110.98912499999986
-242.73724999999996,603.8165,111.1885
-250.15812499999998,599.71625,108.77125
-255.43800000000002,596.5,106.715
-254.02725,596.04625,105.78687500000001
-252.61650000000006,595.5925,104.85875000000001
-254.41875,595.243375,105.26375
-256.935,594.9175,105.965
-261.96837499999987,596.522125,107.19274999999998
-270.8742500000001,601.09675,109.2305
-279.78012499999977,605.6713749999998,111.26824999999995
-294.02199999999993,606.374,106.81800000000001
-308.430625,606.955625,102.16499999999999
-318.1232499999999,600.1257500000003,97.56825000000006
-323.88587500000006,587.1196249999999,93.01837499999996
-328.64200000000005,575.3090000000001,90.10499999999978
-326.101,572.1657500000001,99.05624999999996
-323.56,569.0225,108.0075
-326.64537499999994,579.7798749999998,119.90849999999982
-332.177,596.5810000000001,133.0920000000001
-340.2961249999999,610.1106249999999,144.79949999999997
-355.3152500000002,614.9162500000001,152.5710000000001
-370.334375,619.7218750000001,160.3425
-392.6684999999997,612.3825000000002,163.05649999999997
-416.30887500000017,602.8743749999999,164.867375
-439.01124999999985,592.759,167.75624999999997
-460.4406250000003,581.8194999999998,172.10812500000006
-481.86999999999927,570.8800000000003,176.45999999999987
-486.19712499999997,573.9448749999999,184.7594999999999
-490.52425000000005,577.0097499999999,193.05900000000008
-470.98500000000024,577.775625,195.49225
-433.8599999999995,576.8475,193.60299999999998
-395.7100000000015,574.6462500000002,189.87375000000048
-351.8200000000006,565.3155000000002,175.8405000000002
-307.92999999999967,555.98475,161.8072499999999
-271.2820000000002,543.5430000000001,158.93099999999998
-237.34974999999952,529.9346249999999,160.238625
-207.66375,520.54125,168.55125
-187.74412500000028,520.842375,192.97537499999967
-167.82449999999986,521.1434999999999,217.3995000000002
-185.36924999999985,519.2333749999999,233.0039999999999
-208.08150000000032,517.01825,247.3920000000002
-251.761875,510.1737499999999,249.705
-320.6039999999991,497.77400000000017,237.52800000000016
-388.3508749999991,484.7691250000009,225.13850000000053
-421.0497499999998,452.4002500000002,205.94900000000013
-453.74862500000046,420.0313749999995,186.75949999999972
-457.835,392.7525,176.99
-443.3232500000002,368.78212500000035,173.34350000000006
-425.6187500000009,348.83175000000006,171.7039999999998
-393.5468750000002,346.971375,179.09599999999995
-361.47499999999957,345.111,186.4880000000001
-307.95,345.935,193.59875
-247.56000000000085,347.618,200.6194999999999
-190.90862500000136,346.0147500000002,204.0845000000001
-141.73450000000034,337.83900000000006,200.43800000000005
-92.56037499999933,329.6632499999999,196.79149999999996
-81.09625,318.495,184.24625
-73.4031250000001,307.02750000000015,170.81112500000017
-74.86599999999969,308.9119999999996,160.31800000000018
-86.05712499999991,324.9829999999999,152.95075000000006
-96.14925000000014,339.0342500000003,145.66250000000014
-89.206875,321.779375,139.59875
-82.26450000000008,304.5245000000002,133.53500000000008
-57.66900000000095,289.86312500000037,124.30550000000031
-22.98600000000024,276.6837500000001,113.26700000000008
12.188749999999246,264.63575000000014,103.66787500000008
49.190000000000005,256.79,99.41499999999999
86.1912499999995,248.9442500000001,95.16212500000006
101.47274999999975,217.51325000000105,87.44150000000025
110.90662499999993,179.73237500000027,78.78725000000006
101.0400000000009,146.52500000000052,72.83300000000003
57.3975,121.32124999999999,71.60375
13.755000000000601,96.11750000000035,70.37450000000001
-35.932499999998626,71.39037500000069,69.02125000000004
-86.00999999999966,46.69400000000017,67.66000000000001
-115.92549999999977,27.08700000000031,63.47675000000014
-126.86500000000001,12.270000000000001,56.6375
-136.04875000000013,-2.7502499999997667,49.498625000000146
-127.67500000000024,-19.802999999999532,39.36350000000028
-119.30125000000007,-36.85574999999988,29.22837500000007
-110.38850000000019,-33.88850000000027,28.649499999999914
-101.20625,-20.911250000000003,32.84875
-93.35400000000006,-16.2499999999997,33.591000000000136
-89.6580000000001,-37.57624999999941,23.53012500000028
-85.96200000000003,-58.902499999999854,13.46925000000007
-83.02537500000005,-70.5998749999998,-1.7789999999996589
-80.2575,-80.1575,-18.18
-71.34712500000026,-88.14049999999993,-32.09312499999986
-52.986750000000505,-93.70099999999985,-42.178749999999724
-34.626375000000124,-99.26149999999997,-52.26437499999993
-3.510000000000659,-106.47799999999985,-67.08199999999968
28.004999999999995,-113.74625,-82.0475
55.41824999999967,-118.32574999999997,-84.08900000000011
79.41337499999933,-120.66462499999993,-75.36050000000024
98.31100000000012,-126.2049999999998,-67.99199999999998
80.25175000000037,-154.9562499999994,-70.48349999999995
62.192499999999995,-183.70749999999998,-72.97500000000001
46.9910000000002,-196.9768749999999,-80.61849999999987
33.031999999999904,-203.51500000000004,-90.50200000000007
26.166124999999916,-209.38824999999997,-100.96937499999991
38.215249999999756,-213.48849999999993,-112.99374999999975
50.264375,-217.58875,-125.018125
83.54799999999949,-235.30399999999975,-136.42299999999983
120.62350000000026,-255.45050000000015,-147.7172500000001
154.69949999999875,-270.5394999999997,-154.19725
184.7047499999994,-278.7647499999998,-154.14362500000001
214.71,-286.99,-154.09
237.97499999999968,-309.0999999999997,-161.0076249999999
261.2400000000002,-331.21000000000015,-167.92525000000006
285.8397499999998,-351.16112499999986,-176.98512499999993
311.4229999999995,-369.5214999999996,-187.62349999999978
336.1443749999993,-386.90249999999963,-197.77812499999976
356.03925000000044,-398.79900000000026,-205.22375000000017
375.93412500000017,-410.6955000000001,-212.66937500000003
386.75399999999996,-415.551,-214.043
394.1707499999996,-417.7661249999999,-213.13962500000005
401.505,-422.595,-206.78625
408.6494999999999,-433.4354999999998,-187.89787500000025
415.7939999999998,-444.27599999999967,-169.00950000000051
399.44125000000014,-457.5488749999999,-152.65862500000011
379.8475000000004,-471.1572499999997,-136.65775000000033
354.22937500000114,-485.67874999999947,-124.26062500000029
321.3819999999993,-501.29600000000033,-116.18799999999983
288.94312499999984,-516.7380000000002,-108.57262500000004
269.57625000000013,-526.572,-115.58924999999995
250.20937500000042,-536.4059999999998,-122.60587499999986
238.4625,-550.4475,-128.3275
231.6686250000001,-567.2238749999998,-133.20737499999993
225.98250000000004,-586.8269999999991,-137.98674999999986
225.28125,-619.1504999999997,-142.31387499999997
224.58,-651.4739999999993,-146.6409999999999
217.07250000000033,-661.2724999999999,-151.5212499999998
207.38700000000048,-663.8629999999998,-156.57849999999974
207.11750000000012,-660.6853749999999,-156.48637499999992
225.6799999999999,-645.9715000000001,-146.09550000000007
244.2424999999996,-631.2576250000003,-135.7046250000002
248.99375,-631.3824999999999,-127.39874999999999
252.36387499999995,-632.99125,-119.3013750000001
243.7840000000006,-646.6499999999993,-119.65399999999974
222.50724999999943,-673.1118750000007,-128.98475000000025
200.27450000000078,-698.9774999999997,-138.72724999999966
163.22375000000127,-715.6012499999995,-154.85187499999944
126.17300000000179,-732.2249999999992,-170.97649999999922
116.33300000000004,-737.27775,-182.69637500000007
122.04199999999997,-735.7185000000001,-191.89924999999994
128.4816249999998,-729.7151250000005,-198.52612500000006
137.635,-707.2049999999999,-195.585
146.78837499999986,-684.6948750000003,-192.64387500000004
142.42825000000022,-672.8837500000002,-193.06974999999997
134.42987499999978,-663.9531249999998,-194.40212500000004
120.49599999999967,-663.0085000000001,-202.54000000000028
96.17500000000084,-676.0393749999995,-222.5874999999993
71.85400000000116,-689.0702499999994,-242.63499999999902
79.19175000000007,-703.6085000000002,-253.01825000000005
88.57199999999993,-718.2439999999999,-262.7779999999999
118.38837499999899,-709.9613750000007,-261.6003750000002
167.43875,-680.10875,-250.12875
216.0428749999994,-651.4538750000003,-238.25025000000022
260.1844999999988,-634.7765000000005,-222.30300000000042
304.32612499999817,-618.0991250000006,-206.35575000000065
319.96125,-630.7505000000003,-200.38824999999997
321.343125,-658.06625,-199.41062499999998
321.2680000000002,-683.722999999999,-199.32199999999986
316.63975,-704.1953750000001,-202.0115
312.01150000000007,-724.6677499999998,-204.70099999999996
314.3829999999999,-697.6235000000008,-202.33137500000007
318.31,-660.02,-198.8375
319.430625,-628.4517500000003,-192.65750000000014
316.2337500000001,-606.1685000000007,-182.34500000000028
313.0368750000001,-583.885250000001,-172.03250000000043
278.0639999999995,-614.8460000000005,-171.352
242.098125,-647.4706249999999,-170.9725
199.02450000000067,-668.3074999999998,-170.60875000000001
150.02774999999966,-679.3212500000001,-170.258125
107.18000000000005,-687.6279999999997,-169.42549999999986
108.91249999999991,-676.3090000000007,-165.09837500000023
110.645,-664.99,-160.77125
132.2782499999996,-653.1276250000001,-162.65124999999995
162.56399999999917,-641.0290000000003,-167.22999999999988
192.40312499999882,-630.7416250000002,-171.64337499999985
221.05125000000038,-625.2842499999999,-175.61575000000005
249.699375,-619.826875,-179.588125
289.31649999999945,-631.5509999999998,-175.92350000000008
330.8923750000017,-646.3432500000006,-170.89512499999978
372.8322500000012,-659.8212500000003,-161.7139999999996
415.26612499999766,-671.5156249999994,-146.89700000000082
457.6999999999971,-683.2099999999992,-132.08000000000104
499.2016249999994,-655.3167500000004,-119.32962500000019
540.7032499999988,-627.4235000000008,-106.57925000000036
576.1224999999987,-596.6327500000014,-91.78400000000067
607.0600000000004,-563.7069999999995,-75.48199999999977
626.6256249999999,-536.31875,-57.694375
582.5087500000006,-539.9404999999999,-31.58725000000036
538.3918750000012,-543.5622499999998,-5.48012500000072
468.60999999999785,-575.5580000000011,1.090999999999979
389.2037500000044,-618.1939999999976,0.3361250000000416
320.83375000000296,-654.4037499999985,-1.4024999999997245
277.8471250000006,-675.8331249999997,-5.4037499999999445
234.8605000000012,-697.2624999999995,-9.404999999999891
242.29399999999941,-685.7116250000007,-24.853999999999296
256.6820000000002,-669.6117499999998,-41.88200000000023
281.46124999999995,-652.5293750000001,-47.763125
318.70999999999947,-634.2680000000003,-40.2680000000001
355.74924999999917,-616.52275,-32.35287500000058
386.08450000000084,-615.2935,-10.99774999999941
416.4197500000004,-614.06425,10.357375000000294
446.555,-611.2175,26.3475
476.5602499999996,-607.319375,38.85037499999983
505.8709999999993,-603.3935000000001,51.412499999999646
532.0564999999989,-599.3427500000001,64.24124999999947
558.2420000000004,-595.2919999999999,77.07000000000018
582.15875,-578.77875,92.276875
605.3494999999997,-558.2775000000003,108.24474999999978
622.4283749999998,-534.7512500000008,122.78949999999968
627.2835000000001,-505.1749999999992,134.4880000000003
632.1386250000002,-475.5987499999996,146.18650000000017
605.5725,-462.84875,159.55
575.8642500000004,-451.78137500000014,173.0799999999998
535.3900000000014,-448.88399999999984,180.72199999999998
483.4768750000021,-454.66724999999974,182.10799999999995
431.364000000003,-459.9370000000002,183.37025000000003
376.155,-457.2475,182.714375
320.94600000000077,-454.55800000000005,182.0585
284.7183750000007,-443.08000000000044,182.02737499999998
259.3372499999993,-426.57999999999953,182.35325
236.73162499999984,-413.852125,181.85312499999998
224.435,-415.135,178.28500000000003
212.13837500000017,-416.417875,174.71687500000004
216.54349999999977,-404.83725000000044,167.59650000000022
225.44524999999965,-389.79337500000065,159.51975000000033
237.42199999999906,-375.6930000000007,155.20349999999988
254.78,-363.24375000000003,157.468125
272.13799999999975,-350.7945000000002,159.73274999999998
297.8814999999993,-333.1450000000005,152.59275000000022
324.16600000000074,-315.1599999999995,144.84599999999978
345.60337500000026,-296.8774999999997,132.29249999999976
362.47875,-278.315,115.215
377.94787499999995,-259.3546250000003,98.81400000000014
379.3545,-236.41550000000063,89.17800000000027
380.76112499999994,-213.47637500000096,79.5420000000004
356.2627500000021,-191.7115000000012,72.5405000000003
318.811875,-170.53375,66.85625
262.2330000000016,-147.78900000000039,56.20900000000036
145.8791250000032,-120.14737500000078,30.05237500000072
29.525249999996795,-92.50574999999924,3.895749999999279
-17.51962500000043,-91.61437500000008,-23.99225000000039
-49.1625,-96.6675,-52.265
-81.41962499999954,-116.19937499999943,-75.4336249999998
-114.6217499999991,-158.00624999999886,-90.74974999999958
-147.82387499999865,-199.81312499999828,-106.06587499999937
-103.07400000000261,-199.54000000000008,-88.38600000000103
-55.888125,-197.951875,-69.675
-10.059000000000609,-174.86725000000055,-64.20074999999993
34.63949999999877,-133.86887500000114,-69.75712499999985
84.30999999999648,-93.87400000000136,-74.57300000000002
170.0275000000012,-61.15449999999956,-74.02024999999999
255.74500000000003,-28.435000000000002,-73.4675
323.8473749999992,-21.814749999999933,-65.55187500000015
384.29099999999835,-26.54199999999987,-54.43500000000031
450.9693749999966,-35.04249999999924,-43.956000000000365
534.2737499999954,-53.60499999999898,-35.17800000000048
617.578125,-72.1675,-26.4
718.7009999999985,-75.1305,-33.71149999999986
823.0057499999971,-75.307875,-43.89612499999972
869.7005000000013,-81.4387499999994,-17.161000000003156
