346.49075000000005,55.73362499999998,-13.553125
73.84,116.63,-21.51
26.87087499999999,117.62325,-36.564625
-20.098250000000007,118.6165,-51.61925
-68.28974999999997,116.542,-64.81625
-120.32300000000002,104.826,-72.17500000000001
-172.35625000000002,93.11,-79.53375
-212.28825,92.76024999999998,-86.27475
-239.25462499999998,104.588625,-92.35387499999999
-266.221,116.417,-98.43299999999999
-277.2615,137.63762499999996,-102.81375
-282.235,162.43625,-106.5475
-287.20849999999996,187.23487499999993,-110.28124999999999
-243.07350000000002,206.017,-93.97750000000002
-197.18462500000007,224.58424999999997,-76.95812500000002
-155.91050000000004,242.91824999999997,-60.59275000000004
-132.32625000000007,260.358125,-46.734375000000036
-108.74200000000002,277.798,-32.876000000000005
-95.601625,281.7715,-24.922875
-95.31525,269.17100000000005,-24.237750000000002
-95.028875,256.57050000000004,-23.552625000000003
-107.07499999999999,268.3475,-31.740000000000002
-124.67075000000003,291.09437500000007,-43.92000000000002
-142.2664999999999,313.8412499999999,-56.09999999999992
-169.55187499999988,332.7169999999999,-66.61274999999995
-197.55499999999995,351.306,-77.00199999999998
-225.47062499999998,369.784375,-87.42124999999999
-252.96624999999992,387.7317499999999,-97.98449999999997
-280.46187499999996,405.679125,-108.54774999999998
-309.01049999999987,418.5415,-122.22199999999992
-339.0508749999999,424.20012499999996,-140.30349999999996
-369.09124999999983,429.85875,-158.3849999999999
-391.0637499999999,430.08575,-172.67124999999996
-408.78999999999996,427.454,-184.96
-426.51625,424.82225,-197.24875000000003
-427.0045,428.29725,-203.2585
-425.50375,432.47687499999995,-208.54374999999996
-422.55750000000006,436.8209999999999,-213.155
-410.57687500000003,442.19325,-213.55374999999998
-398.59625000000005,447.5655,-213.9525
-387.07625,453.31449999999995,-212.983125
-376.31000000000006,459.67999999999995,-209.775
-365.54375000000005,466.04549999999995,-206.566875
-356.80924999999996,465.90849999999995,-205.5435
-349.31637500000005,461.79775,-205.85525
-341.8235000000001,457.68700000000007,-206.167
-350.01187500000003,460.2825,-201.14125
-360.70924999999994,463.95099999999996,-195.26150000000007
-372.1933749999999,468.3305,-188.59050000000008
-390.4959999999999,478.87199999999996,-175.06200000000007
-408.79862499999996,489.4135,-161.53350000000003
-427.925,504.02625,-149.29375
-448.61649999999986,526.3743749999999,-139.50262500000008
-469.3079999999999,548.7224999999999,-129.71150000000006
-492.7832499999999,563.1146249999999,-129.98649999999998
-518.2235,571.8907499999999,-137.367
-543.6637499999997,580.6668749999999,-144.74749999999995
-561.2019999999999,585.1049999999999,-157.3269999999999
-577.0939999999999,588.639375,-170.98962499999993
-590.90675,592.44075,-184.44924999999998
-576.649625,599.8466249999999,-195.16837499999997
-562.3925,607.2524999999999,-205.8874999999999
-539.6427500000003,618.9592499999999,-210.1525000000001
-498.0205000000002,640.2234999999998,-200.07500000000005
-456.3982500000006,661.4877499999997,-189.99750000000012
-406.4840000000001,680.13,-177.84400000000002
-349.83250000000055,696.6418749999998,-164.00375000000014
-293.18099999999987,713.1537500000001,-150.16349999999997
-251.0453750000002,723.17675,-145.19837500000003
-212.69650000000013,731.507,-142.54850000000002
-174.77062500000005,739.6065,-140.27575
-148.68875000000025,741.245,-148.56249999999991
-122.6068750000002,742.8835,-156.84924999999993
-101.18900000000014,742.0390000000002,-164.22199999999992
-92.01412500000004,734.6766250000001,-169.19549999999998
-82.83925000000002,727.31425,-174.16899999999998
-79.70187499999997,721.4050000000001,-174.42125000000004
-82.19949999999997,716.8520000000001,-170.26700000000002
-84.69712499999996,712.2990000000001,-166.1127500000001
-90.53324999999997,713.9005,-156.90950000000004
-97.43162499999998,717.46025,-146.09975000000003
-104.32999999999993,721.02,-135.2900000000001
-111.22474999999994,734.0808749999999,-121.08000000000011
-118.11949999999989,747.1417499999998,-106.87000000000022
-129.29387499999967,756.7945,-95.44950000000004
-153.91849999999994,755.736,-92.796
-178.543125,754.6775,-90.1425
-209.13174999999973,750.1715,-94.7672499999999
-246.11037499999944,741.9717500000002,-107.19012499999981
-283.08899999999915,733.7720000000002,-119.61299999999972
-327.14462500000036,731.013875,-125.80937500000003
-373.89625,730.32875,-129.63375
-420.6478749999996,729.643625,-133.45812499999997
-441.9579999999997,731.7935,-119.73700000000022
-462.3594999999999,734.044625,-105.38925000000006
-476.3672500000001,735.68825,-90.19175000000021
-465.865625,735.0031250000001,-71.736875
-455.3640000000001,734.3180000000001,-53.282000000000146
-435.2716250000005,736.041125,-37.4125000000002
-403.3752500000001,740.72825,-24.72500000000005
-371.47887500000036,745.4153749999999,-12.037500000000149
-340.85,748.455,1.8699999999999974
-310.79150000000027,750.75325,16.32649999999989
-280.7330000000005,753.0515,30.782999999999774
-279.09200000000004,750.3513750000001,40.87562499999996
-279.556,747.2810000000001,50.64499999999988
-281.5025,746.09625,59.084374999999994
-290.56499999999994,753.9625,61.139749999999985
-299.6274999999998,761.8287499999999,63.19512499999997
-307.6475,769.23,64.32650000000001
-314.19062499999995,775.9725,64.148875
-320.7337499999999,782.7149999999998,63.97125
-316.9788750000001,780.4206250000001,69.41524999999993
-307.80400000000014,773.3700000000001,77.81799999999987
-298.62912500000004,766.319375,86.22074999999997
-304.4789999999999,764.48175,99.77149999999983
-312.0624999999999,763.245625,113.91624999999972
-320.06949999999995,762.1034999999999,127.16799999999994
-330.72337499999986,761.548875,134.8384999999999
-341.37724999999995,760.99425,142.509
-347.77137500000003,757.92475,147.378625
-347.195,750.7400000000001,147.665
-346.618625,743.5552500000001,147.951375
-345.35825,729.8702500000003,147.7585
-343.679875,712.212875,147.27275
-342.0015,694.5555000000002,146.787
-346.9918749999999,684.0575000000002,150.6637499999999
-353.04924999999986,674.7050000000003,155.23849999999987
-358.1391250000001,666.530375,160.0764999999999
-354.844,668.564,167.19599999999997
-351.548875,670.597625,174.3154999999999
-346.70750000000015,677.6012499999996,182.8287499999998
-338.92825000000005,694.0478749999999,193.99012499999992
-331.149,710.4945,205.15150000000006
-334.99137499999995,714.1125,206.93100000000004
-347.03724999999986,708.6750000000001,202.08800000000005
-359.08312499999977,703.2375000000001,197.2450000000001
-370.65199999999993,674.5320000000003,177.97200000000018
-382.12149999999986,640.9790000000005,155.69275000000033
-392.6125,608.9565,134.70775
-389.89375000000007,597.5957500000002,131.19512500000005
-387.17500000000007,586.2350000000002,127.68250000000008
-383.46175000000005,585.3693749999998,126.11724999999998
-377.5385000000001,607.8262499999996,128.87949999999995
-371.6152500000001,630.2831249999995,131.64174999999994
-367.2780000000001,650.0319999999995,135.92799999999983
-364.22937500000006,667.5806249999997,141.4524999999999
-361.18075000000005,685.1292499999998,146.97699999999995
-354.41474999999997,669.914375,150.78512500000002
-346.67900000000003,646.1525000000001,154.14549999999997
-340.06362499999966,622.9058750000002,157.15675000000007
-364.8187499999995,614.0862500000002,150.39250000000013
-389.5738749999998,605.2666250000001,143.62825000000004
-412.9149999999997,601.5269999999998,140.76699999999988
-432.54437499999955,611.1223749999998,148.1511249999998
-452.17374999999936,620.7177499999997,155.53524999999976
-463.4668749999999,623.7825,161.9687499999999
-466.9795,620.7520000000001,167.51499999999996
-470.492125,617.7215,173.06125000000003
-467.41575,591.4700000000001,166.98875000000004
-462.242875,557.8300000000004,157.2193750000001
-457.0700000000001,524.1900000000007,147.4500000000002
-455.10525,512.4957500000002,131.8008750000001
-453.14050000000003,500.8015000000002,116.15175000000025
-444.3455000000007,495.35037499999964,107.92962499999965
-414.08400000000097,509.5204999999996,123.04949999999953
-383.8225000000006,523.6906249999997,138.16937499999972
-355.8447500000007,538.4889999999996,154.90974999999952
-330.31387499999994,553.9605,173.38637500000007
-304.78300000000013,569.432,191.86299999999994
-299.64574999999996,540.7588750000006,193.60000000000005
-302.27750000000003,495.26875,188.96
-304.90925,449.7786250000003,184.32000000000002
-311.1459999999999,395.94450000000086,170.67100000000022
-317.51149999999984,341.8123750000013,156.70025000000032
-317.1315000000008,295.21700000000055,149.47049999999942
-290.89375,277.5125,168.08125
-264.65600000000126,259.80800000000085,186.69199999999913
-244.5818750000002,254.61762499999983,197.83262499999998
-232.0937499999998,264.8292500000002,199.77925000000005
-219.6056249999999,275.0408750000001,201.72587500000003
-212.7275,266.58,181.6125
-208.37387500000003,249.7165000000001,151.57212500000023
-204.02025000000006,232.85300000000026,121.53175000000047
-197.29737500000016,205.38862500000067,113.73937500000014
-190.39900000000023,177.1390000000009,107.5950000000002
-185.64312499999977,152.3575000000003,103.36374999999981
-191.17124999999996,144.22300000000007,108.31549999999996
-196.69937499999992,136.08850000000012,113.26724999999992
-203.5804999999998,129.4270000000001,113.70100000000014
-212.37837500000006,124.85224999999997,107.73424999999995
-221.17625,120.2775,101.7675
-206.73000000000022,106.33337500000015,80.60787500000023
-180.05000000000044,87.4580000000003,51.45200000000045
-153.37000000000063,68.58262500000043,22.296125000000686
-99.76050000000178,51.82625000000051,11.25575000000028
-43.04375000000223,35.314375000000645,2.305625000000351
13.151999999999589,19.305500000000098,-5.1905000000000125
66.09149999999916,6.4403750000001985,-3.599125000000025
119.03099999999874,-6.424749999999698,-2.0077500000000374
158.93275000000014,-11.06462499999993,2.2827500000000676
177.5,-2.244999999999999,10.99
196.06724999999986,6.574624999999931,19.697249999999933
192.29875000000027,0.9065000000002286,8.539250000000372
174.8806250000004,-13.615249999999659,-14.758624999999451
157.46250000000055,-28.136999999999546,-38.056499999999275
144.41000000000048,-45.08062499999932,-53.92312499999943
132.0560000000001,-62.41174999999987,-68.60074999999989
119.85012500000018,-79.81787499999972,-81.865
108.92800000000025,-97.87399999999958,-82.87999999999998
98.00587500000034,-115.93012499999944,-83.89499999999997
80.56875,-132.97375,-85.6275
50.75312500000023,-148.0936249999999,-88.72324999999998
20.93750000000047,-163.21349999999975,-91.81899999999995
0.21687500000033566,-186.75474999999932,-100.5884999999997
-14.08374999999955,-216.2404999999991,-113.3629999999996
-28.384375000000002,-245.72625,-126.1375
-14.569000000000152,-260.1579999999999,-131.24999999999997
5.103874999999693,-271.45349999999985,-134.76624999999993
25.4959999999993,-280.95625000000035,-137.07200000000032
55.597999999999054,-266.2568750000005,-123.03600000000043
85.69999999999882,-251.55750000000057,-109.00000000000054
113.05924999999982,-243.33362499999993,-99.176
134.32349999999965,-249.4997499999999,-98.712
155.58774999999952,-255.66587499999986,-98.24800000000002
164.74200000000002,-270.55199999999934,-105.45399999999958
164.056875,-292.523125,-118.89187500000001
163.37175,-314.49424999999985,-132.3297499999999
178.3783749999997,-331.45137499999976,-137.98499999999996
197.47849999999954,-347.1004999999996,-141.60999999999993
216.41074999999955,-362.3022499999999,-144.60850000000048
230.64249999999944,-364.97749999999985,-130.06500000000057
244.87424999999934,-367.65274999999986,-115.52150000000069
257.81399999999985,-375.65699999999964,-106.03899999999993
267.3622499999998,-397.64987499999944,-109.84162499999991
276.9104999999997,-419.6427499999993,-113.64424999999989
288.0825,-438.114375,-122.0875
300.76999999999987,-453.29949999999985,-134.8619999999999
313.45749999999975,-468.48462499999977,-147.63649999999978
336.1577499999994,-481.8767499999997,-152.81549999999993
362.04387499999916,-494.6983749999996,-155.57774999999992
387.929999999999,-507.51999999999947,-158.3399999999999
392.52649999999977,-516.3831249999996,-166.4744999999996
397.12299999999993,-525.2462499999999,-174.60899999999987
398.5240000000002,-530.2943750000002,-182.67962499999982
389.8820000000003,-523.3525000000003,-190.54949999999977
381.24,-516.4106250000001,-198.419375
364.1455000000002,-508.6165000000001,-204.04749999999999
337.9947500000004,-499.90925000000016,-207.27374999999995
311.8440000000006,-491.2020000000002,-210.49999999999991
284.22325000000086,-501.54174999999947,-217.42487499999973
256.0425000000011,-519.1374999999994,-225.75874999999968
227.8617500000013,-536.7332499999992,-234.0926249999996
214.5980000000007,-574.9649999999979,-248.59349999999918
201.8670000000003,-613.9337499999991,-263.31462499999964
190.25200000000024,-643.5732500000003,-276.8192499999997
182.91500000000002,-637.4506250000001,-285.660625
175.57800000000006,-631.3280000000001,-294.50199999999995
174.6207499999999,-610.1237500000007,-295.1777500000001
181.51549999999983,-570.357500000001,-285.8035000000002
188.4102499999998,-530.5912500000013,-276.42925000000025
182.42500000000047,-511.60500000000036,-262.22500000000065
170.64375000000058,-501.9697500000005,-245.84725000000077
158.86250000000018,-492.33450000000016,-229.46950000000027
137.55362500000052,-525.4604999999991,-231.22224999999992
115.53899999999983,-561.7540000000002,-234.318
95.113125,-599.731875,-240.885
82.3132500000001,-645.7947499999996,-264.1139999999998
69.5133750000002,-691.8576249999993,-287.3429999999996
70.48949999999951,-721.8599999999999,-309.67649999999946
90.98162499999935,-729.1099999999998,-330.7413749999993
111.4737499999992,-736.3599999999997,-351.8062499999992
149.99449999999774,-706.1752500000024,-346.6891250000009
198.00399999999922,-656.2880000000008,-327.7920000000003
246.01349999999886,-606.4007500000012,-308.89487500000047
277.51299999999907,-605.3999999999999,-291.3432500000005
307.1075,-610.04,-273.946875
333.2055,-618.3604999999998,-258.941
337.45037499999995,-649.6841249999995,-258.87575
341.6952499999999,-681.0077499999993,-258.8105
346.5272499999998,-710.0997499999993,-260.1944999999999
352.31999999999977,-735.539999999999,-263.9499999999998
358.1127499999997,-760.9802499999988,-267.7054999999998
363.30024999999995,-769.01,-262.36650000000014
368.1178749999999,-766.4,-251.46975000000026
372.9354999999999,-763.7900000000001,-240.57300000000035
341.74062500000144,-752.7237500000005,-221.3700000000008
304.78375000000176,-740.3045000000005,-200.83800000000096
267.27562500000226,-731.2621249999988,-182.12137500000017
224.99000000000262,-751.4859999999987,-179.13800000000018
182.70437500000298,-771.7098749999986,-176.1546250000002
155.18249999999998,-791.0187499999994,-173.31500000000008
155.71175,-808.5891249999999,-170.7485
156.24099999999999,-826.1594999999996,-168.18200000000004
187.07912500000083,-830.8651249999999,-162.85724999999988
239.31175000000042,-826.48975,-155.58549999999994
291.544375,-822.114375,-148.31375
343.2999999999996,-812.3420000000001,-129.70200000000017
394.9562499999992,-801.4452500000001,-108.72775000000033
445.24049999999926,-791.7769999999998,-87.92700000000045
477.00274999999897,-798.6934999999997,-69.46850000000057
508.76499999999874,-805.6099999999997,-51.01000000000072
536.494124999999,-811.1281249999998,-34.08150000000064
555.2607499999997,-813.5387499999999,-20.553000000000214
574.0273749999996,-815.9493749999999,-7.024500000000319
595.1479999999993,-820.2259999999998,12.367999999999249
618.1812499999992,-826.0187499999997,36.52499999999906
641.2144999999989,-831.8114999999997,60.68199999999887
636.3200000000007,-842.4572499999994,63.19025000000018
624.1400000000008,-854.3689999999992,60.0510000000002
611.9250000000004,-865.5362500000003,56.6983750000003
598.7300000000005,-855.8575000000004,47.371250000000366
585.5350000000007,-846.1787500000004,38.04412500000044
574.9190000000001,-839.011,31.63799999999998
571.072875,-838.434625,32.89950000000002
567.2267499999999,-837.85825,34.161000000000016
572.103125,-837.54625,39.2625
585.1204999999999,-837.481,47.94799999999993
598.1378749999998,-837.41575,56.63349999999986
618.9377499999995,-835.82425,64.01274999999984
642.2138749999992,-833.747125,70.97637499999978
665.4899999999991,-831.6700000000001,77.93999999999973
684.2566249999999,-831.115375,73.49575000000003
703.0232499999997,-830.56075,69.05150000000008
713.7118750000003,-822.8521250000007,67.86224999999979
699.0125000000005,-792.6595000000009,76.90299999999972
684.3131250000006,-762.4668750000012,85.94374999999965
656.221000000002,-743.4777500000004,98.06799999999927
613.7795000000024,-736.4923750000004,113.49599999999916
571.3380000000027,-729.5070000000005,128.92399999999904
522.6411250000016,-731.5647499999999,145.68024999999946
471.561250000002,-737.0674999999998,162.94249999999934
420.4813750000024,-742.5702499999998,180.2047499999992
371.0220000000027,-744.3385,180.77900000000002
321.6205000000031,-745.9733749999999,180.75725
280.4779999999999,-747.417,178.29799999999992
270.995,-748.1275,166.495
261.51200000000006,-748.838,154.6920000000001
272.8273749999994,-751.5586249999999,153.10537499999984
309.74074999999914,-756.7532499999999,164.09274999999974
346.6541249999988,-761.9478749999998,175.08012499999967
385.1825,-751.2874999999999,192.65
424.4376249999997,-733.4923750000002,213.18199999999985
463.69274999999936,-715.6972500000003,233.7139999999997
488.35774999999944,-706.5455000000002,235.13
511.94199999999927,-698.0340000000003,235.13
531.555625,-688.5512500000006,232.7943750000005
532.11025,-674.4065000000007,219.24775000000062
532.6648749999999,-660.2617500000008,205.70112500000073
517.5415000000023,-647.0950000000007,195.90300000000028
480.20762500000114,-635.3137500000004,191.41525000000013
442.87375000000145,-623.5325000000005,186.92750000000018
429.81237500000003,-606.8848750000009,183.6130000000001
429.526,-587.6760000000019,180.91600000000025
429.239625,-568.4671250000013,178.21900000000016
432.39824999999985,-545.7320000000008,172.2135000000002
435.95437499999997,-522.59,165.82625
439.8770000000002,-500.4054999999995,159.29249999999976
446.0902499999999,-484.20537500000023,151.84312500000013
452.3035000000001,-468.0052499999997,144.3937499999999
456.32775,-448.1393750000008,139.45100000000002
456.77,-422.275,138.61
457.21225,-396.41062500000123,137.76900000000003
443.82375000000036,-362.9480000000006,144.11899999999983
421.98312500000134,-324.84200000000243,154.86349999999933
400.14250000000067,-286.73600000000124,165.60799999999966
314.433125,-229.13625000000002,179.96812500000001
218.5047500000045,-168.41750000000286,194.9067499999993
136.79187499999935,-118.21937499999936,209.81837499999978
178.2799999999974,-159.19999999999743,224.49599999999907
219.7681249999987,-200.1806249999987,239.17362499999953
227.84250000000432,-208.68375000000418,243.0962500000013
172.4307500000026,-155.4796250000025,226.58437500000076
117.01900000000087,-102.27550000000083,210.07250000000028
3.569250000009731,-63.66162500000178,201.01300000000023
-150.84849999999514,-35.34675000000089,197.2140000000001
-305.26624999998785,-7.03187500000222,193.41500000000028
-355.30499999999864,-57.523999999996846,189.79600000000016
-383.5981249999995,-124.43424999999894,186.21450000000004
-403.94899999999865,-190.02575000000073,180.6649999999995
-317.0795000000027,-237.8141249999985,148.547500000001
-230.21,-285.6025,116.43
-133.92312500000554,-314.5460000000006,92.3382500000003
-16.708750000001828,-301.6120000000002,86.08150000000009
100.50562499999265,-288.6780000000008,79.82475000000039
225.01399999999592,-263.8940000000011,78.58199999999991
355.44875,-229.481875,81.413125
485.8834999999939,-195.06975000000162,84.24424999999987
627.2719999999977,-183.79275000000007,72.08512500000025
771.5179999999909,-178.55100000000033,56.015500000001005
912.4653749999984,-173.10662500000035,40.22562500000025
961.0512499999961,-161.98875000000086,32.26875000000062
1009.6371249999977,-150.87087500000052,24.311875000000374
1041.856,-137.63100000000028,14.885000000000211
1031.1115000000007,-118.82087500000118,1.5993750000008333
1020.3670000000003,-100.0107500000006,-11.686249999999584
1009.2700000000009,-86.3118750000007,-18.750624999999904
997.8440000000005,-77.38350000000042,-20.00849999999994
986.418000000001,-68.45512500000083,-21.266374999999883
940.2979999999991,-62.19149999999991,-15.517249999999876
