129.3509,47.546825,39.200950000000006
287.75,58.07,79.12
237.40775000000002,74.7239,62.798275000000004
187.0655,91.3778,46.47655
136.72324999999998,108.0317,30.154824999999988
95.1535,107.3929,14.8046
54.566875000000024,104.816125,-0.4367499999999893
13.980249999999938,102.23934999999999,-15.678100000000024
-20.390325000000033,100.903725,-16.677124999999997
-53.19180000000001,99.8814,-14.081
-85.99327500000003,98.85907499999999,-11.484874999999997
-93.138,102.7755,-7.174250000000005
-89.16480000000001,108.83204999999998,-2.1206750000000083
-85.1916,114.88860000000001,2.9329000000000156
-78.19229999999999,119.607275,5.5686750000000025
-69.14939999999999,123.42245,6.571650000000002
-60.10649999999999,127.237625,7.574625000000001
-54.124399999999994,131.4432,8.587200000000001
-51.250924999999995,136.045275,9.609525000000003
-48.377449999999996,140.64735000000002,10.631850000000002
-44.564299999999996,144.145275,11.3979
-39.31399999999999,145.9545,11.772
-34.06369999999998,147.763725,12.1461
-31.08389999999999,148.5422,11.593000000000009
-33.54135,146.85229999999999,8.819499999999996
-35.99880000000001,145.1624,6.045999999999983
-41.349374999999995,143.72750000000002,3.329999999999999
-58.73535000000008,143.3534,0.8531999999999877
-76.12132499999997,142.9793,-1.623599999999997
-93.11730000000006,141.97219999999996,-4.073100000000008
-106.31077500000004,134.79334999999998,-6.256425000000006
-119.50425000000004,127.61449999999998,-8.439750000000005
-132.69772500000002,120.43564999999998,-10.623075000000004
-133.1904,113.76559999999999,-17.606400000000008
-133.58385,107.099525,-24.627225
-133.9773,100.43344999999997,-31.648050000000033
-137.24575000000002,98.867625,-41.489249999999984
-140.8642,97.92269999999999,-51.673800000000035
-144.48265,96.97777500000001,-61.85834999999998
-163.10530000000006,82.52294999999995,-59.88704999999999
-185.69965000000005,64.49197499999997,-54.69802499999999
-208.29400000000004,46.46099999999998,-49.50899999999999
-239.87067500000003,25.44407499999999,-44.9007
-275.4843500000002,3.0851499999998815,-40.553399999999975
-311.0980250000002,-19.273775000000107,-36.20609999999998
-346.89599999999996,-37.12589999999998,-34.895
-382.8225000000001,-51.83512500000005,-35.70125
-418.7490000000001,-66.54435000000004,-36.50750000000001
-454.5999000000003,-89.56957500000023,-39.00372500000003
-490.3716000000004,-121.30680000000038,-43.27040000000005
-526.1433000000002,-153.04402500000018,-47.53707500000002
-557.5162499999999,-186.13875,-51.0725
-581.9391750000001,-221.37832500000016,-53.45255000000001
-606.3621000000002,-256.61790000000036,-55.83260000000002
-625.5116,-283.84790000000004,-61.16802500000004
-631.5487999999999,-291.1622,-73.85194999999996
-637.586,-298.47650000000004,-86.53587500000003
-643.3598000000001,-301.5109999999999,-102.90020000000023
-647.981225,-285.821375,-135.36627500000003
-652.60265,-270.1317499999999,-167.8323500000002
-655.8389000000001,-256.4103,-198.992175
-644.216,-263.802,-216.13950000000006
-632.5931,-271.1937,-233.28682499999996
-620.9702,-278.5854,-250.43415000000005
-600.2890249999998,-291.9429250000001,-237.4983499999999
-579.4652,-305.3944,-224.08879999999996
-558.6413749999999,-318.8458750000001,-210.6792499999999
-510.46325,-317.40325,-205.2098
-458.6858749999997,-314.000875,-200.78509999999997
-406.9084999999995,-310.5985,-196.36039999999997
-366.03154999999987,-310.46095,-185.99184999999994
-328.1765000000001,-311.2285,-173.9755
-290.3214499999999,-311.99605,-161.95914999999997
-273.72939999999994,-316.17140000000006,-145.03459999999984
-267.04397499999993,-321.9344750000001,-125.82327499999975
-260.35855000000004,-327.69755,-106.61195000000009
-260.21125,-324.485,-89.136875
-264.7714,-314.80999999999995,-72.91189999999992
-269.33155000000005,-305.13499999999993,-56.68692499999984
-274.03585,-297.90745,-46.606149999999985
-278.89592500000003,-293.32472499999994,-43.16507499999997
-283.756,-288.74199999999996,-39.724
-286.05215,-283.58474999999993,-37.61205
-284.1623,-277.48949999999996,-37.670100000000005
-282.27245000000005,-271.39425,-37.72815
-277.29919999999987,-265.34219999999993,-39.35670000000006
-264.36049999999994,-259.40175,-45.04237500000003
-251.42179999999988,-253.46129999999997,-50.72805000000005
-234.73122499999988,-248.4926,-55.72602500000001
-200.7494000000001,-248.00240000000002,-57.55459999999999
-166.76757499999957,-247.5122,-59.38317500000002
-132.32874999999973,-246.66649999999996,-60.18574999999993
-92.45162499999954,-241.59034999999994,-48.77892499999987
-52.57449999999979,-236.51419999999996,-37.37209999999994
-12.697375000000035,-231.43805,-25.96527500000001
20.9427500000005,-240.63770000000014,-19.85989999999991
54.434374999999925,-250.17724999999996,-13.880750000000013
87.92600000000046,-259.7168000000001,-7.9015999999999185
104.30942499999995,-271.44289999999995,8.685424999999931
118.27045000000018,-283.47860000000014,26.774450000000222
132.2314750000001,-295.5143000000001,44.86347500000011
129.685,-299.88,62.8325
122.35134999999988,-302.0214,80.76672500000029
115.01769999999992,-304.16280000000006,98.70095000000018
113.02585,-312.42030000000005,103.9571
113.61280000000001,-323.63040000000024,103.09279999999998
114.19975000000001,-334.84050000000013,102.22849999999998
99.64999999999982,-337.0707,103.60825000000003
73.84999999999998,-332.62665,106.65587500000001
48.05000000000014,-328.1826,109.70349999999999
23.94274999999977,-322.91962499999994,114.43472500000007
1.7224999999999042,-316.74375,121.04275000000004
-20.49775000000045,-310.56787499999984,127.65077500000014
-43.31080000000034,-302.38079999999985,132.47320000000005
-67.1242000000002,-290.7998249999999,134.28242500000002
-90.93760000000005,-279.21885,136.09165000000002
-119.07787499999984,-267.700875,135.79825000000002
-158.83890000000048,-256.35209999999984,129.85779999999994
-198.5999250000002,-245.00332499999993,123.91734999999997
-235.2727,-234.16495,117.68595
-256.9253500000003,-225.8089749999999,110.03947499999988
-278.5780000000002,-217.45299999999992,102.39299999999993
-299.04917500000016,-209.1312249999998,95.0068499999999
-303.76735,-201.26545000000004,91.09170000000002
-308.485525,-193.39967500000006,87.17655000000003
-313.2037,-185.53389999999993,83.26139999999998
-295.4375,-178.143125,87.86500000000001
-276.9517999999997,-170.76754999999986,92.74120000000008
-258.4660999999998,-163.39197499999992,97.61740000000005
-231.9051999999999,-154.20759999999996,107.08840000000004
-204.11859999999945,-144.74867499999982,117.25682500000019
-176.33199999999962,-135.28974999999988,127.42525000000013
-171.75842500000002,-125.90754999999993,131.4334
-174.2191,-116.5486,133.5748
-176.67977499999998,-107.18965000000004,135.7162
-185.39050000000012,-93.07059999999981,135.14645
-197.22625000000005,-76.57149999999993,133.221125
-209.06200000000024,-60.07239999999966,131.29579999999996
-229.80192500000038,-58.640500000000145,120.13232499999975
-257.3724500000002,-68.76700000000008,101.88204999999986
-284.94297500000005,-78.89350000000002,83.63177499999998
-306.2749999999999,-95.0214999999999,72.03250000000003
-320.43275000000017,-118.05122500000027,68.08187499999995
-334.5905000000001,-141.08095000000012,64.13124999999998
-333.83985,-157.79739999999998,69.50777499999998
-307.0787999999996,-163.4992000000001,91.15720000000033
-280.31774999999976,-169.20100000000005,112.8066250000002
-247.06694999999874,-168.19119999999953,133.26435000000043
-195.68302500000019,-148.42840000000007,150.39232499999994
-144.2991000000005,-128.6656000000002,167.52029999999985
-93.61289999999971,-109.3989249999999,180.42254999999994
-46.51499999999999,-92.68375,171.5925
0.5829000000007483,-75.96857499999973,162.76244999999986
45.30880000000008,-60.49600000000003,154.19459999999995
54.15820000000003,-63.81775000000001,149.59252499999997
63.007600000000174,-67.13950000000007,144.99044999999992
71.85700000000011,-70.46125000000005,140.38837499999994
41.804499999999784,-63.76689999999995,134.03169999999997
10.183374999999977,-56.66867499999999,127.604275
-21.43775000000053,-49.57044999999988,121.17684999999989
-72.73639999999938,-37.97117500000014,102.73090000000023
-127.22600000000024,-25.641999999999946,82.33599999999991
-181.7156000000011,-13.31282499999975,61.94109999999959
-222.0736000000005,-16.832700000000123,44.013349999999754
-257.96140000000025,-25.36605000000007,26.866024999999865
-293.84920000000005,-33.899400000000014,9.71869999999997
-300.16974999999985,-25.80887499999971,9.662750000000155
-291.1849000000001,-9.113050000000179,18.454099999999904
-282.20005,7.582775000000089,27.245450000000044
-257.96919999999926,10.94239999999985,34.04960000000011
-221.66860000000025,3.74420000000005,39.28054999999996
-185.36799999999968,-3.4540000000000637,44.51150000000005
-151.50409999999923,-7.072374999999985,43.868999999999815
-120.53119999999942,-6.443499999999989,36.25799999999986
-89.5582999999996,-5.814624999999992,28.646999999999906
-62.42179999999987,2.4364500000001357,22.887499999999985
-42.207499999999555,24.44062500000048,20.468749999999947
-21.993200000000122,46.44479999999986,18.050000000000015
-6.803974999999994,65.01862500000009,14.232874999999925
-6.233149999999985,73.61325000000022,6.347749999999799
-5.662325000000001,82.20787499999997,-1.5373749999999786
-2.728999999999793,87.01849999999979,-9.148000000000081
13.079950000000114,71.20632499999988,-15.262600000000043
28.888900000000366,55.394149999999634,-21.37720000000014
44.054549999999985,40.17015000000002,-27.217749999999995
48.008400000000044,35.197199999999945,-28.28200000000001
51.962250000000104,30.224249999999866,-29.34625000000003
55.91609999999999,25.251300000000008,-30.4105
61.53660000000008,24.174374999999987,-39.83260000000014
67.23840000000017,23.287499999999973,-49.66240000000029
72.9402,22.400624999999998,-59.49220000000002
88.51999999999992,26.815749999999973,-61.2095
105.8060000000002,32.14667500000006,-61.52555
123.09200000000047,37.477600000000145,-61.84160000000001
133.72379999999998,40.262274999999995,-55.82840000000001
142.16040000000012,42.20695000000003,-47.727199999999876
150.59700000000026,44.15162500000006,-39.62599999999975
149.76209999999986,45.304600000000015,-40.090700000000126
143.960325,46.03345,-45.14427499999998
138.15854999999993,46.76230000000001,-50.19785000000006
130.91725000000014,40.03260000000021,-54.39587499999995
122.5,27.21,-57.894999999999996
114.08274999999988,14.387399999999797,-61.39412500000005
110.50270000000008,12.441250000000359,-56.83124999999954
112.84405000000001,23.80937500000004,-42.39937499999995
115.18540000000004,35.17750000000022,-27.96749999999972
119.24125000000025,44.76812500000022,-21.684000000000314
126.49750000000004,51.040750000000045,-30.61080000000006
133.75375000000017,57.31337500000014,-39.537600000000204
142.4004000000005,60.60039999999978,-49.27960000000047
155.26170000000013,54.837324999999936,-61.49267500000013
168.12300000000033,49.07424999999984,-73.70575000000032
180.62519999999998,45.55317499999998,-82.21667500000002
191.04840000000016,55.01210000000013,-69.29409999999982
201.47159999999985,64.47102499999986,-56.37152500000018
211.6194,73.93640000000002,-43.043049999999965
216.12150000000008,83.53400000000016,-21.393624999999616
220.62359999999995,93.13159999999989,0.25579999999976977
225.12570000000002,102.72920000000005,21.90522500000011
219.02904999999987,99.73334999999992,15.604449999999833
212.32427500000006,96.01492500000002,7.699975000000055
205.61949999999996,92.29649999999997,-0.20450000000006963
192.16762499999965,88.3491749999999,-10.338025000000258
177.47774999999942,84.35984999999984,-20.880550000000426
162.78787499999981,80.37052499999994,-31.42307500000013
149.86919999999967,79.18919999999999,-29.552799999999827
137.55937499999945,78.973125,-23.41562499999973
125.2495499999998,78.75705,-17.278449999999903
116.7846999999998,83.70150000000025,-13.23079999999991
110.45079999999997,91.50600000000003,-10.34119999999999
104.11690000000016,99.3104999999998,-7.451600000000071
100.772,96.27550000000011,-7.879999999999971
99.9464,84.10434999999991,-11.105000000000022
99.12079999999997,71.93319999999972,-14.330000000000073
97.83492500000001,62.23727500000004,-11.863550000000048
95.96764999999998,55.667949999999934,-2.2078999999998974
94.10037499999996,49.09862499999983,7.447750000000256
91.25300000000001,42.85820000000001,16.425799999999988
86.51224999999994,37.25314999999992,24.09485000000011
81.77149999999986,31.648099999999832,31.763900000000234
75.92559999999958,28.883425000000287,36.300399999999755
66.58599999999984,35.09800000000011,30.933999999999905
57.24639999999969,41.31257500000021,25.56759999999982
49.31170000000004,47.5163500000003,19.28139999999941
50.04055000000002,53.65352500000013,7.323099999999748
50.7694,59.79069999999995,-4.635199999999916
52.06900000000014,65.86675000000004,-16.617750000000115
67.5231999999997,70.4268999999999,-29.201699999999757
82.97739999999995,74.98704999999998,-41.785649999999954
98.43160000000019,79.54720000000006,-54.369600000000155
129.84267500000092,75.90354999999988,-57.38245000000006
162.30875,71.7175,-59.7625
194.7748250000005,67.53144999999992,-62.142550000000035
231.9848000000012,78.20890000000043,-56.06079999999976
270.11720000000014,91.77647500000005,-48.33369999999997
308.2496000000007,105.34405000000027,-40.60659999999985
330.9563750000006,125.5022500000008,-32.3118749999997
348.1424000000001,148.01920000000015,-23.813999999999943
365.3284250000004,170.53615000000053,-15.316124999999806
365.4768999999996,167.76429999999934,-15.4836000000002
355.85994999999986,150.49764999999982,-20.617800000000056
346.2429999999997,133.23099999999954,-25.752000000000137
329.189575,124.08565,-25.373100000000008
305.66964999999965,122.00229999999996,-20.200199999999924
282.14972500000033,119.91895000000002,-15.027300000000071
255.7541999999999,127.96740000000003,-10.537599999999994
225.61012499999947,149.22337500000037,-6.938499999999937
195.4660500000003,170.47934999999978,-3.339400000000038
170.2175249999999,186.39365000000004,-4.178975000000051
154.76009999999968,191.62460000000013,-13.895900000000207
139.30267499999943,196.8555500000002,-23.61282500000036
124.7279999999999,197.38099999999986,-33.25550000000008
113.0663999999997,182.37829999999963,-42.65315000000023
101.40479999999953,167.3755999999994,-52.05080000000038
90.03347499999988,155.4354500000001,-59.54657499999994
80.57454999999973,163.67210000000023,-54.512349999999856
71.11562499999958,171.90875000000034,-49.47812499999978
62.209800000000136,179.62479999999985,-44.27619999999983
70.58835000000028,171.07209999999972,-33.83364999999967
78.96690000000004,162.51939999999996,-23.391099999999966
87.34545000000017,153.96669999999983,-12.948549999999798
108.25199999999981,133.1020000000002,-8.380000000000036
130.09815000000015,111.31389999999985,-4.251999999999971
151.94430000000048,89.5257999999995,-0.12399999999990552
166.14262499999992,109.70577499999985,4.135074999999977
178.76850000000013,138.5147000000003,8.421100000000045
191.39437500000034,167.32362500000076,12.707125000000113
186.73835000000003,181.60249999999996,17.95429999999999
175.64757499999985,190.4712500000001,23.559350000000077
164.55679999999967,199.34000000000026,29.164400000000168
151.32964999999933,191.41542499999917,32.02760000000006
136.83649999999975,173.5392499999997,33.26600000000003
122.34334999999952,155.6630749999994,34.50440000000005
106.64829999999917,149.3248000000002,29.243699999999453
89.87507499999964,153.3367000000001,18.152924999999765
73.10185000000011,157.34859999999998,7.062150000000078
62.516124999999974,172.02500000000026,-5.63875000000013
60.255400000000044,201.04999999999944,-20.50599999999971
57.99467500000001,230.0749999999999,-35.37324999999994
55.75914999999997,254.08730000000017,-47.48635000000007
53.57582499999994,267.7161500000004,-53.894425000000176
51.3925,281.345,-60.302499999999995
47.953474999999884,289.46964999999983,-64.51889999999995
40.18444999999976,278.6142999999997,-61.17779999999989
32.41542499999997,267.75894999999997,-57.836699999999986
25.073599999999914,259.93040000000025,-54.41479999999992
20.74887499999985,273.4786250000005,-50.422249999999856
16.42414999999997,287.0268500000001,-46.42969999999997
12.373775000000169,300.5774000000003,-42.74037500000021
19.846100000000288,314.2256000000005,-51.78650000000035
27.318425000000076,327.87380000000013,-60.83262500000009
34.790750000000195,341.52200000000033,-69.87875000000024
39.05304999999999,342.25275,-85.03849999999997
43.04560000000006,341.898,-100.71200000000022
47.038149999999945,341.54325,-116.38549999999978
43.96844999999999,338.31325,-123.96325000000002
39.36637499999992,334.4593749999999,-129.7843750000001
34.76429999999984,330.60549999999984,-135.60550000000018
24.16604999999936,313.02714999999887,-133.47279999999972
11.246700000000294,290.1361000000005,-128.26120000000012
-1.6726499999999094,267.24505000000016,-123.04960000000003
-0.5199999999999143,238.9159999999997,-114.0939999999999
9.251750000000241,207.25617499999922,-102.84519999999972
19.023500000000396,175.59634999999872,-91.59639999999953
38.31595000000158,154.1305749999993,-81.74622499999951
66.4186000000008,142.09809999999965,-73.19029999999975
94.52125,130.06562499999998,-64.63437499999999
125.75860000000057,116.69799999999975,-54.74599999999981
161.34970000000112,101.47599999999952,-43.00699999999962
196.94080000000014,86.25399999999995,-31.267999999999958
226.77652500000033,67.6197749999995,-18.922199999999737
244.25925000000063,41.661749999999095,-5.273999999999521
261.74197500000014,15.703724999999817,8.374200000000094
274.4864000000001,-4.543000000000008,21.253799999999785
270.13910000000004,-4.188250000000002,31.360949999999946
265.79179999999997,-3.8334999999999964,41.468100000000106
261.72162499999996,-4.878250000000314,50.200874999999954
259.7575999999999,-16.559200000000498,48.48839999999993
257.7935749999999,-28.240150000000682,46.7759249999999
255.72185000000013,-39.94119999999982,45.003450000000086
246.811175,-52.918600000000026,39.42097499999999
237.90049999999985,-65.89600000000023,33.838499999999904
228.98982499999968,-78.87340000000044,28.256024999999813
240.80585000000067,-84.24275000000023,24.018749999999798
254.5540250000003,-88.90287500000011,19.906874999999914
268.30220000000054,-93.56300000000017,15.794999999999847
295.44575000000026,-79.49637499999984,16.98300000000002
325.6511000000007,-61.14934999999955,19.382400000000057
355.8564499999999,-42.80232500000007,21.78179999999999
373.5360000000002,-30.796399999999885,28.261400000000098
386.17800000000034,-21.340699999999735,36.38195000000023
398.82000000000056,-11.884999999999584,44.50250000000035
399.0965250000002,-7.9790500000000115,47.36165000000001
391.54680000000013,-7.585600000000005,46.890800000000006
383.997075,-7.192149999999999,46.41994999999999
380.5509,-11.869150000000186,46.79390000000002
381.02175,-21.386125000000334,47.97425000000004
381.4926,-30.903100000000485,49.15460000000006
386.8606500000008,-34.603324999999685,53.98665000000068
399.25109999999995,-29.962550000000025,64.05509999999995
411.6415500000001,-25.321774999999953,74.12355000000011
426.65900000000056,-16.924999999999564,84.07000000000025
447.5215250000009,-0.17112499999929298,93.7450000000004
468.3840500000003,16.58275000000023,103.42000000000013
482.4351499999996,30.386200000000077,112.39502500000017
470.75419999999946,33.04360000000012,118.72570000000029
459.0732500000003,35.70099999999993,125.05637499999982
445.14075000000037,36.37320000000017,130.5124
412.7133749999998,20.73839999999992,128.78379999999999
380.2859999999993,5.10359999999967,127.05519999999996
347.7755499999984,-10.419150000000045,125.26849999999966
304.63149999999774,-11.599500000000063,116.0449999999995
261.48744999999707,-12.779850000000081,106.82149999999936
218.34340000000017,-13.960199999999997,97.59800000000003
187.38197499999964,-13.800899999999997,87.12552499999987
157.67004999999918,-13.504199999999992,76.52494999999969
127.95812499999869,-13.207499999999987,65.92437499999953
124.56080000000017,-6.207999999999487,51.53559999999908
127.4891000000001,2.402750000000273,36.23619999999951
130.41740000000001,11.01350000000003,20.936799999999945
140.60295000000025,24.995525000000313,15.112774999999964
153.81899999999987,41.22049999999986,13.245500000000018
167.0350500000001,57.445475000000116,11.378224999999988
162.92534999999964,66.2858000000001,2.4948499999996905
147.48727499999939,70.29770000000015,-10.975975000000524
132.04919999999916,74.30960000000022,-24.446800000000735
126.96724999999991,77.61787499999996,-33.933124999999905
132.0821,80.23334999999999,-39.49624999999999
137.19695000000007,82.84882500000003,-45.05937500000008
133.85269999999952,82.06349999999982,-48.476200000000006
117.98247499999928,76.24237499999973,-48.71485000000001
102.11224999999902,70.42124999999965,-48.95350000000001
84.99987499999845,61.38359999999872,-49.17947500000001
65.0209999999999,44.92319999999991,-49.3762
45.04212499999958,28.462799999999653,-49.572925
21.50775000000027,13.30695000000007,-48.691300000000034
-16.111874999998676,3.3191250000003496,-43.53775000000018
-53.73150000000093,-6.668700000000246,-38.38419999999987
-91.32512500000317,-14.314574999998879,-34.104575000000295
-128.68674999999882,-1.0630500000004197,-37.623049999999886
