59.22750000000001,20.971874999999997,4.76775
-37.71,21.9,0.09
-54.564750000000004,11.740124999999997,-8.061000000000002
-71.4195,1.5802499999999955,-16.212000000000003
-72.357,-4.107499999999999,-17.599000000000004
-61.56599999999999,-6.500000000000002,-14.001999999999997
-48.98000000000002,-8.225000000000001,-9.791250000000009
-26.342000000000017,-6.2120000000000015,-2.1435000000000066
-3.7040000000000135,-4.199000000000001,5.504249999999995
13.774000000000026,0.6670000000000105,7.938000000000001
29.317000000000014,6.602875000000005,8.416500000000001
39.7,11.281249999999996,8.68875
38.214999999999996,13.067374999999998,8.486625
36.73,14.853499999999997,8.2845
22.86925,10.560500000000003,7.661875
7.30150000000002,5.429000000000007,6.981250000000001
-10.930625,-1.3712499999999999,7.68625
-32.36000000000003,-10.174000000000012,10.054000000000002
-53.29249999999999,-18.649750000000004,12.511499999999991
-58.32500000000001,-16.661499999999997,17.841000000000008
-63.35750000000001,-14.67325,23.170500000000004
-56.452500000000065,-14.042499999999999,30.087499999999963
-41.788125000000015,-14.294125,38.03637499999999
-25.011000000000045,-13.32475000000001,45.189499999999995
1.2735000000000483,-6.860874999999989,48.761750000000006
27.557999999999907,-0.3970000000000222,52.33399999999999
46.73625,6.182500000000001,53.2
63.64049999999998,12.798999999999996,53.2
76.41837499999998,18.85312499999999,51.39737500000001
80.94349999999999,23.782499999999988,45.98950000000002
85.468625,28.711875000000003,40.581624999999995
80.85125,36.1575,33.4375
75.319625,43.854749999999996,26.119750000000007
69.18999999999998,51.28200000000002,21.836
62.42500000000002,58.42237499999998,20.775875000000003
55.73000000000002,65.51574999999997,19.82125
50.12,71.880625,20.501875000000002
44.510000000000005,78.24549999999999,21.1825
39.443375000000046,82.99337499999996,24.262374999999953
34.68724999999999,86.81725,28.713250000000006
31.068624999999997,90.12312499999999,32.513999999999996
31.674999999999994,91.505,33.899999999999984
32.281375,92.88687500000002,35.286
31.399250000000002,101.44474999999998,35.696999999999996
30.116374999999998,111.93462500000003,35.8455
21.927500000000073,125.64349999999993,37.84349999999998
1.6531250000000028,144.985625,43.078125
-18.62125000000007,164.32775000000007,48.31275000000002
-8.577625000000024,164.12825,42.36800000000001
3.421999999999917,162.668,35.70200000000005
10.119749999999994,161.46912500000002,29.56725000000002
11.8275,160.51625,23.932499999999997
9.001125000000243,160.43412499999997,19.628624999999953
-39.166499999999914,169.05949999999999,28.633499999999984
-87.33412499999967,177.68487499999995,37.63837499999994
-95.67625000000004,161.93150000000009,26.452750000000076
-84.105625,133.98874999999998,5.1718750000000036
-70.01600000000012,112.381,-13.77899999999994
-48.05450000000004,110.570125,-25.44862499999998
-26.092999999999964,108.75925000000001,-37.118250000000025
-4.752500000000079,114.78849999999997,-36.70875000000001
16.45,122.56,-33.615
27.634375000000023,121.00725000000008,-29.936250000000022
23.406250000000007,105.10950000000003,-25.35750000000001
19.17812500000003,89.21175000000011,-20.77875000000003
-13.31400000000017,77.06999999999994,-19.347999999999992
-46.689375,65.045625,-18.015625
-67.01924999999996,54.121500000000054,-18.48099999999999
-76.47787499999998,44.11425000000001,-20.444499999999998
-84.982,35.179500000000004,-22.230999999999998
-86.56599999999999,34.020375000000016,-22.734249999999996
-88.14999999999999,32.86125,-23.2375
-92.90800000000002,31.141499999999994,-22.495874999999998
-99.04599999999999,29.178000000000004,-21.213000000000005
-112.96224999999977,30.52199999999993,-19.16850000000003
-147.6204999999996,40.68599999999988,-15.09300000000005
-182.27875,50.85,-11.0175
-238.83650000000023,60.05150000000003,-12.89550000000001
-299.30487500000044,69.08112500000006,-15.836625000000021
-352.7504999999997,75.70974999999999,-18.982499999999977
-396.66524999999984,79.07987499999999,-22.406249999999986
-440.57999999999925,82.44999999999995,-25.829999999999938
-456.65100000000007,74.35262499999997,-26.886000000000003
-472.72200000000015,66.25524999999995,-27.942000000000007
-476.25300000000004,59.675500000000035,-23.59487500000006
-470.54400000000004,54.21400000000002,-15.266500000000029
-463.34875,48.3,-7.178749999999999
-447.8304999999999,39.85199999999997,-0.43849999999997635
-432.3122499999999,31.403999999999943,6.301750000000047
-403.99000000000024,24.70800000000004,4.846000000000032
-370.8662500000001,18.669000000000022,0.31675000000001585
-339.38,12.49375,-3.0912499999999996
-311.66000000000037,6.00512500000009,-3.9203749999999884
-283.93999999999977,-0.48350000000004467,-4.749500000000006
-266.3011250000001,-10.488374999999927,-5.5568749999999945
-250.05275000000006,-20.978249999999964,-6.361249999999997
-251.343125,-31.68375,-8.538125
-273.67999999999967,-42.64799999999985,-12.361999999999949
-297.1082499999994,-52.9827500000001,-16.33749999999991
-355.46049999999957,-43.17350000000007,-25.16499999999994
-413.8127499999998,-33.364250000000034,-33.99249999999997
-457.0125,-31.4375,-46.707499999999996
-490.3631249999995,-34.634374999999956,-61.94937499999979
-519.0314999999999,-37.839499999999965,-75.76924999999993
-526.62975,-41.08174999999998,-83.19012499999995
-534.2280000000001,-44.32399999999999,-90.61099999999998
-522.9981250000001,-39.985,-85.531875
-505.7432500000003,-33.22000000000009,-76.45275000000012
-485.5376250000003,-32.81849999999987,-67.21412500000011
-459.43050000000017,-45.14399999999992,-57.656500000000065
-433.32337500000006,-57.46949999999996,-48.09887500000003
-385.21875,-57.55875,-46.269999999999996
-334.9143750000007,-56.42437500000002,-45.21400000000001
-276.6340000000007,-54.75600000000003,-41.30400000000007
-209.87912500000044,-52.52025000000002,-34.361625000000046
-144.05550000000017,-51.032749999999965,-27.876499999999997
-92.66624999999999,-61.143125000000005,-28.47875
-41.276999999999816,-71.25350000000005,-29.081000000000003
-19.437375000000053,-76.62574999999998,-32.38962499999995
-14.483250000000034,-79.29049999999998,-37.24474999999997
-10.457500000000012,-79.83250000000015,-43.31612499999978
-9.879999999999999,-72.49000000000001,-53.905
-9.302499999999998,-65.14749999999998,-64.49387500000003
-21.169249999999842,-73.87299999999988,-66.61975
-36.38637500000016,-86.92450000000014,-66.467125
-55.7824999999999,-104.01099999999992,-66.3985
-82.491875,-128.15875,-66.476875
-109.20124999999962,-152.3064999999997,-66.55525
-118.5234999999999,-183.25874999999968,-46.94862500000021
-126.72400000000007,-214.65000000000032,-26.071999999999782
-141.71387499999992,-238.29137499999996,-12.010250000000026
-163.09375,-254.63875000000002,-4.3625
-183.00812499999992,-269.744875,2.962749999999943
-188.26749999999996,-272.4385,7.062999999999957
-193.52687499999988,-275.1321249999999,11.1632499999999
-187.34625000000005,-275.3425,13.500749999999995
-175.445625,-274.31125,14.956874999999998
-162.19900000000024,-273.145,16.657999999999966
-144.74612500000018,-271.556875,19.124749999999974
-127.29325000000043,-269.96875000000006,21.59149999999994
-126.425125,-276.86199999999997,21.051125000000003
-129.2425,-285.64,19.8425
-133.5451249999999,-292.6451249999999,17.574375000000053
-140.13275000000004,-296.92275,13.676249999999973
-146.72037499999982,-301.2003749999999,9.778125000000093
-144.676,-282.28200000000004,3.2480000000000233
-142.361875,-262.63875,-3.364375
-121.01950000000053,-247.43925000000016,-2.200750000000106
-83.82024999999975,-235.94287499999993,5.442875000000052
-44.88900000000123,-226.3674999999999,14.028999999999634
6.599249999999827,-230.71937499999999,29.44824999999995
58.0875,-235.07125,44.8675
87.44974999999972,-239.66749999999993,53.766249999999914
107.19200000000014,-244.37000000000003,59.83000000000004
116.90600000000012,-244.33962500000007,64.067875
99.87799999999976,-231.6882499999998,63.43674999999999
82.85,-219.036875,62.805625
38.12300000000068,-215.24400000000003,60.00100000000005
-11.550250000000343,-213.033,56.80824999999998
-62.66549999999964,-214.20299999999995,53.43350000000002
-115.73775000000074,-219.9615000000001,49.81174999999995
-168.80999999999818,-225.7199999999998,46.190000000000126
-212.9021249999994,-215.48175000000015,48.425749999999965
-256.9942500000003,-205.24349999999993,50.66150000000002
-289.9642499999998,-195.39712500000007,51.8
-314.7390000000003,-185.83949999999987,52.13
-338.2412499999994,-176.28187500000033,52.00187500000009
-354.6174999999998,-166.72425000000013,49.30825000000004
-370.9937500000001,-157.16662499999993,46.61462499999998
-380.23299999999995,-141.13500000000013,45.16600000000001
-386.7958750000001,-122.67562499999974,44.184249999999984
-390.02875,-104.27625,44.225
-385.60262500000005,-86.01487500000026,46.617499999999964
-381.1765,-67.75349999999987,49.01000000000001
-373.0601250000001,-57.604875000000064,52.127499999999976
-364.4347499999999,-48.575249999999876,55.34500000000004
-360.4275,-41.638125,56.700625
-361.962,-37.21200000000006,55.82200000000001
-363.7883749999997,-32.475625000000406,54.65900000000028
-374.95474999999993,-17.811250000000104,44.39600000000007
-386.1211250000001,-3.146874999999799,34.13299999999986
-393.53749999999997,13.560000000000002,19.647499999999997
-398.5163749999999,31.594499999999755,2.417375000000236
-405.96949999999947,48.87899999999962,-15.626499999999403
-424.55674999999985,62.7884999999999,-37.332249999999846
-443.14400000000023,76.69800000000019,-59.038000000000295
-475.625,93.67625,-75.065625
-512.5519999999995,111.63649999999976,-89.2762499999998
-513.8362500000019,126.77937499999973,-107.83049999999925
-443.8350000000005,136.28749999999994,-135.0719999999998
-373.83374999999904,145.79562500000011,-162.31350000000037
-323.20125,168.97625,-147.73125
-274.5056250000007,193.52412499999966,-128.96662500000025
-211.83600000000212,207.32799999999992,-110.3500000000005
-134.31900000000053,209.71637499999997,-91.89062500000013
-54.85975000000224,211.1140000000003,-73.91275000000022
54.704375,197.155,-63.398125
164.2684999999985,183.1960000000002,-52.88350000000015
279.88324999999674,169.62025000000037,-46.6738750000001
398.9554999999992,156.2635000000001,-42.92425000000003
511.9561249999981,144.7477500000001,-35.70700000000041
602.405,140.07,-15.61
692.8538749999988,135.39225000000008,4.486999999999723
747.0977499999988,136.67824999999993,33.81724999999912
791.5941249999996,139.56987499999997,65.63337499999977
807.3340000000007,138.41000000000017,88.85299999999982
772.75,130.16,97.02875
738.1660000000005,121.91000000000011,105.2044999999999
623.9313750000033,109.88187500000033,96.03575000000029
504.55800000000085,97.61000000000008,85.74800000000008
388.74612500000234,83.83362500000031,77.18362500000015
276.28625,68.64125,70.24125000000001
167.98137500000092,56.18824999999979,62.5923750000002
101.22650000000185,71.12899999999959,47.87850000000041
34.471625000000465,86.0697499999999,33.1646250000001
-14.240499999999187,101.74749999999966,19.97700000000026
-53.93125,117.79374999999999,7.552499999999999
-83.62800000000001,128.54800000000006,-1.2570000000000343
-82.09350000000005,122.76475000000016,1.2303749999999312
-80.55900000000001,116.98150000000004,3.717749999999983
-59.69925000000052,111.42100000000012,5.837249999999958
-34.545,105.91,7.875
-2.0490000000006034,102.56025,10.120749999999965
41.7419999999988,102.5355,12.68649999999993
85.5329999999997,102.51075,15.252249999999982
145.85999999999876,97.2900000000001,20.89399999999988
206.70375,91.906875,26.631874999999997
251.75699999999958,83.36925000000015,28.524500000000018
283.65149999999915,72.2028750000003,27.212750000000035
311.96049999999997,61.24950000000007,25.569500000000026
314.27462499999996,51.84037500000019,21.522875000000084
316.58875,42.43125,17.47625
304.21162500000025,43.80624999999991,11.972000000000083
285.4469999999999,49.87000000000004,5.833999999999958
265.4133750000002,53.49812500000002,3.1744999999999557
241.9957500000005,50.63125000000006,9.790999999999864
218.578125,47.764375,16.4075
212.51000000000005,36.18950000000018,25.774999999999864
209.54,23.059624999999908,35.63375000000007
203.7647500000004,13.35450000000021,42.995249999999835
194.1823750000002,8.297250000000105,46.96762499999992
184.6,3.24,50.94
159.64787500000034,2.662500000000008,52.952999999999975
134.69574999999983,2.084999999999996,54.966000000000015
107.2118750000002,10.007624999999905,53.922375000000024
77.86250000000061,24.193499999999705,50.626500000000064
48.9925000000009,35.46812500000017,47.83
22.80699999999946,30.439749999999894,47.83
-3.3785000000001792,25.411374999999964,47.83
-15.85999999999995,10.813000000000127,54.32499999999994
-23.202499999999596,-7.3741249999989975,63.25562499999951
-21.47625,-17.306250000000002,68.55
1.1081249999996885,-8.251875000000124,65.48100000000004
23.692499999999377,0.8024999999997504,62.412000000000084
61.686749999999726,22.700249999999834,52.600500000000075
101.80649999999918,46.36949999999951,41.85900000000022
141.70874999999864,55.88437500000026,34.83375000000009
181.35000000000082,48.413999999999845,32.26799999999995
220.15812500000007,40.7157499999999,29.788375000000002
232.30624999999992,25.725500000000103,30.06475
244.45437499999974,10.73525000000031,30.341124999999995
253.41500000000002,7.4825,31.822499999999998
260.3037499999999,11.859124999999938,34.087124999999965
268.8394999999996,17.182249999999733,36.872999999999855
284.78674999999987,26.76462499999993,42.004499999999965
300.7339999999997,36.3469999999998,47.135999999999896
308.31562499999984,41.56687499999987,46.79875000000008
313.2202499999998,45.39074999999981,44.7115000000001
313.82387499999993,47.67187499999999,42.04537499999997
305.8255000000001,46.86750000000001,38.22150000000003
297.8271250000002,46.06312500000002,34.397625000000076
271.72,47.0625,40.4775
243.8020000000004,48.242249999999984,47.5477499999999
209.27400000000114,51.62999999999984,50.482000000000035
167.72287499999885,57.36375000000016,49.021749999999955
127.62275000000037,63.24549999999983,47.21850000000015
110.0131250000006,71.42124999999972,40.098750000000244
92.40350000000085,79.5969999999996,32.97900000000034
73.67562499999987,83.56225,26.581124999999957
54.30875000000013,85.12149999999998,20.59575000000004
36.03562500000029,83.66637500000026,16.418999999999947
21.824999999999996,71.015,18.96
7.614375000000195,58.36362500000018,21.500999999999966
1.1517500000001206,39.13425000000058,23.684499999999943
-3.2248750000001207,18.13387499999942,25.771750000000058
-1.74699999999984,7.879500000000117,22.526499999999828
9.976249999999595,16.430624999999708,9.949375000000433
21.699499999999436,24.981749999999586,-2.6277499999993936
34.624000000000095,46.52962500000015,-3.506250000000001
47.62599999999991,68.91599999999984,-3.629999999999999
62.62549999999965,79.52350000000001,-1.9028750000000718
79.505,79.045,1.5662499999999997
94.58000000000004,77.86675000000011,3.6568750000001593
91.61000000000008,69.69100000000023,-8.037499999999678
88.64000000000013,61.515250000000336,-19.731874999999516
85.60399999999996,63.40175000000009,-35.587000000000245
82.535,70.31937500000001,-53.522499999999994
84.36899999999918,76.79199999999976,-65.51800000000031
101.52487500000012,81.87400000000004,-58.95099999999995
118.68074999999988,86.95599999999996,-52.38400000000004
125.8331249999999,90.80274999999992,-38.34812500000032
130.7625,94.375,-22.6525
121.64212500000042,88.41500000000029,-15.557999999999916
90.90675000000084,67.79000000000057,-21.69599999999983
60.17137500000127,47.16500000000085,-27.833999999999747
44.727999999999795,24.09999999999968,-30.728000000000037
29.762500000000003,0.9587500000000002,-33.520625
20.104750000000074,-8.642000000000024,-36.13324999999996
14.870124999999964,-6.958999999999989,-38.595875000000014
9.559999999999839,-5.068499999999907,-41.601500000000186
3.7025000000003225,-1.6736250000001878,-48.543874999999616
-2.1550000000000002,1.72125,-55.486250000000005
-1.8973750000000407,-7.013499999999809,-55.540125000000046
1.0189999999999197,-21.021999999999615,-52.59900000000008
8.641249999999168,-35.078874999999414,-50.055000000000064
28.812500000000277,-49.26475000000019,-48.56999999999998
48.98375,-63.450624999999995,-47.085
86.03899999999945,-63.31450000000003,-57.87449999999982
126.10925000000165,-60.620874999999884,-70.85587500000054
165.9747500000011,-57.18174999999988,-73.46324999999968
205.56237499999781,-52.730875000000246,-61.99162500000063
245.14999999999728,-48.28000000000031,-50.52000000000079
267.96537499999965,-59.623749999999845,-37.64175000000018
290.78074999999933,-70.96749999999969,-24.763500000000356
306.03412499999956,-73.63775000000015,-20.240499999999933
315.71550000000013,-69.91699999999996,-21.874000000000024
326.1175,-64.33625,-23.374375
340.55499999999984,-48.33950000000022,-24.129249999999992
354.9924999999996,-32.34275000000044,-24.88412499999998
367.89400000000035,-19.690999999999686,-28.420000000000126
380.2194999999993,-8.293625000000628,-32.998749999999745
389.3437499999999,-0.4574999999999755,-39.40624999999927
391.105125,-0.812249999999995,-50.01987499999986
392.8664999999999,-1.1669999999999903,-60.63349999999971
369.53925000000106,1.1571249999998887,-64.26537499999989
342.7514999999996,3.8507500000000374,-66.93425000000003
322.846875,3.5012499999999998,-69.11
311.20200000000017,-0.49999999999994493,-70.69399999999997
300.2926249999997,-4.1482500000002105,-72.00662500000021
312.9192500000004,3.4995000000002108,-64.6352499999998
325.54587500000014,11.147250000000106,-57.2638749999999
351.3875,15.485,-50.0625
385.81887499999954,17.671249999999972,-42.9716250000001
417.5434999999995,19.377500000000012,-38.23499999999984
437.0877499999992,18.92375000000002,-44.09249999999976
456.6320000000003,18.46999999999999,-49.95000000000008
434.123125,19.9225,-52.801249999999996
398.1572500000005,21.98499999999997,-54.69049999999997
349.1275000000021,19.420625000000324,-52.3777500000003
273.9699999999979,7.602499999999673,-41.6609999999997
198.81249999999895,-4.215625000000163,-30.94424999999985
129.2575,-25.13875,-21.375
60.26275000000095,-46.9723749999997,-11.920500000000128
8.452000000000929,-75.02599999999904,3.6339999999993964
-25.10074999999861,-109.68837499999856,25.669749999999087
-56.315000000000275,-141.89000000000033,48.01324999999851
-51.2825,-135.95,75.126875
-46.25000000000007,-130.01000000000008,102.24049999999963
-34.83350000000042,-114.56750000000056,112.48324999999998
-19.768999999999586,-93.69499999999942,113.08550000000001
-8.320875000000028,-73.11474999999973,110.64712499999982
-10.305,-53.620000000000005,96.91499999999999
-12.289124999999974,-34.125250000000264,83.18287500000018
-15.644749999999897,-28.482000000000053,62.43400000000062
-19.369624999999846,-26.56800000000008,39.79600000000094
-16.38950000000081,-22.323000000000455,19.226500000000936
-1.6756250000000001,-13.99875,2.2768750000000004
13.038249999999797,-5.674500000000115,-14.672749999999766
56.57824999999875,1.2779999999998104,-16.03324999999999
101.97800000000124,8.14200000000019,-16.38800000000001
138.7608750000004,13.452625000000054,-13.96749999999993
167.43375,17.30125,-8.934999999999999
192.9078750000001,20.66987500000002,-4.028500000000049
186.3945000000002,19.238500000000037,-0.38200000000010004
179.88112500000028,17.807125000000056,3.26449999999985
119.22300000000484,23.467999999999492,16.621249999998994
31.492500000000007,32.675,34.833125
-46.122999999999365,35.29000000000025,34.611000000000786
-92.12912499999874,17.305000000000497,-23.217374999998412
-138.13525000000126,-0.6800000000004958,-81.04575000000159
-210.54062500000109,35.02787500000066,-50.1959999999993
-288.8125,82.6675,0.35999999999999943
-333.9620000000001,98.28162500000047,29.435125000000056
-328.15400000000017,64.62575000000093,25.46275000000011
-322.34600000000023,30.96987500000139,21.490375000000164
-286.36200000000207,18.438000000000656,31.857999999999407
-249.435,6.56625,42.673750000000005
-189.7627500000011,-8.680499999999746,46.300750000000036
-111.13612500000218,-26.739749999999503,43.937125000000066
-32.68050000000318,-45.75949999999892,42.1524999999999
44.53537500000107,-71.74287500000035,44.56562500000003
121.75125,-97.72625,46.97875
167.60662499999955,-99.09675000000013,47.902625
199.82699999999912,-89.76600000000026,48.178999999999995
234.22199999999833,-78.80850000000063,43.7708750000007
274.4159999999978,-63.513000000000844,26.870750000000932
314.61,-48.2175,9.970625
334.82949999999977,-40.60800000000009,0.17550000000011856
351.48212499999954,-34.37100000000017,-8.350874999999764
332.4085000000028,-21.954750000000864,-8.93925000000042
