495.44710000000003,-46.009700000000024,111.86082499999999
435.67,31.24,121.19
351.3364,7.356699999999993,105.771425
267.0028,-16.52660000000001,90.35284999999999
193.63139999999999,-29.86955,75.46674999999999
137.72519999999997,-26.419399999999996,61.42899999999999
81.81899999999992,-22.969249999999995,47.39124999999998
35.588799999999964,-21.8555,46.59015
-7.771400000000021,-21.434749999999998,49.715175
-41.647999999999975,-20.619199999999996,52.068
-24.550249999999963,-17.681599999999992,50.27025
-7.452499999999952,-14.743999999999993,48.4725
-0.9206500000000029,-7.959349999999986,48.8784
-3.2998000000000043,2.0698000000000203,51.1428
-5.67895,12.098950000000004,53.4072
-5.8926,13.83885,55.66805
-5.9384999999999994,14.936625,57.928625
-6.7308,17.452800000000003,59.5832
-9.155849999999997,23.071724999999994,59.91215
-11.580900000000005,28.69065000000001,60.2411
-9.081275,33.153975,59.70335
-4.464499999999974,37.12050000000002,58.793
0.4971000000000174,40.900475,57.64084999999999
9.172200000000023,42.67145000000001,53.884699999999995
17.84730000000003,44.44242500000001,50.12854999999999
21.03599999999999,46.99460000000002,47.7224
18.052500000000002,50.425625000000004,46.835
15.068999999999999,53.85665,45.9476
7.231949999999987,61.51897500000001,44.703224999999996
-1.420200000000019,69.89190000000002,43.3989
-10.40535000000003,76.318625,42.18429999999999
-20.434499999999993,76.64375,41.251
-30.463650000000047,76.968875,40.317699999999995
-42.06000000000001,80.2076,36.37
-54.58687500000002,85.176275,30.632499999999993
-67.00424999999998,90.14219999999999,24.90995000000001
-71.15437500000003,94.90050000000004,20.316124999999964
-75.30450000000002,99.65880000000001,15.722299999999985
-82.29112500000005,105.64320000000004,11.732374999999987
-93.55575,113.4768,8.65325
-104.82037500000001,121.31040000000002,5.574124999999997
-112.06200000000007,121.64699999999998,5.915000000000014
-118.19730000000008,119.92192499999997,7.196375000000015
-125.05735000000004,118.44255,9.013350000000015
-135.45752500000003,118.163325,13.446525000000019
-145.85770000000005,117.8841,17.87970000000002
-149.249625,117.19050000000001,16.972750000000023
-147.03494999999998,116.16539999999999,11.79369999999997
-144.82027499999998,115.1403,6.614649999999963
-151.10160000000005,110.02919999999996,-1.372400000000063
-157.913925,104.662725,-9.534949999999993
-166.01375000000002,96.10374999999999,-13.216249999999999
-176.76582500000012,80.96822499999985,-7.666174999999944
-187.51790000000003,65.83269999999997,-2.1160999999999914
-198.00292500000003,47.37267499999995,10.979500000000034
-208.38015000000004,27.57064999999994,27.121000000000045
-220.1250000000001,7.505749999999914,41.885875000000006
-244.4520000000001,-14.977600000000102,43.98580000000001
-268.7790000000001,-37.46095000000012,46.08572500000001
-295.13545000000016,-60.77865000000014,40.42304999999992
-323.6584750000002,-84.98707500000016,26.473274999999905
-352.18149999999997,-109.19549999999995,12.523500000000025
-388.67454999999995,-130.019075,1.0508500000000112
-426.36610000000036,-150.33365000000018,-10.0493000000001
-462.2792500000003,-169.72685000000016,-18.707075000000014
-492.994,-186.42680000000001,-20.2256
-523.70875,-203.12675000000002,-21.744125000000004
-542.3989,-220.88755000000003,-19.526399999999988
-554.3405500000001,-239.24372500000024,-15.211799999999945
-566.0438,-257.34619999999995,-11.220299999999956
-568.86665,-265.9983500000001,-19.264275000000037
-571.6895000000001,-274.65050000000014,-27.30825000000012
-576.375575,-284.4272000000001,-33.79770000000003
-583.7234000000001,-295.8104000000001,-38.06640000000003
-591.0712249999999,-307.1936,-42.3351
-587.7226999999999,-309.9636,-47.84820000000005
-581.65625,-310.545,-53.67750000000005
-571.7622,-308.1647,-58.4659
-544.7806499999997,-292.5625249999998,-58.607425
-517.7991,-276.96035,-58.74895
-489.24937499999993,-261.21027499999997,-61.25035000000001
-459.50999999999965,-245.3479999999998,-65.54200000000006
-429.7706249999999,-229.48572499999992,-69.83365000000002
-412.74054999999964,-223.64269999999988,-79.57840000000024
-396.3198249999999,-218.28004999999996,-89.58460000000005
-383.25309999999996,-209.6036999999999,-98.16340000000004
-376.700875,-194.4911249999999,-103.96975000000005
-370.14865,-179.37854999999988,-109.77610000000006
-356.06507499999987,-172.59097499999996,-112.67425000000001
-339.1317999999998,-168.95339999999996,-114.47200000000001
-319.7160999999996,-165.28182499999997,-116.39385000000003
-280.44100000000026,-161.33825000000002,-119.30849999999998
-241.16589999999954,-157.39467499999995,-122.22315000000003
-208.43629999999968,-156.70770000000005,-124.40820000000002
-182.33832500000014,-159.32017499999998,-125.85404999999999
-156.2403499999996,-161.93265000000005,-127.29990000000002
-139.54512500000004,-157.21800000000002,-120.53437500000003
-124.10359999999976,-151.5263999999999,-112.67399999999988
-108.58109999999974,-146.36677499999996,-102.73287499999975
-92.83740000000003,-142.66035,-87.10775000000002
-77.09369999999971,-138.9539249999999,-71.48262499999971
-73.5925,-156.67749999999998,-60.44499999999999
-76.579825,-185.75897500000002,-51.83874999999999
-78.79044999999967,-214.17385000000024,-43.29279999999986
-61.97192499999996,-226.25702500000003,-36.22419999999998
-45.15339999999995,-238.34020000000004,-29.15559999999998
-12.255499999999785,-238.74937499999993,-11.753624999999879
42.41140000000024,-223.35374999999993,19.638150000000138
97.07830000000129,-207.95812499999963,51.029925000000745
166.92590000000044,-225.21170000000015,90.41970000000023
240.32382500000048,-250.10097500000018,131.67997500000027
312.46925000000044,-272.1770000000001,170.14125000000018
379.47942500000056,-282.7187000000001,197.12662500000022
446.48960000000056,-293.2604000000001,224.11200000000025
485.91422500000016,-294.92879999999997,241.8970000000001
505.5020500000002,-290.21639999999996,253.06600000000014
525.0898750000002,-285.50399999999996,264.2350000000001
485.0299999999995,-264.43389999999977,253.99949999999987
442.95500000000027,-242.81117500000013,243.04087500000006
390.59974999999906,-218.1765999999996,229.80074999999977
319.397374999999,-188.02029999999957,212.37787499999976
248.19500000000028,-157.8640000000001,194.95500000000007
177.35139999999888,-140.28177499999978,183.14822499999985
106.63480000000015,-127.15055000000002,173.32945
36.99549999999894,-115.673275,163.3686499999998
-25.046000000001115,-115.86070000000001,152.40619999999979
-87.0875,-116.048125,141.44375
-136.67825000000073,-115.21374999999996,128.97199999999972
-174.29712500000005,-113.396875,115.04899999999998
-211.91600000000008,-111.58,101.12599999999998
-226.46065000000027,-108.14994999999992,98.78977499999998
-238.31050000000005,-104.5315,97.80675
-243.84042499999995,-99.64239999999997,99.32955000000003
-233.20309999999995,-91.50279999999997,107.26260000000003
-222.56577500000014,-83.3632000000001,115.1956499999999
-214.06024999999983,-66.68874999999947,120.2803500000001
-206.62062499999993,-45.74687499999985,123.94087500000002
-200.0503999999999,-25.99019999999998,127.01360000000008
-209.23805000000024,-27.715275000000048,119.43244999999979
-218.4257000000001,-29.440350000000016,111.85129999999992
-233.88622500000025,-31.25755000000002,106.70224999999998
-257.3985000000007,-33.193000000000055,104.67499999999994
-280.9107750000003,-35.12845000000002,102.64774999999999
-304.1899500000003,-31.129299999999933,99.35104999999996
-327.4191749999999,-25.858450000000026,95.78232500000001
-345.5604,-22.09960000000003,92.89679999999998
-344.462625,-24.05800000000003,92.594625
-343.36485000000005,-26.016399999999994,92.29245
-331.3516249999997,-30.861775000000108,85.96834999999983
-311.90149999999966,-37.67410000000012,75.54139999999983
-292.451375,-44.48642499999999,65.11445
-272.1987499999996,-41.73624999999994,52.72249999999977
-251.93007499999962,-38.79482499999994,40.291249999999756
-228.71719999999996,-34.14819999999999,30.46399999999999
-200.40454999999994,-26.54792499999998,25.147249999999985
-172.09189999999938,-18.947649999999836,19.830499999999887
-142.9368749999999,-28.89350000000006,15.669499999999987
-113.50349999999986,-44.63720000000007,11.890399999999984
-85.00777499999947,-59.285750000000185,8.22312499999993
-62.40584999999987,-67.05050000000004,5.258749999999983
-39.80392499999985,-74.81525000000005,2.2943749999999805
-24.483999999999774,-70.18999999999957,3.3080000000001206
-15.808899999999767,-54.25887499999957,7.9515500000001245
-7.133799999999923,-38.32774999999985,12.595100000000041
-10.23894999999996,-29.138125000000073,12.554350000000005
-14.530600000000124,-20.627499999999753,12.041799999999984
-23.816125000000632,-16.245625000000164,8.02374999999963
-45.08695000000026,-21.772750000000066,-4.407500000000148
-66.35777500000067,-27.299875000000174,-16.83875000000039
-83.99640000000022,-21.41299999999985,-24.25980000000007
-99.92369999999993,-10.14837500000005,-29.320274999999974
-116.1377500000003,0.7565000000000861,-34.22225000000004
-136.45232500000068,6.516950000000197,-36.857675000000086
-156.76690000000033,12.277400000000094,-39.49310000000004
-172.91732499999998,12.60065000000001,-45.48537499999998
-183.9983500000002,6.3046999999998885,-55.564250000000186
-195.079375,0.008750000000000036,-65.64312500000001
-186.66599999999977,-5.176800000000096,-66.66279999999999
-174.4451249999995,-10.145475000000191,-65.91309999999997
-161.04189999999963,-14.242900000000022,-63.137849999999794
-143.50044999999994,-15.290950000000002,-53.273174999999966
-125.95900000000026,-16.338999999999984,-43.408500000000146
-112.02129999999994,-17.373100000000004,-39.54
-100.40859999999972,-18.398200000000024,-39.54
-88.79589999999993,-19.423300000000005,-39.54
-89.97020000000003,-30.298000000000275,-46.30780000000017
-91.22862500000001,-41.23750000000008,-53.12012500000005
-90.30335000000005,-49.50754999999996,-54.48480000000008
-85.80132499999996,-53.40522500000004,-46.92659999999994
-81.29929999999987,-57.30290000000011,-39.36839999999979
-77.31499999999996,-56.684374999999974,-32.880749999999935
-73.49000000000002,-54.67625000000001,-26.722500000000046
-66.99009999999974,-53.180450000000015,-21.262299999999982
-45.37119999999933,-54.58040000000005,-19.747599999999952
-23.75229999999971,-55.98035000000002,-18.23289999999998
-4.632349999999448,-58.167500000000096,-16.51729999999994
12.323875000000253,-61.03625000000004,-14.627749999999972
29.280099999999948,-63.90499999999999,-12.738200000000006
41.55160000000019,-51.51402499999977,-6.033499999999885
53.424400000000425,-37.82434999999951,1.0810000000002535
62.37380000000004,-23.44612499999971,6.095775000000005
64.73,-7.514999999999999,6.375
67.08620000000005,8.416125000000308,6.654225000000006
69.26485000000001,14.650900000000004,0.19449999999998724
71.36477500000004,16.586350000000042,-9.253250000000197
73.15899999999992,18.556600000000095,-18.570800000000315
71.36124999999996,20.935750000000052,-26.358500000000173
69.56349999999999,23.314900000000012,-34.146200000000036
74.93142499999982,25.95319999999996,-34.791300000000106
88.57520000000008,28.89080000000002,-27.187199999999955
102.21897500000034,31.828400000000077,-19.58309999999981
128.9635000000002,34.35325000000002,-12.65499999999995
158.0258500000008,36.805075000000066,-5.846499999999818
185.6716000000002,39.88690000000005,-0.793900000000006
208.7133999999998,45.016224999999956,-1.4479749999999942
231.7552000000011,50.14555000000025,-2.1020500000000313
241.47562500000006,56.1298750000002,-6.3613750000001925
243.06300000000002,62.63620000000007,-12.821800000000076
244.66299999999995,69.07057500000002,-19.233600000000003
248.18200000000004,64.56854999999993,-18.254399999999986
251.7010000000001,60.06652499999985,-17.275199999999966
249.89799999999985,53.15999999999984,-16.743000000000002
239.84589999999966,42.526499999999636,-16.903650000000006
229.79379999999983,31.892999999999827,-17.064300000000003
208.46050000000002,29.657925000000002,-17.227925000000003
183.90399999999957,29.822400000000005,-17.392400000000006
159.95249999999925,31.701250000000396,-18.341875000000186
139.0985999999996,42.35770000000021,-23.310550000000095
118.24469999999998,53.014150000000015,-28.279225000000007
95.1269999999995,55.822899999999926,-35.09170000000017
70.14974999999993,52.18532499999999,-43.41872500000002
45.172499999999445,48.54774999999992,-51.745750000000186
30.526999999999422,46.93719999999994,-58.15300000000026
16.60399999999967,45.46839999999997,-64.42600000000014
6.9378749999999965,45.93387500000003,-67.59974999999997
6.306750000000007,50.504749999999945,-64.19550000000004
5.675624999999996,55.07562500000004,-60.79124999999998
14.594400000000348,59.0714000000001,-53.828399999999775
27.492300000000114,62.82755000000003,-45.382799999999925
41.03700000000057,67.04220000000024,-37.17239999999983
61.0035000000002,75.80910000000009,-31.29719999999994
80.96999999999986,84.57599999999994,-25.422000000000047
96.79557500000013,90.08345000000003,-24.808275000000062
108.08315000000036,92.01890000000006,-29.96055000000016
119.37072500000015,93.95435000000002,-35.11282500000007
143.73619999999988,94.8437,-44.69369999999995
170.1822500000004,95.56662500000002,-54.97912500000015
197.9383500000011,97.16450000000015,-65.16100000000034
229.65907500000054,101.41025000000006,-75.02950000000017
261.3798000000011,105.65600000000015,-84.89800000000035
291.2817750000005,106.41217499999998,-89.02652500000002
320.13375,105.15375,-89.84125
348.84847500000046,104.04435000000012,-90.60932499999997
370.70070000000084,110.38620000000024,-89.04489999999994
392.55292500000047,116.72805000000014,-87.48047499999997
404.1612,120.19775,-85.59674999999999
400.7339999999999,119.45187499999999,-83.24437499999995
397.30679999999995,118.70599999999999,-80.892
386.1688749999997,106.30479999999963,-81.61605000000004
372.9917499999994,90.82119999999932,-83.15370000000007
357.8260749999994,76.49319999999977,-84.13987499999996
333.3804999999998,67.55799999999994,-82.55249999999998
308.93492499999934,58.62279999999976,-80.96512499999996
275.89149999999967,56.821300000000036,-81.91045000000003
236.1497499999989,60.577450000000105,-84.82892500000008
196.4079999999996,64.33360000000005,-87.74740000000004
166.74375000000023,72.90737499999993,-87.9
137.63550000000075,81.74694999999977,-87.9
112.71052499999948,85.60254999999981,-85.99514999999982
96.15209999999917,79.49019999999969,-80.28059999999971
79.59367499999945,73.3778499999998,-74.5660499999998
80.97625000000012,67.62024999999991,-67.09149999999987
89.37212499999997,62.001325000000016,-58.92895000000002
100.47079999999929,58.20639999999975,-50.39560000000024
134.71220000000122,70.02947500000042,-38.68727499999958
168.95360000000187,81.85255000000065,-26.978949999999358
199.420625000001,95.68937500000058,-14.81312499999953
225.9623000000005,111.6205000000003,-2.171499999999755
252.50397500000005,127.55162500000003,10.470125000000017
261.94725000000017,123.25879999999985,15.738400000000087
268.96612500000003,116.09839999999998,19.961200000000012
271.21099999999933,109.79799999999977,22.445999999999856
259.9693249999995,105.92709999999984,20.020949999999896
248.72764999999973,102.0561999999999,17.59589999999994
240.92622499999996,111.2978500000001,18.566550000000014
235.00129999999984,127.69180000000043,21.389400000000073
228.59999999999985,144.24437500000016,24.123
208.0980000000002,165.49224999999979,24.2148
187.59599999999904,186.74012500000097,24.306600000000003
161.59319999999906,195.48079999999976,20.10719999999971
127.94084999999964,186.8286499999999,9.940349999999892
94.28849999999899,178.17649999999972,-0.22650000000030257
68.43127499999972,166.01884999999984,-1.134524999999984
44.47530000000014,153.0062000000001,0.215699999999992
24.927324999999964,138.684199999999,2.6411000000003533
24.227349999999976,118.76359999999934,9.66380000000023
23.52737499999999,98.8429999999997,16.686500000000105
34.82180000000069,97.0746000000004,21.54660000000011
54.97572500000033,108.7140750000002,24.809325000000054
75.12964999999997,120.35354999999998,28.072049999999994
89.23085000000025,132.61777500000022,15.877724999999772
103.08500000000052,144.90750000000045,3.052499999999524
107.73702499999928,153.4488000000001,-8.63455000000054
95.0265499999995,154.91760000000005,-18.17410000000037
82.31607499999973,156.38640000000004,-27.7136500000002
64.78959999999994,145.66679999999997,-33.753200000000014
45.50012499999957,130.48537499999966,-38.511500000000105
27.96699999999998,118.50030000000005,-42.90755000000001
23.606499999999734,130.48785000000072,-44.5867250000001
19.24599999999981,142.47540000000052,-46.26590000000007
22.90120000000029,155.42545000000035,-45.71592499999993
34.46800000000009,169.32550000000012,-42.96574999999998
46.03480000000031,183.22555000000037,-40.21557499999992
76.32540000000029,186.34760000000003,-35.948999999999955
108.9564749999997,188.12239999999997,-31.49287500000004
139.74900000000122,182.16184999999874,-31.647300000000584
165.68250000000077,155.75787499999922,-43.98675000000037
191.61600000000033,129.35389999999967,-56.32620000000015
215.76432500000072,121.04155000000003,-64.98420000000021
238.99355000000034,122.04370000000002,-71.74680000000009
262.3636499999999,123.19319999999998,-77.2984000000001
288.6720000000014,127.41600000000021,-57.591999999998976
314.9803500000009,131.63880000000015,-37.88559999999933
332.9083500000004,129.80444999999946,-20.159199999999185
339.78952500000025,119.98567499999965,-5.04279999999946
346.6707000000001,110.16689999999983,10.073600000000269
318.22375,92.860625,13.69625
281.86330000000066,73.87715000000034,14.744299999999981
245.68187499999863,57.19929999999971,13.62854999999963
210.20499999999794,49.59519999999956,3.9971999999994416
174.72812499999858,41.9910999999997,-5.634150000000386
154.38699999999977,34.92249999999985,-13.263000000000137
144.64089999999996,28.22874999999997,-19.490100000000027
134.89479999999975,21.53499999999984,-25.717200000000147
140.88682500000002,24.33627500000002,-27.221000000000007
147.30135000000038,27.392450000000192,-28.598000000000084
148.3244999999996,30.9422500000002,-27.32537499999973
139.74119999999976,35.37160000000012,-21.33159999999984
131.15789999999993,39.80095000000004,-15.337824999999947
128.6394,40.8958,-6.388600000000089
128.19570000000002,40.849900000000005,3.5716999999997334
130.0845000000005,41.2460000000001,12.876000000000147
147.48442500000021,44.581400000000045,17.81790000000006
164.8843500000012,47.91680000000023,22.759800000000336
193.57930000000198,49.541850000000004,26.222425000000104
232.8544000000013,49.564800000000005,28.299400000000066
272.1295000000006,49.58775000000001,30.376375000000028
291.73614999999995,48.6861,25.066900000000018
309.2049250000009,47.683949999999946,18.95454999999967
322.9447000000001,48.17010000000015,14.486699999999985
327.4467250000001,52.34317500000007,14.092724999999993
331.94875,56.51625,13.69875
317.5142250000004,59.32457499999997,0.5997250000003476
293.8871999999991,61.47040000000008,-18.66680000000074
269.9048999999994,62.99072499999983,-37.34045000000019
240.2381999999977,54.50304999999935,-46.528100000000705
210.57149999999822,46.015374999999494,-55.71575000000055
180.3335999999987,37.214899999999616,-58.6643999999998
149.38169999999926,28.02342499999978,-53.81429999999988
118.42979999999982,18.831949999999946,-48.96419999999997
98.38085000000021,0.8552500000002397,-39.23412500000013
80.56400000000053,-18.919999999999412,-28.50500000000032
66.70550000000001,-35.92985000000019,-17.82124999999972
67.241,-42.88370000000006,-7.302499999999906
67.77650000000003,-49.837550000000455,3.216250000000688
74.84860000000054,-49.99949999999979,7.465200000000005
86.25475000000034,-45.65812499999987,7.557000000000003
97.66090000000014,-41.31674999999995,7.648800000000001
88.64807500000006,-42.27547499999999,13.588074999999964
79.36479999999953,-43.30440000000005,19.604800000000303
71.68892499999984,-43.40279999999996,24.919000000000132
66.72024999999992,-41.933999999999976,29.05000000000006
61.75157500000001,-40.4652,33.18099999999999
17.067400000001186,-33.814100000000174,29.334100000000134
-40.284650000002046,-25.510024999999704,22.942524999999772
-97.55255000000099,-18.876300000000057,17.044299999999946
-154.31937500000421,-22.188750000000244,14.08374999999978
-211.0862000000032,-25.501200000000185,11.123199999999834
-264.44697500000194,-23.08289999999971,14.470525000000347
-314.7801500000011,-15.570599999999844,23.424850000000188
-365.11332500000015,-8.058299999999978,32.379175000000025
-394.1664999999996,-6.867000000000009,38.05049999999992
-421.24367500000113,-6.262649999999975,43.41697500000022
-422.6700999999986,-8.034200000000173,45.423149999999865
-364.4306499999997,-15.332300000000044,39.61297499999996
-306.1911999999964,-22.630400000000456,33.802799999999635
-266.9357499999986,-23.127124999999886,19.17524999999917
-236.35869999999917,-20.514649999999932,0.5168999999995023
-203.51124999999942,-18.279475000000023,-17.576325000000097
-141.35499999999593,-20.914900000000173,-28.37430000000071
-79.19874999999703,-23.550325000000125,-39.17227500000051
14.072500000003856,-30.33675000000035,-39.897249999999666
144.23725000000152,-42.04507500000014,-28.678524999999865
274.40199999999925,-53.753399999999935,-17.459800000000065
330.649749999999,-38.30722500000049,-16.564299999999974
373.1455000000014,-17.80904999999933,-17.589400000000033
420.22362500000094,-10.077125000000521,-13.220999999999663
482.75090000000444,-45.38570000000252,9.331200000001612
545.2781750000033,-80.6942750000019,31.883400000001206
574.6916000000003,-112.26635000000104,53.791700000000766
