270.33835,-3.59165,12.78665
65.65,-3.68,15.2
15.862450000000017,0.435249999999999,5.500100000000003
-33.92509999999999,4.5504999999999995,-4.199799999999999
-74.37089999999996,17.620399999999986,-1.9983500000000034
-113.1612,32.27719999999999,2.312199999999999
-107.57925,34.311,1.806249999999999
-82.88310000000003,30.907200000000003,-0.7744999999999977
-61.51215000000005,35.06159999999998,1.8849999999999856
-42.87960000000001,45.4404,8.859999999999996
-23.02050000000002,57.07164999999999,16.613849999999996
-1.3049999999999855,70.59850000000002,25.54650000000001
17.382550000000002,79.5104,34.19165000000001
26.854599999999984,74.3768,41.96179999999998
35.11615,70.33534999999999,48.864349999999995
32.0797,76.48729999999998,47.6693
29.04325,82.63924999999999,46.47425
8.868800000000025,93.0328,41.046400000000006
-12.279399999999972,103.66734999999998,35.37805000000001
-32.73199999999997,112.04489999999998,31.285900000000005
-53.005999999999965,119.84294999999999,27.598450000000007
-68.72600000000003,124.53,24.699999999999996
-81.94130000000003,127.506,22.235499999999995
-90.38640000000001,130.7488,20.3437
-93.95759999999999,134.2642,19.037050000000004
-96.3688,136.4132,17.24400000000001
-96.56875,135.9575,14.52375
-94.9075,134.9753,11.8908
-85.49125000000001,131.79935,9.6216
-76.09840000000004,128.6954,7.591399999999984
-67.2262,127.19345,10.878949999999996
-58.35400000000001,125.6915,14.166499999999994
-57.29625,118.74890000000002,19.45434999999999
-57.18,111.15080000000002,24.98319999999999
-71.09834999999995,103.57340000000002,27.924549999999996
-89.89829999999995,96.00320000000002,29.965899999999994
-110.2410000000001,93.36375,20.38849999999992
-131.64959999999994,94.131,2.7836000000000594
-148.45594999999997,98.51034999999997,-18.57279999999991
-159.42529999999996,107.47089999999996,-44.6871999999999
-172.50334999999993,114.53739999999999,-66.06849999999996
-190.73600000000005,116.974,-75.88000000000002
-210.44674999999984,117.96825000000004,-83.24165000000004
-239.25350000000006,110.08649999999997,-75.52729999999998
-268.0602499999998,102.20475000000005,-67.81295000000004
-286.2364,84.75499999999997,-61.41879999999999
-304.297,67.20124999999997,-55.03899999999999
-318.8631999999999,54.14420000000008,-47.399500000000046
-332.75739999999996,41.95189999999999,-39.51774999999999
-333.79400000000004,31.535600000000066,-33.31280000000004
-329.0045,21.924049999999998,-27.86765
-313.68,15.1325,-23.46
-289.29540000000003,10.766150000000001,-19.9446
-272.2314,12.919399999999992,-19.634999999999998
-266.75835,25.39534999999999,-24.401249999999994
-275.7458999999999,36.84499999999999,-29.482099999999992
-331.4017499999999,44.98249999999999,-35.57824999999999
-386.2699999999995,51.75680000000008,-43.10359999999978
-432.7700000000002,44.04709999999996,-65.81420000000011
-479.26999999999987,36.337400000000024,-88.52479999999994
-521.6592499999999,34.48715000000001,-105.58474999999996
-563.7649999999999,33.041000000000004,-122.25499999999995
-576.3824000000001,46.12550000000007,-119.34299999999998
-580.9208,63.190999999999946,-111.06600000000003
-572.1104500000001,71.91389999999998,-96.02170000000008
-555.6076,75.82919999999999,-77.07760000000007
-523.8767500000002,64.11600000000013,-70.63449999999997
-475.90269999999987,35.73239999999991,-77.52580000000002
-435.4136,11.848449999999964,-84.61550000000003
-409.89440000000013,-3.0361999999999174,-92.10199999999996
-385.1946000000003,-14.168950000000075,-96.10010000000015
-364.15799999999984,-8.528499999999948,-84.5029999999999
-342.73904999999996,-3.1642000000000037,-72.84274999999998
-309.84960000000024,-6.084399999999981,-59.288000000000096
-276.96015,-9.004600000000002,-45.73324999999999
-257.4941000000001,-22.297799999999892,-44.5318
-239.82875,-36.9825,-44.9875
-252.1003999999998,-54.69659999999985,-54.5007999999999
-275.37829999999997,-73.52444999999999,-67.3441
-299.7766999999998,-79.82160000000002,-72.8461
-324.98435,-77.06880000000001,-73.04605
-343.8740000000001,-72.95199999999997,-70.85399999999997
-354.39230000000003,-67.02790000000002,-65.49255000000001
-363.30899999999997,-66.80299999999986,-63.215999999999944
-368.0985,-81.26449999999997,-68.88899999999998
-372.7056,-94.89920000000004,-74.23620000000001
-376.08149999999995,-102.95299999999997,-77.38424999999998
-379.45739999999995,-111.00679999999991,-80.53229999999996
-360.1652000000001,-114.8655,-80.82294999999999
-340.37479999999994,-118.63200000000002,-81.05080000000001
-299.15145000000024,-120.29254999999999,-81.09
-253.47449999999986,-121.5155,-81.09
-198.4987500000003,-121.9667,-79.36065
-139.09500000000077,-122.0504,-76.80780000000003
-83.45935000000028,-123.88339999999998,-77.55754999999998
-31.2072999999999,-127.2872,-81.2729
14.921499999999774,-132.55649999999994,-88.92399999999992
50.9031999999995,-140.91719999999987,-103.0971999999998
81.3409000000001,-150.39300000000011,-114.78715000000003
92.77060000000002,-163.692,-117.9631
102.93855000000005,-175.9452,-120.40510000000006
97.605,-175.35000000000002,-113.83000000000001
92.27145000000004,-174.75480000000002,-107.25490000000006
84.4783,-191.7251,-102.2235
76.48495000000007,-210.12514999999985,-97.31775000000003
50.578000000000046,-232.98559999999998,-101.78639999999999
19.446250000000287,-257.14699999999976,-108.98924999999994
-16.479199999999928,-284.4172,-104.58920000000003
-55.29740000000021,-313.5634000000002,-93.18739999999994
-98.66299999999988,-315.4120000000001,-79.46680000000005
-147.09275000000025,-286.8609999999999,-63.16389999999992
-186.77749999999995,-262.288,-52.787499999999994
-208.0977500000001,-246.06879999999992,-54.856750000000005
-235.52599999999893,-231.15680000000015,-58.667599999999766
-292.34899999999936,-222.53570000000008,-70.85989999999987
-348.5195000000003,-213.84209999999987,-82.86440000000005
-375.0012499999997,-201.84975000000014,-86.32399999999997
-401.48299999999983,-189.85740000000007,-89.78359999999999
-393.14284999999995,-185.09834999999998,-86.87254999999999
-379.6439000000001,-181.41090000000003,-83.01770000000002
-331.9950499999999,-180.3398,-87.37370000000001
-271.0940000000004,-180.284,-94.91599999999995
-207.3468499999999,-180.35805,-94.8475
-141.45169999999945,-180.5301,-89.03499999999994
-77.32910000000092,-185.09939999999983,-78.58540000000025
-15.660800000000457,-195.75719999999993,-61.715200000000124
39.9712499999994,-206.00499999999988,-45.75125000000021
79.18469999999968,-215.13759999999994,-32.252300000000105
115.2494,-224.367,-19.001950000000008
127.8415999999999,-234.31799999999993,-7.604800000000099
140.4338,-244.26899999999998,3.792349999999986
100.94300000000038,-249.88649999999996,12.69199999999992
59.716100000000075,-255.35955,21.508399999999984
-12.028600000000438,-243.42859999999993,23.769800000000004
-90.59964999999862,-227.6046500000003,24.564949999999985
-149.39580000000024,-203.86329999999987,22.44919999999998
-198.3045000000006,-176.16324999999966,18.877999999999954
-233.98439999999974,-160.22800000000004,18.59719999999997
-257.26229999999987,-155.32225000000003,21.40114999999999
-267.3754000000003,-156.99889999999965,21.67720000000011
-254.64370000000025,-170.09794999999974,17.56660000000008
-237.89999999999944,-179.94699999999995,16.00500000000014
-206.51250000000016,-177.93355000000003,23.747249999999962
-174.93299999999994,-175.9129,32.073000000000036
-140.56950000000072,-173.78785000000005,48.85949999999965
-106.20600000000046,-171.66280000000003,65.64599999999977
-74.53700000000019,-192.23699999999985,75.56024999999994
-43.12159999999996,-214.94760000000002,84.82770000000001
-32.484349999999964,-227.00820000000007,89.70735000000003
-28.28540000000006,-235.76879999999986,93.22739999999995
-41.43154999999982,-237.59820000000002,92.41545000000002
-65.5325,-235.05,88.86749999999999
-86.4492999999996,-230.87425000000013,82.8578000000002
-103.66359999999973,-224.8060000000001,73.98560000000013
-126.5966999999997,-221.62904999999998,62.565750000000136
-162.15059999999997,-224.8329,45.52350000000002
-197.4120000000002,-229.44975000000008,28.783499999999904
-231.1523999999994,-241.4141999999998,13.615200000000257
-264.65529999999984,-253.31279999999995,-1.509799999999892
-276.30819999999994,-259.15319999999997,-12.651199999999974
-287.96110000000004,-264.9936,-23.792600000000057
-277.0539999999998,-253.83399999999983,-22.253999999999955
-262.48090000000013,-239.91190000000014,-18.65490000000004
-242.81590000000008,-225.82810000000006,-13.042800000000023
-221.0678499999999,-211.67814999999996,-6.607199999999976
-204.36120000000022,-197.0706000000003,-2.8808000000000313
-191.62950000000015,-182.1022500000002,-1.2905000000000193
-186.49969999999996,-169.60010000000005,-3.408999999999965
-192.37265,-160.66744999999997,-10.895500000000018
-198.17840000000004,-156.35240000000007,-20.63560000000016
-203.79094999999992,-165.3129499999999,-36.854799999999784
-208.62300000000002,-173.197,-52.905999999999906
-206.9769,-172.14610000000002,-67.56280000000001
-205.33080000000004,-171.09520000000003,-82.21959999999967
-190.7975000000002,-150.48210000000032,-77.26080000000009
-175.68500000000012,-128.98980000000014,-71.42040000000004
-158.63,-94.42125000000001,-56.11500000000001
-141.1087999999999,-56.71439999999973,-38.537999999999876
-136.73614999999995,-24.88185000000046,-36.22624999999991
-139.26109999999997,3.8690999999997544,-41.92249999999996
-144.02089999999976,19.03704999999994,-60.315799999999015
-150.96800000000002,20.911000000000012,-91.13600000000018
-147.18844999999968,21.717399999999984,-116.76530000000022
-123.90590000000022,20.582800000000013,-132.95659999999984
-88.80725000000018,16.18685000000004,-144.87290000000002
-7.688000000002077,-0.9111999999995639,-140.13920000000013
74.48149999999814,-17.58999999999983,-133.83075000000062
175.13539999999887,-26.8899999999999,-99.80670000000038
275.7892999999996,-36.18999999999997,-65.78265000000013
331.8602000000002,-19.496199999999927,-37.7771999999999
383.15435000000053,-0.01734999999978637,-10.416599999999699
384.2515000000002,22.023499999999718,0.3854999999999347
368.8553500000001,44.90614999999988,5.746949999999973
328.9396000000016,59.18159999999976,2.1260000000002695
272.8234000000012,67.77014999999983,-7.429749999999801
216.31239999999903,76.74510000000016,-20.263600000000288
159.32200000000034,86.18924999999994,-37.077999999999896
111.66259999999997,91.082,-51.792400000000015
85.66445000000057,85.40900000000013,-61.63179999999978
61.75300000000018,78.87850000000017,-72.13269999999979
49.61650000000009,67.50925000000008,-86.3663499999999
37.48,56.14,-100.6
75.78670000000028,67.53715000000008,-86.53374999999988
114.09339999999939,78.93429999999982,-72.46750000000021
161.09404999999958,86.09309999999995,-58.816000000000116
209.63539999999995,92.5008,-45.238000000000014
236.69424999999956,82.08650000000044,-44.99474999999986
254.49909999999971,64.42580000000031,-50.4956999999999
250.72330000000022,50.7890000000001,-55.85639999999995
229.17520000000005,40.46600000000002,-61.10159999999999
208.4836499999999,40.53445000000008,-61.57379999999997
189.08850000000035,56.33049999999971,-54.82200000000013
172.7581000000001,70.5820999999999,-47.27210000000011
165.75520000000003,80.13319999999996,-37.29320000000004
158.0224000000004,89.65729999999975,-29.130499999999763
143.47719999999984,98.9294000000001,-37.919000000000096
128.9320000000002,108.2014999999999,-46.70749999999989
116.85520000000007,123.62039999999993,-40.179600000000036
104.91864999999997,139.38855000000004,-32.78144999999998
92.03489999999988,142.721,-30.796399999999995
78.90795000000058,142.8605,-30.201200000000025
73.83,140.45900000000003,-37.27099999999993
73.17899999999999,136.65995,-48.556550000000016
82.38580000000016,145.23030000000017,-54.66480000000001
101.66470000000031,166.43895000000035,-55.48320000000002
122.4267999999991,184.61399999999952,-52.77200000000036
146.01624999999927,197.00624999999962,-43.33250000000029
169.8918999999994,203.86080000000038,-36.71899999999988
194.9600499999996,187.64160000000027,-41.88049999999992
219.83280000000045,171.6943999999998,-47.128400000000156
240.35789999999932,161.79920000000033,-54.29869999999977
260.88299999999947,151.90400000000025,-61.468999999999824
264.20219999999995,145.42425000000011,-52.39620000000019
265.4484,139.35600000000005,-41.36640000000011
249.34110000000004,129.68940000000003,-31.747650000000025
227.1977999999999,118.77119999999995,-22.619699999999956
195.7155000000007,119.07299999999985,-18.9395
157.78080000000043,127.1267999999999,-19.0232
123.3577500000001,138.72914999999995,-20.045799999999993
93.3884999999999,154.83210000000005,-22.259200000000007
68.22524999999986,163.60994999999988,-24.052750000000007
54.810000000000166,154.4820000000001,-24.81999999999999
42.47765000000003,144.34720000000007,-24.215100000000046
36.809299999999986,128.01639999999998,-15.166199999999979
31.140949999999943,111.68559999999985,-6.117299999999911
38.11800000000012,106.32119999999992,-6.162600000000002
45.23249999999974,101.07600000000019,-6.306749999999995
60.10409999999952,106.91069999999976,-6.661499999999989
76.46744999999963,114.87614999999983,-7.056749999999991
101.09959999999958,127.36959999999978,-1.3464000000001235
129.47855000000067,141.91480000000033,7.130550000000198
153.1949999999994,145.59250000000017,17.832499999999616
172.90169999999952,139.9241500000001,30.447949999999707
191.41139999999973,136.6138,42.04459999999984
208.02584999999985,137.03695,52.02814999999991
221.0862,139.7679,57.50280000000001
222.67649999999998,149.94674999999975,48.42600000000022
224.0396,159.63799999999992,38.778800000000274
222.98870000000002,164.14849999999996,23.07110000000015
221.9378,168.659,7.363400000000038
225.0542,171.2033,15.050000000000047
228.45799999999994,173.61199999999994,24.34999999999983
225.76265000000006,168.1002000000001,35.85459999999986
221.39630000000002,160.41840000000005,47.96319999999996
210.73464999999996,157.98760000000001,54.38715000000001
196.44519999999983,158.5828,57.53520000000003
182.63500000000056,161.52249999999975,60.80699999999985
169.33600000000047,166.9629999999998,64.21079999999988
155.06360000000046,172.31049999999985,66.08165000000004
138.84439999999984,177.47200000000004,64.88659999999999
124.05064999999986,179.4094499999998,64.28910000000003
115.6294999999998,166.9334999999997,66.36300000000006
107.72059999999979,154.74750000000012,68.68004999999972
115.17919999999984,151.2600000000001,78.29159999999979
122.63779999999988,147.77250000000006,87.90314999999987
138.41939999999988,157.56079999999992,90.065
155.31750000000002,169.13,91.2275
160.50259999999997,177.5677999999996,85.52540000000045
161.38144999999997,184.85434999999967,77.29955000000038
143.19560000000126,182.34530000000038,68.54990000000035
111.24079999999907,172.76164999999972,59.42194999999973
80.49399999999893,167.64200000000002,58.9160000000004
51.347800000000504,168.43714999999997,69.83419999999981
25.506200000000174,165.68850000000012,79.47449999999994
8.180300000000043,153.80775000000003,85.82174999999998
-9.566200000000102,141.74399999999994,90.91499999999998
-30.151750000000252,128.44499999999985,87.54374999999996
-50.737299999999145,115.14600000000056,84.17250000000013
-64.05194999999955,119.27349999999984,72.5293500000004
-77.20679999999965,123.78399999999988,60.70440000000032
-54.256350000000594,119.86300000000011,60.45254999999996
-23.803500000000373,114.19000000000007,62.60549999999997
0.5005499999998939,94.63180000000013,70.46624999999995
21.876600000000053,68.46159999999993,81.04500000000002
29.422399999999953,40.12559999999971,80.7016499999999
24.549199999999917,9.844799999999484,70.55069999999982
20.036499999999904,0.2000000000005997,62.651999999999894
16.121200000000115,24.751999999999278,58.48560000000012
17.50734999999957,48.51754999999953,56.42444999999989
37.06989999999971,69.5866999999997,61.58129999999992
54.724950000000035,87.87475000000012,65.81450000000005
48.94499999999999,71.995,58.699999999999996
43.165050000000306,56.115250000000856,51.58550000000038
23.117700000000987,23.878300000001556,47.115500000000196
1.9090500000008293,-9.690049999998687,42.860750000000166
5.194799999999669,-16.240400000000044,48.72919999999972
15.624749999999747,-14.910500000000033,57.550249999999785
29.59559999999972,-0.08690000000039788,55.01490000000016
45.70319999999984,22.87944999999977,45.626550000000094
63.50039999999995,36.26919999999999,40.2378
83.1792000000001,38.99410000000002,39.303149999999995
102.39000000000023,36.76899999999985,41.112000000000094
120.61800000000036,24.148899999999756,48.68220000000015
137.54919999999964,10.353600000000664,55.32599999999993
148.23954999999972,-9.097349999999476,57.51149999999994
158.83779999999987,-28.328699999999817,59.518900000000116
165.2454999999999,-37.568249999999885,53.42275000000007
171.65319999999997,-46.80779999999996,47.32660000000003
178.97619999999955,-38.02485000000067,49.747599999999785
186.43480000000008,-26.57189999999989,53.430400000000034
194.27865000000014,-14.566199999999792,55.910550000000036
202.2720000000002,-2.3459999999997017,57.92400000000005
199.71569999999969,7.40175000000025,51.27724999999958
189.19740000000024,15.283499999999826,38.09450000000029
176.78760000000023,19.8249,23.020250000000264
161.75880000000012,19.7412,5.3270000000001305
149.315,20.7625,-9.431249999999999
143.90239999999997,24.78940000000003,-16.20630000000005
140.74974999999935,27.367050000000383,-21.958900000000085
154.44399999999948,19.14120000000032,-20.089600000000072
168.13824999999957,10.915350000000261,-18.22030000000006
188.3889999999995,7.387500000000083,-14.1550000000001
208.85829999999964,4.016250000000058,-10.01650000000007
256.11759999999947,11.417999999999903,1.0987999999998763
309.36939999999987,21.229499999999977,13.774699999999969
361.25720000000024,34.478900000000074,25.164100000000055
412.46300000000065,49.44725000000018,35.91025000000013
436.508,57.91880000000005,37.39239999999986
435.08975000000004,60.29959999999992,30.189550000000246
418.02980000000116,60.14230000000013,18.167200000000555
373.8269000000009,55.58065000000009,-2.2183999999995976
327.7580000000006,52.74299999999996,-16.696000000000083
274.8782000000003,56.197949999999985,-9.609400000000035
222.13729999999987,58.894199999999984,-1.9116999999999535
171.41045000000258,50.58930000000043,14.646949999999151
120.68360000000223,42.28440000000037,31.205599999999272
96.62550000000078,32.78525000000035,30.041750000000103
75.07740000000064,23.17370000000028,27.209900000000083
85.11010000000078,24.709150000000193,23.355649999999837
104.9283999999997,29.698599999999924,19.18460000000006
132.43029999999976,39.34494999999991,20.89024999999996
164.785,51.932500000000005,26.307499999999997
196.2195000000002,60.01150000000002,30.583100000000023
226.58400000000043,62.84800000000004,33.53120000000004
250.83964999999955,65.83384999999987,32.78325000000035
261.61369999999965,69.1492999999999,23.878500000000283
269.8085000000001,72.15424999999998,15.450000000000145
264.5912000000001,73.54459999999997,9.498000000000102
259.71659999999974,74.8041500000001,3.6550999999999583
286.3703999999983,64.03010000000069,7.849399999999734
313.0242000000001,53.256049999999945,12.04370000000002
339.84600000000034,55.458000000000055,30.82600000000026
366.69510000000054,59.76855000000009,51.97885000000041
364.1873999999996,63.716100000000104,59.26840000000004
349.6701000000004,67.51514999999989,60.88659999999996
332.3968000000004,60.86740000000029,54.385000000000254
312.9505000000002,45.98275000000018,41.48125000000016
293.31610000000006,35.17550000000003,30.52500000000004
273.40944999999994,30.269749999999988,22.38749999999998
256.2988000000005,25.349600000000255,17.528399999999767
247.2266500000004,20.38805000000022,22.0946999999998
239.62399999999982,14.499500000000499,27.919999999999405
244.21819999999985,0.9168500000003981,44.194999999999524
248.81239999999988,-12.6657999999997,60.469999999999644
231.58825000000027,-31.64629999999972,69.66504999999987
213.38350000000014,-50.869399999999864,78.54189999999994
188.23000000000002,-58.707499999999996,81.7225
161.40879999999981,-63.81320000000003,83.53600000000002
69.84829999999816,-30.418749999999214,85.07195000000002
-55.67380000000277,23.17250000000118,86.46230000000003
-183.73154999999585,68.29434999999883,67.17500000000126
-314.27099999999683,105.1269999999991,27.650000000000965
-414.8695499999992,126.4942000000001,-4.742049999999665
-461.03009999999955,119.74240000000006,-24.16509999999981
-496.6884,106.0518000000001,-31.967750000000088
-491.4432000000003,65.33640000000229,5.487999999997896
-483.4342500000028,24.532750000002068,42.15249999999889
-426.7833000000023,-17.82409999999824,64.89099999999905
-370.1323500000019,-60.18094999999855,87.62949999999923
-281.64959999999684,-81.18500000000064,98.28040000000033
-189.7563000000018,-99.90124999999964,107.63619999999982
-94.51350000000119,-95.95150000000014,105.21100000000008
1.8298499999995244,-84.55435000000006,98.91490000000003
125.93800000000033,-78.34559999999999,93.35519999999998
268.3907500000014,-75.56489999999998,88.28204999999996
417.80709999999306,-68.9559000000005,77.13780000000082
575.6792499999942,-57.698250000000414,58.62150000000068
707.5141999999979,-53.37339999999965,48.215399999999754
778.9056499999984,-65.14254999999974,56.636549999999815
816.1903000000023,-70.1245000000005,60.02540000000037
