367.658225,-146.57150000000001,73.19085
272.31,-223.61,181.89
164.91092500000002,-110.41895000000007,140.339925
57.51185000000001,2.7720999999999734,98.78985
-1.5666999999999867,70.12224999999998,54.00070000000006
-15.235599999999996,94.39299999999999,6.167600000000014
-29.09512500000001,117.1265,-39.89425
-48.90214999999998,91.89780000000002,-30.69310000000001
-68.70917499999999,66.6691,-21.491950000000003
-74.511,68.91399999999999,-13.322600000000007
-68.694875,93.94950000000003,-6.009174999999992
-61.892499999999984,117.471,1.399000000000008
-40.19774999999999,118.1311,10.237900000000005
-18.503000000000043,118.79119999999999,19.07679999999998
3.391699999999993,124.643025,27.048474999999996
25.432599999999987,134.29094999999998,34.38605
46.053374999999996,143.89499999999998,41.275499999999994
52.85159999999999,153.07199999999997,43.8032
59.64982500000001,162.249,46.3309
57.664799999999985,169.72325,44.15214999999999
50.033399999999986,176.102875,38.94782499999999
39.837499999999956,182.0745,32.661499999999975
11.561874999999965,185.169725,18.74707499999998
-16.71375000000003,188.26495,4.832649999999986
-44.9095499999999,189.0504,-7.843199999999957
-73.06039999999989,188.5352,-19.821599999999954
-99.938125,188.073125,-30.839375
-119.89004999999999,187.90005,-36.63135
-139.841975,187.72697499999998,-42.42332499999999
-149.191,184.0304,-46.355
-153.33675,178.6047,-49.373749999999994
-155.63075,174.547,-53.31124999999999
-149.83877500000003,176.4629,-61.26062499999998
-144.04680000000002,178.37879999999998,-69.20999999999998
-145.526375,182.18745,-79.48717500000001
-150.09475,186.8001,-90.75315
-156.715875,189.103625,-100.45025
-170.7269,183.09429999999998,-104.4994
-184.737925,177.084975,-108.54854999999999
-205.92925000000008,167.45599999999996,-107.92194999999998
-229.73712499999988,156.50800000000004,-105.59147500000002
-250.84300000000005,143.38999999999993,-103.627
-263.775325,123.70774999999993,-102.76967499999999
-276.70765,104.02549999999994,-101.91234999999999
-270.32897499999996,96.02209999999998,-99.68357499999999
-257.98429999999996,91.62679999999999,-97.0311
-240.43312499999996,86.57337499999998,-91.82712499999998
-209.46075000000022,79.82345000000005,-80.04595000000009
-178.48837500000022,73.07352500000005,-68.26477500000009
-154.22960000000018,54.89000000000017,-63.13960000000002
-131.7016750000002,33.75875000000018,-59.73042500000003
-115.69625,12.269999999999996,-55.72625
-114.17077499999999,-10.012399999999992,-50.401175
-112.64529999999999,-32.29479999999999,-45.076100000000004
-115.23949999999999,-57.356899999999975,-40.11345
-118.701,-83.00419999999997,-35.22710000000001
-119.27775000000001,-106.97537499999996,-34.802624999999985
-114.29480000000001,-127.71619999999996,-42.97739999999998
-109.31185,-148.45702499999993,-51.15217499999998
-106.56105000000001,-165.55464999999995,-58.29194999999998
-104.182275,-182.04507499999994,-65.25922499999997
-112.7594999999999,-194.85899999999995,-72.20999999999997
-139.7793249999999,-201.48414999999997,-79.13299999999997
-166.79914999999988,-208.10929999999996,-86.05599999999997
-233.95192499999968,-221.19089999999994,-87.44132499999999
-306.1563999999996,-235.08519999999993,-88.1296
-369.9596250000002,-253.4563750000001,-90.89787500000003
-421.35485000000017,-278.43955000000005,-96.73815000000002
-472.7500750000001,-303.42272500000007,-102.57842500000001
-513.7631000000001,-316.3809,-109.99860000000001
-553.864175,-328.282825,-117.55755000000002
-595.8342500000001,-332.81199999999995,-125.65025000000001
-640.2340250000001,-327.7566,-134.436825
-684.6338000000001,-322.7012,-143.2234
-708.9944,-318.99985,-149.81825
-732.3072,-315.3693,-156.2985
-757.65625,-308.59250000000003,-156.454375
-785.3402,-298.208,-149.35829999999999
-813.02415,-287.8235,-142.262225
-873.4891499999993,-278.1658000000001,-137.50850000000005
-934.5765749999998,-268.5219,-132.79925
-988.1400000000003,-253.52399999999986,-130.076
-1034.0853749999999,-233.10517500000006,-129.363575
-1079.0032999999999,-212.96925000000002,-128.67035
-1042.2389500000002,-215.323875,-129.503525
-1005.4745999999998,-217.6785,-130.3367
-939.0877500000004,-227.22624999999994,-133.69649999999996
-846.2148999999995,-243.2055000000001,-139.3154
-752.4245250000005,-258.10902500000003,-144.6592
-638.4485999999995,-249.34659999999997,-143.9508
-524.4726749999985,-240.5841749999999,-143.2424
-399.8519999999995,-233.09749999999997,-132.09174999999993
-266.8337999999984,-226.61724999999993,-112.70332499999978
-133.570200000002,-220.50300000000001,-93.05330000000035
2.740449999999157,-218.93325000000002,-70.15507500000015
139.0510999999979,-217.36350000000002,-47.256850000000355
254.94387499999928,-219.79087499999997,-23.907375000000165
356.6515999999983,-224.99519999999993,-0.24440000000038253
452.8776749999996,-232.4617999999998,22.599174999999875
502.67094999999915,-259.09119999999956,38.50194999999973
552.4642249999996,-285.72059999999976,54.404724999999864
577.75,-295.9625,78.4175
588.0862,-296.208025,107.37737499999973
590.86265,-293.35100000000006,137.16224999999997
545.8752250000005,-270.89150000000024,172.15962499999966
500.8878000000001,-248.43200000000004,207.15699999999995
414.2206250000012,-227.52650000000023,229.57274999999984
305.32425000000023,-207.44980000000004,245.27829999999997
195.97090000000128,-191.0451,253.50620000000035
84.34960000000032,-192.8644,224.6228000000001
-27.271699999998667,-194.68369999999996,195.73940000000036
-129.51824999999965,-191.8555,170.47500000000008
-227.41832499999876,-186.87255000000005,146.8885000000003
-319.2407999999997,-181.40640000000002,126.19960000000003
-386.5629499999991,-173.9923500000001,117.19165000000012
-453.8850999999997,-166.57830000000004,108.18370000000004
-474.502875,-163.830375,108.87025000000001
-476.4389,-162.9489,113.43459999999997
-467.17409999999984,-160.396875,118.59187500000002
-420.3714000000003,-152.24625000000006,125.73624999999996
-373.56869999999986,-144.09562499999998,132.880625
-299.0160000000006,-134.3400000000001,144.4859999999999
-214.98204999999987,-124.03599999999999,157.61555
-127.04315000000076,-115.00460000000004,173.17164999999983
-28.040224999999936,-109.57889999999999,195.60297500000001
70.96269999999916,-104.15320000000004,218.03429999999983
148.64687499999874,-107.93374999999989,229.81562499999984
220.19124999999934,-114.36569999999995,238.52974999999992
276.86129999999963,-116.07532500000018,243.40280000000007
297.4531999999998,-106.3308000000001,238.95920000000004
318.0450999999996,-96.58627500000019,234.5156000000001
292.3634999999997,-81.60924999999989,221.41399999999987
255.64745000000073,-65.38447500000032,206.2478000000003
210.6789999999996,-56.168000000000035,193.34749999999994
148.41225000000128,-61.64199999999989,185.19687500000015
86.14549999999966,-67.11600000000003,177.04624999999993
20.875000000001407,-79.19487499999971,169.33100000000016
-44.97400000000032,-92.54580000000007,161.69959999999998
-95.10382499999955,-101.06597500000001,154.78925000000012
-116.5530500000001,-100.77215,149.19449999999998
-138.0022749999995,-100.478325,143.59975000000014
-132.30549999999997,-101.1645,151.34000000000003
-122.53682500000006,-101.997675,161.08049999999994
-111.19954999999996,-107.96445000000004,171.12480000000002
-97.35757500000008,-122.12842499999991,181.65419999999992
-83.51559999999998,-136.29240000000001,192.1836
-87.09174999999996,-140.197625,192.23675
-92.5899,-142.97085,191.1339
-100.29402499999992,-139.3606500000001,191.275575
-111.0931,-126.7946,193.16330000000002
-121.89217499999991,-114.22855000000011,195.05102499999998
-141.4475,-104.5425,194.0625
-161.64494999999982,-95.06765000000009,192.86305000000002
-185.01579999999998,-90.65259999999999,185.3402
-212.30932499999975,-92.49202499999998,170.00092500000014
-239.60284999999996,-94.33145,154.66165000000004
-249.52474999999993,-108.36549999999986,136.6021250000002
-258.7742,-122.87159999999997,118.43730000000004
-251.05285000000032,-131.10989999999998,105.16967500000008
-224.81790000000007,-132.51059999999998,97.24445000000001
-198.58294999999984,-133.91129999999998,89.31922499999995
-134.83599999999907,-147.9200000000002,93.09800000000006
-70.85460000000081,-162.00749999999982,96.94992499999995
-9.759600000000248,-167.1324,101.20364999999998
48.55460000000025,-163.62259999999998,105.84447500000002
105.62490000000011,-160.14319999999995,110.01389999999982
113.87212499999988,-157.85700000000003,95.68087500000021
122.11934999999995,-155.57080000000002,81.34785000000008
122.76712499999998,-152.0405,69.38774999999998
116.95099999999994,-147.45199999999994,59.44599999999989
110.19370000000035,-142.7111750000001,50.145049999999976
87.54100000000015,-135.39775000000006,51.66649999999999
64.88829999999997,-128.08432499999998,53.18795000000001
32.44449999999961,-122.44069999999996,50.461299999999945
-7.34262499999933,-118.04942500000008,44.5485750000001
-44.6856999999999,-112.54830000000015,38.79125000000003
-56.36625,-95.39375000000001,34.665625
-68.0468000000001,-78.23919999999985,30.539999999999964
-76.44632499999989,-62.63665000000027,25.21885000000011
-82.68105000000017,-48.058099999999634,19.108899999999846
-89.32379999999999,-33.45912500000002,12.590450000000013
-99.01600000000008,-18.7074999999999,3.0189999999999326
-108.70819999999982,-3.955875000000292,-6.552449999999811
-116.58225000000017,6.659650000000196,-15.687850000000214
-123.40462499999998,14.882724999999976,-24.571024999999977
-127.35540000000037,23.120199999999752,-31.99140000000003
-114.91412500000027,31.439874999999823,-31.06162500000002
-102.47285000000015,39.75954999999989,-30.13185000000001
-89.59020000000005,48.58479999999996,-28.645675000000008
-76.4848000000004,57.665199999999714,-26.878700000000055
-64.4581999999999,63.25327499999987,-25.628650000000015
-57.3420000000001,52.945250000000144,-26.731499999999986
-50.22580000000004,42.63722500000006,-27.834349999999993
-32.506000000000725,35.232800000000196,-27.09480000000005
-10.147124999999749,29.09869999999993,-25.54919999999998
11.83859999999968,25.49844999999991,-24.557799999999983
32.43049999999985,31.36287499999996,-25.63649999999999
53.0223999999993,37.2272999999998,-26.715199999999964
69.70942500000015,42.53890000000005,-27.331750000000007
84.92794999999974,47.64259999999991,-27.774499999999993
97.26242499999996,50.565225000000034,-29.138624999999962
100.57499999999999,46.665,-33.385
103.88757500000003,42.764774999999965,-37.631375000000034
100.02045000000011,43.92144999999995,-48.06924999999977
93.85817500000006,46.694674999999975,-60.48637499999988
87.697,50.18509999999999,-73.70209999999997
81.53874999999995,55.582625000000036,-89.04137500000012
75.38050000000013,60.98014999999989,-104.3806499999997
78.74407499999992,60.30072500000002,-116.29409999999987
84.65679999999998,57.994400000000006,-127.29039999999996
94.87295000000012,56.02372499999999,-136.01555000000002
114.92549999999957,54.82025000000002,-139.5494999999999
134.97804999999974,53.61677500000001,-143.08344999999994
154.1230999999999,54.587999999999994,-146.558
173.06877500000007,56.037000000000006,-150.01950000000002
191.01139999999964,56.71245000000002,-153.48909999999992
206.96649999999977,55.85512500000001,-156.97474999999994
222.92159999999993,54.997800000000005,-160.46039999999996
231.77325000000002,58.20937500000001,-160.32925
239.3804999999998,62.13374999999991,-159.56450000000004
241.92407499999987,67.34580000000015,-154.8895249999998
235.71350000000004,74.78399999999995,-143.45450000000008
229.502925,82.2222,-132.01947499999997
218.9223000000003,83.57569999999998,-116.18955000000041
207.7569499999998,84.11505000000001,-99.77157499999969
191.5660000000002,83.23040000000002,-87.49920000000004
167.758125,80.1875,-81.50999999999999
143.95025000000064,77.14460000000008,-75.52080000000016
114.27339999999948,77.46065,-79.81792500000009
84.03760000000031,78.09659999999998,-85.09469999999995
59.923825000000036,82.09974999999999,-89.067375
43.97274999999989,90.59250000000006,-91.30125000000001
28.021674999999753,99.08525000000013,-93.53512500000004
32.38919999999994,102.31879999999997,-91.29640000000002
37.95979999999998,105.24094999999998,-88.79285
48.662300000000094,105.77104999999999,-86.13204999999998
65.39825000000023,103.48887499999996,-83.28637499999996
82.13419999999978,101.20670000000004,-80.44070000000004
96.28749999999994,102.70429999999999,-77.15935000000002
110.37500000000006,104.29820000000001,-73.86689999999999
122.16360000000012,104.09879999999997,-73.67125000000004
131.56599999999986,102.03800000000003,-76.68999999999996
140.904975,100.01924999999997,-79.70554999999999
140.09595,104.72850000000001,-82.2091
139.286925,109.43775000000005,-84.71265000000002
133.50930000000017,110.87100000000002,-87.22879999999996
123.17712500000007,109.30125000000001,-89.75649999999997
113.06439999999999,107.8623,-92.32365
108.62080000000012,109.80234999999995,-95.9099249999999
104.17720000000007,111.74239999999996,-99.49619999999993
102.84192499999999,106.77605000000008,-104.30177499999995
104.02124999999997,96.22250000000037,-110.09374999999979
105.26905000000002,87.2551500000001,-115.70780000000002
107.45059999999997,99.91779999999977,-118.89559999999993
109.63214999999998,112.58044999999987,-122.08339999999997
112.43174999999988,141.07739999999853,-124.8434999999999
115.67187500000003,180.8605000000003,-127.29875000000001
118.77799999999996,219.2095999999995,-130.5295999999998
120.66974999999998,244.5630749999997,-140.78932499999988
122.56149999999994,269.91654999999906,-151.0490499999996
116.13477499999993,264.1666999999999,-168.08532500000013
104.49849999999984,238.93799999999965,-189.3655000000003
94.23930000000001,213.13600000000037,-209.10217499999987
93.16060000000004,183.51200000000117,-218.54884999999962
92.08189999999999,153.8879999999999,-227.99552500000004
100.07200000000017,148.6806000000001,-219.56199999999978
113.03249999999983,156.8553749999999,-201.32875000000024
126.46424999999935,167.756249999999,-180.94270000000128
142.34287500000005,192.81187500000007,-149.3786499999999
158.22150000000016,217.8675000000003,-117.81459999999964
163.232825,222.2567250000001,-100.39330000000017
163.05975,216.78675000000024,-89.71900000000045
159.42784999999998,210.09227499999997,-83.72260000000001
141.2911999999998,198.26279999999988,-97.34320000000014
123.1545500000003,186.4333250000002,-110.96379999999976
105.08630000000079,185.8641999999998,-123.74934999999945
87.04625,189.9375,-136.19062499999998
72.9302,196.79270000000014,-147.12350000000004
72.43915000000001,213.3072749999997,-152.8188749999999
71.94810000000001,229.82184999999924,-158.51424999999975
79.33187499999998,244.61687499999996,-156.20985000000002
89.49500000000006,258.8050000000001,-151.08199999999997
102.18167499999959,270.3486249999999,-143.0277750000003
122.25434999999976,274.1522499999999,-126.40855000000019
142.32702499999994,277.955875,-109.78932500000005
163.06620000000012,261.95049999999986,-90.03599999999989
184.00424999999956,240.03437500000047,-69.34750000000044
202.42379999999986,222.1777500000001,-51.099300000000156
214.5471000000004,214.46987499999975,-38.951849999999624
226.67040000000006,206.76199999999994,-26.804399999999948
224.99070000000012,221.25824999999955,-22.61947500000005
219.88700000000009,241.26249999999973,-20.40975000000003
215.2639749999999,259.7189000000005,-18.216599999999936
211.6777,274.83680000000004,-16.059199999999993
208.0914250000001,289.95469999999966,-13.901800000000051
204.58890000000005,291.42805000000004,-6.635650000000128
201.10324999999992,290.15212499999996,1.659875000000235
189.40659999999997,279.6824,9.60540000000001
162.3143250000007,251.9743000000007,16.894674999999815
135.22205000000048,224.26620000000045,24.183949999999875
115.94504999999953,229.20920000000027,21.833574999999897
97.905,239.32,17.9575
88.11367500000003,253.81975000000017,3.815124999999746
91.84484999999994,275.5144999999996,-27.15724999999943
95.5760250000001,297.20925000000057,-58.129625000000786
101.85239999999999,288.5452,-72.19999999999999
108.42925000000005,276.2971249999999,-84.27500000000009
105.71990000000032,250.3062000000009,-79.49855000000058
89.64405000000076,204.53390000000212,-50.46622500000136
73.56820000000005,158.76160000000013,-21.433900000000083
41.05019999999982,122.7785999999998,0.9679250000001289
7.20800000000072,87.58400000000074,22.83574999999954
-4.047325000000832,72.4664249999995,38.34019999999964
13.328599999999927,82.79859999999995,45.77839999999997
30.704525000000075,93.13077500000004,53.21660000000003
101.01794999999836,114.73189999999951,70.8649999999996
173.7376249999964,136.8452499999989,88.97749999999911
238.64829999999967,140.8972000000001,110.35609999999986
294.82522500000016,124.74889999999996,135.38757500000006
351.0021500000006,108.60059999999983,160.41905000000028
346.63585000000023,74.00830000000178,151.30130000000048
341.5079999999998,39.18399999999902,141.75399999999973
322.4623250000011,4.185550000001186,125.18197500000079
289.6706500000008,-30.984899999999108,101.67195000000059
258.1581749999994,-64.79252500000064,78.22087500000035
294.0168999999997,-26.82470000000032,57.87450000000017
329.875625,11.143124999999998,37.528125
379.95660000000055,52.45420000000037,30.724600000000045
442.44069999999664,96.68089999999762,35.731699999999734
503.4420000000008,139.87820000000062,40.21559999999986
536.0847499999987,163.38822499999915,34.69330000000021
568.727499999999,186.89824999999934,29.171000000000156
574.0429500000002,186.71642500000036,24.911325000000065
558.3374000000001,168.3101000000002,21.622900000000037
541.3988,149.84820000000005,18.27110000000001
510.4223999999998,130.7535999999999,14.197799999999978
479.44600000000173,111.65900000000107,10.12450000000023
460.0495999999997,94.29239999999963,11.727200000000124
448.4938249999997,78.0957999999995,17.17302500000017
440.6140999999993,62.488700000000335,22.95949999999974
461.9385499999995,51.56485000000025,31.452249999999808
483.2629999999997,40.641000000000155,39.94499999999988
487.207875,22.404750000000128,63.37059999999982
480.82824999999997,-0.1755000000000635,95.6672000000001
472.65347500000115,-25.357049999997585,129.3351749999975
453.7077999999996,-66.14640000000081,171.23140000000083
434.76212499999946,-106.93575000000115,213.1276250000012
317.1516500000057,-122.29039999999993,224.95165000000014
148.3471750000043,-124.44779999999994,221.1721750000001
-14.473699999997734,-120.66430000000055,211.36990000000065
-148.87247499999887,-88.66152500000027,172.95932500000032
-283.27125,-56.65875,134.54875
-359.1202999999969,-49.05377499999979,97.39247500000226
-408.59560000000084,-52.43880000000006,60.80119999999938
-440.6914499999991,-65.78487500000132,26.52322499999936
-405.3761000000013,-117.76774999999809,1.2180500000009324
-370.060750000001,-169.75062499999854,-24.087124999999283
-315.0978999999968,-175.9163999999994,-36.35680000000036
-252.5131750000007,-164.30830000000014,-43.569599999999916
-184.07835000000023,-147.2719000000001,-49.69464999999999
-96.7076749999995,-112.6649499999998,-52.298825000000015
-9.336999999998765,-78.05799999999951,-54.903000000000034
57.26705000000135,-54.815974999999554,-49.16724999999981
117.00609999999763,-35.33095000000077,-40.674500000000336
168.77294999999907,-22.400199999999842,-33.165375000000154
198.66260000000145,-27.455600000000242,-28.355499999999772
228.5522499999996,-32.510999999999925,-23.54562500000007
234.30345000000003,-29.940250000000027,-25.05464999999998
233.349525,-25.251124999999988,-28.318925000000007
223.76760000000178,-23.936399999999608,-29.622400000000198
193.87392499999942,-30.56557500000013,-26.309824999999933
163.98025000000126,-37.19474999999972,-22.99725000000014
111.10262500000195,-43.2409749999998,-13.871550000000356
52.96150000000148,-49.153699999999844,-3.414600000000266
-5.285624999999001,-40.50865000000066,3.98689999999998
-63.74874999999949,-2.198700000000322,5.16219999999999
-122.21187499999999,36.11125,6.3374999999999995
-170.05679999999714,45.708199999999735,13.86059999999946
-215.94985000000077,50.02702500000007,22.550575000000148
-244.9475,35.885899999998806,35.36870000000051
-243.94125000000003,-11.037549999998276,55.51784999999926
-242.93500000000003,-57.96099999999868,75.66699999999943
-289.343524999999,-57.47320000000014,66.90762500000025
-342.4775499999994,-50.26040000000008,54.04775000000014
-374.16795,-48.712874999999976,37.33700000000006
-372.5016000000001,-55.977999999999525,14.636000000001474
-370.83525,-63.243125000000106,-8.065000000000321
-292.248799999998,-71.50835000000019,-6.1759499999999
-205.75960000000345,-79.87632499999967,-1.7605250000001744
-105.3899000000037,-67.58590000000126,5.942699999999622
13.9634249999973,-27.04207500000091,18.142474999999724
133.3167499999983,13.501749999999427,30.34224999999983
233.58367499999943,35.955774999999875,49.790024999999886
332.58659999999327,57.211799999998554,69.71779999999865
408.7679000000005,69.64212500000002,87.99942500000017
457.43820000000096,71.43325000000003,104.29665000000031
506.10849999999795,73.22437499999992,120.5938749999993
531.1369999999991,52.68410000000072,99.81770000000074
555.4077500000011,31.42807499999904,77.853274999999
556.4696000000004,10.197400000000357,36.36350000000104
