0.3678,0.14924999999999994,-0.39195
0.48,0.06,-0.42
0.3219000000000001,0.11609999999999998,-0.33075000000000004
0.1638000000000001,0.17219999999999996,-0.24150000000000008
0.0056999999999999,0.22830000000000006,-0.15224999999999994
-0.13860000000000006,0.2814,-0.06940000000000002
-0.12075000000000002,0.29925,-0.061750000000000006
-0.10289999999999999,0.31710000000000005,-0.054099999999999995
-0.08505000000000003,0.33494999999999997,-0.04645000000000001
-0.06600000000000004,0.34320000000000006,-0.0404
-0.04050000000000001,0.29985,-0.04295
-0.01500000000000002,0.2565,-0.0455
0.010499999999999968,0.21315000000000003,-0.04805
0.028799999999999985,0.16619999999999985,-0.04819999999999999
0.023700000000000006,0.1075500000000001,-0.04055000000000002
0.018600000000000012,0.048900000000000124,-0.03290000000000002
0.013500000000000014,-0.009749999999999842,-0.025250000000000022
0.01799999999999992,-0.06199999999999986,-0.02319999999999997
0.0435,-0.10024999999999999,-0.0334
0.06899999999999998,-0.13849999999999998,-0.04359999999999999
0.09449999999999997,-0.17674999999999996,-0.05379999999999999
0.11299999999999999,-0.21699999999999994,-0.06899999999999996
0.12065,-0.2603499999999999,-0.09194999999999995
0.1283,-0.3036999999999999,-0.11489999999999995
0.13595,-0.34704999999999986,-0.13784999999999994
0.12439999999999998,-0.39280000000000004,-0.1608
0.09125,-0.44125000000000003,-0.18375
0.05810000000000002,-0.4897,-0.2067
0.024950000000000028,-0.53815,-0.22964999999999997
-0.013799999999999785,-0.5963999999999997,-0.26519999999999977
-0.05714999999999992,-0.6626999999999998,-0.31109999999999993
-0.10049999999999976,-0.7289999999999996,-0.35699999999999976
-0.1438499999999999,-0.7952999999999998,-0.40289999999999987
-0.13760000000000025,-0.8215999999999999,-0.4455999999999997
-0.10190000000000013,-0.8241499999999999,-0.48639999999999983
-0.06620000000000001,-0.8267,-0.5272
-0.030500000000000152,-0.8292499999999999,-0.5679999999999998
-0.009200000000000014,-0.7220000000000002,-0.5332
0.006099999999999925,-0.5690000000000007,-0.4669000000000003
0.02139999999999997,-0.4160000000000003,-0.4006000000000001
0.03670000000000002,-0.26299999999999985,-0.33429999999999993
-0.043999999999999706,-0.12200000000000044,-0.24200000000000027
-0.1510999999999993,0.015699999999999048,-0.14255000000000068
-0.25819999999999965,0.15339999999999948,-0.04310000000000036
-0.36529999999999996,0.2910999999999999,0.05634999999999995
-0.44159999999999966,0.31439999999999996,0.05680000000000007
-0.5129999999999999,0.3195,0.04150000000000002
-0.5843999999999996,0.3246,0.026200000000000084
-0.6557999999999998,0.3297,0.010900000000000035
-0.6984,0.24839999999999995,0.06280000000000005
-0.7391999999999999,0.16170000000000026,0.11889999999999984
-0.78,0.07500000000000001,0.17500000000000002
-0.8190000000000002,-0.012499999999999512,0.2320499999999996
-0.768,-0.1399999999999999,0.3365999999999999
-0.7170000000000002,-0.2674999999999994,0.4411499999999995
-0.666,-0.3949999999999998,0.5456999999999999
-0.6125000000000005,-0.5309999999999988,0.6514999999999993
-0.5360000000000007,-0.745199999999998,0.7687999999999989
-0.45950000000000046,-0.9593999999999987,0.8860999999999993
-0.3830000000000008,-1.1735999999999978,1.003399999999999
-0.28444999999999876,-1.3914000000000017,1.1018000000000001
-0.0830000000000023,-1.6259999999999974,1.1119999999999999
0.11844999999999972,-1.8605999999999998,1.1221999999999999
0.31989999999999896,-2.095199999999999,1.1323999999999999
0.5414999999999974,-2.327849999999998,1.1529999999999996
0.8219999999999964,-2.554799999999997,1.2039999999999993
1.1024999999999991,-2.7817499999999993,1.255
1.3829999999999982,-3.0086999999999984,1.3059999999999996
1.602299999999999,-3.1778499999999994,1.34595
1.6992,-3.2314000000000003,1.3638
1.7960999999999996,-3.28495,1.3816499999999998
1.8929999999999991,-3.3385,1.3994999999999997
1.95,-3.2597499999999995,1.4194499999999999
1.95,-2.992000000000001,1.4424
1.95,-2.7242500000000014,1.46535
1.95,-2.456500000000003,1.4882999999999997
1.95,-2.086250000000007,1.5587499999999983
1.95,-1.6094000000000017,1.6785999999999994
1.95,-1.1325500000000037,1.798449999999999
1.95,-0.655699999999999,1.9183000000000003
1.95,-0.24990000000000057,2.1077499999999993
1.95,0.10199999999999798,2.3499999999999988
1.95,0.4538999999999967,2.5922499999999977
1.95,0.8057999999999953,2.8344999999999967
1.95,0.9580499999999998,3.0090999999999997
1.95,1.0013999999999998,3.146799999999999
1.95,1.0447500000000003,3.2845000000000004
1.95,1.0881,3.4221999999999997
1.95,0.9261000000000013,3.4045000000000005
1.95,0.6864000000000022,3.3280000000000007
1.95,0.44669999999999976,3.2515
1.95,0.20700000000000068,3.1750000000000003
1.7757500000000013,-0.03474999999999839,2.9509000000000016
1.5590000000000024,-0.27699999999999747,2.690800000000003
1.3422500000000033,-0.5192499999999964,2.430700000000004
1.125500000000001,-0.761499999999999,2.170600000000001
0.8300000000000027,-0.8754999999999993,1.8700000000000028
0.5239999999999996,-0.9724000000000002,1.5639999999999996
0.21800000000000072,-1.0692999999999997,1.2580000000000007
-0.08799999999999814,-1.1661999999999992,0.9520000000000018
-0.3033500000000008,-1.1307999999999998,0.7537999999999991
-0.515,-1.0899999999999999,0.56
-0.7266499999999992,-1.0492000000000001,0.36620000000000075
-0.9325999999999995,-1.005300000000001,0.17530000000000096
-0.9989000000000001,-0.8854499999999997,0.05544999999999972
-1.0652,-0.7656000000000003,-0.06439999999999979
-1.1314999999999995,-0.6457500000000007,-0.1842499999999993
-1.1926999999999996,-0.5238000000000014,-0.2983999999999993
-1.2156499999999997,-0.3861000000000019,-0.369799999999999
-1.2386,-0.24840000000000048,-0.4411999999999997
-1.26155,-0.110700000000001,-0.5125999999999994
-1.2795,0.03399999999999803,-0.5570000000000007
-1.27695,0.20739999999999742,-0.49070000000000097
-1.2744,0.38079999999999675,-0.4244000000000012
-1.2718500000000001,0.5541999999999985,-0.3581000000000006
-1.2637000000000003,0.6974999999999992,-0.331699999999999
-1.2407500000000005,0.761249999999999,-0.41074999999999867
-1.2178000000000004,0.8249999999999987,-0.48979999999999835
-1.19485,0.8887500000000003,-0.5688500000000003
-1.1233,0.9075000000000001,-0.6496999999999999
-0.9626500000000007,0.8437500000000003,-0.7338499999999997
-0.8020000000000014,0.7800000000000006,-0.8179999999999993
-0.6413499999999998,0.7162499999999999,-0.9021500000000001
-0.5862999999999998,0.6107000000000004,-0.9247000000000001
-0.6704499999999983,0.4500500000000032,-0.8660500000000011
-0.7545999999999992,0.2894000000000016,-0.8074000000000006
-0.83875,0.12875,-0.74875
-0.9410999999999978,0.007100000000001494,-0.6862000000000011
-1.0609499999999992,-0.07704999999999937,-0.6199000000000006
-1.180799999999997,-0.16119999999999785,-0.5536000000000016
-1.3006499999999983,-0.2453499999999987,-0.48730000000000107
-1.353,-0.32649999999999957,-0.4615
-1.3581,-0.4055499999999982,-0.46404999999999996
-1.3632,-0.4845999999999989,-0.46659999999999996
-1.3682999999999998,-0.5636499999999975,-0.4691499999999999
-1.3530000000000006,-0.6052999999999995,-0.49039999999999934
-1.3275000000000003,-0.6282499999999998,-0.5209999999999997
-1.302,-0.6512,-0.5516
-1.2764999999999997,-0.6741500000000002,-0.5822000000000003
-1.2757,-0.6325000000000006,-0.5956999999999999
-1.28335,-0.56875,-0.6033499999999999
-1.291,-0.5050000000000011,-0.6109999999999999
-1.29865,-0.4412500000000004,-0.6186499999999999
-1.3021,-0.3501999999999997,-0.6073999999999999
-1.30465,-0.2533000000000014,-0.5921000000000003
-1.3072000000000001,-0.15640000000000043,-0.5768000000000001
-1.30975,-0.05950000000000216,-0.5615000000000004
-1.3306999999999998,0.016699999999999104,-0.5554000000000001
-1.35365,0.09064999999999984,-0.5503
-1.3765999999999994,0.16459999999999853,-0.5452000000000001
-1.3995499999999996,0.23854999999999926,-0.5401000000000001
-1.4774999999999978,0.24999999999999972,-0.5574999999999996
-1.5565499999999985,0.2601999999999998,-0.5753499999999997
-1.6355999999999993,0.2703999999999999,-0.5931999999999998
-1.71255,0.27925,-0.6128500000000001
-1.7558999999999994,0.26650000000000024,-0.6612999999999992
-1.7992499999999998,0.2537500000000001,-0.7097499999999998
-1.8426,0.24099999999999996,-0.7582000000000002
-1.8817499999999998,0.23069999999999993,-0.8013999999999999
-1.8944999999999999,0.23579999999999998,-0.8116
-1.9072499999999997,0.2408999999999999,-0.8217999999999998
-1.9199999999999997,0.24599999999999994,-0.8319999999999999
-1.9695999999999998,0.2829999999999998,-0.7960000000000002
-2.1531999999999965,0.4359999999999971,-0.5920000000000039
-2.3367999999999984,0.5889999999999986,-0.3880000000000018
-2.520399999999995,0.7419999999999959,-0.18400000000000546
-2.7429999999999946,0.8072500000000025,-0.09774999999999678
-3.059199999999998,0.661900000000001,-0.2940999999999987
-3.3753999999999924,0.5165500000000036,-0.4904499999999952
-3.6915999999999953,0.37120000000000214,-0.6867999999999972
-4.081899999999983,0.12135000000001384,-0.7739000000000031
-4.597000000000003,-0.3045000000000022,-0.6769999999999995
-5.112099999999994,-0.7303499999999947,-0.5801000000000012
-5.627199999999999,-1.156199999999999,-0.48320000000000024
-5.926100000000001,-1.621150000000004,-0.49670000000000114
-5.961799999999999,-2.133699999999995,-0.6445999999999985
-5.9975,-2.64625,-0.7925
-6.033199999999999,-3.158799999999991,-0.9403999999999973
-6.05,-3.4134999999999995,-0.9479000000000009
-6.05,-3.439,-0.8305999999999998
-6.05,-3.4644999999999997,-0.7133000000000018
-6.05,-3.4899999999999998,-0.5960000000000008
-6.05,-3.4054500000000036,-0.30820000000000936
-6.05,-3.249900000000002,0.08959999999999468
-6.05,-3.094350000000005,0.4873999999999876
-6.05,-2.938800000000003,0.8851999999999915
-6.05,-2.5557500000000055,1.0414999999999994
-6.05,-2.068700000000014,1.0873999999999986
-6.05,-1.581650000000009,1.133299999999999
-6.05,-1.0946000000000042,1.1791999999999996
-6.05,-0.9078499999999998,1.1119999999999999
-6.05,-0.8135000000000016,1.0100000000000018
-6.05,-0.7191500000000006,0.9080000000000007
-6.05,-0.6247999999999997,0.8059999999999997
-5.897350000000002,-0.5691500000000007,0.8308499999999993
-5.7163,-0.5207000000000002,0.8792999999999997
-5.535250000000004,-0.47225000000000106,0.927749999999999
-5.354200000000002,-0.42380000000000057,0.9761999999999994
-4.968700000000001,-0.3330500000000002,0.96825
-4.565799999999997,-0.23869999999999925,0.9554999999999999
-4.162900000000004,-0.14435000000000095,0.9427500000000002
-3.76,-0.05,0.93
-3.3443500000000075,-0.06784999999999969,0.8331000000000017
-2.928700000000003,-0.08569999999999986,0.7362000000000009
-2.5130500000000104,-0.10354999999999953,0.6393000000000025
-2.1024000000000056,-0.12219999999999956,0.5428000000000015
-1.7505000000000117,-0.15024999999999905,0.4510000000000031
-1.3985999999999983,-0.17830000000000013,0.35919999999999963
-1.0467000000000046,-0.20634999999999964,0.26740000000000125
-0.7320000000000004,-0.2260000000000001,0.1856000000000001
-0.6172500000000024,-0.20050000000000057,0.15755000000000058
-0.5025000000000013,-0.1750000000000003,0.1295000000000003
-0.3877500000000033,-0.14950000000000074,0.10145000000000082
-0.31559999999999877,-0.11560000000000116,0.06740000000000104
-0.3818999999999976,-0.05440000000000224,0.013850000000001972
-0.44819999999999827,0.006799999999998363,-0.03969999999999857
-0.5145000000000007,0.06800000000000068,-0.0932500000000006
-0.5488000000000003,0.13719999999999943,-0.16519999999999924
-0.5130999999999999,0.2239000000000003,-0.27740000000000037
-0.47740000000000055,0.31059999999999877,-0.38959999999999834
-0.44170000000000015,0.3972999999999996,-0.5017999999999995
-0.4459999999999985,0.48899999999999777,-0.5939999999999985
-0.5122999999999992,0.5884499999999988,-0.6551999999999992
-0.578599999999998,0.687899999999997,-0.7163999999999981
-0.6449000000000006,0.7873500000000008,-0.7776000000000005
-0.7207999999999968,0.8555999999999987,-0.8076000000000002
-0.8075000000000001,0.8887499999999999,-0.8025
-0.8941999999999986,0.9218999999999994,-0.7974000000000001
-0.9808999999999993,0.9550499999999997,-0.7923000000000001
-1.0339999999999994,0.9504000000000009,-0.7844000000000003
-1.0594999999999997,0.9147000000000005,-0.7742000000000002
-1.0849999999999993,0.8790000000000011,-0.7640000000000003
-1.1104999999999996,0.8433000000000008,-0.7538000000000002
-1.0416000000000052,0.799600000000002,-0.7531999999999998
-0.916650000000004,0.7511500000000015,-0.7582999999999999
-0.7916999999999992,0.7026999999999997,-0.7634000000000001
-0.6667500000000014,0.6542500000000006,-0.7685
-0.5778000000000001,0.64,-0.77
-0.5038500000000015,0.64,-0.77
-0.42990000000000067,0.64,-0.77
-0.355950000000002,0.64,-0.77
-0.4119999999999985,0.5820000000000012,-0.7739999999999999
-0.5037999999999968,0.5080500000000026,-0.7790999999999999
-0.5956000000000002,0.4340999999999997,-0.7842
-0.687399999999996,0.36015000000000313,-0.7892999999999998
-0.8011999999999995,0.20700000000000068,-0.7988
-0.9184999999999973,0.04125000000000367,-0.8089999999999997
-1.0357999999999985,-0.12449999999999797,-0.8191999999999998
-1.1530999999999965,-0.290249999999995,-0.8293999999999997
-1.1743999999999997,-0.3959999999999979,-0.8228000000000001
-1.1896999999999993,-0.4979999999999961,-0.8151500000000003
-1.205,-0.6,-0.8075
-1.2175500000000021,-0.7006999999999993,-0.7990000000000009
-1.0926000000000045,-0.7363999999999987,-0.7480000000000019
-0.9676499999999997,-0.7721,-0.6969999999999998
-0.8427000000000019,-0.8077999999999994,-0.6460000000000008
-0.7224999999999983,-0.836249999999999,-0.5907499999999979
-0.6460000000000039,-0.7980000000000019,-0.49640000000000484
-0.569500000000001,-0.7597500000000005,-0.40205000000000124
-0.4930000000000024,-0.7215000000000011,-0.30770000000000297
-0.4277499999999999,-0.6782999999999995,-0.17824999999999813
-0.41500000000000015,-0.6120000000000008,0.11499999999999666
-0.4022500000000004,-0.5457000000000019,0.40824999999999145
-0.3895000000000006,-0.4794000000000031,0.7014999999999862
-0.28315000000000357,-0.4403999999999996,1.032449999999996
0.09679999999998978,-0.4811999999999989,1.473599999999988
0.4767500000000042,-0.5220000000000005,1.9147500000000048
0.8566999999999764,-0.5627999999999974,2.3558999999999726
1.1813999999999947,-0.5916999999999999,2.638950000000001
1.395599999999991,-0.5967999999999998,2.6058000000000012
1.609799999999999,-0.6019,2.5726500000000003
1.8239999999999952,-0.6069999999999999,2.5395000000000008
1.878600000000007,-0.5806000000000029,2.5514999999999968
1.7052000000000005,-0.5092000000000001,2.6279999999999997
1.5318000000000036,-0.4378000000000014,2.7044999999999986
1.358399999999997,-0.3663999999999987,2.781000000000001
1.355,-0.3375,2.8049999999999997
1.5283999999999969,-0.3527999999999997,2.7744000000000004
1.7017999999999938,-0.3680999999999995,2.743800000000001
1.8752000000000004,-0.3834000000000001,2.7132
1.95,-0.2740000000000033,2.6608500000000013
1.95,-0.07000000000000689,2.5920000000000023
1.95,0.13399999999998952,2.523150000000004
1.95,0.33799999999999725,2.4543000000000013
1.95,0.4215499999999994,2.248500000000009
1.95,0.4394000000000001,1.9679999999999982
1.95,0.45724999999999877,1.6875000000000189
1.95,0.47509999999999947,1.4070000000000082
1.95,0.23949999999999705,1.2818999999999994
1.95,-0.09199999999999708,1.2156000000000007
1.95,-0.42349999999999116,1.1493000000000018
1.95,-0.7549999999999852,1.083000000000003
1.7716500000000015,-1.1438999999999973,1.0577
1.5498000000000054,-1.54679999999999,1.0424000000000004
1.327949999999997,-1.9497000000000053,1.0271
1.106100000000001,-2.352599999999998,1.0118
1.0260000000000014,-2.435999999999999,0.8322500000000045
0.9648000000000024,-2.476799999999998,0.6308000000000081
0.9036000000000002,-2.5176,0.42935000000000045
0.8424000000000011,-2.5583999999999993,0.22790000000000404
0.7469000000000037,-2.3713500000000076,0.25674999999999853
0.6500000000000055,-2.175000000000011,0.2949999999999979
0.5531000000000017,-1.9786500000000036,0.3332499999999993
0.45090000000000835,-1.7776000000000114,0.36860000000000126
0.2188499999999995,-1.4613999999999994,0.3328999999999999
-0.013199999999996381,-1.1452000000000049,0.2972000000000006
-0.24524999999999225,-0.8290000000000106,0.2615000000000012
-0.43079999999999924,-0.5268999999999991,0.20989999999999925
-0.26760000000000217,-0.3305500000000027,0.039050000000002305
-0.1044000000000051,-0.13420000000000612,-0.13179999999999464
0.058799999999992,0.06214999999999038,-0.30264999999999165
0.16750000000000126,0.18750000000000183,-0.42400000000000093
0.05275000000000335,0.02175000000000482,-0.34240000000000237
-0.062000000000001027,-0.14400000000000146,-0.26079999999999925
-0.17674999999999896,-0.3097499999999985,-0.17920000000000072
-0.2858999999999975,-0.43279999999999974,-0.11860000000000014
-0.3802499999999958,-0.4429999999999995,-0.11350000000000023
-0.47459999999999936,-0.45319999999999994,-0.10840000000000004
-0.5689499999999977,-0.4633999999999997,-0.10330000000000013
-0.6291000000000001,-0.4295000000000048,-0.10269999999999968
-0.6265500000000002,-0.3147500000000069,-0.11034999999999955
-0.6240000000000001,-0.20000000000000254,-0.11799999999999983
-0.6214500000000001,-0.0852500000000046,-0.1256499999999997
-0.6112000000000001,-0.04529999999999987,-0.14319999999999994
-0.5908000000000004,-0.10394999999999882,-0.1737999999999994
-0.5704000000000008,-0.16259999999999777,-0.20439999999999883
-0.55,-0.22125,-0.235
-0.5464999999999998,-0.2474000000000001,-0.27079999999999926
-0.5592499999999996,-0.24230000000000018,-0.31159999999999854
-0.5719999999999993,-0.23720000000000027,-0.3523999999999978
-0.5847499999999998,-0.23210000000000008,-0.39319999999999933
-0.5405000000000029,-0.2195000000000006,-0.40100000000000047
-0.4563499999999996,-0.20164999999999994,-0.38569999999999993
-0.37220000000000114,-0.18380000000000024,-0.3704000000000002
-0.28805000000000264,-0.16595000000000057,-0.35510000000000047
-0.17160000000000653,-0.1532000000000005,-0.3483000000000001
-0.03900000000000148,-0.14300000000000013,-0.34575
0.09359999999999616,-0.1328000000000003,-0.34320000000000006
0.2261999999999938,-0.12260000000000047,-0.3406500000000001
0.2524000000000007,-0.13899999999999835,-0.3001000000000035
0.24220000000000028,-0.1644999999999993,-0.24655000000000143
0.2319999999999999,-0.19000000000000028,-0.1929999999999994
0.22180000000000008,-0.21549999999999983,-0.13945000000000035
0.28299999999999814,-0.1759000000000013,-0.17829999999999857
0.35949999999999677,-0.12235000000000226,-0.2369499999999975
0.43599999999999967,-0.06880000000000024,-0.29559999999999975
0.5124999999999983,-0.015250000000001193,-0.3542499999999987
0.46709999999999907,-0.01690000000000012,-0.34619999999999973
0.4084500000000034,-0.02454999999999956,-0.33090000000000086
0.34980000000000117,-0.03219999999999985,-0.31560000000000027
0.2911500000000022,-0.03984999999999971,-0.30030000000000057
0.26999999999999996,-0.07,-0.295
0.24960000000000035,-0.10059999999999947,-0.2899000000000001
0.2292000000000007,-0.13119999999999893,-0.2848000000000002
0.2091000000000008,-0.1628499999999974,-0.28074999999999933
0.19380000000000022,-0.21129999999999924,-0.2934999999999998
0.1785000000000005,-0.25974999999999837,-0.3062499999999996
0.16319999999999993,-0.3082000000000002,-0.31900000000000006
0.14160000000000422,-0.3506999999999996,-0.32580000000000214
0.08040000000000191,-0.35579999999999984,-0.29520000000000096
0.019199999999999592,-0.3609,-0.2645999999999998
-0.041999999999999316,-0.36599999999999994,-0.23400000000000035
-0.0921999999999997,-0.3634000000000009,-0.19625000000000184
-0.10239999999999952,-0.33280000000000143,-0.13250000000000298
-0.11259999999999991,-0.30220000000000025,-0.06875000000000056
-0.12279999999999973,-0.27160000000000084,-0.0050000000000017045
-0.11649999999999948,-0.23724999999999952,0.04825000000000032
-0.07060000000000285,-0.19390000000000268,0.07629999999999826
-0.024700000000001124,-0.15055000000000107,0.1043499999999993
0.02119999999999806,-0.10720000000000184,0.1323999999999988
0.057599999999999915,-0.08189999999999997,0.1414500000000001
0.07799999999999954,-0.08699999999999988,0.11850000000000051
0.09839999999999918,-0.0920999999999998,0.09555000000000091
0.11879999999999882,-0.0971999999999997,0.07260000000000133
0.14379999999999937,-0.11034999999999955,0.02895000000000139
0.17439999999999883,-0.13329999999999914,-0.03989999999999738
0.20500000000000002,-0.15625,-0.10874999999999999
0.23559999999999945,-0.17919999999999958,-0.17759999999999876
0.2338000000000011,-0.19404999999999972,-0.20730000000000018
0.20319999999999994,-0.20170000000000002,-0.2022
0.17260000000000048,-0.20934999999999987,-0.19710000000000008
0.14200000000000101,-0.21699999999999975,-0.19200000000000017
0.1052000000000021,-0.20295000000000143,-0.16830000000000184
0.06440000000000055,-0.1749000000000004,-0.1326000000000005
0.023600000000001273,-0.14685000000000087,-0.09690000000000112
-0.01720000000000027,-0.11879999999999981,-0.06119999999999977
-0.03,-0.1397499999999971,-0.0377500000000012
-0.03,-0.18309999999999876,-0.019900000000000518
-0.03,-0.226449999999998,-0.002050000000000836
-0.03,-0.26979999999999965,0.015799999999999842
-0.028050000000000068,-0.2936499999999995,0.027799999999999728
-0.025500000000000113,-0.3114999999999992,0.03799999999999955
-0.022950000000000158,-0.32934999999999887,0.04819999999999936
-0.020400000000000064,-0.34719999999999956,0.05839999999999975
-0.043649999999998815,-0.28550000000000325,0.04710000000000065
-0.07169999999999987,-0.20900000000000035,0.031800000000000064
-0.09974999999999938,-0.1325000000000017,0.01650000000000034
-0.12780000000000044,-0.05599999999999881,0.0011999999999997612
-0.09005000000000252,0.05809999999999321,-0.07284999999999542
-0.04670000000000087,0.17539999999999764,-0.15189999999999843
