-0.08979999999999999,0.20770000000000002,-0.35459999999999997
-0.16,0.07,-0.36
-0.12220000000000002,0.0835,-0.2709
-0.0844,0.097,-0.18179999999999996
-0.046599999999999996,0.1105,-0.09269999999999998
-0.008799999999999975,0.12079999999999999,-0.034800000000000005
0.029000000000000012,0.1235,-0.051000000000000004
0.06680000000000003,0.1262,-0.06720000000000001
0.10460000000000001,0.12890000000000001,-0.0834
0.08800000000000006,0.09480000000000008,-0.12039999999999995
0.03400000000000006,0.03540000000000007,-0.17169999999999996
-0.02000000000000003,-0.024000000000000035,-0.22300000000000006
-0.07400000000000004,-0.08340000000000004,-0.27430000000000004
-0.0776,-0.1068,-0.29200000000000004
-0.07490000000000001,-0.12569999999999998,-0.3055
-0.0722,-0.1446,-0.319
-0.07200000000000001,-0.158,-0.3305
-0.08279999999999998,-0.14720000000000003,-0.3332
-0.09359999999999999,-0.1364,-0.33590000000000003
-0.10439999999999998,-0.12560000000000002,-0.3386
-0.13209999999999997,-0.09400000000000004,-0.32310000000000005
-0.17800000000000005,-0.03999999999999994,-0.288
-0.2239,0.013999999999999985,-0.2529
-0.2698000000000001,0.06800000000000007,-0.21779999999999994
-0.3514,0.0926,-0.2163
-0.4431999999999998,0.10879999999999998,-0.2244
-0.535,0.125,-0.23249999999999998
-0.622,0.13920000000000005,-0.23900000000000002
-0.6489999999999999,0.12840000000000004,-0.22550000000000003
-0.676,0.11759999999999998,-0.21199999999999997
-0.7029999999999998,0.10680000000000008,-0.1985000000000001
-0.728,0.06600000000000011,-0.19499999999999998
-0.7495999999999999,-0.02579999999999974,-0.20849999999999996
-0.7711999999999999,-0.1175999999999996,-0.22199999999999992
-0.7928000000000001,-0.20940000000000003,-0.2355
-0.7730000000000001,-0.32999999999999985,-0.22200000000000003
-0.7325000000000002,-0.46499999999999964,-0.19500000000000006
-0.6920000000000002,-0.5999999999999994,-0.16800000000000012
-0.6515,-0.7350000000000001,-0.141
-0.6136,-0.8283999999999999,-0.07240000000000008
-0.5758000000000001,-0.9201999999999998,-0.002200000000000174
-0.5379999999999999,-1.0120000000000002,0.06800000000000017
-0.4547000000000012,-1.1065999999999994,0.13259999999999972
-0.24140000000000006,-1.2092,0.18119999999999997
-0.028100000000000458,-1.3117999999999999,0.2297999999999999
0.18520000000000064,-1.4144000000000003,0.27840000000000015
0.4825000000000006,-1.5500000000000003,0.36450000000000016
0.8469999999999999,-1.712,0.4805999999999999
1.211499999999997,-1.8739999999999988,0.596699999999999
1.5759999999999987,-2.0359999999999996,0.7127999999999995
1.7059,-2.2003000000000004,0.8427000000000002
1.795,-2.365,0.975
1.8840999999999999,-2.5296999999999996,1.1072999999999997
1.96,-2.6684,1.2227999999999999
1.96,-2.6576,1.2417
1.96,-2.6468,1.2606
1.96,-2.636,1.2795
1.96,-2.5687999999999995,1.29
1.96,-2.4311,1.29
1.96,-2.293400000000002,1.29
1.96,-2.1557000000000004,1.29
1.96,-2.1,1.3719999999999997
1.96,-2.0730000000000004,1.4826999999999995
1.96,-2.0460000000000003,1.5933999999999993
1.96,-2.0196,1.7021000000000002
1.96,-2.0088,1.7587999999999995
1.96,-1.9980000000000002,1.8154999999999992
1.96,-1.9872,1.8722
1.96,-1.9557,1.9091
1.96,-1.8828,1.9063999999999999
1.96,-1.8099000000000003,1.9037
1.96,-1.7370000000000003,1.901
1.96,-1.6624000000000005,1.8439000000000005
1.96,-1.5868000000000007,1.7548000000000008
1.96,-1.5111999999999997,1.6656999999999997
1.96,-1.4355999999999998,1.5766
1.6925,-1.295,1.42
1.4036000000000004,-1.1492000000000002,1.2580000000000002
1.114700000000001,-1.0034000000000005,1.0960000000000005
0.8336000000000012,-0.8516000000000008,0.9394000000000007
0.5798000000000016,-0.6788000000000012,0.801700000000001
0.3259999999999987,-0.5059999999999991,0.6639999999999993
0.07219999999999907,-0.3331999999999994,0.5262999999999995
-0.1381999999999982,-0.18700000000000133,0.38860000000000156
-0.30830000000000013,-0.06549999999999995,0.25089999999999996
-0.4783999999999999,0.05599999999999988,0.11320000000000015
-0.6484999999999996,0.17749999999999969,-0.02449999999999964
-0.7591999999999997,0.27699999999999964,-0.1291999999999996
-0.8563999999999995,0.3714999999999995,-0.2263999999999994
-0.9536000000000006,0.4660000000000006,-0.32360000000000055
-1.0406,0.5571999999999995,-0.4129999999999997
-1.046,0.6220000000000002,-0.44000000000000006
-1.0514000000000001,0.6868000000000001,-0.467
-1.0568,0.7516,-0.494
-1.0391000000000001,0.8065,-0.5067
-0.9878000000000009,0.8469999999999993,-0.49860000000000015
-0.9364999999999997,0.8875000000000003,-0.49049999999999994
-0.8852000000000003,0.9279999999999997,-0.48240000000000005
-0.8491000000000002,0.9343,-0.4856999999999999
-0.8193999999999999,0.9261999999999999,-0.4938
-0.7897000000000004,0.9181000000000001,-0.5018999999999999
-0.76,0.91,-0.51
-0.8193999999999999,0.7669000000000002,-0.5424
-0.8787999999999998,0.6238000000000005,-0.5747999999999999
-0.9382000000000005,0.4806999999999988,-0.6072000000000003
-0.9927999999999997,0.336800000000001,-0.6363999999999999
-1.0359999999999996,0.1910000000000012,-0.6579999999999998
-1.0792000000000002,0.04519999999999946,-0.6796000000000001
-1.1224,-0.1006000000000003,-0.7012
-1.1575999999999995,-0.18559999999999946,-0.7195999999999998
-1.1873,-0.22879999999999995,-0.7358
-1.2169999999999999,-0.2719999999999999,-0.752
-1.2466999999999995,-0.31519999999999926,-0.7681999999999998
-1.2692,-0.2863999999999997,-0.7796000000000001
-1.2908,-0.24860000000000027,-0.7904
-1.3124000000000002,-0.21079999999999985,-0.8012000000000001
-1.3250000000000004,-0.1655000000000008,-0.8129999999999998
-1.2980000000000007,-0.08720000000000196,-0.8291999999999996
-1.2709999999999997,-0.008899999999999006,-0.8454000000000003
-1.244,0.06939999999999984,-0.8615999999999999
-1.2248,0.1515999999999985,-0.8609000000000003
-1.214,0.23799999999999955,-0.8420000000000001
-1.2031999999999998,0.3244000000000005,-0.8230999999999999
-1.1924000000000001,0.4107999999999993,-0.8042000000000002
-1.1963,0.4720000000000002,-0.7685
-1.2044,0.5259999999999994,-0.7280000000000005
-1.2125,0.58,-0.6875
-1.2232000000000005,0.6316000000000003,-0.6465999999999995
-1.2663999999999997,0.6531999999999999,-0.6007000000000001
-1.3095999999999992,0.6747999999999996,-0.5548000000000008
-1.3527999999999996,0.6963999999999998,-0.5089000000000002
-1.395999999999999,0.7090000000000001,-0.46600000000000075
-1.4392000000000007,0.7062999999999999,-0.42819999999999936
-1.4824000000000002,0.7036,-0.3903999999999999
-1.5255999999999994,0.7009,-0.3526000000000005
-1.5957999999999999,0.6604,-0.3472
-1.6794999999999987,0.6010000000000009,-0.3579999999999999
-1.7631999999999997,0.5416000000000002,-0.36879999999999996
-1.8469000000000007,0.4821999999999995,-0.3796000000000001
-2.073599999999998,0.41240000000000054,-0.4007999999999998
-2.3057999999999947,0.34220000000000156,-0.42239999999999955
-2.5379999999999976,0.27200000000000074,-0.4439999999999998
-2.892700000000001,0.21509999999999999,-0.43899999999999995
-3.5973999999999906,0.19620000000000026,-0.35800000000000115
-4.3020999999999985,0.17730000000000004,-0.2770000000000002
-5.006799999999989,0.15840000000000032,-0.19600000000000137
-5.427999999999999,0.1964999999999995,-0.059500000000001
-5.622400000000002,0.2802000000000005,0.12140000000000112
-5.816799999999999,0.3638999999999993,0.30229999999999846
-6.0112000000000005,0.4476000000000003,0.4832000000000006
-5.839900000000003,0.3358000000000017,0.47090000000000054
-5.605,0.19,0.42500000000000004
-5.370099999999997,0.044199999999998324,0.3790999999999995
-5.204799999999999,-0.1803999999999979,0.33920000000000006
-5.439699999999996,-0.8580999999999879,0.3338000000000001
-5.674599999999998,-1.5357999999999956,0.3284
-5.909500000000001,-2.2135000000000034,0.32299999999999995
-6.04,-2.7315999999999967,0.4123999999999981
-6.04,-3.0502000000000007,0.6203000000000005
-6.04,-3.368799999999996,0.8281999999999974
-6.04,-3.6874,1.0360999999999998
-6.04,-3.4979999999999962,1.1020000000000003
-6.04,-3.1308000000000016,1.1181999999999999
-6.04,-2.7635999999999976,1.1344
-6.04,-2.4026000000000014,1.1481000000000003
-6.04,-2.2028000000000043,1.096800000000001
-6.04,-2.003000000000002,1.0455000000000005
-6.04,-1.8031999999999997,0.9941999999999999
-6.04,-1.5971000000000029,0.9474000000000005
-6.04,-1.3784000000000005,0.9096000000000001
-6.04,-1.1597000000000037,0.8718000000000006
-6.04,-0.9410000000000012,0.8340000000000002
-5.905699999999999,-0.7545999999999989,0.7961999999999997
-5.692400000000002,-0.5872000000000014,0.7584000000000003
-5.479100000000005,-0.41980000000000384,0.7206000000000009
-5.265800000000002,-0.25240000000000196,0.6828000000000005
-5.0275,-0.19999999999999998,0.6675
-4.787199999999998,-0.1567999999999995,0.6539999999999999
-4.546900000000001,-0.11360000000000013,0.6405000000000001
-4.313200000000004,-0.08299999999999977,0.6234000000000005
-4.102600000000002,-0.09649999999999992,0.5937000000000002
-3.891999999999999,-0.11000000000000007,0.5639999999999998
-3.6814000000000022,-0.12349999999999987,0.5343000000000003
-3.4581999999999997,-0.13,0.4877999999999999
-3.2233000000000027,-0.13,0.4257000000000008
-2.9884000000000004,-0.13,0.36360000000000003
-2.7534999999999976,-0.13,0.3014999999999993
-2.523000000000001,-0.12780000000000002,0.2482000000000002
-2.293499999999998,-0.1251,0.19689999999999963
-2.0640000000000076,-0.12240000000000009,0.14560000000000173
-1.8386999999999993,-0.11909999999999996,0.09369999999999977
-1.6469999999999971,-0.11099999999999988,0.03699999999999913
-1.4553000000000047,-0.1029000000000002,-0.019699999999998566
-1.2636000000000025,-0.0948000000000001,-0.07639999999999922
-1.106,-0.07900000000000006,-0.1253999999999999
-0.9980000000000018,-0.05200000000000045,-0.16319999999999935
-0.8900000000000006,-0.02500000000000014,-0.2009999999999998
-0.7819999999999994,0.0020000000000001718,-0.23880000000000023
-0.75,0.07080000000000158,-0.288000000000001
-0.75,0.157199999999998,-0.34199999999999875
-0.75,0.243599999999999,-0.39599999999999935
-0.75,0.33,-0.45
-0.7877999999999994,0.44339999999999835,-0.4823999999999995
-0.8255999999999999,0.5567999999999996,-0.5147999999999999
-0.8634000000000003,0.670200000000001,-0.5472000000000002
-0.9123999999999995,0.7779999999999994,-0.5787999999999998
-0.9880000000000004,0.8725000000000005,-0.6085000000000002
-1.0636000000000012,0.9670000000000016,-0.6382000000000005
-1.1391999999999982,1.061499999999998,-0.6678999999999993
-1.2019999999999993,1.1351999999999993,-0.6895999999999999
-1.256,1.1946,-0.7058
-1.3099999999999992,1.2539999999999991,-0.7219999999999998
-1.3639999999999999,1.3134,-0.7382
-1.3796000000000002,1.3128,-0.7520000000000001
-1.3903999999999996,1.3047000000000004,-0.7654999999999995
-1.4012,1.2966,-0.7790000000000001
-1.401499999999999,1.2749999999999988,-0.7915000000000002
-1.355600000000001,1.1940000000000022,-0.7995999999999998
-1.3097000000000005,1.113000000000001,-0.8076999999999999
-1.2638,1.0320000000000003,-0.8158
-1.2283000000000004,0.9289000000000021,-0.8290999999999996
-1.2040000000000002,0.8020000000000007,-0.8479999999999999
-1.1796999999999997,0.6750999999999991,-0.8669000000000001
-1.1554000000000006,0.5482000000000045,-0.8857999999999994
-1.1416000000000002,0.4255000000000028,-0.9151999999999992
-1.1307999999999998,0.3039999999999982,-0.9476000000000004
-1.1200000000000003,0.18250000000000322,-0.9799999999999992
-1.1104,0.06660000000000069,-1.01
-1.1158000000000001,0.02070000000000015,-1.01
-1.1212,-0.02520000000000039,-1.01
-1.1265999999999998,-0.07109999999999972,-1.01
-1.0909999999999993,-0.11900000000000027,-0.9679999999999994
-0.9856999999999981,-0.17030000000000084,-0.854599999999998
-0.8804000000000025,-0.22159999999999874,-0.7412000000000027
-0.7751000000000013,-0.2728999999999993,-0.6278000000000014
-0.6391999999999962,-0.35480000000000245,-0.4477999999999946
-0.4880000000000064,-0.4519999999999959,-0.23450000000000898
-0.33680000000000065,-0.5491999999999996,-0.021200000000000885
-0.1855999999999949,-0.6464000000000033,0.1921000000000072
0.046199999999992136,-0.8631999999999925,0.5197999999999887
0.281100000000001,-1.084600000000001,0.8519000000000013
0.5159999999999975,-1.3059999999999976,1.1839999999999964
0.7788999999999913,-1.552599999999992,1.4544999999999977
1.1218000000000043,-1.871200000000004,1.5490000000000013
1.4646999999999992,-2.189799999999999,1.6434999999999997
1.807599999999994,-2.5083999999999946,1.7379999999999984
1.7380000000000126,-2.6470000000000002,1.9149999999999925
1.3383999999999974,-2.6416,2.1580000000000017
0.9388000000000034,-2.6362,2.400999999999998
0.5392000000000092,-2.6308,2.6439999999999944
0.6939000000000036,-2.234399999999993,2.5810999999999984
0.945,-1.77,2.465
1.1960999999999962,-1.3056000000000068,2.3489000000000018
1.4320000000000035,-0.8975999999999981,2.236799999999998
1.5804999999999934,-0.8139000000000037,2.147700000000004
1.728999999999999,-0.7302000000000005,2.0586000000000007
1.8774999999999968,-0.6465000000000017,1.9695000000000018
1.96,-0.5400000000000048,1.9140000000000004
1.96,-0.4049999999999997,1.9005
1.96,-0.2700000000000017,1.8870000000000002
1.96,-0.1349999999999966,1.8734999999999997
1.96,-0.12199999999999875,1.7080000000000093
1.96,-0.1516999999999999,1.489300000000001
1.96,-0.181400000000001,1.2705999999999926
1.9572000000000025,-0.22019999999999063,1.0548000000000046
1.8815999999999997,-0.49560000000000115,0.9143999999999994
1.8060000000000007,-0.770999999999997,0.7740000000000016
1.730400000000002,-1.0463999999999931,0.6336000000000036
1.6421999999999985,-1.2993000000000026,0.5409
1.5288000000000002,-1.5071999999999997,0.5436000000000001
1.4154000000000018,-1.7150999999999965,0.5463
1.3020000000000036,-1.9229999999999934,0.5489999999999999
1.169899999999999,-2.0272,0.5398
1.0268000000000013,-2.0704,0.5236000000000002
0.8837000000000033,-2.113599999999999,0.5074000000000004
0.7405999999999979,-2.156800000000001,0.49119999999999975
0.69,-2.1325000000000003,0.3875
0.6468000000000006,-2.1028000000000002,0.2768000000000016
0.6035999999999989,-2.0730999999999993,0.16609999999999742
0.5568000000000026,-2.0164000000000066,0.08539999999999892
0.49740000000000034,-1.8652000000000009,0.10969999999999985
0.4380000000000012,-1.714000000000003,0.1339999999999995
0.3786000000000021,-1.5628000000000053,0.15829999999999914
0.2813999999999997,-1.3919999999999995,0.2120000000000002
0.14910000000000168,-1.2030000000000025,0.292999999999999
0.016800000000003618,-1.0140000000000051,0.3739999999999978
-0.11550000000000141,-0.8249999999999981,0.45500000000000085
-0.15099999999999997,-0.6888000000000005,0.4282000000000002
-0.16450000000000045,-0.5645999999999959,0.3768999999999983
-0.17799999999999955,-0.44040000000000423,0.3256000000000017
-0.19210000000000008,-0.3164999999999995,0.27339999999999975
-0.2109999999999998,-0.19500000000000128,0.21400000000000063
-0.22989999999999952,-0.07350000000000309,0.15460000000000151
-0.24880000000000024,0.04800000000000153,0.09519999999999926
-0.2830999999999999,0.12769999999999995,0.05450000000000003
-0.33979999999999905,0.14659999999999968,0.041000000000000224
-0.3965000000000012,0.1655000000000004,0.027499999999999712
-0.4532000000000003,0.18440000000000012,0.013999999999999915
-0.38070000000000104,0.11020000000000099,-0.026099999999999568
-0.2538000000000029,-0.0031999999999973716,-0.0773999999999988
-0.12689999999999813,-0.11660000000000167,-0.12870000000000076
-0.0,-0.23,-0.18
0.04589999999999933,-0.3190999999999987,-0.18539999999999993
0.09180000000000108,-0.4082000000000021,-0.19080000000000014
0.137699999999998,-0.4972999999999961,-0.19619999999999976
0.16280000000000017,-0.5504000000000002,-0.2047999999999999
0.1385000000000005,-0.5180000000000007,-0.22099999999999967
0.11420000000000088,-0.4856000000000012,-0.23719999999999944
0.08989999999999995,-0.45319999999999994,-0.25340000000000007
0.07360000000000014,-0.4128000000000006,-0.2983999999999992
0.0628000000000003,-0.3669000000000013,-0.3631999999999982
0.05199999999999989,-0.3209999999999995,-0.4280000000000007
0.04120000000000005,-0.27510000000000023,-0.49279999999999974
0.04,-0.20040000000000152,-0.5143999999999997
0.04,-0.12210000000000266,-0.5305999999999995
0.04,-0.04379999999999967,-0.5468000000000001
0.03250000000000043,0.031499999999999334,-0.5595000000000001
-0.00799999999999898,0.09359999999999843,-0.5568000000000001
-0.048500000000000515,0.15570000000000078,-0.5541
-0.08899999999999991,0.21779999999999988,-0.5514
-0.09960000000000037,0.2577999999999997,-0.5435000000000003
-0.07799999999999954,0.27400000000000035,-0.5299999999999997
-0.05639999999999987,0.2902000000000001,-0.5165
-0.03480000000000018,0.30639999999999984,-0.5030000000000001
-0.08459999999999834,0.26170000000000143,-0.49790000000000006
-0.15480000000000102,0.19959999999999908,-0.4952
-0.22499999999999998,0.1375,-0.4925
-0.2874000000000005,0.07560000000000089,-0.4898
-0.2522999999999992,0.016199999999998632,-0.4870999999999999
-0.21720000000000156,-0.04319999999999738,-0.4844000000000001
-0.1821000000000002,-0.10259999999999964,-0.4817
-0.16099999999999995,-0.15299999999999928,-0.4720000000000004
-0.1636999999999999,-0.18809999999999877,-0.4504000000000008
-0.16640000000000002,-0.2232000000000001,-0.42879999999999996
-0.16909999999999997,-0.2582999999999996,-0.4072000000000003
-0.15200000000000075,-0.2520000000000008,-0.3982000000000001
-0.12499999999999972,-0.22499999999999973,-0.39549999999999996
-0.09800000000000011,-0.19800000000000012,-0.39280000000000004
-0.07100000000000052,-0.1710000000000005,-0.39010000000000006
-0.05440000000000055,-0.14140000000000102,-0.4341999999999985
-0.038199999999999935,-0.11169999999999988,-0.4801000000000002
-0.022000000000000172,-0.08200000000000031,-0.5259999999999996
-0.007900000000000202,-0.0579000000000002,-0.5432000000000017
0.00020000000000010287,-0.0497999999999999,-0.4783999999999992
0.008299999999999558,-0.041700000000000445,-0.4136000000000036
0.016399999999999866,-0.03360000000000014,-0.3488000000000011
0.05000000000000113,-0.020999999999999658,-0.28699999999999876
0.1039999999999975,-0.004800000000000748,-0.22760000000000274
0.15799999999999953,0.011399999999999862,-0.16820000000000052
0.21199999999999875,0.027599999999999625,-0.10880000000000138
0.2084999999999998,-0.006800000000000639,-0.05629999999999924
0.195,-0.05,-0.0050000000000000044
0.18150000000000022,-0.09319999999999937,0.04629999999999924
0.16439999999999913,-0.13920000000000143,0.07879999999999826
0.12660000000000168,-0.20129999999999726,0.003200000000003367
0.08880000000000024,-0.26339999999999963,-0.07239999999999952
0.05099999999999881,-0.32550000000000195,-0.14800000000000238
0.027600000000000194,-0.31680000000000347,-0.201999999999999
0.022199999999999987,-0.2195999999999998,-0.22900000000000004
0.01680000000000007,-0.12240000000000123,-0.2559999999999997
0.011400000000000148,-0.025200000000002658,-0.28299999999999925
-0.010000000000000286,0.02400000000000034,-0.23399999999999918
-0.03699999999999989,0.05639999999999987,-0.15840000000000032
-0.06399999999999949,0.08879999999999938,-0.08280000000000141
-0.08710000000000268,0.1233999999999969,-0.014999999999995461
-0.008799999999999697,0.2152000000000004,-0.15000000000000058
0.06949999999999917,0.30699999999999905,-0.2849999999999986
0.14779999999999802,0.3987999999999977,-0.4199999999999966
0.1504999999999982,0.3654999999999965,-0.5018999999999997
0.0020000000000003904,0.08200000000000063,-0.4776
-0.14649999999999747,-0.20149999999999518,-0.4533000000000004
-0.2950000000000031,-0.4850000000000059,-0.4289999999999995
-0.36700000000000016,-0.6036000000000001,-0.41489999999999994
-0.3939999999999998,-0.6251999999999999,-0.40680000000000005
-0.4209999999999994,-0.6467999999999995,-0.39870000000000017
-0.4480000000000004,-0.6684000000000003,-0.3905999999999999
-0.47000000000000003,-0.7575000000000001,-0.36
-0.4915999999999986,-0.8519999999999937,-0.3276000000000022
-0.5132000000000005,-0.9465000000000022,-0.29519999999999924
-0.47719999999999807,-0.9629999999999979,-0.2826000000000005
-0.23960000000001402,-0.706500000000015,-0.33929999999999666
-0.0019999999999925078,-0.4499999999999919,-0.3960000000000018
0.23559999999999148,-0.19350000000000916,-0.45269999999999794
0.33180000000000176,-0.058800000000001094,-0.4450000000000034
0.2967000000000004,-0.037200000000000275,-0.37750000000000083
0.26160000000000094,-0.01560000000000059,-0.31000000000000183
0.22650000000000148,0.00599999999999909,-0.24250000000000285
0.17600000000000024,0.042999999999999844,-0.2102000000000001
0.12200000000000104,0.08349999999999924,-0.18590000000000048
0.06800000000000182,0.12399999999999864,-0.16160000000000083
0.020600000000000025,0.1651000000000002,-0.1394
0.025999999999999943,0.21099999999999952,-0.13400000000000006
0.031399999999999866,0.25689999999999885,-0.12860000000000013
0.03680000000000007,0.30280000000000057,-0.12319999999999993
0.05099999999999995,0.3629999999999998,-0.13429999999999992
0.07800000000000099,0.44400000000000295,-0.16940000000000127
0.10500000000000058,0.5250000000000017,-0.20450000000000074
0.13199999999999876,0.6059999999999962,-0.23959999999999837
0.13239999999999952,0.6204999999999994,-0.26710000000000106
0.12160000000000026,0.6070000000000003,-0.29139999999999944
