-0.426975,0.12,0.383275
-0.27,0.12,0.5
-0.16937500000000003,0.035475000000000034,0.39535000000000003
-0.06875000000000002,-0.04904999999999998,0.2907
-0.0013250000000000345,-0.09414999999999998,0.237925
0.034899999999999994,-0.1022,0.2339
0.07437500000000008,-0.11150000000000002,0.229375
0.21524999999999986,-0.15979999999999994,0.20925000000000002
0.35612499999999997,-0.2081,0.189125
0.28800000000000014,-0.2542,0.169
0.04649999999999971,-0.29847500000000005,0.14887499999999998
-0.17599999999999993,-0.33575,0.12349999999999989
-0.11159999999999998,-0.267325,0.01884999999999995
-0.04720000000000013,-0.19890000000000016,-0.0857999999999998
-0.096725,-0.172325,-0.06955000000000003
-0.22954999999999992,-0.17635,0.03509999999999995
-0.3215000000000003,-0.179625,0.12100000000000007
-0.015600000000000391,-0.1756,0.024400000000000102
0.29030000000000017,-0.171575,-0.07220000000000007
0.2899499999999995,-0.15529999999999994,-0.04139999999999974
0.09272499999999957,-0.13114999999999996,0.07130000000000024
-0.07349999999999991,-0.11600000000000009,0.17800000000000013
-0.02117499999999993,-0.16430000000000006,0.24240000000000012
0.031150000000000056,-0.21260000000000007,0.3068000000000001
0.02940000000000012,-0.1965250000000002,0.2939500000000002
-0.0027999999999998686,-0.14420000000000022,0.23760000000000023
-0.03125,-0.08874999999999998,0.17875
-0.0393,-0.016300000000000023,0.10630000000000002
-0.047349999999999996,0.05614999999999995,0.033850000000000054
-0.014900000000000052,0.07190000000000002,0.015399999999999992
0.037424999999999924,0.05982500000000002,0.023449999999999988
0.07625000000000004,0.04250000000000008,0.031499999999999986
0.05612500000000004,0.0022500000000000853,0.03954999999999999
0.036000000000000046,-0.0379999999999999,0.04759999999999998
0.01587499999999997,-0.12345000000000017,0.08107500000000008
-0.004250000000000025,-0.22810000000000014,0.12535000000000007
-0.017374999999999988,-0.31962500000000005,0.16
-0.005299999999999992,-0.3639,0.16
0.006775000000000002,-0.408175,0.16
0.03655000000000015,-0.33444999999999947,0.1452499999999999
0.07277499999999983,-0.21772500000000056,0.1251250000000001
0.08899999999999984,-0.10999999999999971,0.10799999999999997
0.044724999999999855,-0.02949999999999975,0.09994999999999997
0.0004499999999998741,0.05100000000000023,0.09189999999999997
-0.028450000000000066,0.04232499999999992,0.09
-0.052600000000000056,0.006099999999999925,0.09
-0.06437499999999997,-0.025625000000000037,0.09112500000000001
-0.04425000000000015,-0.04574999999999986,0.09514999999999997
-0.024125000000000157,-0.06587499999999985,0.09917499999999997
-0.00720000000000013,-0.08919999999999981,0.10639999999999994
0.008899999999999865,-0.1133499999999998,0.11444999999999993
0.02375,-0.1225,0.11499999999999999
0.035824999999999996,-0.09835000000000002,0.0989
0.04789999999999999,-0.07420000000000003,0.08280000000000001
0.07327499999999998,-0.07665,0.09329999999999998
0.10144999999999996,-0.08469999999999998,0.10939999999999997
0.12274999999999998,-0.0721250000000001,0.08562500000000017
0.1308,-0.01980000000000011,-0.014999999999999791
0.13885,0.03252499999999987,-0.11562499999999976
0.022700000000000387,-0.015199999999999811,-0.016150000000000386
-0.11414999999999957,-0.07959999999999978,0.11667499999999958
-0.18350000000000016,-0.1424999999999998,0.1910000000000001
-0.13922500000000018,-0.20287499999999978,0.1668500000000001
-0.09495000000000019,-0.26324999999999976,0.1427000000000001
-0.07570000000000007,-0.30574999999999986,0.10782500000000017
-0.05960000000000008,-0.3459999999999998,0.07160000000000019
-0.05,-0.37650000000000006,0.0613750000000001
-0.05,-0.39260000000000006,0.08955000000000009
-0.05,-0.4087,0.11772500000000008
-0.06480000000000004,-0.42850000000000005,0.10519999999999996
-0.08090000000000003,-0.44862500000000005,0.08909999999999997
-0.09875000000000003,-0.4354999999999999,0.06774999999999995
-0.11887500000000004,-0.37914999999999993,0.039574999999999964
-0.13900000000000004,-0.3227999999999999,0.011399999999999971
-0.1247,-0.20907499999999993,0.01
-0.1086,-0.09234999999999996,0.01
-0.10750000000000001,-0.028124999999999997,-0.01999999999999999
-0.1236,-0.024100000000000003,-0.08439999999999998
-0.1397,-0.020075000000000003,-0.14879999999999996
-0.2110999999999993,-0.15824999999999861,-0.12630000000000025
-0.2835499999999999,-0.2991249999999998,-0.10215000000000003
-0.33600000000000024,-0.4220000000000007,-0.05999999999999957
-0.36819999999999997,-0.5266499999999998,0.00037499999999987543
-0.39929999999999966,-0.62995,0.06
-0.3429500000000002,-0.6259250000000001,0.06
-0.2865999999999997,-0.6219,0.06
-0.24937500000000007,-0.5838750000000003,0.04300000000000011
-0.2292499999999999,-0.5154499999999996,0.010799999999999841
-0.2127999999999997,-0.4468500000000003,-0.019825000000000016
-0.2772000000000003,-0.37439999999999973,-0.015799999999999984
-0.3416000000000008,-0.3019499999999991,-0.011774999999999949
-0.41050000000000025,-0.27225000000000005,-0.02350000000000009
-0.4829500000000009,-0.27627500000000005,-0.047650000000000296
-0.5485000000000003,-0.2811999999999998,-0.06910000000000019
-0.5283750000000002,-0.2972999999999999,-0.05702500000000008
-0.5082500000000003,-0.31339999999999973,-0.04495000000000019
-0.4121250000000011,-0.3057500000000002,-0.058999999999999775
-0.26320000000000243,-0.2816000000000004,-0.09119999999999948
-0.1329749999999998,-0.2544750000000004,-0.12424999999999968
-0.16114999999999952,-0.20215000000000088,-0.1644999999999993
-0.18932499999999977,-0.14982500000000046,-0.20474999999999965
-0.23,-0.1525,-0.20750000000000002
-0.27829999999999955,-0.18872499999999967,-0.18737500000000018
-0.3211,-0.25134999999999985,-0.17769999999999997
-0.32914999999999994,-0.48077499999999773,-0.23404999999999945
-0.3372,-0.7101999999999997,-0.29039999999999994
-0.37937499999999935,-0.9317499999999977,-0.2680000000000007
-0.43974999999999986,-1.1490999999999996,-0.20360000000000014
-0.4873000000000002,-1.302325000000002,-0.1587749999999994
-0.47120000000000006,-1.1373000000000006,-0.21109999999999984
-0.4551000000000002,-0.972275000000002,-0.2634249999999994
-0.4005000000000003,-0.7110000000000011,-0.3184999999999998
-0.32805000000000095,-0.4051000000000039,-0.3748499999999993
-0.2739999999999999,-0.14960000000000023,-0.43839999999999957
-0.29412499999999975,-0.09727500000000071,-0.5309749999999988
-0.3142499999999999,-0.04495000000000026,-0.6235499999999996
-0.37175000000000025,-0.18812500000000076,-0.6787500000000002
-0.4441999999999996,-0.40949999999999875,-0.7189999999999998
-0.5111000000000001,-0.6197750000000004,-0.7472249999999999
-0.5593999999999997,-0.7928499999999989,-0.7351500000000001
-0.6077000000000001,-0.9659250000000004,-0.7230749999999999
-0.6409999999999998,-1.0609999999999995,-0.6900000000000003
-0.669175,-1.1294250000000001,-0.6497499999999999
-0.6753000000000005,-1.1663500000000004,-0.6273499999999997
-0.61895,-1.114025,-0.655525
-0.5626000000000005,-1.0617000000000005,-0.6836999999999998
-0.6187499999999985,-1.0937499999999991,-0.6962499999999998
-0.7072999999999992,-1.1500999999999995,-0.7042999999999999
-0.753550000000001,-1.1759000000000008,-0.7158749999999996
-0.6972000000000006,-1.1276000000000004,-0.7359999999999998
-0.640850000000001,-1.079300000000001,-0.7561249999999996
-0.6625000000000003,-1.0212499999999995,-0.7079999999999995
-0.7027499999999992,-0.9608750000000013,-0.6436000000000013
-0.7482000000000003,-0.9030999999999997,-0.6208000000000004
-0.8045499999999989,-0.8507750000000011,-0.6851999999999987
-0.8609000000000003,-0.7984499999999998,-0.7496000000000004
-0.9071249999999991,-0.8439999999999986,-0.7869999999999993
-0.9514000000000002,-0.9084000000000003,-0.8192000000000002
-0.9828499999999998,-0.965674999999999,-0.8200500000000012
-0.9909,-1.0099500000000001,-0.7636999999999997
-0.9989499999999998,-1.054224999999999,-0.7073500000000013
-1.0070000000000001,-1.0214999999999999,-0.6264999999999996
-1.01505,-0.9772250000000002,-0.5419750000000004
-1.02155,-0.9918500000000002,-0.5334000000000003
-1.025575,-1.1005249999999993,-0.6460999999999992
-1.0296,-1.2092000000000003,-0.7588000000000003
-1.0771249999999997,-1.2924999999999993,-0.773625
-1.12945,-1.373,-0.7776500000000001
-1.1633499999999999,-1.3865000000000005,-0.7883749999999998
-1.1714,-1.3059999999999998,-0.8085
-1.1794499999999999,-1.2255000000000007,-0.8286249999999998
-1.0675,-1.1975,-0.90875
-0.9467500000000011,-1.1733500000000001,-0.9932749999999992
-0.9358,-1.1851999999999998,-1.0112
-1.0605749999999987,-1.2415499999999995,-0.9468000000000006
-1.1853499999999997,-1.2979,-0.8824000000000001
-1.2558749999999992,-1.2728750000000004,-0.8490000000000003
-1.3243,-1.2447000000000001,-0.8168000000000001
-1.3907999999999994,-1.2550249999999994,-0.8096249999999998
-1.4551999999999998,-1.30735,-0.82975
-1.5196000000000003,-1.3596750000000004,-0.849875
-1.5520000000000005,-1.2999999999999992,-0.8940000000000006
-1.5841999999999996,-1.2396250000000009,-0.9382749999999994
-1.5713000000000004,-1.20795,-0.9559
-1.5149499999999998,-1.203925,-0.94785
-1.4613000000000007,-1.2013000000000007,-0.9401
-1.5136249999999993,-1.2536249999999993,-0.9441249999999999
-1.5659499999999997,-1.3059499999999997,-0.9481499999999999
-1.6269750000000003,-1.340875,-0.9412999999999999
-1.695400000000001,-1.3610000000000002,-0.9251999999999998
-1.7626999999999993,-1.3802249999999998,-0.9093250000000002
-1.8109999999999997,-1.3842499999999998,-0.8972500000000001
-1.8593,-1.388275,-0.885175
-1.8869,-1.3508999999999993,-0.8638999999999998
-1.8989749999999996,-1.2824750000000011,-0.8357250000000005
-1.9005500000000008,-1.2231499999999997,-0.8131499999999997
-1.7918749999999999,-1.259375,-0.849375
-1.683199999999999,-1.2956000000000003,-0.8856000000000004
-1.6496999999999997,-1.3924499999999975,-0.9218249999999993
-1.6658000000000004,-1.5293000000000034,-0.958050000000001
-1.6866499999999998,-1.652375,-0.9919
-1.7430000000000003,-1.6725,-1.0080000000000002
-1.799349999999999,-1.6926249999999996,-1.0240999999999998
-1.8837500000000025,-1.626049999999997,-0.9942999999999986
-1.9843749999999996,-1.5093250000000002,-0.9379500000000002
-2.074199999999999,-1.3884000000000043,-0.879800000000002
-2.1023749999999994,-1.2435000000000032,-0.8113750000000014
-2.13055,-1.0986000000000018,-0.7429500000000009
-2.1025500000000004,-1.1248999999999996,-0.7975749999999995
-2.0462000000000016,-1.2375999999999965,-0.9142999999999963
-2.0021750000000003,-1.343775000000001,-1.0121750000000003
-2.0142499999999997,-1.420249999999999,-1.0242499999999999
-2.026325,-1.4967249999999996,-1.036325
-2.0355999999999996,-1.5228,-0.9868000000000026
-2.04365,-1.526825,-0.9103249999999992
-2.0415000000000005,-1.5266000000000002,-0.8432000000000005
-2.00125,-1.5105000000000002,-0.8110000000000003
-1.9610000000000014,-1.4944000000000006,-0.7788000000000012
-1.9821750000000005,-1.487075,-0.7817000000000002
-2.026449999999999,-1.48305,-0.7977999999999997
-2.0697499999999995,-1.4916999999999996,-0.8090250000000001
-2.1100000000000003,-1.54,-0.805
-2.1502500000000007,-1.5883000000000005,-0.800975
-2.202699999999999,-1.5664500000000008,-0.7420500000000014
-2.2590499999999993,-1.5221750000000005,-0.6655750000000008
-2.2944999999999998,-1.4889,-0.6286999999999999
-2.2743749999999996,-1.484875,-0.6971250000000004
-2.2542500000000003,-1.48085,-0.7655499999999986
-2.196025000000001,-1.5053999999999996,-0.8403249999999991
-2.1276,-1.5375999999999999,-0.9167999999999997
-2.086125,-1.55755,-0.9516249999999996
-2.1062499999999997,-1.5495000000000003,-0.8912500000000012
-2.1263749999999995,-1.5414500000000002,-0.8308750000000007
-2.1597,-1.5334,-0.8134
-2.1959250000000003,-1.52535,-0.80535
-2.22405,-1.5159500000000004,-0.786500000000001
-2.236125,-1.503875,-0.7462500000000005
-2.2481999999999998,-1.4918,-0.7060000000000002
-2.2089,-1.4283499999999998,-0.7685000000000002
-2.160600000000001,-1.3559000000000019,-0.8489999999999981
-2.1196749999999995,-1.308525,-0.9354000000000019
-2.0915000000000004,-1.3045,-1.0319999999999994
-2.063325,-1.300475,-1.1286
-2.05645,-1.2609500000000011,-1.065450000000002
-2.052425,-1.216674999999999,-0.9809249999999985
-2.0356,-1.2651999999999983,-0.9411999999999998
-1.999375,-1.454375,-0.969375
-1.9631500000000008,-1.6435499999999947,-0.9975499999999993
-1.9526499999999998,-1.5975249999999988,-0.9411999999999989
-1.9446,-1.5291000000000006,-0.8768000000000006
-1.938275,-1.47965,-0.831375
-1.9342499999999998,-1.4554999999999998,-0.8112499999999999
-1.9302249999999999,-1.4313499999999995,-0.7911249999999997
-1.8806000000000005,-1.4565999999999997,-0.7824000000000001
-1.828275,-1.484775,-0.7743500000000001
-1.7777999999999998,-1.4851999999999999,-0.7829500000000001
-1.7294999999999994,-1.4529999999999994,-0.8111250000000004
-1.6812000000000005,-1.4208000000000003,-0.8392999999999996
-1.6172000000000002,-1.4003750000000001,-0.8870999999999998
-1.5527999999999997,-1.38025,-0.9354000000000001
-1.5397500000000006,-1.3818500000000005,-0.9520999999999997
-1.5799999999999994,-1.4059999999999997,-0.9360000000000003
-1.6205749999999997,-1.42985,-0.9196000000000004
-1.7131500000000004,-1.4057,-0.8551999999999998
-1.8057250000000011,-1.3815499999999998,-0.7907999999999993
-1.8416000000000003,-1.37,-0.7725999999999996
-1.8255000000000001,-1.37,-0.7967499999999998
-1.8057999999999998,-1.3688,-0.8248000000000002
-1.693100000000003,-1.336600000000001,-0.9535999999999967
-1.580400000000002,-1.3044000000000007,-1.0823999999999978
-1.523325,-1.2410500000000009,-1.1088500000000003
-1.5112500000000004,-1.1525000000000032,-1.052500000000002
-1.5,-1.0746750000000007,-1.0016500000000002
-1.5,-1.1430999999999987,-1.0257999999999996
-1.5,-1.2115249999999993,-1.0499499999999997
-1.483550000000001,-1.2024000000000024,-0.9989000000000039
-1.4553749999999999,-1.1379999999999997,-0.8942499999999993
-1.4224000000000014,-1.0827999999999995,-0.8047999999999991
-1.345925000000001,-1.1109749999999996,-0.8530999999999995
-1.2694500000000029,-1.1391499999999988,-0.9013999999999982
-1.2201999999999997,-1.1995000000000005,-0.9323750000000002
-1.1879999999999995,-1.2800000000000011,-0.9525000000000002
-1.16,-1.340550000000001,-0.9642250000000006
-1.16,-1.268100000000003,-0.9199500000000017
-1.16,-1.1956499999999997,-0.8756749999999998
-1.1938000000000006,-1.1647999999999998,-0.8782000000000003
-1.2461249999999993,-1.15675,-0.9063749999999996
-1.2815500000000022,-1.141550000000002,-0.9248000000000014
-1.2292249999999998,-1.0892249999999999,-0.8926
-1.1768999999999994,-1.0368999999999995,-0.8603999999999996
-1.16,-0.9954750000000006,-0.8690749999999996
-1.16,-0.9592500000000016,-0.8972499999999988
-1.14295,-0.9315500000000001,-0.9277500000000001
-1.0543999999999991,-0.9396000000000001,-0.9680000000000004
-0.9658500000000014,-0.9476499999999999,-1.0082499999999994
-0.9143500000000016,-0.964249999999999,-0.971550000000003
-0.8781249999999999,-0.984375,-0.903125
-0.8509,-1.0054000000000003,-0.8427999999999997
-0.8549249999999999,-1.0295499999999995,-0.8106000000000005
-0.8589499999999998,-1.053699999999999,-0.7784000000000014
-0.8986749999999999,-1.0421500000000001,-0.8027249999999999
-0.9510000000000004,-1.0179999999999998,-0.8470000000000003
-0.9838500000000004,-0.9805250000000015,-0.8769250000000003
-0.9597000000000003,-0.9040500000000009,-0.8648500000000001
-0.9355500000000001,-0.8275750000000003,-0.8527750000000001
-0.8803999999999996,-0.8348000000000002,-0.8872000000000002
-0.8160000000000014,-0.8669999999999993,-0.935499999999999
-0.7826499999999994,-0.8773500000000005,-0.9309000000000017
-0.8269250000000014,-0.8330749999999987,-0.7940499999999957
-0.8712000000000002,-0.7887999999999998,-0.6571999999999995
-0.7897000000000025,-0.7509750000000008,-0.6977249999999982
-0.6770000000000016,-0.7147500000000004,-0.7822499999999988
-0.5732249999999974,-0.679799999999999,-0.8336249999999994
-0.48869999999999975,-0.6475999999999998,-0.8135
-0.40417500000000206,-0.6154000000000007,-0.7933750000000005
-0.5005499999999979,-0.7138499999999981,-0.7565000000000006
-0.6333750000000038,-0.8386250000000035,-0.7162499999999988
-0.7298,-0.9102,-0.6633999999999999
-0.7579749999999993,-0.8820250000000007,-0.5869250000000019
-0.7861499999999996,-0.8538500000000004,-0.5104500000000013
-0.6544749999999958,-0.7735499999999976,-0.5938250000000029
-0.49750000000000005,-0.685,-0.7025
-0.4030500000000001,-0.6162749999999997,-0.7394999999999994
-0.41109999999999985,-0.5800500000000007,-0.6590000000000015
-0.4191500000000002,-0.5438249999999991,-0.5784999999999979
-0.39480000000000004,-0.5148,-0.5412
-0.36662499999999976,-0.4866249999999998,-0.5089999999999998
-0.35494999999999977,-0.47824999999999956,-0.5031999999999993
-0.36702499999999944,-0.49837499999999907,-0.5353999999999984
-0.3791,-0.5185,-0.5675999999999999
-0.38745000000000007,-0.47157499999999974,-0.45824999999999927
-0.39549999999999985,-0.4192500000000011,-0.3375000000000026
-0.3946750000000006,-0.3935499999999996,-0.29662499999999714
-0.38260000000000005,-0.40159999999999996,-0.35699999999999976
-0.37052499999999994,-0.40965,-0.4173750000000002
-0.3353500000000008,-0.4292499999999995,-0.42
-0.2991250000000018,-0.449374999999999,-0.42
-0.29329999999999984,-0.43340000000000034,-0.3972000000000003
-0.32147500000000007,-0.37704999999999983,-0.3488999999999999
-0.3496500000000003,-0.3206999999999994,-0.3005999999999994
-0.36589999999999917,-0.33192499999999936,-0.2960250000000002
-0.38200000000000045,-0.3440000000000003,-0.29199999999999987
-0.3819000000000006,-0.3317750000000012,-0.30822499999999875
-0.3658000000000004,-0.2955500000000009,-0.3444499999999991
-0.3515749999999985,-0.2609749999999991,-0.37880000000000114
-0.43609999999999927,-0.3132999999999996,-0.31440000000000057
-0.520625,-0.36562500000000003,-0.25
-0.5427999999999997,-0.40075000000000016,-0.20709999999999978
-0.5106000000000017,-0.42087499999999894,-0.1829500000000013
-0.4729999999999964,-0.4402000000000001,-0.16020000000000012
-0.33212500000000517,-0.44422499999999987,-0.16422499999999987
-0.19125000000000397,-0.44824999999999987,-0.1682499999999999
-0.1413749999999996,-0.393125000000002,-0.18592499999999945
-0.16149999999999975,-0.29250000000000115,-0.21409999999999968
-0.18064999999999998,-0.2061749999999998,-0.2367500000000001
-0.18870000000000003,-0.28265000000000046,-0.19649999999999979
-0.19674999999999956,-0.3591249999999957,-0.15625000000000228
-0.22400000000000092,-0.37799999999999956,-0.18800000000000183
-0.26425000000000126,-0.3578749999999994,-0.2685000000000025
-0.303599999999999,-0.3386500000000004,-0.32470000000000426
-0.33579999999999927,-0.3265750000000003,-0.1878500000000031
-0.36799999999999955,-0.31450000000000017,-0.05100000000000194
-0.28657500000000086,-0.2670750000000004,0.025249999999999773
-0.13764999999999958,-0.19864999999999983,0.06550000000000011
-0.005400000000001903,-0.14574999999999763,0.10287499999999881
0.026800000000000643,-0.1860000000000008,0.1230000000000004
0.05900000000000091,-0.22625000000000112,0.14312500000000056
0.009050000000003139,-0.2691499999999985,0.15264999999999987
-0.08352499999999764,-0.31342499999999884,0.1566749999999999
-0.16139999999999988,-0.34090000000000087,0.13690000000000227
-0.16944999999999993,-0.2885750000000004,0.004075000000001133
-0.1775,-0.23625,-0.12875
-0.22717499999999574,-0.197800000000002,-0.15057500000000176
-0.29560000000000114,-0.16559999999999947,-0.12239999999999954
-0.33762499999999845,-0.15320000000000164,-0.08514999999999816
-0.2772500000000022,-0.21759999999999763,-0.012700000000002654
-0.2168750000000017,-0.2819999999999982,0.05974999999999796
-0.11589999999999409,-0.23039999999999508,0.10900000000000204
0.0008249999999986601,-0.13380000000000108,0.14924999999999955
0.09,-0.055250000000000056,0.18854999999999988
0.09,-0.035124999999999885,0.22477500000000022
0.09,-0.014999999999999715,0.2610000000000005
0.07487499999999955,-0.08865000000000237,0.2760500000000002
0.0547500000000008,-0.19329999999999586,0.2840999999999997
0.0442999999999995,-0.25172500000000214,0.2717250000000021
0.06040000000000077,-0.18329999999999674,0.2032999999999967
0.07649999999999978,-0.11487500000000098,0.13487500000000097
0.03905000000000029,-0.046450000000000394,0.06645000000000037
-0.013275000000000148,0.021975000000000196,-0.001975000000000199
-0.0595999999999981,0.06280000000000144,-0.03920000000000214
-0.09180000000000063,0.038649999999999525,-0.0029749999999992838
-0.12399999999999864,0.014500000000001022,0.03324999999999847
-0.08742500000000178,-0.022749999999998632,0.03672500000000014
-0.03510000000000133,-0.06299999999999897,0.032700000000000104
-0.021199999999998914,-0.10059999999999945,0.05384999999999876
-0.08559999999999945,-0.13279999999999972,0.12629999999999938
-0.15,-0.165,0.19874999999999998
-0.08860000000000527,-0.115600000000004,0.196400000000001
-0.004074999999998573,-0.05119999999999891,0.18029999999999974
0.05145000000000011,-0.031750000000001555,0.15549999999999897
0.05547499999999985,-0.09212499999999779,0.11525000000000149
0.059499999999999886,-0.1524999999999983,0.07500000000000115
0.06704999999999985,-0.09655000000000143,0.07
0.07509999999999992,-0.02410000000000082,0.07
0.09889999999999986,0.04362499999999983,0.029050000000000298
0.14719999999999686,0.10399999999999608,-0.0755999999999932
0.1955000000000007,0.16437500000000085,-0.1802500000000015
0.10509999999999764,0.08239999999999784,-0.12429999999999836
0.00045000000000414153,-0.014199999999996181,-0.051850000000002866
-0.04300000000000125,-0.12439999999999601,0.03589999999999663
-0.0027500000000009114,-0.2531999999999971,0.14457499999999754
0.03749999999999943,-0.3819999999999982,0.2532499999999985
0.05132499999999993,-0.3182750000000004,0.25622500000000004
0.0633999999999992,-0.2418000000000052,0.25220000000000026
0.059049999999999735,-0.17079999999999929,0.28832500000000094
0.03489999999999952,-0.10639999999999872,0.3728500000000017
0.010750000000001023,-0.04200000000000273,0.4573749999999964
0.08019999999999755,0.034099999999997396,0.3664000000000033
0.15265000000000328,0.11057500000000345,0.26979999999999565
0.024250000000005878,0.1441500000000002,0.21805000000000008
