0.07465000000000001,0.09705000000000001,-0.211975
0.1,0.19,-0.25
0.04930000000000001,0.244925,-0.1824
-0.001399999999999995,0.29985,-0.1148
-0.014649999999999998,0.2879,-0.0793
-0.0062000000000000015,0.23720000000000002,-0.062400000000000004
0.004500000000000011,0.16624999999999998,-0.04099999999999998
0.021400000000000006,0.03949999999999998,-0.007199999999999991
0.0383,-0.08725000000000001,0.0266
0.0286,-0.1532,0.03
0.015924999999999995,-0.21235000000000004,0.03
0.01,-0.22199999999999995,0.016499999999999966
0.01,-0.1882,-0.008849999999999997
0.0008999999999999703,-0.15089999999999998,-0.032100000000000004
-0.05402499999999996,-0.09597500000000003,-0.04477499999999999
-0.10895,-0.041049999999999996,-0.05745
-0.08962499999999995,0.007125000000000034,-0.06675
-0.05160000000000002,0.05359999999999998,-0.0752
-0.015399999999999914,0.09095000000000006,-0.08182500000000001
0.018400000000000034,0.11630000000000004,-0.08605
0.04945000000000001,0.138075,-0.09082499999999999
0.04099999999999998,0.10849999999999993,-0.10350000000000004
0.03254999999999999,0.07892499999999997,-0.11617500000000001
0.0034500000000000086,0.016900000000000012,-0.1023
-0.03457499999999994,-0.05914999999999989,-0.07695000000000003
-0.06700000000000003,-0.1310000000000001,-0.0614
-0.088125,-0.194375,-0.065625
-0.10924999999999997,-0.2577499999999999,-0.06985
-0.12222499999999997,-0.27222499999999994,-0.12297499999999986
-0.13490000000000002,-0.2849,-0.17790000000000003
-0.16019999999999995,-0.27737500000000004,-0.21262499999999998
-0.19400000000000006,-0.25625,-0.23375000000000004
-0.2161,-0.227325,-0.252925
-0.19920000000000002,-0.17240000000000005,-0.2656
-0.18230000000000005,-0.11747500000000013,-0.278275
-0.16904999999999998,-0.040649999999999964,-0.25445
-0.15637499999999996,0.03962500000000027,-0.2248749999999999
-0.14369999999999997,0.08,-0.21630000000000002
-0.13102499999999997,0.08,-0.228975
-0.12384999999999997,0.07505000000000003,-0.23615000000000003
-0.15342499999999992,0.03702500000000007,-0.20657500000000006
-0.18300000000000016,-0.0010000000000001917,-0.17699999999999985
-0.21902499999999983,-0.06482499999999966,-0.19257499999999986
-0.2570500000000001,-0.13665000000000016,-0.22215000000000007
-0.25989999999999996,-0.21015000000000006,-0.248375
-0.20920000000000002,-0.28619999999999995,-0.26949999999999996
-0.16062499999999996,-0.35900000000000004,-0.28762500000000013
-0.18174999999999994,-0.3252000000000001,-0.20735000000000023
-0.20287500000000008,-0.2913999999999999,-0.1270749999999997
-0.2156,-0.23239999999999983,-0.1196000000000001
-0.22404999999999994,-0.16057500000000052,-0.1491749999999998
-0.2225,-0.1125,-0.18875
-0.19715000000000005,-0.12094999999999999,-0.25212499999999993
-0.1718000000000001,-0.1294,-0.31549999999999984
-0.166075,-0.13392500000000002,-0.316075
-0.16185000000000002,-0.13815,-0.31185
-0.16475,-0.12574999999999997,-0.29574999999999996
-0.1732,-0.10039999999999999,-0.2704
-0.15690000000000012,-0.07092500000000004,-0.25659999999999994
-0.03860000000000027,-0.02445000000000011,-0.29039999999999994
0.07969999999999956,0.02202499999999983,-0.3241999999999999
-0.02250000000000052,-0.0890000000000005,-0.40700000000000036
-0.17037499999999905,-0.23264999999999908,-0.49994999999999945
-0.28705,-0.36460000000000004,-0.57535
-0.36732499999999996,-0.4828999999999999,-0.630275
-0.44239999999999996,-0.5864,-0.6764000000000001
-0.4677500000000001,-0.5483749999999998,-0.6383749999999998
-0.49309999999999987,-0.5103500000000002,-0.6003500000000002
-0.41697499999999976,-0.3739249999999996,-0.5869249999999999
-0.3028999999999999,-0.20069999999999982,-0.5827
-0.2437249999999997,-0.10372499999999966,-0.5754250000000001
-0.2817500000000003,-0.14175000000000026,-0.56275
-0.31977499999999986,-0.17977499999999988,-0.5500750000000001
-0.37880000000000025,-0.23040000000000022,-0.5920000000000002
-0.4379500000000002,-0.2811000000000001,-0.6342500000000001
-0.48120000000000007,-0.3424000000000001,-0.66325
-0.515,-0.41000000000000003,-0.684375
-0.5191000000000001,-0.4325000000000001,-0.7121
-0.43882500000000024,-0.32687500000000025,-0.7585749999999999
-0.3585500000000003,-0.22125000000000042,-0.8050499999999998
-0.39152499999999973,-0.26662499999999967,-0.7949000000000002
-0.4380000000000005,-0.3300000000000006,-0.7779999999999998
-0.4644499999999999,-0.3933749999999995,-0.7966999999999996
-0.47289999999999993,-0.45674999999999943,-0.8473999999999995
-0.48202500000000004,-0.5241750000000005,-0.889325
-0.49470000000000003,-0.6129000000000004,-0.8851
-0.5073749999999998,-0.7016249999999988,-0.8808750000000001
-0.5468500000000001,-0.6496499999999998,-0.8934000000000001
-0.593325,-0.5609249999999999,-0.9103
-0.6272,-0.40560000000000024,-0.92
-0.6441,-0.16055000000000053,-0.92
-0.6505000000000005,0.052000000000000934,-0.9294999999999995
-0.4899500000000008,-0.2521999999999986,-1.0900499999999993
-0.329400000000001,-0.5563999999999982,-1.250599999999999
-0.3853000000000015,-0.7611500000000015,-1.2736749999999997
-0.5374000000000012,-0.9217000000000013,-1.2356499999999997
-0.6784999999999988,-1.0148750000000004,-1.1976250000000004
-0.7968000000000006,-0.9683999999999998,-1.1595999999999997
-0.9151000000000005,-0.9219249999999999,-1.121575
-0.9119000000000002,-0.7661000000000023,-1.0997500000000004
-0.90345,-0.6055499999999998,-1.078625
-0.9175,-0.5475,-1.12
-0.947075,-0.560175,-1.2045
-0.97285,-0.56335,-1.2557500000000001
-0.985525,-0.5337750000000001,-1.1923750000000004
-0.9982,-0.5042000000000002,-1.1290000000000004
-0.9492500000000004,-0.5579999999999996,-1.2106249999999994
-0.8900999999999994,-0.6256000000000006,-1.316250000000001
-0.9077250000000008,-0.6828250000000003,-1.3492499999999998
-1.004899999999999,-0.7292999999999995,-1.3070000000000006
-1.0821249999999998,-0.7836500000000005,-1.2731500000000002
-1.0187499999999998,-0.8935000000000004,-1.2985000000000002
-0.9553749999999999,-1.0033500000000002,-1.3238500000000002
-1.0456,-1.0044,-1.282
-1.185025,-0.9706,-1.218625
-1.2634,-0.93845,-1.2080499999999998
-1.2465000000000002,-0.9088750000000001,-1.2798749999999999
-1.2289,-0.8786000000000003,-1.3508
-1.1824249999999996,-0.8194499999999993,-1.3846000000000003
-1.1359500000000005,-0.7603000000000004,-1.4183999999999997
-1.1893749999999992,-0.6983750000000005,-1.3856000000000006
-1.2950000000000008,-0.6349999999999996,-1.3179999999999996
-1.37,-0.6169500000000004,-1.2908250000000003
-1.37,-0.7098999999999989,-1.362649999999999
-1.37,-0.8028500000000003,-1.4344750000000002
-1.3661,-0.8958000000000002,-1.4634
-1.3618750000000002,-0.9887499999999985,-1.4887499999999996
-1.4093499999999999,-1.03,-1.48355
-1.4980749999999998,-1.03,-1.453975
-1.5636,-1.0372,-1.4403999999999997
-1.5298000000000003,-1.0752249999999999,-1.4953249999999998
-1.4959999999999996,-1.1132500000000005,-1.5502500000000006
-1.5039000000000002,-1.1651750000000005,-1.5634750000000002
-1.5208,-1.2200999999999995,-1.5677
-1.52615,-1.2018749999999994,-1.5449749999999998
-1.5177,-1.0962499999999995,-1.4900499999999997
-1.5137499999999995,-0.9951250000000007,-1.4385000000000001
-1.556,-0.9401999999999999,-1.4216
-1.5982500000000002,-0.8852749999999999,-1.4046999999999998
-1.6740499999999985,-0.8882999999999995,-1.442699999999999
-1.762775,-0.91365,-1.50185
-1.8500000000000012,-0.9254999999999999,-1.5625000000000009
-1.9344999999999997,-0.9128250000000001,-1.6258749999999997
-2.0189999999999997,-0.9001500000000001,-1.6892499999999995
-2.0450500000000003,-0.9,-1.6064999999999992
-2.0704000000000002,-0.9,-1.5219999999999994
-2.0616250000000003,-0.9078749999999999,-1.49
-2.03205,-0.9205500000000001,-1.49
-2.0024749999999996,-0.9482750000000003,-1.5061250000000002
-1.9729000000000003,-1.0200999999999991,-1.569499999999999
-1.943325,-1.0919250000000003,-1.632875
-1.9175,-1.1,-1.57625
-1.89215,-1.1,-1.5044250000000001
-1.8931999999999998,-1.0868000000000002,-1.4370000000000003
-1.9185499999999998,-1.0614500000000002,-1.3736250000000003
-1.9445499999999998,-1.0484499999999997,-1.3252
-1.9741249999999997,-1.1033749999999996,-1.3589999999999998
-2.0036999999999994,-1.1582999999999994,-1.3927999999999996
-2.0332749999999997,-1.1134750000000007,-1.3734000000000002
-2.0628499999999996,-1.0416500000000009,-1.3396000000000003
-2.0871,-0.9929000000000002,-1.321775
-2.1040000000000005,-0.9759999999999996,-1.326
-2.1215749999999995,-0.963374999999999,-1.336749999999998
-2.1511499999999995,-1.026749999999999,-1.463499999999998
-2.1807250000000002,-1.0901250000000011,-1.590250000000002
-2.1957999999999998,-1.0723000000000011,-1.6213000000000002
-2.20425,-1.0173749999999993,-1.608625
-2.2410500000000013,-0.9786499999999999,-1.5891999999999997
-2.3382249999999978,-0.9744250000000001,-1.5554000000000008
-2.435400000000001,-0.9702,-1.5215999999999996
-2.444025,-0.9901250000000001,-1.4918249999999997
-2.44825,-1.0112499999999995,-1.4622500000000007
-2.4227749999999997,-1.01505,-1.4326749999999997
-2.3762999999999996,-1.0066,-1.4030999999999998
-2.340925,-1.0074,-1.4003500000000002
-2.34515,-1.0412000000000001,-1.4933
-2.349375,-1.0750000000000002,-1.5862500000000002
-2.3644000000000003,-1.0584,-1.5172000000000003
-2.3813,-1.03305,-1.4200250000000003
-2.3818,-1.0425499999999999,-1.3577000000000001
-2.3649,-1.0890249999999997,-1.3323500000000001
-2.346,-1.1394999999999993,-1.3169999999999997
-2.3122000000000003,-1.2197749999999994,-1.3761499999999995
-2.2784000000000004,-1.3000499999999993,-1.4352999999999994
-2.27635,-1.2755500000000006,-1.4087250000000007
-2.2847999999999997,-1.2164000000000006,-1.3538000000000008
-2.2818750000000003,-1.1426250000000013,-1.349249999999999
-2.26075,-1.0454499999999982,-1.4253000000000013
-2.2408249999999996,-0.949925,-1.4998500000000001
-2.287300000000001,-0.9456999999999999,-1.4913999999999998
-2.3337750000000006,-0.9414749999999998,-1.4829499999999998
-2.35,-0.9647499999999992,-1.4222500000000018
-2.35,-1.0027750000000004,-1.333524999999999
-2.3379999999999996,-1.0360000000000003,-1.2796000000000003
-2.295750000000001,-1.0571249999999996,-1.3133999999999992
-2.2535,-1.0782500000000002,-1.3472000000000004
-2.3003750000000003,-1.1226250000000004,-1.3771250000000002
-2.3552999999999984,-1.1690999999999987,-1.4066999999999992
-2.3288499999999996,-1.1039749999999993,-1.4665000000000004
-2.2359,-0.9476499999999995,-1.5510000000000002
-2.16,-0.819225,-1.6300750000000002
-2.16,-0.815,-1.685
-2.16,-0.810775,-1.739925
-2.12895,-0.9893999999999994,-1.6603000000000003
-2.090925,-1.2090999999999992,-1.5504500000000005
-2.0870999999999995,-1.2901000000000005,-1.4729
-2.1251249999999997,-1.2013750000000007,-1.4348750000000001
-2.1568500000000004,-1.111600000000001,-1.3979000000000001
-2.118825,-1.010200000000001,-1.3725500000000002
-2.0808000000000004,-0.9088000000000012,-1.3472000000000004
-1.9883250000000012,-0.9283999999999992,-1.3188250000000004
-1.8742500000000015,-0.9959999999999991,-1.2892500000000005
-1.8059000000000003,-1.0488500000000005,-1.2965500000000014
-1.8228000000000004,-1.0742000000000005,-1.3726000000000014
-1.8397,-1.0995499999999996,-1.4486499999999987
-1.898100000000001,-1.0750999999999997,-1.4666000000000001
-1.9572500000000008,-1.0497499999999997,-1.4835000000000003
-1.9540000000000008,-1.0296000000000003,-1.5159999999999991
-1.9117499999999994,-1.0127,-1.5582500000000006
-1.8736999999999997,-0.9800499999999992,-1.5868499999999999
-1.8483500000000006,-0.8997750000000021,-1.5741750000000003
-1.823,-0.8194999999999996,-1.5614999999999999
-1.8460750000000001,-0.9031250000000006,-1.6158750000000004
-1.87565,-1.0087500000000005,-1.6792500000000001
-1.87695,-1.0186749999999998,-1.6643249999999998
-1.8516,-0.9383999999999999,-1.5756
-1.826875,-0.8674999999999999,-1.5
-1.8057500000000002,-0.8506,-1.5
-1.7846250000000001,-0.8337,-1.5
-1.7866,-0.8432,-1.4637000000000002
-1.79505,-0.8600999999999999,-1.4172250000000002
-1.7930000000000001,-0.8630000000000001,-1.4092499999999997
-1.7761000000000002,-0.8461000000000001,-1.4557249999999995
-1.756000000000001,-0.8311999999999997,-1.5004
-1.6715000000000009,-0.8565499999999997,-1.50885
-1.5869999999999982,-0.8819000000000006,-1.5173
-1.4881250000000015,-0.8785000000000003,-1.5401249999999997
-1.3825000000000016,-0.8616000000000003,-1.5696999999999997
-1.3365000000000016,-0.8804750000000017,-1.5833749999999998
-1.4209999999999985,-0.9776499999999984,-1.5622500000000004
-1.5055000000000012,-1.0748250000000015,-1.5411249999999996
-1.5500000000000007,-0.9399999999999981,-1.544
-1.5922499999999993,-0.7921250000000032,-1.548225
-1.5340499999999986,-0.7079499999999996,-1.5573500000000002
-1.4030749999999987,-0.6699249999999997,-1.5700250000000002
-1.2946000000000006,-0.6408999999999999,-1.564700000000002
-1.2692499999999998,-0.6451250000000001,-1.4928749999999995
-1.2438999999999998,-0.6493500000000001,-1.4210499999999995
-1.268599999999999,-0.7250749999999974,-1.4135749999999998
-1.3024000000000002,-0.8138000000000002,-1.4178
-1.29165,-0.8458249999999999,-1.3896249999999999
-1.232500000000002,-0.816250000000001,-1.3262500000000021
-1.1762,-0.7938,-1.2766499999999998
-1.1424,-0.8275999999999999,-1.3357999999999999
-1.1086000000000014,-0.8613999999999987,-1.3949499999999977
-1.0748000000000002,-0.8007000000000005,-1.4477999999999998
-1.0410000000000004,-0.7077500000000007,-1.4984999999999997
-1.0375999999999996,-0.6484000000000001,-1.5172000000000003
-1.084075000000001,-0.6441749999999999,-1.4833999999999992
-1.1306499999999993,-0.6391000000000009,-1.4498000000000002
-1.1855749999999994,-0.5630500000000009,-1.4329
-1.240500000000001,-0.4869999999999985,-1.4159999999999995
-1.175525000000002,-0.47634999999999966,-1.407275
-1.0445499999999976,-0.5017000000000005,-1.40305
-0.9041749999999973,-0.5446750000000015,-1.4
-0.7394000000000032,-0.6333999999999983,-1.4
-0.5746249999999978,-0.7221250000000011,-1.4
-0.625450000000001,-0.8185500000000012,-1.3537999999999992
-0.6972749999999983,-0.9157249999999978,-1.3031000000000013
-0.8082000000000014,-0.8610999999999982,-1.2592999999999996
-0.9518500000000012,-0.6794249999999985,-1.2212749999999997
-1.0527500000000027,-0.5075000000000035,-1.1937499999999994
-0.9555749999999995,-0.38074999999999937,-1.2148750000000001
-0.8583999999999996,-0.2539999999999995,-1.236
-0.7817750000000022,-0.2984999999999974,-1.1646500000000028
-0.70995,-0.3830000000000001,-1.0716999999999999
-0.623125,-0.4825,-1.010625
-0.5175000000000037,-0.6007999999999958,-0.9895000000000007
-0.4255249999999998,-0.7161749999999998,-0.9748749999999998
-0.4973499999999997,-0.7964499999999997,-1.0382499999999997
-0.5691749999999995,-0.8767249999999995,-1.1016249999999999
-0.5990000000000003,-0.7919999999999959,-1.0839999999999987
-0.6116749999999999,-0.6399000000000012,-1.0333000000000006
-0.6011500000000005,-0.4921500000000014,-1.039149999999999
-0.5462249999999987,-0.35272499999999685,-1.1532250000000026
-0.4913000000000007,-0.21330000000000168,-1.2672999999999985
-0.5064999999999997,-0.2636249999999993,-1.1792500000000012
-0.5234000000000003,-0.31855000000000105,-1.0862999999999983
-0.5737749999999988,-0.3914999999999986,-0.9907750000000016
-0.6456000000000012,-0.4760000000000014,-0.8935999999999984
-0.6774499999999986,-0.5112999999999983,-0.8282000000000005
-0.5845000000000018,-0.3930000000000024,-0.8619999999999993
-0.4915499999999989,-0.27469999999999856,-0.8958000000000004
-0.45409999999999967,-0.28960000000000036,-0.9148000000000002
-0.4245250000000007,-0.3233999999999992,-0.9316999999999995
-0.43365000000000037,-0.35935000000000034,-0.9206499999999996
-0.4801250000000003,-0.39737500000000026,-0.8826249999999997
-0.5122000000000015,-0.42400000000000115,-0.8535999999999992
-0.45727499999999976,-0.3817499999999998,-0.8789500000000001
-0.4023499999999999,-0.3394999999999999,-0.9043000000000001
-0.46859999999999674,-0.33654999999999974,-0.8903500000000009
-0.5700000000000001,-0.345,-0.865
-0.5868749999999966,-0.3085999999999967,-0.8206749999999977
-0.4812500000000003,-0.20720000000000027,-0.7488500000000002
-0.38122500000000087,-0.1149000000000035,-0.6807000000000005
-0.41079999999999983,-0.23319999999999935,-0.6975999999999999
-0.4403749999999988,-0.35149999999999526,-0.7144999999999992
-0.40155000000000063,-0.32730000000000076,-0.7029000000000002
-0.32972499999999827,-0.23434999999999778,-0.6775499999999994
-0.29039999999999966,-0.15960000000000038,-0.6392000000000008
-0.3242000000000007,-0.12579999999999927,-0.5715999999999986
-0.35799999999999954,-0.09200000000000046,-0.5040000000000009
-0.3361500000000012,-0.07012500000000102,-0.539749999999998
-0.3108000000000004,-0.04900000000000034,-0.5819999999999993
-0.33395000000000097,-0.11032500000000198,-0.5781749999999993
-0.3930999999999989,-0.2328499999999977,-0.5401500000000007
-0.43474999999999964,-0.33700000000000047,-0.5108750000000001
-0.40940000000000054,-0.37079999999999924,-0.5150999999999999
-0.3840499999999997,-0.40460000000000035,-0.519325
-0.31255000000000194,-0.30705000000000293,-0.4809500000000011
-0.23227499999999934,-0.184524999999999,-0.4344749999999996
-0.14399999999999608,-0.06399999999999526,-0.3599999999999957
-0.046824999999999485,0.054300000000000626,-0.2543749999999994
0.030100000000002763,0.1465000000000038,-0.1653999999999985
-0.06285000000000024,0.019749999999999657,-0.21610000000000015
-0.155799999999997,-0.10699999999999592,-0.26679999999999837
-0.12375,-0.09625,-0.258125
-0.04769999999999754,-0.03709999999999809,-0.22854999999999903
0.025199999999999806,0.007874999999999945,-0.23047499999999985
0.09279999999999745,0.028999999999999207,-0.28539999999999793
0.15907500000000083,0.04965000000000033,-0.34004999999999996
0.0027499999999958114,-0.009500000000001577,-0.34850000000000025
-0.15357499999999874,-0.06864999999999952,-0.35694999999999993
-0.2829000000000027,-0.07919999999999959,-0.4032000000000016
-0.39697499999999875,-0.06230000000000018,-0.4707999999999993
-0.47310000000000113,-0.0718499999999963,-0.5222999999999997
-0.4477500000000003,-0.1521249999999989,-0.5307499999999999
-0.4223999999999995,-0.2324000000000015,-0.5392000000000002
-0.3511500000000012,-0.28589999999999915,-0.42142500000000216
-0.2750999999999988,-0.3366000000000008,-0.2904499999999979
-0.1854000000000019,-0.35545000000000015,-0.16857500000000217
-0.08400000000000546,-0.3470000000000005,-0.05450000000000615
-0.01377499999999826,-0.3313000000000011,0.05449999999999819
-0.09405000000000087,-0.28059999999999946,0.1390000000000009
-0.17432500000000345,-0.22989999999999783,0.22350000000000364
-0.15259999999999962,-0.13499999999999915,0.13799999999999898
-0.10612500000000125,-0.029375000000002843,0.01125000000000341
-0.07444999999999993,0.0873500000000007,-0.0674000000000001
-0.061774999999999525,0.21832500000000493,-0.08430000000000064
-0.04519999999999981,0.34120000000000006,-0.10180000000000007
0.022400000000002362,0.3581000000000006,-0.1271500000000009
0.09,0.375,-0.1525
0.08620000000000119,0.219350000000008,-0.16297499999999987
0.052400000000000085,-0.008799999999999392,-0.1672
0.008624999999998134,-0.14432499999999862,-0.15004999999999824
-0.05474999999999966,-0.09785000000000026,-0.09090000000000031
-0.1181250000000017,-0.051374999999998755,-0.031749999999998404
-0.038000000000000686,-0.025400000000000207,-0.04229999999999989
0.046499999999996364,-5.000000000109257e-05,-0.054974999999999455
0.05450000000000045,-0.0129499999999996,-0.0880499999999995
0.012249999999999091,-0.050975000000000825,-0.134525000000001
-0.03599999999999909,-0.06600000000000081,-0.16700000000000018
-0.10360000000000126,-0.006849999999998899,-0.15432499999999977
-0.1711999999999989,0.05229999999999904,-0.14165000000000022
-0.11017500000000412,0.09307499999999805,-0.13632500000000022
-0.02990000000000151,0.13109999999999927,-0.13210000000000008
-0.011250000000000565,0.16700000000000045,-0.11937499999999972
-0.05349999999999909,0.20079999999999928,-0.09825000000000046
-0.08654999999999972,0.2184999999999991,-0.07482499999999959
-0.061200000000000615,0.13400000000000206,-0.036800000000000915
-0.03584999999999979,0.04949999999999932,0.0012250000000003074
-0.01375000000000057,-0.04799999999999727,-0.0387499999999983
0.007375000000000114,-0.14940000000000053,-0.10212500000000035
0.009799999999999046,-0.1810999999999973,-0.16890000000000271
-0.01555000000000007,-0.10927499999999979,-0.2407250000000002
-0.03805000000000178,-0.0338500000000056,-0.30745000000000233
0.016875,0.139375,-0.235625
0.07180000000000177,0.3126000000000056,-0.1637999999999977
0.09564999999999997,0.3474000000000001,-0.11175000000000013
0.10410000000000025,0.313599999999999,-0.06949999999999876
0.09215000000000033,0.25812500000000055,-0.03235000000000013
0.03300000000000239,0.15250000000000424,-0.007000000000001023
-0.02614999999999952,0.046875000000000853,0.018349999999999797
-0.06555000000000091,-0.023200000000001636,0.035800000000000415
-0.10357499999999958,-0.09079999999999927,0.052699999999999816
-0.11039999999999964,-0.07199999999999819,0.07200000000000045
-0.09350000000000022,0.01249999999999886,0.09312499999999971
-0.08339999999999918,0.07320000000000164,0.10660000000000082
-0.10029999999999972,0.039400000000000546,0.08970000000000028
-0.11720000000000026,0.005599999999999454,0.07279999999999974
-0.13057499999999975,-0.059924999999998646,0.06295000000000016
-0.14325000000000015,-0.13175000000000098,0.05449999999999989
-0.11247500000000171,-0.15222500000000083,0.038150000000000545
-0.03220000000000454,-0.11420000000000216,0.012800000000001433
0.04382500000000164,-0.07362499999999728,-0.01170000000000073
0.08185000000000031,-0.010249999999999496,-0.02860000000000014
0.11987499999999898,0.0531249999999983,-0.04549999999999955
0.11449999999999988,0.07620000000000005,-0.046899999999999976
0.09337500000000062,0.08464999999999975,-0.04267500000000013
0.07379999999999995,0.07139999999999987,-0.05860000000000014
