-0.1096,-0.13795000000000002,-0.26125000000000004
-0.16,-0.16,-0.34
-0.1474,0.013249999999999929,-0.3022
-0.1348,0.18649999999999994,-0.2644
-0.12219999999999999,0.35975000000000007,-0.2266
-0.10180000000000002,0.3822,-0.21480000000000002
-0.07974999999999999,0.37274999999999997,-0.2085
-0.057699999999999994,0.3633,-0.20220000000000002
-0.03359999999999999,0.32925,-0.18155
-0.008399999999999998,0.282,-0.1532
0.016799999999999995,0.23475,-0.12485
0.033,0.1799999999999999,-0.09649999999999997
0.0393,0.11700000000000002,-0.06815000000000002
0.04560000000000001,0.05399999999999995,-0.039799999999999974
0.043350000000000014,-0.015649999999999914,-0.01620000000000001
0.021299999999999996,-0.10070000000000004,-0.0035999999999999956
-0.0007499999999999729,-0.18574999999999992,0.008999999999999985
-0.0212,-0.2612,0.016799999999999995
-0.030650000000000014,-0.27065,-0.008400000000000032
-0.0401,-0.2801,-0.03359999999999999
-0.04955000000000001,-0.28955,-0.058800000000000026
-0.06199999999999999,-0.19100000000000003,-0.072
-0.07460000000000001,-0.0870499999999999,-0.08460000000000001
-0.08719999999999999,0.016899999999999908,-0.0972
-0.07039999999999992,0.09145000000000023,-0.09264999999999998
-0.04519999999999996,0.1576000000000001,-0.0832
-0.02,0.22375,-0.07375000000000001
-0.00240000000000002,0.23480000000000004,-0.07949999999999999
0.010200000000000028,0.20959999999999995,-0.09525000000000004
0.02280000000000001,0.18439999999999998,-0.11100000000000002
0.009750000000000036,0.1322000000000001,-0.12135
-0.037499999999999895,0.04400000000000022,-0.1245
-0.08475000000000008,-0.044200000000000156,-0.12765
-0.12079999999999999,-0.1252,-0.13640000000000002
-0.12394999999999999,-0.1850499999999999,-0.16159999999999997
-0.12710000000000002,-0.24490000000000015,-0.18680000000000008
-0.13200000000000003,-0.30125,-0.21125
-0.15719999999999998,-0.31699999999999995,-0.22699999999999998
-0.18239999999999995,-0.33274999999999993,-0.24274999999999997
-0.20760000000000003,-0.34850000000000003,-0.25850000000000006
-0.21284999999999998,-0.32434999999999997,-0.2429
-0.216,-0.29600000000000004,-0.22400000000000003
-0.21914999999999998,-0.2676500000000001,-0.20510000000000006
-0.23150000000000004,-0.25079999999999997,-0.22530000000000006
-0.24724999999999991,-0.23820000000000008,-0.2599499999999998
-0.263,-0.22560000000000002,-0.2945999999999999
-0.29974999999999985,-0.23399999999999993,-0.31525
-0.35330000000000006,-0.2592,-0.3247
-0.40684999999999966,-0.2843999999999998,-0.33414999999999995
-0.4243999999999999,-0.2819999999999998,-0.32079999999999986
-0.3834500000000002,-0.23475000000000018,-0.2704000000000002
-0.3425,-0.1875,-0.22
-0.3035000000000002,-0.14610000000000012,-0.17610000000000015
-0.2720000000000001,-0.12720000000000006,-0.15720000000000006
-0.24049999999999996,-0.10829999999999998,-0.13829999999999998
-0.20989999999999998,-0.08899999999999984,-0.12170000000000025
-0.20675000000000002,-0.05750000000000006,-0.17524999999999985
-0.2036,-0.02599999999999994,-0.2288000000000001
-0.20045000000000002,0.00549999999999983,-0.2823499999999997
-0.24049999999999994,-0.09529999999999983,-0.30619999999999997
-0.2877499999999996,-0.21814999999999896,-0.32509999999999983
-0.33499999999999974,-0.34099999999999947,-0.3439999999999999
-0.40159999999999996,-0.42084999999999995,-0.35645
-0.47720000000000024,-0.4807000000000002,-0.3659
-0.5527999999999997,-0.5405499999999998,-0.37534999999999996
-0.5548,-0.5284,-0.3896
-0.48550000000000043,-0.44650000000000056,-0.40849999999999986
-0.4162000000000002,-0.3646000000000002,-0.42739999999999995
-0.37315,-0.2816499999999999,-0.44105
-0.38260000000000005,-0.19659999999999955,-0.44420000000000004
-0.39205,-0.11155000000000015,-0.44735
-0.399,-0.03849999999999998,-0.44649999999999995
-0.39270000000000005,-0.029050000000000048,-0.4244500000000001
-0.3864,-0.019600000000000006,-0.40240000000000004
-0.38010000000000005,-0.010150000000000077,-0.3803500000000002
-0.3149000000000003,-0.16809999999999936,-0.4264999999999998
-0.24875000000000003,-0.32875,-0.47375
-0.18259999999999973,-0.48940000000000067,-0.5210000000000002
-0.2770999999999996,-0.5302,-0.5351
-0.4094000000000001,-0.5428000000000001,-0.5414
-0.5416999999999992,-0.5554,-0.5477
-0.5760000000000001,-0.5100000000000002,-0.534
-0.5539499999999999,-0.4312499999999999,-0.5087999999999999
-0.5319000000000002,-0.3525000000000004,-0.48360000000000014
-0.4750499999999991,-0.3535000000000009,-0.4975500000000006
-0.37739999999999974,-0.4480000000000003,-0.5574000000000001
-0.27975000000000044,-0.5424999999999995,-0.6172499999999997
-0.21809999999999966,-0.6387999999999988,-0.6537000000000003
-0.24645000000000009,-0.7396000000000004,-0.6316499999999999
-0.2747999999999999,-0.8403999999999997,-0.6096
-0.30805000000000005,-0.9258000000000001,-0.5913999999999999
-0.3804999999999995,-0.8880000000000003,-0.6039999999999999
-0.45295000000000063,-0.8501999999999997,-0.6166000000000001
-0.5254000000000001,-0.8124,-0.6292
-0.5535999999999999,-0.6330000000000011,-0.6211500000000001
-0.5787999999999996,-0.4440000000000025,-0.6117000000000001
-0.6040000000000001,-0.25499999999999956,-0.60225
-0.5451999999999995,-0.22680000000000014,-0.6912000000000007
-0.46015000000000006,-0.24885,-0.8108999999999998
-0.3751000000000007,-0.27089999999999986,-0.930599999999999
-0.37885000000000046,-0.42060000000000175,-0.9707499999999999
-0.44500000000000006,-0.66,-0.9550000000000001
-0.5111499999999995,-0.8993999999999983,-0.9392500000000001
-0.5720999999999993,-1.064699999999999,-0.9222000000000004
-0.62565,-1.1245500000000002,-0.9033
-0.6791999999999997,-1.1843999999999997,-0.8844000000000001
-0.7349999999999991,-1.2015000000000016,-0.8819999999999993
-0.7980000000000002,-1.0817999999999999,-0.9324000000000001
-0.8609999999999997,-0.9621000000000006,-0.9827999999999998
-0.9220000000000004,-0.8393999999999984,-1.029
-0.9535000000000001,-0.6724499999999995,-1.01325
-0.9849999999999999,-0.5055000000000007,-0.9975
-1.0165000000000004,-0.3385499999999982,-0.9817499999999998
-0.9639999999999997,-0.35360000000000014,-1.0528000000000004
-0.9010000000000002,-0.39139999999999986,-1.1346999999999996
-0.8380000000000006,-0.4291999999999996,-1.216599999999999
-0.8064999999999999,-0.5975000000000009,-1.2557500000000001
-0.7876000000000001,-0.8179999999999994,-1.2778
-0.7687000000000002,-1.0384999999999978,-1.2998499999999997
-0.7871999999999991,-1.1875999999999984,-1.2573000000000016
-0.8375999999999999,-1.2757999999999998,-1.1596500000000003
-0.8879999999999996,-1.3639999999999992,-1.062000000000001
-0.9464500000000005,-1.3843499999999993,-1.0092
-1.0189,-1.2867000000000002,-1.0344
-1.091350000000001,-1.1890499999999986,-1.0596000000000003
-1.1481999999999999,-1.0679999999999985,-1.0860000000000003
-1.13875,-0.8475000000000001,-1.1175
-1.1293000000000002,-0.6270000000000016,-1.1489999999999998
-1.1207499999999995,-0.41249999999999776,-1.1835499999999968
-1.1680000000000001,-0.5700000000000002,-1.4072
-1.2152499999999997,-0.727499999999999,-1.6308499999999986
-1.2624999999999993,-0.8849999999999979,-1.854499999999997
-1.2196500000000012,-0.9841999999999982,-1.7045000000000043
-1.1598000000000004,-1.0723999999999996,-1.484000000000001
-1.0999500000000009,-1.1605999999999987,-1.2635000000000027
-1.0821,-1.2572,-1.1879
-1.08525,-1.3579999999999994,-1.18475
-1.0884,-1.458800000000001,-1.1816
-1.1442500000000004,-1.4696999999999998,-1.2125500000000002
-1.2544999999999997,-1.3878000000000004,-1.2786999999999997
-1.3647499999999988,-1.305900000000001,-1.3448499999999992
-1.4620000000000002,-1.2279999999999998,-1.392
-1.5312999999999997,-1.1587000000000003,-1.3982999999999999
-1.6005999999999991,-1.0894000000000008,-1.4045999999999998
-1.6653999999999993,-1.0196500000000013,-1.4082000000000001
-1.7031999999999998,-0.9472000000000002,-1.3956
-1.7409999999999997,-0.8747500000000007,-1.3830000000000002
-1.7787999999999995,-0.8023000000000012,-1.3704000000000003
-1.7007000000000019,-0.7847500000000004,-1.330350000000001
-1.6188000000000007,-0.7690000000000001,-1.2894000000000003
-1.5368999999999995,-0.7532499999999999,-1.2484499999999996
-1.5225,-0.87,-1.2650000000000001
-1.52565,-1.021199999999999,-1.2964999999999998
-1.5288000000000002,-1.1724000000000012,-1.3280000000000003
-1.53,-1.3002,-1.4160500000000003
-1.53,-1.4135999999999993,-1.5388999999999993
-1.53,-1.5269999999999986,-1.6617499999999983
-1.5902000000000003,-1.5535999999999999,-1.7062
-1.7256499999999992,-1.4717000000000005,-1.6526500000000004
-1.8610999999999982,-1.389800000000001,-1.5991000000000006
-1.9676500000000001,-1.3147,-1.5480999999999998
-1.9959999999999998,-1.2580000000000002,-1.5040000000000002
-2.0243499999999996,-1.2013000000000007,-1.4599000000000004
-2.0445999999999995,-1.1481999999999999,-1.4209
-1.9879000000000002,-1.1293,-1.43035
-1.9312000000000007,-1.1104000000000003,-1.4397999999999997
-1.8745000000000012,-1.0915000000000004,-1.4492499999999997
-1.8787000000000003,-1.1016000000000004,-1.5225000000000015
-1.8881500000000002,-1.1142,-1.601250000000001
-1.8976,-1.1268,-1.6800000000000004
-1.9705,-1.1065,-1.66005
-2.064999999999999,-1.0750000000000002,-1.6065000000000005
-2.1594999999999986,-1.0435000000000005,-1.552950000000001
-2.2108,-1.055199999999999,-1.486800000000002
-2.2296999999999993,-1.0992999999999986,-1.4112000000000025
-2.2486,-1.1434000000000002,-1.3355999999999995
-2.2474999999999996,-1.16125,-1.2625
-2.216,-1.1392000000000002,-1.1932000000000005
-2.1845000000000003,-1.1171500000000003,-1.123900000000001
-2.1614,-1.1077000000000001,-1.0805
-2.1677,-1.1423499999999998,-1.1277499999999998
-2.174,-1.1769999999999996,-1.1749999999999994
-2.178050000000001,-1.20985,-1.2211999999999994
-2.1370999999999993,-1.2066999999999999,-1.2464000000000004
-2.0961499999999997,-1.20355,-1.2716000000000003
-2.0551999999999997,-1.2004,-1.2968000000000002
-2.0252499999999998,-1.2082499999999998,-1.3247499999999999
-1.9969000000000003,-1.2176999999999998,-1.3530999999999995
-1.9685500000000005,-1.2271499999999997,-1.3814499999999994
-1.9731999999999994,-1.1970000000000012,-1.3548000000000013
-1.9920999999999998,-1.1497500000000005,-1.3044000000000004
-2.011,-1.1024999999999998,-1.2539999999999998
-2.0629,-1.0899,-1.24155
-2.144800000000001,-1.1088000000000002,-1.2636000000000003
-2.2267,-1.1277000000000001,-1.2856500000000002
-2.2954,-1.1509999999999998,-1.3055
-2.3394999999999992,-1.1824999999999997,-1.3212499999999998
-2.383599999999999,-1.2139999999999995,-1.3369999999999997
-2.4051500000000017,-1.2367000000000004,-1.3489000000000002
-2.3200999999999987,-1.2177999999999998,-1.3426
-2.2350499999999993,-1.1988999999999999,-1.3363
-2.15,-1.18,-1.33
-2.1122,-1.1453500000000003,-1.3677999999999997
-2.0744000000000002,-1.1107000000000005,-1.4055999999999995
-2.0366000000000004,-1.0760500000000008,-1.4433999999999991
-2.0975999999999977,-1.1531999999999971,-1.4396000000000002
-2.179499999999997,-1.2539999999999965,-1.4270000000000005
-2.2614,-1.3548,-1.4143999999999999
-2.2695000000000003,-1.3346500000000003,-1.3813000000000002
-2.2380000000000004,-1.2496000000000012,-1.3372000000000006
-2.2065000000000006,-1.1645500000000018,-1.2931000000000008
-2.178000000000001,-1.1244999999999998,-1.2774999999999996
-2.1527999999999996,-1.13395,-1.2932500000000002
-2.1275999999999997,-1.1434,-1.3090000000000002
-2.10145,-1.1765999999999996,-1.3067000000000002
-2.0731,-1.264799999999999,-1.2626000000000004
-2.044749999999999,-1.3530000000000024,-1.2184999999999988
-2.024400000000001,-1.4255999999999993,-1.1787999999999998
-2.0590500000000005,-1.3909499999999995,-1.16935
-2.0937,-1.3562999999999998,-1.1599
-2.1283499999999997,-1.3216500000000002,-1.15045
-2.151,-1.1430000000000018,-1.2219999999999993
-2.17305,-0.957150000000003,-1.2975999999999988
-2.1951000000000005,-0.771299999999996,-1.3732000000000015
-2.1485499999999993,-0.7692000000000008,-1.4267500000000006
-2.0824,-0.8196000000000003,-1.4740000000000004
-2.01625,-0.87,-1.52125
-1.9615000000000005,-0.9450999999999994,-1.4963000000000006
-1.9142500000000007,-1.0364499999999985,-1.4238500000000012
-1.867000000000001,-1.127799999999998,-1.3514000000000017
-1.8588999999999989,-1.2339999999999964,-1.31135
-1.9030000000000005,-1.3600000000000012,-1.3145
-1.9471,-1.4860000000000002,-1.31765
-1.9871999999999999,-1.5384000000000009,-1.3128000000000002
-2.0155499999999997,-1.3746000000000023,-1.2844500000000003
-2.0438999999999994,-1.2108000000000034,-1.2561000000000007
-2.07,-1.0642499999999986,-1.2344999999999984
-2.07,-1.1177999999999981,-1.2911999999999981
-2.07,-1.1713499999999977,-1.3478999999999977
-2.07,-1.2248999999999999,-1.4045999999999996
-2.0073000000000008,-1.1958000000000004,-1.4755499999999993
-1.9380000000000013,-1.1580000000000008,-1.5479999999999987
-1.8687000000000018,-1.120200000000001,-1.6204499999999982
-1.8937000000000008,-1.0892999999999997,-1.6538000000000002
-1.9535500000000003,-1.0609499999999998,-1.6727
-2.0134,-1.0326000000000002,-1.6916
-2.0207500000000005,-1.0060000000000002,-1.6265000000000012
-1.986099999999999,-0.9807999999999992,-1.4941999999999962
-1.9514499999999992,-0.9555999999999994,-1.3618999999999972
-1.905999999999999,-0.9772000000000014,-1.2836
-1.8429999999999995,-1.0748500000000007,-1.29305
-1.78,-1.1724999999999999,-1.3025
-1.73325,-1.2526,-1.30675
-1.7489999999999997,-1.2651999999999999,-1.2910000000000004
-1.7647499999999996,-1.2777999999999998,-1.2752500000000004
-1.782099999999998,-1.2859000000000038,-1.2616999999999985
-1.8482500000000006,-1.1567499999999988,-1.3152500000000005
-1.9144,-1.0275999999999998,-1.3688
-1.9805499999999996,-0.8984500000000007,-1.4223499999999996
-1.9468000000000008,-0.8880999999999999,-1.4623999999999995
-1.896400000000001,-0.8975499999999998,-1.5001999999999993
-1.8460000000000014,-0.9069999999999998,-1.537999999999999
-1.728950000000005,-0.91,-1.5091500000000022
-1.5809000000000062,-0.91,-1.4493000000000025
-1.4328500000000006,-0.91,-1.3894500000000003
-1.3328000000000007,-1.0075999999999978,-1.3807999999999996
-1.279250000000001,-1.1997499999999965,-1.4217499999999994
-1.2257000000000013,-1.3918999999999953,-1.462699999999999
-1.2141499999999976,-1.4811500000000037,-1.459550000000003
-1.2866000000000004,-1.3645999999999994,-1.3681999999999994
-1.3590499999999999,-1.24805,-1.27685
-1.4259999999999995,-1.1350000000000007,-1.1955000000000002
-1.463800000000001,-1.040499999999997,-1.1671499999999992
-1.5016000000000007,-0.945999999999998,-1.1387999999999994
-1.5394000000000005,-0.8514999999999986,-1.1104499999999997
-1.4934999999999996,-0.9027000000000004,-1.1906000000000008
-1.44625,-0.95625,-1.2725000000000002
-1.3990000000000002,-1.0097999999999996,-1.3543999999999996
-1.3619500000000004,-0.9715500000000008,-1.4082499999999993
-1.3273000000000008,-0.9117000000000013,-1.4554999999999991
-1.2926499999999994,-0.851849999999999,-1.5027500000000007
-1.3060000000000003,-0.8440000000000002,-1.5320000000000003
-1.34695,-0.86605,-1.5509000000000002
-1.3878999999999997,-0.8880999999999999,-1.5697999999999999
-1.3853500000000005,-0.8826000000000005,-1.5379500000000013
-1.331800000000001,-0.8448000000000008,-1.4466000000000019
-1.2782500000000014,-0.807000000000001,-1.3552500000000025
-1.230100000000001,-0.7835999999999996,-1.2917999999999998
-1.19545,-0.7962,-1.2981
-1.1608,-0.8088,-1.3044
-1.1324499999999997,-0.8213999999999998,-1.3145499999999997
-1.1544999999999994,-0.8339999999999997,-1.3554999999999993
-1.1765499999999993,-0.8465999999999997,-1.3964499999999989
-1.1985999999999992,-0.8591999999999996,-1.4373999999999987
-1.0672500000000056,-0.8482000000000005,-1.4252500000000006
-0.9255000000000067,-0.8356000000000006,-1.4095000000000006
-0.7837500000000013,-0.8230000000000001,-1.39375
-0.7643999999999997,-0.8128000000000001,-1.3923999999999999
-0.7832999999999996,-0.8033500000000002,-1.3955499999999998
-0.8022000000000004,-0.7938999999999999,-1.3987
-0.8562500000000006,-0.7511499999999995,-1.3333999999999993
-0.935,-0.685,-1.22
-1.0137499999999995,-0.6188500000000005,-1.106600000000001
-1.0249000000000013,-0.5864999999999997,-1.015300000000001
-0.9398499999999981,-0.6022500000000004,-0.9554499999999986
-0.8547999999999987,-0.6180000000000002,-0.8955999999999991
-0.7719999999999994,-0.6502500000000008,-0.877000000000001
-0.6963999999999999,-0.7353000000000002,-0.9904000000000002
-0.6208000000000005,-0.8203499999999996,-1.1037999999999994
-0.5541999999999992,-0.8974000000000005,-1.2084000000000004
-0.6203499999999987,-0.8564500000000008,-1.1832000000000005
-0.6864999999999982,-0.8155000000000011,-1.1580000000000006
-0.7526500000000007,-0.7745499999999996,-1.1327999999999996
-0.7936000000000001,-0.7167999999999998,-1.1243999999999998
-0.8313999999999999,-0.6569500000000001,-1.1181
-0.8691999999999996,-0.5971000000000006,-1.1118000000000001
-0.839500000000001,-0.5552500000000006,-1.0987500000000003
-0.7828000000000014,-0.5206000000000008,-1.0830000000000004
-0.7261000000000019,-0.4859500000000011,-1.0672500000000005
-0.6982999999999999,-0.4819000000000001,-1.0532
-0.6951499999999999,-0.50395,-1.0406
-0.692,-0.5259999999999998,-1.0280000000000002
-0.6532000000000016,-0.53885,-1.0268999999999997
-0.5524000000000023,-0.5357000000000001,-1.0457999999999996
-0.4516000000000031,-0.5325500000000001,-1.0646999999999995
-0.3681999999999999,-0.5396000000000004,-1.0709999999999997
-0.35875,-0.59,-1.0237500000000002
-0.3493000000000001,-0.6403999999999996,-0.9765000000000004
-0.342199999999998,-0.6891000000000007,-0.9287000000000012
-0.480799999999997,-0.6324000000000012,-0.8468000000000018
-0.6193999999999961,-0.5757000000000017,-0.7649000000000024
-0.757999999999995,-0.519000000000002,-0.683000000000003
-0.6607499999999934,-0.5418000000000018,-0.7071000000000021
-0.5189999999999944,-0.5796000000000016,-0.7512000000000018
-0.3772499999999954,-0.6174000000000013,-0.7953000000000015
-0.3720000000000016,-0.5816999999999982,-0.7910999999999994
-0.43500000000000116,-0.5092499999999986,-0.7627499999999995
-0.4980000000000007,-0.43679999999999924,-0.7343999999999997
-0.4989999999999998,-0.38759999999999994,-0.7231
-0.4360000000000003,-0.3624000000000001,-0.7293999999999999
-0.3730000000000007,-0.3372000000000003,-0.7356999999999999
-0.3379999999999995,-0.3180000000000001,-0.7320000000000004
-0.36319999999999936,-0.31170000000000014,-0.7068000000000006
-0.3883999999999992,-0.30540000000000017,-0.6816000000000009
-0.4059500000000011,-0.2995500000000001,-0.6568500000000009
-0.3776000000000013,-0.2964000000000001,-0.634800000000001
-0.3492500000000015,-0.2932500000000002,-0.6127500000000012
-0.32090000000000174,-0.2901000000000002,-0.5907000000000013
-0.28644999999999926,-0.3296500000000009,-0.5350999999999988
-0.25179999999999947,-0.3706000000000006,-0.47839999999999916
-0.21714999999999973,-0.4115500000000003,-0.4216999999999996
-0.26249999999999996,-0.35,-0.4375
-0.3286499999999995,-0.26180000000000064,-0.47214999999999974
-0.39479999999999904,-0.17360000000000128,-0.5067999999999995
-0.34980000000000244,-0.09710000000000153,-0.5063500000000005
-0.23640000000000327,-0.027800000000002018,-0.4843000000000007
-0.12299999999999897,0.04150000000000062,-0.4622499999999998
-0.12300000000000028,0.029599999999999793,-0.4402
-0.26474999999999926,-0.0837999999999994,-0.41815000000000013
-0.4064999999999982,-0.1971999999999986,-0.3961000000000003
-0.4785500000000023,-0.27915000000000006,-0.37405000000000044
-0.36200000000000315,-0.27600000000000013,-0.3520000000000006
-0.245450000000004,-0.27285000000000015,-0.32995000000000074
-0.1471999999999969,-0.26820000000000077,-0.31419999999999815
-0.22280000000000313,-0.24929999999999922,-0.35830000000000184
-0.2984000000000026,-0.23039999999999936,-0.40240000000000153
-0.37400000000000205,-0.2114999999999995,-0.44650000000000123
-0.45250000000000157,-0.2854000000000016,-0.5138000000000014
-0.531250000000001,-0.367300000000001,-0.583100000000001
-0.6100000000000004,-0.44920000000000043,-0.6524000000000004
-0.6347,-0.47235,-0.5901000000000003
-0.6409999999999999,-0.4754999999999999,-0.483000000000001
-0.6472999999999999,-0.4786499999999999,-0.3759000000000018
-0.5438000000000045,-0.3558000000000051,-0.26160000000000283
-0.35795000000000576,-0.13845000000000665,-0.1419000000000037
-0.17210000000000705,0.07889999999999175,-0.022200000000004536
0.0049999999999926215,0.22374999999999845,-0.02874999999999095
0.16879999999999146,0.2583999999999982,-0.22719999999998958
0.3325999999999977,0.2930499999999995,-0.4256499999999971
0.41590000000000427,0.29480000000000245,-0.5653000000000014
0.21745000000000572,0.18140000000000325,-0.49915000000000187
0.018999999999998185,0.06799999999999898,-0.4329999999999994
-0.17495000000000022,-0.04660000000000025,-0.3697
-0.2788999999999995,-0.18519999999999925,-0.3634
-0.3828499999999987,-0.3237999999999982,-0.3571000000000001
-0.4868000000000026,-0.4624000000000035,-0.35079999999999983
-0.4642499999999993,-0.4855000000000001,-0.3279999999999995
-0.42329999999999957,-0.49180000000000007,-0.30279999999999974
-0.38234999999999986,-0.49810000000000004,-0.2775999999999999
-0.24680000000000069,-0.39880000000000054,-0.23700000000000018
-0.0704000000000019,-0.25390000000000157,-0.18975000000000053
0.1059999999999968,-0.10900000000000262,-0.14250000000000085
0.12070000000000339,-0.04989999999999952,-0.08040000000000191
-0.011599999999995697,-0.06879999999999939,-0.004800000000002455
-0.14389999999999475,-0.08769999999999925,0.070799999999997
-0.21900000000000147,-0.08460000000000209,0.12769999999999895
-0.18750000000000172,-0.04050000000000239,0.1497499999999988
-0.15599999999999908,0.003600000000001269,0.17180000000000065
-0.12284999999999911,0.032849999999999116,0.17459999999999812
-0.08189999999999942,-0.008100000000000579,0.08639999999999876
