0.3678,0.14924999999999994,-0.39195,464.84975000000003,33.53275000000002,104.20434999999999
0.48,0.06,-0.42,561.89,105.43,73.51
0.3219000000000001,0.11609999999999998,-0.33075000000000004,495.93170000000003,117.38695,79.13785
0.1638000000000001,0.17219999999999996,-0.24150000000000008,429.9734000000001,129.3439,84.7657
0.0056999999999999,0.22830000000000006,-0.15224999999999994,364.01509999999996,141.30085,90.39355
-0.13860000000000006,0.2814,-0.06940000000000002,299.6398000000001,148.58220000000009,94.96060000000001
-0.12075000000000002,0.29925,-0.061750000000000006,253.86475000000002,100.92525,87.06325
-0.10289999999999999,0.31710000000000005,-0.054099999999999995,208.08969999999997,53.26829999999995,79.1659
-0.08505000000000003,0.33494999999999997,-0.04645000000000001,162.31465000000006,5.611350000000051,71.26855
-0.06600000000000004,0.34320000000000006,-0.0404,115.35880000000009,-35.41359999999999,62.939200000000014
-0.04050000000000001,0.29985,-0.04295,62.05615,-40.79155,52.28785
-0.01500000000000002,0.2565,-0.0455,8.753500000000031,-46.16949999999999,41.636500000000005
0.010499999999999968,0.21315000000000003,-0.04805,-44.54914999999994,-51.54744999999999,30.98515000000001
0.028799999999999985,0.16619999999999985,-0.04819999999999999,-94.54040000000009,-56.2822,23.041
0.023700000000000006,0.1075500000000001,-0.04055000000000002,-133.7695999999999,-58.92654999999999,23.895249999999997
0.018600000000000012,0.048900000000000124,-0.03290000000000002,-172.9987999999999,-61.570899999999995,24.749499999999998
0.013500000000000014,-0.009749999999999842,-0.025250000000000022,-212.2279999999999,-64.21525,25.603749999999998
0.01799999999999992,-0.06199999999999986,-0.02319999999999997,-241.706,-69.95159999999996,30.60999999999995
0.0435,-0.10024999999999999,-0.0334,-249.85325,-82.45169999999999,44.69875
0.06899999999999998,-0.13849999999999998,-0.04359999999999999,-258.0005,-94.95179999999999,58.787499999999994
0.09449999999999997,-0.17674999999999996,-0.05379999999999999,-266.14775000000003,-107.45189999999998,72.87624999999998
0.11299999999999999,-0.21699999999999994,-0.06899999999999996,-268.509,-119.23999999999998,89.67699999999996
0.12065,-0.2603499999999999,-0.09194999999999995,-261.90195,-129.92449999999997,110.68134999999995
0.1283,-0.3036999999999999,-0.11489999999999995,-255.2949,-140.60899999999998,131.68569999999994
0.13595,-0.34704999999999986,-0.13784999999999994,-248.68785000000003,-151.29349999999997,152.69004999999996
0.12439999999999998,-0.39280000000000004,-0.1608,-236.05079999999998,-163.8416,177.47200000000004
0.09125,-0.44125000000000003,-0.18375,-216.63,-178.48624999999998,206.50375000000003
0.05810000000000002,-0.4897,-0.2067,-197.2092,-193.1309,235.5355
0.024950000000000028,-0.53815,-0.22964999999999997,-177.78840000000002,-207.77554999999998,264.56725
-0.013799999999999785,-0.5963999999999997,-0.26519999999999977,-136.31760000000028,-227.80039999999988,280.9122
-0.05714999999999992,-0.6626999999999998,-0.31109999999999993,-76.7343000000001,-252.24469999999997,286.83585
-0.10049999999999976,-0.7289999999999996,-0.35699999999999976,-17.151000000000337,-276.68899999999985,292.75949999999995
-0.1438499999999999,-0.7952999999999998,-0.40289999999999987,42.43229999999984,-301.13329999999996,298.68314999999996
-0.13760000000000025,-0.8215999999999999,-0.4455999999999997,135.97719999999924,-326.66879999999986,287.57320000000016
-0.10190000000000013,-0.8241499999999999,-0.48639999999999983,249.6867999999996,-352.8521999999999,266.3495500000001
-0.06620000000000001,-0.8267,-0.5272,363.39639999999997,-379.0356,245.1259
-0.030500000000000152,-0.8292499999999999,-0.5679999999999998,477.10599999999954,-405.2189999999999,223.9022500000001
-0.009200000000000014,-0.7220000000000002,-0.5332,506.5756,-365.4954000000001,211.43560000000002
0.006099999999999925,-0.5690000000000007,-0.4669000000000003,500.94520000000006,-298.3105500000004,202.61770000000004
0.02139999999999997,-0.4160000000000003,-0.4006000000000001,495.31480000000005,-231.1257000000001,193.79980000000003
0.03670000000000002,-0.26299999999999985,-0.33429999999999993,489.68440000000004,-163.94084999999993,184.9819
-0.043999999999999706,-0.12200000000000044,-0.24200000000000027,538.4219999999998,-135.26600000000005,187.166
-0.1510999999999993,0.015699999999999048,-0.14255000000000068,602.1107999999996,-117.18140000000011,192.37564999999998
-0.25819999999999965,0.15339999999999948,-0.04310000000000036,665.7995999999998,-99.09680000000006,197.5853
-0.36529999999999996,0.2910999999999999,0.05634999999999995,729.4884,-81.0122,202.79495
-0.44159999999999966,0.31439999999999996,0.05680000000000007,720.7224000000001,-57.91160000000011,195.99700000000004
-0.5129999999999999,0.3195,0.04150000000000002,700.4295000000001,-34.013000000000034,187.28875000000002
-0.5843999999999996,0.3246,0.026200000000000084,680.1366,-10.114400000000126,178.58050000000006
-0.6557999999999998,0.3297,0.010900000000000035,659.8437,13.784199999999947,169.87225000000004
-0.6984,0.24839999999999995,0.06280000000000005,601.7964,59.88280000000003,188.97040000000004
-0.7391999999999999,0.16170000000000026,0.11889999999999984,541.3894500000001,107.36889999999985,209.80644999999993
-0.78,0.07500000000000001,0.17500000000000002,480.98249999999996,154.855,230.64249999999998
-0.8190000000000002,-0.012499999999999512,0.2320499999999996,421.1905000000001,203.07159999999965,251.68034999999986
-0.768,-0.1399999999999999,0.3365999999999999,392.146,287.81319999999994,282.80819999999994
-0.7170000000000002,-0.2674999999999994,0.4411499999999995,363.10150000000016,372.5547999999996,313.93604999999985
-0.666,-0.3949999999999998,0.5456999999999999,334.0570000000001,457.29639999999984,345.06389999999993
-0.6125000000000005,-0.5309999999999988,0.6514999999999993,311.8692499999998,543.4342499999995,378.90224999999964
-0.5360000000000007,-0.745199999999998,0.7687999999999989,352.76359999999966,642.4175999999991,437.6771999999994
-0.45950000000000046,-0.9593999999999987,0.8860999999999993,393.65794999999974,741.4009499999994,496.4521499999996
-0.3830000000000008,-1.1735999999999978,1.003399999999999,434.5522999999996,840.3842999999989,555.2270999999994
-0.28444999999999876,-1.3914000000000017,1.1018000000000001,484.0236500000006,940.9287000000006,615.6180000000004
-0.0830000000000023,-1.6259999999999974,1.1119999999999999,573.520999999999,1048.757999999999,683.5499999999993
0.11844999999999972,-1.8605999999999998,1.1221999999999999,663.0183499999999,1156.5873,751.482
0.31989999999999896,-2.095199999999999,1.1323999999999999,752.5156999999996,1264.4165999999996,819.4139999999996
0.5414999999999974,-2.327849999999998,1.1529999999999996,865.8257999999984,1360.6693999999993,882.3799999999995
0.8219999999999964,-2.554799999999997,1.2039999999999993,1048.7423999999978,1423.0831999999991,930.8299999999994
1.1024999999999991,-2.7817499999999993,1.255,1231.6589999999994,1485.4969999999998,979.2799999999999
1.3829999999999982,-3.0086999999999984,1.3059999999999996,1414.5755999999988,1547.9107999999997,1027.7299999999996
1.602299999999999,-3.1778499999999994,1.34595,1576.3560999999986,1615.5792999999992,1071.6554499999995
1.6992,-3.2314000000000003,1.3638,1695.8644,1693.7572,1106.5318
1.7960999999999996,-3.28495,1.3816499999999998,1815.3726999999994,1771.9350999999997,1141.4081499999998
1.8929999999999991,-3.3385,1.3994999999999997,1934.880999999999,1850.1129999999994,1176.2844999999998
1.95,-3.2597499999999995,1.4194499999999999,2005.18,1907.8809999999999,1197.76075
1.95,-2.992000000000001,1.4424,2005.18,1936.492,1200.094
1.95,-2.7242500000000014,1.46535,2005.18,1965.1029999999998,1202.42725
1.95,-2.456500000000003,1.4882999999999997,2005.18,1993.7139999999997,1204.7605
1.95,-2.086250000000007,1.5587499999999983,2005.18,2008.3,1195.7212500000003
1.95,-1.6094000000000017,1.6785999999999994,2005.18,2008.3,1174.8546000000001
1.95,-1.1325500000000037,1.798449999999999,2005.18,2008.3,1153.9879500000002
1.95,-0.655699999999999,1.9183000000000003,2005.18,2008.3,1133.1212999999998
1.95,-0.24990000000000057,2.1077499999999993,2005.18,2008.3,1043.0258500000002
1.95,0.10199999999999798,2.3499999999999988,2005.18,2008.3,900.4120000000007
1.95,0.4538999999999967,2.5922499999999977,2005.18,2008.3,757.7981500000013
1.95,0.8057999999999953,2.8344999999999967,2005.18,2008.3,615.1843000000019
1.95,0.9580499999999998,3.0090999999999997,1942.0972000000004,2008.3,451.30195000000066
1.95,1.0013999999999998,3.146799999999999,1844.6056000000008,2008.3,275.8186000000013
1.95,1.0447500000000003,3.2845000000000004,1747.1139999999996,2008.3,100.33524999999955
1.95,1.0881,3.4221999999999997,1649.6224,2008.3,-75.1480999999998
1.95,0.9261000000000013,3.4045000000000005,1433.4829000000013,2008.3,-176.69989999999962
1.95,0.6864000000000022,3.3280000000000007,1172.4496000000022,2008.3,-250.27759999999935
1.95,0.44669999999999976,3.2515,911.4162999999996,2008.3,-323.85530000000006
1.95,0.20700000000000068,3.1750000000000003,650.3830000000007,2008.3,-397.4329999999998
1.7757500000000013,-0.03474999999999839,2.9509000000000016,528.6000500000007,2008.3,-421.5216499999999
1.5590000000000024,-0.27699999999999747,2.690800000000003,440.78060000000096,2008.3,-433.5397999999999
1.3422500000000033,-0.5192499999999964,2.430700000000004,352.9611500000013,2008.3,-445.55794999999983
1.125500000000001,-0.761499999999999,2.170600000000001,265.1417000000004,2008.3,-457.57609999999994
0.8300000000000027,-0.8754999999999993,1.8700000000000028,278.9029999999998,2008.3,-433.33550000000025
0.5239999999999996,-0.9724000000000002,1.5639999999999996,306.20840000000004,2008.3,-404.26039999999995
0.21800000000000072,-1.0692999999999997,1.2580000000000007,333.51379999999995,2008.3,-375.1853000000001
-0.08799999999999814,-1.1661999999999992,0.9520000000000018,360.8191999999998,2008.3,-346.1102000000002
-0.3033500000000008,-1.1307999999999998,0.7537999999999991,412.3379500000002,2008.3,-319.0955499999999
-0.515,-1.0899999999999999,0.56,464.84499999999997,2008.3,-292.165
-0.7266499999999992,-1.0492000000000001,0.36620000000000075,517.3520499999997,2008.3,-265.23445000000015
-0.9325999999999995,-1.005300000000001,0.17530000000000096,568.9280999999997,2008.3,-239.48309999999998
-0.9989000000000001,-0.8854499999999997,0.05544999999999972,597.69465,2008.3,-242.62215
-1.0652,-0.7656000000000003,-0.06439999999999979,626.4612,2008.3,-245.7612
-1.1314999999999995,-0.6457500000000007,-0.1842499999999993,655.2277499999998,2008.3,-248.90024999999997
-1.1926999999999996,-0.5238000000000014,-0.2983999999999993,677.8899000000002,2005.6750000000002,-253.74269999999981
-1.2156499999999997,-0.3861000000000019,-0.369799999999999,654.7690500000003,1983.3625000000002,-271.36064999999974
-1.2386,-0.24840000000000048,-0.4411999999999997,631.6482000000001,1961.05,-288.9785999999999
-1.26155,-0.110700000000001,-0.5125999999999994,608.5273500000002,1938.7375000000002,-306.59654999999987
-1.2795,0.03399999999999803,-0.5570000000000007,569.0280000000012,1917.3825000000002,-327.8664999999996
-1.27695,0.20739999999999742,-0.49070000000000097,462.37680000000165,1899.9532500000003,-364.1096499999994
-1.2744,0.38079999999999675,-0.4244000000000012,355.72560000000203,1882.5240000000003,-400.3527999999993
-1.2718500000000001,0.5541999999999985,-0.3581000000000006,249.07440000000094,1865.0947500000002,-436.5959499999997
-1.2637000000000003,0.6974999999999992,-0.331699999999999,166.8385000000002,1837.9502000000007,-470.95749999999964
-1.2407500000000005,0.761249999999999,-0.41074999999999867,149.12875000000028,1785.129500000001,-500.3462499999995
-1.2178000000000004,0.8249999999999987,-0.48979999999999835,131.41900000000035,1732.3088000000012,-529.7349999999993
-1.19485,0.8887500000000003,-0.5688500000000003,113.70924999999994,1679.4880999999998,-559.1237500000001
-1.1233,0.9075000000000001,-0.6496999999999999,84.74950000000003,1655.5060999999998,-572.8768
-0.9626500000000007,0.8437500000000003,-0.7338499999999997,35.16475000000021,1684.3950499999999,-557.9644000000001
-0.8020000000000014,0.7800000000000006,-0.8179999999999993,-14.41999999999959,1713.2839999999997,-543.0520000000001
-0.6413499999999998,0.7162499999999999,-0.9021500000000001,-64.00475000000009,1742.17295,-528.1396
-0.5862999999999998,0.6107000000000004,-0.9247000000000001,-94.88289999999999,1785.3090999999997,-530.0296999999999
-0.6704499999999983,0.4500500000000032,-0.8660500000000011,-101.10234999999987,1847.2256499999987,-554.0685499999995
-0.7545999999999992,0.2894000000000016,-0.8074000000000006,-107.32179999999994,1909.1421999999993,-578.1073999999998
-0.83875,0.12875,-0.74875,-113.54125,1971.0587500000001,-602.14625
-0.9410999999999978,0.007100000000001494,-0.6862000000000011,-75.65560000000144,2002.3057000000001,-621.5154999999997
-1.0609499999999992,-0.07704999999999937,-0.6199000000000006,4.638799999999378,2004.06265,-636.3947499999998
-1.180799999999997,-0.16119999999999785,-0.5536000000000016,84.93319999999794,2005.8196,-651.2739999999995
-1.3006499999999983,-0.2453499999999987,-0.48730000000000107,165.22759999999874,2007.57655,-666.1532499999997
-1.353,-0.32649999999999957,-0.4615,271.34149999999926,2008.3,-680.4114999999999
-1.3581,-0.4055499999999982,-0.46404999999999996,395.529049999997,2008.3,-694.2350499999997
-1.3632,-0.4845999999999989,-0.46659999999999996,519.7165999999983,2008.3,-708.0585999999998
-1.3682999999999998,-0.5636499999999975,-0.4691499999999999,643.9041499999961,2008.3,-721.8821499999996
-1.3530000000000006,-0.6052999999999995,-0.49039999999999934,770.5277999999973,2008.3,-749.4399999999993
-1.3275000000000003,-0.6282499999999998,-0.5209999999999997,898.3694999999987,2008.3,-783.8649999999997
-1.302,-0.6512,-0.5516,1026.2112,2008.3,-818.29
-1.2764999999999997,-0.6741500000000002,-0.5822000000000003,1154.0529000000013,2008.3,-852.7150000000004
-1.2757,-0.6325000000000006,-0.5956999999999999,1246.6875999999993,2008.3,-907.8309999999994
-1.28335,-0.56875,-0.6033499999999999,1327.2778000000003,2008.3,-970.0255000000001
-1.291,-0.5050000000000011,-0.6109999999999999,1407.8679999999988,2008.3,-1032.2199999999991
-1.29865,-0.4412500000000004,-0.6186499999999999,1488.4581999999996,2008.3,-1094.4144999999996
-1.3021,-0.3501999999999997,-0.6073999999999999,1528.3546000000001,2008.3,-1155.8929000000003
-1.30465,-0.2533000000000014,-0.5921000000000003,1559.5308999999995,2008.3,-1217.217849999999
-1.3072000000000001,-0.15640000000000043,-0.5768000000000001,1590.7071999999998,2008.3,-1278.5427999999997
-1.30975,-0.05950000000000216,-0.5615000000000004,1621.8834999999995,2008.3,-1339.8677499999988
-1.3306999999999998,0.016699999999999104,-0.5554000000000001,1586.1344000000006,1957.8955000000008,-1372.1045999999997
-1.35365,0.09064999999999984,-0.5503,1543.1108000000002,1902.0122500000002,-1401.1797000000001
-1.3765999999999994,0.16459999999999853,-0.5452000000000001,1500.0872000000008,1846.1290000000013,-1430.2547999999995
-1.3995499999999996,0.23854999999999926,-0.5401000000000001,1457.0636000000004,1790.2457500000007,-1459.3298999999997
-1.4774999999999978,0.24999999999999972,-0.5574999999999996,1343.9775000000031,1704.0275000000024,-1452.0650000000003
-1.5565499999999985,0.2601999999999998,-0.5753499999999997,1229.4901500000021,1617.2025500000016,-1444.0733000000002
-1.6355999999999993,0.2703999999999999,-0.5931999999999998,1115.002800000001,1530.3776000000007,-1436.0816
-1.71255,0.27925,-0.6128500000000001,1000.6738499999997,1444.44725,-1427.2804999999998
-1.7558999999999994,0.26650000000000024,-0.6612999999999992,888.8793000000018,1372.8305000000012,-1405.5290000000002
-1.7992499999999998,0.2537500000000001,-0.7097499999999998,777.0847500000007,1301.2137500000003,-1383.7775000000001
-1.8426,0.24099999999999996,-0.7582000000000002,665.2901999999996,1229.5969999999998,-1362.0259999999998
-1.8817499999999998,0.23069999999999993,-0.8013999999999999,563.5067000000006,1166.3568,-1338.1314500000005
-1.8944999999999999,0.23579999999999998,-0.8116,524.6498000000001,1155.7692,-1300.7663000000002
-1.9072499999999997,0.2408999999999999,-0.8217999999999998,485.7929000000008,1145.1816000000001,-1263.4011500000008
-1.9199999999999997,0.24599999999999994,-0.8319999999999999,446.93600000000043,1134.594,-1226.0360000000005
-1.9695999999999998,0.2829999999999998,-0.7960000000000002,383.1179000000002,1131.55845,-1194.3155
-2.1531999999999965,0.4359999999999971,-0.5920000000000039,228.53180000000293,1155.9848999999995,-1183.121
-2.3367999999999984,0.5889999999999986,-0.3880000000000018,73.94570000000141,1180.4113499999996,-1171.9265
-2.520399999999995,0.7419999999999959,-0.18400000000000546,-80.64039999999585,1204.8377999999993,-1160.7320000000002
-2.7429999999999946,0.8072500000000025,-0.09774999999999678,-240.24324999999715,1210.0620000000006,-1131.752750000001
-3.059199999999998,0.661900000000001,-0.2940999999999987,-411.88629999999887,1169.2008000000003,-1060.0901000000003
-3.3753999999999924,0.5165500000000036,-0.4904499999999952,-583.5293499999958,1128.339600000001,-988.4274500000017
-3.6915999999999953,0.37120000000000214,-0.6867999999999972,-755.1723999999975,1087.4784000000004,-916.764800000001
-4.081899999999983,0.12135000000001384,-0.7739000000000031,-908.8005999999959,1056.0060500000004,-844.3830000000023
-4.597000000000003,-0.3045000000000022,-0.6769999999999995,-1032.0880000000006,1040.3464999999999,-770.7899999999995
-5.112099999999994,-0.7303499999999947,-0.5801000000000012,-1155.3753999999985,1024.68695,-697.1970000000009
-5.627199999999999,-1.156199999999999,-0.48320000000000024,-1278.6627999999996,1009.0274,-623.6040000000002
-5.926100000000001,-1.621150000000004,-0.49670000000000114,-1296.289349999999,904.1531499999983,-546.5264999999995
-5.961799999999999,-2.133699999999995,-0.6445999999999985,-1185.285300000001,690.6697000000021,-465.20700000000085
-5.9975,-2.64625,-0.7925,-1074.28125,477.18625,-383.88750000000005
-6.033199999999999,-3.158799999999991,-0.9403999999999973,-963.2772000000019,263.7028000000038,-302.56800000000146
-6.05,-3.4134999999999995,-0.9479000000000009,-808.2510000000015,108.4327000000008,-208.7272500000008
-6.05,-3.439,-0.8305999999999998,-614.0939999999996,4.9077999999997814,-103.75649999999976
-6.05,-3.4644999999999997,-0.7133000000000018,-419.937000000003,-98.61709999999837,1.2142499999983727
-6.05,-3.4899999999999998,-0.5960000000000008,-225.78000000000105,-202.14199999999943,106.1849999999994
-6.05,-3.4054500000000036,-0.30820000000000936,-37.48200000000429,-308.0755999999975,194.3800999999982
-6.05,-3.249900000000002,0.08959999999999468,147.03599999999756,-415.5631999999986,271.752199999999
-6.05,-3.094350000000005,0.4873999999999876,331.5539999999943,-523.0507999999967,349.12429999999756
-6.05,-2.938800000000003,0.8851999999999915,516.0719999999961,-630.5383999999978,426.49639999999835
-6.05,-2.5557500000000055,1.0414999999999994,626.6524999999991,-743.2339999999988,509.21299999999906
-6.05,-2.068700000000014,1.0873999999999986,703.4329999999977,-858.3103999999967,594.3727999999976
-6.05,-1.581650000000009,1.133299999999999,780.2134999999985,-973.3867999999978,679.5325999999984
-6.05,-1.0946000000000042,1.1791999999999996,856.9939999999992,-1088.463199999999,764.6923999999992
-6.05,-0.9078499999999998,1.1119999999999999,779.8902499999998,-1191.1512500000001,865.6784000000001
-6.05,-0.8135000000000016,1.0100000000000018,655.437500000002,-1290.0274999999983,971.5339999999982
-6.05,-0.7191500000000006,0.9080000000000007,530.9847500000008,-1388.9037499999993,1077.3895999999993
-6.05,-0.6247999999999997,0.8059999999999997,406.5319999999996,-1487.7800000000002,1183.2452000000003
-5.897350000000002,-0.5691500000000007,0.8308499999999993,277.5040500000019,-1607.367199999998,1236.9632999999992
-5.7163,-0.5207000000000002,0.8792999999999997,147.6249000000006,-1730.8075999999994,1280.9813999999997
-5.535250000000004,-0.47225000000000106,0.927749999999999,17.745750000002886,-1854.247999999997,1324.999499999999
-5.354200000000002,-0.42380000000000057,0.9761999999999994,-112.1333999999984,-1977.6883999999984,1369.0175999999994
-4.968700000000001,-0.3330500000000002,0.96825,-168.91814999999988,-1987.45695,1408.5378
-4.565799999999997,-0.23869999999999925,0.9554999999999999,-219.4821000000004,-1987.5512999999999,1447.6752000000004
-4.162900000000004,-0.14435000000000095,0.9427500000000002,-270.0460499999995,-1987.64565,1486.8125999999997
-3.76,-0.05,0.93,-320.61,-1987.74,1525.95
-3.3443500000000075,-0.06784999999999969,0.8331000000000017,-322.74179999999996,-1987.74,1547.5612499999997
-2.928700000000003,-0.08569999999999986,0.7362000000000009,-324.8736,-1987.74,1569.1725
-2.5130500000000104,-0.10354999999999953,0.6393000000000025,-327.00539999999995,-1987.74,1590.7837499999996
-2.1024000000000056,-0.12219999999999956,0.5428000000000015,-323.5932000000011,-1987.74,1609.6026000000002
-1.7505000000000117,-0.15024999999999905,0.4510000000000031,-255.03900000000232,-1987.74,1595.6107500000005
-1.3985999999999983,-0.17830000000000013,0.35919999999999963,-186.48479999999972,-1987.74,1581.6189
-1.0467000000000046,-0.20634999999999964,0.26740000000000125,-117.93060000000094,-1987.74,1567.62705
-0.7320000000000004,-0.2260000000000001,0.1856000000000001,-40.86400000000043,-1987.74,1550.6836
-0.6172500000000024,-0.20050000000000057,0.15755000000000058,81.95674999999738,-1987.74,1517.8753000000006
-0.5025000000000013,-0.1750000000000003,0.1295000000000003,204.7774999999986,-1987.74,1485.0670000000005
-0.3877500000000033,-0.14950000000000074,0.10145000000000082,327.5982499999964,-1987.74,1452.258700000001
-0.31559999999999877,-0.11560000000000116,0.06740000000000104,442.6225999999983,-1987.74,1418.3164000000008
-0.3818999999999976,-0.05440000000000224,0.013850000000001972,532.3086499999968,-1987.74,1380.6886000000013
-0.44819999999999827,0.006799999999998363,-0.03969999999999857,621.9946999999976,-1987.74,1343.0608000000009
-0.5145000000000007,0.06800000000000068,-0.0932500000000006,711.680750000001,-1987.74,1305.4329999999995
-0.5488000000000003,0.13719999999999943,-0.16519999999999924,779.5908,-1987.74,1275.434
-0.5130999999999999,0.2239000000000003,-0.27740000000000037,799.8658500000001,-1987.74,1262.1229999999998
-0.47740000000000055,0.31059999999999877,-0.38959999999999834,820.1408999999998,-1987.74,1248.8120000000001
-0.44170000000000015,0.3972999999999996,-0.5017999999999995,840.41595,-1987.74,1235.5010000000002
-0.4459999999999985,0.48899999999999777,-0.5939999999999985,812.6910000000023,-1974.7520000000006,1230.849
-0.5122999999999992,0.5884499999999988,-0.6551999999999992,710.5660500000013,-1941.6326000000004,1239.61845
-0.578599999999998,0.687899999999997,-0.7163999999999981,608.4411000000031,-1908.513200000001,1248.3878999999997
-0.6449000000000006,0.7873500000000008,-0.7776000000000005,506.3161499999992,-1875.3937999999996,1257.15735
-0.7207999999999968,0.8555999999999987,-0.8076000000000002,388.26240000000513,-1859.0815999999998,1256.6640000000004
-0.8075000000000001,0.8887499999999999,-0.8025,252.28875,-1861.6775,1245.75
-0.8941999999999986,0.9218999999999994,-0.7974000000000001,116.31510000000243,-1864.2733999999998,1234.8360000000002
-0.9808999999999993,0.9550499999999997,-0.7923000000000001,-19.65854999999894,-1866.8692999999998,1223.922
-1.0339999999999994,0.9504000000000009,-0.7844000000000003,-154.22379999999657,-1880.1625999999994,1218.2398
-1.0594999999999997,0.9147000000000005,-0.7742000000000002,-287.6321499999979,-1902.2430499999996,1216.85515
-1.0849999999999993,0.8790000000000011,-0.7640000000000003,-421.0404999999955,-1924.3234999999993,1215.4705
-1.1104999999999996,0.8433000000000008,-0.7538000000000002,-554.4488499999968,-1946.4039499999997,1214.08585
-1.0416000000000052,0.799600000000002,-0.7531999999999998,-691.3787999999943,-1959.9275999999998,1194.8772000000013
-0.916650000000004,0.7511500000000015,-0.7582999999999999,-830.3996999999956,-1968.3706499999998,1165.085550000001
-0.7916999999999992,0.7026999999999997,-0.7634000000000001,-969.4206000000008,-1976.8137000000002,1135.2939
-0.6667500000000014,0.6542500000000006,-0.7685,-1108.4414999999983,-1985.25675,1105.5022500000002
-0.5778000000000001,0.64,-0.77,-1194.2094,-1987.74,1044.4968000000001
-0.5038500000000015,0.64,-0.77,-1257.7885499999988,-1987.74,970.4856000000013
-0.42990000000000067,0.64,-0.77,-1321.3676999999996,-1987.74,896.4744000000006
-0.355950000000002,0.64,-0.77,-1384.9468499999984,-1987.74,822.463200000002
-0.4119999999999985,0.5820000000000012,-0.7739999999999999,-1440.4779999999992,-1987.74,788.2560000000004
-0.5037999999999968,0.5080500000000026,-0.7790999999999999,-1493.7959499999981,-1987.74,764.9949000000008
-0.5956000000000002,0.4340999999999997,-0.7842,-1547.1139000000003,-1987.74,741.7337999999999
-0.687399999999996,0.36015000000000313,-0.7892999999999998,-1600.4318499999977,-1987.74,718.4727000000009
-0.8011999999999995,0.20700000000000068,-0.7988,-1634.0289999999998,-1987.74,721.8932
-0.9184999999999973,0.04125000000000367,-0.8089999999999997,-1664.4887499999993,-1987.74,729.5584999999999
-1.0357999999999985,-0.12449999999999797,-0.8191999999999998,-1694.9484999999997,-1987.74,737.2237999999999
-1.1530999999999965,-0.290249999999995,-0.8293999999999997,-1725.408249999999,-1987.74,744.8890999999998
-1.1743999999999997,-0.3959999999999979,-0.8228000000000001,-1716.0184000000002,-1987.74,722.8184000000006
-1.1896999999999993,-0.4979999999999961,-0.8151500000000003,-1704.1379500000005,-1987.74,698.889200000001
-1.205,-0.6,-0.8075,-1692.2575,-1987.74,674.96
-1.2175500000000021,-0.7006999999999993,-0.7990000000000009,-1679.5140000000008,-1987.74,650.2292500000011
-1.0926000000000045,-0.7363999999999987,-0.7480000000000019,-1623.618000000002,-1987.74,585.4210000000023
-0.9676499999999997,-0.7721,-0.6969999999999998,-1567.7219999999998,-1987.74,520.6127499999999
-0.8427000000000019,-0.8077999999999994,-0.6460000000000008,-1511.826000000001,-1987.74,455.80450000000104
-0.7224999999999983,-0.836249999999999,-0.5907499999999979,-1448.8534999999972,-1985.4457499999994,392.3562499999989
-0.6460000000000039,-0.7980000000000019,-0.49640000000000484,-1320.7772000000066,-1962.0444000000011,341.42000000000263
-0.569500000000001,-0.7597500000000005,-0.40205000000000124,-1192.7009000000016,-1938.6430500000004,290.48375000000067
-0.4930000000000024,-0.7215000000000011,-0.30770000000000297,-1064.624600000004,-1915.2417000000007,239.5475000000016
-0.4277499999999999,-0.6782999999999995,-0.17824999999999813,-944.2122499999994,-1886.4569999999997,187.4308999999996
-0.41500000000000015,-0.6120000000000008,0.11499999999999666,-859.565000000001,-1832.5500000000006,129.80600000000064
-0.4022500000000004,-0.5457000000000019,0.40824999999999145,-774.9177500000025,-1778.6430000000016,72.18110000000166
-0.3895000000000006,-0.4794000000000031,0.7014999999999862,-690.270500000004,-1724.7360000000024,14.556200000002693
-0.28315000000000357,-0.4403999999999996,1.032449999999996,-630.9654499999999,-1694.8113999999996,-39.01789999999963
0.09679999999998978,-0.4811999999999989,1.473599999999988,-645.7375999999996,-1734.9891999999988,-80.75119999999887
0.4767500000000042,-0.5220000000000005,1.9147500000000048,-660.5097500000002,-1775.1670000000004,-122.48450000000045
0.8566999999999764,-0.5627999999999974,2.3558999999999726,-675.281899999999,-1815.3447999999976,-164.2177999999974
1.1813999999999947,-0.5916999999999999,2.638950000000001,-676.9513000000006,-1808.0781500000026,-200.69554999999934
1.395599999999991,-0.5967999999999998,2.6058000000000012,-652.415200000001,-1705.9226000000044,-226.6621999999989
1.609799999999999,-0.6019,2.5726500000000003,-627.8791000000001,-1603.7670500000004,-252.6288499999999
1.8239999999999952,-0.6069999999999999,2.5395000000000008,-603.3430000000005,-1501.6115000000023,-278.59549999999945
1.878600000000007,-0.5806000000000029,2.5514999999999968,-601.0742499999988,-1448.5045999999993,-274.64975000000186
1.7052000000000005,-0.5092000000000001,2.6279999999999997,-630.6159999999999,-1465.4672,-227.9720000000001
1.5318000000000036,-0.4378000000000014,2.7044999999999986,-660.1577499999994,-1482.4297999999997,-181.29425000000094
1.358399999999997,-0.3663999999999987,2.781000000000001,-689.6995000000005,-1499.3924000000002,-134.61649999999918
1.355,-0.3375,2.8049999999999997,-718.92125,-1531.7975,-123.11375
1.5283999999999969,-0.3527999999999997,2.7744000000000004,-747.8101999999994,-1580.262799999999,-148.19299999999953
1.7017999999999938,-0.3680999999999995,2.743800000000001,-776.6991499999989,-1628.7280999999982,-173.2722499999991
1.8752000000000004,-0.3834000000000001,2.7132,-805.5881,-1677.1934,-198.35150000000004
1.95,-0.2740000000000033,2.6608500000000013,-916.6151999999972,-1666.0419500000007,-210.39959999999996
1.95,-0.07000000000000689,2.5920000000000023,-1089.9539999999943,-1609.6640000000018,-212.56199999999993
1.95,0.13399999999998952,2.523150000000004,-1263.292799999991,-1553.286050000003,-214.7243999999999
1.95,0.33799999999999725,2.4543000000000013,-1436.6315999999977,-1496.9081000000008,-216.88679999999997
1.95,0.4215499999999994,2.248500000000009,-1579.163249999996,-1451.1017000000013,-260.6506499999979
1.95,0.4394000000000001,1.9679999999999982,-1704.8910000000008,-1411.0615999999998,-327.1062000000004
1.95,0.45724999999999877,1.6875000000000189,-1830.6187499999915,-1371.0215000000028,-393.5617499999955
1.95,0.47509999999999947,1.4070000000000082,-1956.3464999999962,-1330.9814000000013,-460.01729999999804
1.95,0.23949999999999705,1.2818999999999994,-1990.86,-1305.9022499999999,-498.95965000000024
1.95,-0.09199999999999708,1.2156000000000007,-1990.86,-1286.4840000000002,-527.4915999999997
1.95,-0.42349999999999116,1.1493000000000018,-1990.86,-1267.0657500000004,-556.0235499999992
1.95,-0.7549999999999852,1.083000000000003,-1990.86,-1247.6475000000007,-584.5554999999987
1.7716500000000015,-1.1438999999999973,1.0577,-1990.86,-1264.1021999999998,-590.9864
1.5498000000000054,-1.54679999999999,1.0424000000000004,-1990.86,-1289.3063999999993,-592.0268
1.327949999999997,-1.9497000000000053,1.0271,-1990.86,-1314.5106000000003,-593.0672000000001
1.106100000000001,-2.352599999999998,1.0118,-1990.86,-1339.7148,-594.1076
1.0260000000000014,-2.435999999999999,0.8322500000000045,-1808.3490000000047,-1266.166500000002,-549.9860000000011
0.9648000000000024,-2.476799999999998,0.6308000000000081,-1601.5032000000083,-1179.4512000000036,-499.842800000002
0.9036000000000002,-2.5176,0.42935000000000045,-1394.6574000000005,-1092.7359000000001,-449.6996000000001
0.8424000000000011,-2.5583999999999993,0.22790000000000404,-1187.811600000004,-1006.0206000000018,-399.55640000000096
0.7469000000000037,-2.3713500000000076,0.25674999999999853,-1045.2636000000052,-875.398850000005,-352.30910000000176
0.6500000000000055,-2.175000000000011,0.2949999999999979,-905.3400000000079,-742.9850000000074,-305.1800000000026
0.5531000000000017,-1.9786500000000036,0.3332499999999993,-765.4164000000026,-610.5711500000024,-258.05090000000087
0.45090000000000835,-1.7776000000000114,0.36860000000000126,-626.598300000004,-480.3134000000028,-212.2353000000005
0.2188499999999995,-1.4613999999999994,0.3328999999999999,-514.8649499999997,-402.88009999999986,-198.60044999999997
-0.013199999999996381,-1.1452000000000049,0.2972000000000006,-403.13160000000175,-325.4468000000012,-184.96560000000022
-0.24524999999999225,-0.8290000000000106,0.2615000000000012,-291.3982500000037,-248.01350000000258,-171.33075000000048
-0.43079999999999924,-0.5268999999999991,0.20989999999999925,-195.5631000000001,-180.48200000000003,-156.7259999999999
-0.26760000000000217,-0.3305500000000027,0.039050000000002305,-218.9644499999997,-187.2139999999999,-134.8470000000003
-0.1044000000000051,-0.13420000000000612,-0.13179999999999464,-242.36579999999927,-193.9459999999998,-112.96800000000069
0.058799999999992,0.06214999999999038,-0.30264999999999165,-265.7671499999988,-200.67799999999968,-91.08900000000108
0.16750000000000126,0.18750000000000183,-0.42400000000000093,-293.70799999999946,-198.6175000000004,-92.07949999999892
0.05275000000000335,0.02175000000000482,-0.34240000000000237,-340.26079999999865,-160.5077500000011,-186.83494999999726
-0.062000000000001027,-0.14400000000000146,-0.26079999999999925,-386.8136000000004,-122.39799999999966,-281.59040000000084
-0.17674999999999896,-0.3097499999999985,-0.17920000000000072,-433.36639999999954,-84.28825000000035,-376.34584999999913
-0.2858999999999975,-0.43279999999999974,-0.11860000000000014,-465.1170000000002,-51.85550000000046,-417.34200000000266
-0.3802499999999958,-0.4429999999999995,-0.11350000000000023,-457.74750000000034,-34.42625000000077,-316.2600000000045
-0.47459999999999936,-0.45319999999999994,-0.10840000000000004,-450.37800000000004,-16.997000000000114,-215.17800000000065
-0.5689499999999977,-0.4633999999999997,-0.10330000000000013,-443.0085000000002,0.43224999999957525,-114.09600000000248
-0.6291000000000001,-0.4295000000000048,-0.10269999999999968,-426.26550000000145,13.855599999999743,-50.275799999999805
-0.6265500000000002,-0.3147500000000069,-0.11034999999999955,-392.3377500000021,19.934799999999633,-54.76889999999973
-0.6240000000000001,-0.20000000000000254,-0.11799999999999983,-358.41000000000076,26.01399999999986,-59.2619999999999
-0.6214500000000001,-0.0852500000000046,-0.1256499999999997,-324.4822500000014,32.093199999999754,-63.75509999999982
-0.6112000000000001,-0.04529999999999987,-0.14319999999999994,-283.37040000000013,45.29599999999995,-69.67709999999998
-0.5908000000000004,-0.10394999999999882,-0.1737999999999994,-232.78860000000103,67.88899999999956,-77.48264999999985
-0.5704000000000008,-0.16259999999999777,-0.20439999999999883,-182.20680000000192,90.48199999999915,-85.2881999999997
-0.55,-0.22125,-0.235,-131.625,113.075,-93.09375
-0.5464999999999998,-0.2474000000000001,-0.27079999999999926,-107.04449999999999,124.0473,-89.85710000000026
-0.5592499999999996,-0.24230000000000018,-0.31159999999999854,-107.46524999999998,123.84585000000001,-76.0029500000005
-0.5719999999999993,-0.23720000000000027,-0.3523999999999978,-107.88599999999998,123.64440000000002,-62.14880000000075
-0.5847499999999998,-0.23210000000000008,-0.39319999999999933,-108.30675,123.44295,-48.29465000000022
-0.5405000000000029,-0.2195000000000006,-0.40100000000000047,-97.72350000000063,111.97350000000064,-43.906999999999925
-0.4563499999999996,-0.20164999999999994,-0.38569999999999993,-79.43744999999993,92.61644999999992,-46.14590000000001
-0.37220000000000114,-0.18380000000000024,-0.3704000000000002,-61.15140000000025,73.25940000000026,-48.38479999999997
-0.28805000000000264,-0.16595000000000057,-0.35510000000000047,-42.865350000000575,53.90235000000061,-50.62369999999993
-0.17160000000000653,-0.1532000000000005,-0.3483000000000001,-36.01350000000006,40.6704000000005,-71.34499999999854
-0.03900000000000148,-0.14300000000000013,-0.34575,-34.87875000000001,30.501000000000115,-101.30749999999966
0.09359999999999616,-0.1328000000000003,-0.34320000000000006,-33.744000000000035,20.331600000000297,-131.26999999999913
0.2261999999999938,-0.12260000000000047,-0.3406500000000001,-32.60925000000005,10.162200000000476,-161.2324999999986
0.2524000000000007,-0.13899999999999835,-0.3001000000000035,-18.799600000001163,-1.1186999999992437,-180.222499999999
0.24220000000000028,-0.1644999999999993,-0.24655000000000143,-0.65380000000048,-12.779849999999687,-195.4587499999996
0.2319999999999999,-0.19000000000000028,-0.1929999999999994,17.492000000000207,-24.441000000000127,-210.69500000000016
0.22180000000000008,-0.21549999999999983,-0.13945000000000035,35.637799999999885,-36.10214999999992,-225.9312499999999
0.28299999999999814,-0.1759000000000013,-0.17829999999999857,23.58980000000046,-42.603599999999865,-229.05679999999998
0.35949999999999677,-0.12235000000000226,-0.2369499999999975,5.071700000000789,-47.99939999999977,-229.58719999999997
0.43599999999999967,-0.06880000000000024,-0.29559999999999975,-13.446399999999919,-53.395199999999974,-230.11759999999998
0.5124999999999983,-0.015250000000001193,-0.3542499999999987,-31.96449999999959,-58.79099999999988,-230.64799999999997
0.46709999999999907,-0.01690000000000012,-0.34619999999999973,-54.85950000000037,-65.91180000000011,-228.10559999999995
0.4084500000000034,-0.02454999999999956,-0.33090000000000086,-78.23024999999865,-73.22009999999958,-225.22920000000016
0.34980000000000117,-0.03219999999999985,-0.31560000000000027,-101.60099999999954,-80.52839999999986,-222.35280000000006
0.2911500000000022,-0.03984999999999971,-0.30030000000000057,-124.97174999999912,-87.83669999999972,-219.4764000000001
0.26999999999999996,-0.07,-0.295,-138.16,-78.85,-208.1075
0.24960000000000035,-0.10059999999999947,-0.2899000000000001,-151.14459999999977,-69.53740000000016,-196.5687500000002
0.2292000000000007,-0.13119999999999893,-0.2848000000000002,-164.12919999999954,-60.224800000000336,-185.0300000000004
0.2091000000000008,-0.1628499999999974,-0.28074999999999933,-176.70294999999967,-48.94015000000229,-173.64410000000046
0.19380000000000022,-0.21129999999999924,-0.2934999999999998,-182.7030999999999,-6.102700000000681,-164.70380000000014
0.1785000000000005,-0.25974999999999837,-0.3062499999999996,-188.7032499999998,36.73474999999857,-155.7635000000003
0.16319999999999993,-0.3082000000000002,-0.31900000000000006,-194.70340000000002,79.57220000000018,-146.82319999999996
0.14160000000000422,-0.3506999999999996,-0.32580000000000214,-198.43520000000072,116.08200000000022,-137.09960000000103
0.08040000000000191,-0.35579999999999984,-0.29520000000000096,-187.90880000000033,112.8180000000001,-122.45240000000047
0.019199999999999592,-0.3609,-0.2645999999999998,-177.38239999999993,109.55399999999997,-107.80519999999991
-0.041999999999999316,-0.36599999999999994,-0.23400000000000035,-166.8560000000001,106.29000000000003,-93.15800000000017
-0.0921999999999997,-0.3634000000000009,-0.19625000000000184,-151.34935000000095,99.70510000000054,-77.2100500000006
-0.10239999999999952,-0.33280000000000143,-0.13250000000000298,-117.73270000000156,81.04420000000088,-56.532100000000966
-0.11259999999999991,-0.30220000000000025,-0.06875000000000056,-84.11605000000029,62.38330000000017,-35.85415000000018
-0.12279999999999973,-0.27160000000000084,-0.0050000000000017045,-50.4994000000009,43.722400000000505,-15.176200000000554
-0.11649999999999948,-0.23724999999999952,0.04825000000000032,-21.807999999999808,24.48624999999977,0.9200000000000585
-0.07060000000000285,-0.19390000000000268,0.07629999999999826,-4.937200000001049,3.8695000000012882,6.019999999999683
-0.024700000000001124,-0.15055000000000107,0.1043499999999993,11.93359999999959,-16.747249999999497,11.119999999999877
0.02119999999999806,-0.10720000000000184,0.1323999999999988,28.804399999999287,-37.36399999999912,16.219999999999786
0.057599999999999915,-0.08189999999999997,0.1414500000000001,45.21729999999993,-48.191000000000024,26.000649999999922
0.07799999999999954,-0.08699999999999988,0.11850000000000051,60.858999999999654,-42.53000000000013,43.664499999999606
0.09839999999999918,-0.0920999999999998,0.09555000000000091,76.50069999999937,-36.86900000000023,61.32834999999929
0.11879999999999882,-0.0971999999999997,0.07260000000000133,92.1423999999991,-31.20800000000033,78.99219999999897
0.14379999999999937,-0.11034999999999955,0.02895000000000139,94.0117000000003,-24.94440000000014,89.75604999999995
0.17439999999999883,-0.13329999999999914,-0.03989999999999738,79.11460000000056,-17.947200000000265,92.1198999999999
0.20500000000000002,-0.15625,-0.10874999999999999,64.2175,-10.950000000000001,94.48375
0.23559999999999945,-0.17919999999999958,-0.17759999999999876,49.32040000000027,-3.952800000000125,96.84759999999996
0.2338000000000011,-0.19404999999999972,-0.20730000000000018,28.506250000000932,6.747449999999503,96.63430000000008
0.20319999999999994,-0.20170000000000002,-0.2022,2.4324999999999477,20.739300000000036,94.13019999999999
0.17260000000000048,-0.20934999999999987,-0.19710000000000008,-23.641249999999587,34.731149999999786,91.62610000000004
0.14200000000000101,-0.21699999999999975,-0.19200000000000017,-49.71499999999912,48.72299999999953,89.12200000000009
0.1052000000000021,-0.20295000000000143,-0.16830000000000184,-52.72940000000061,53.66285000000005,89.71014999999987
0.06440000000000055,-0.1749000000000004,-0.1326000000000005,-40.866800000000154,52.76270000000001,92.29329999999996
0.023600000000001273,-0.14685000000000087,-0.09690000000000112,-29.004200000000367,51.86255000000003,94.87644999999992
-0.01720000000000027,-0.11879999999999981,-0.06119999999999977,-17.14159999999992,50.962399999999995,97.45960000000001
-0.03,-0.1397499999999971,-0.0377500000000012,20.790749999996677,44.82100000000057,98.16325
-0.03,-0.18309999999999876,-0.019900000000000518,70.64069999999856,36.28360000000025,98.0077
-0.03,-0.226449999999998,-0.002050000000000836,120.49064999999766,27.7462000000004,97.85215000000001
-0.03,-0.26979999999999965,0.015799999999999842,170.34059999999954,19.208800000000075,97.6966
-0.028050000000000068,-0.2936499999999995,0.027799999999999728,226.34864999999843,22.9661499999998,91.33420000000022
-0.025500000000000113,-0.3114999999999992,0.03799999999999955,284.2514999999974,30.506499999999665,83.06200000000037
-0.022950000000000158,-0.32934999999999887,0.04819999999999936,342.1543499999964,38.04684999999953,74.78980000000051
-0.020400000000000064,-0.34719999999999956,0.05839999999999975,400.05719999999855,45.58719999999982,66.5176000000002
-0.043649999999998815,-0.28550000000000325,0.04710000000000065,428.32014999999905,27.460850000000967,76.88804999999941
-0.07169999999999987,-0.20900000000000035,0.031800000000000064,451.0686999999999,4.559300000000107,90.72689999999994
-0.09974999999999938,-0.1325000000000017,0.01650000000000034,473.8172499999995,-18.34224999999949,104.56574999999968
-0.12780000000000044,-0.05599999999999881,0.0011999999999997612,496.56580000000037,-41.243800000000356,118.40460000000022
-0.09005000000000252,0.05809999999999321,-0.07284999999999542,423.8526500000047,-74.40779999999802,136.9716499999989
-0.04670000000000087,0.17539999999999764,-0.15189999999999843,343.0151000000016,-108.44519999999932,155.9410999999996
