0.027200000000000002,0.0832,-0.061,326.0132,42.949200000000005,48.968199999999996
-0.03,0.13,0.03,201.91,56.49,59.48
-0.0482,0.18200000000000002,0.0664,184.91379999999998,37.861000000000004,55.8816
-0.0664,0.234,0.1028,167.9176,19.232000000000003,52.2832
-0.0846,0.286,0.1392,150.9214,0.6030000000000157,48.6848
-0.08919999999999997,0.32320000000000004,0.1688,130.83999999999997,-16.1064,45.3132
-0.019000000000000045,0.279,0.16100000000000003,93.79000000000003,-22.257999999999996,43.189
0.0511999999999999,0.23480000000000006,0.15320000000000003,56.74000000000005,-28.40959999999999,41.064800000000005
0.12139999999999997,0.19060000000000005,0.14540000000000003,19.690000000000023,-34.5612,38.9406
0.1684,0.148,0.14400000000000002,-19.774400000000014,-36.1616,39.694
0.1632,0.10900000000000001,0.157,-64.67119999999997,-27.521800000000006,46.922
0.158,0.06999999999999998,0.17,-109.56800000000001,-18.881999999999998,54.15
0.1528,0.03100000000000002,0.183,-154.46479999999997,-10.242200000000004,61.37799999999999
0.14520000000000002,0.008800000000000007,0.17920000000000008,-182.83279999999996,-9.54039999999997,68.85559999999998
0.1348,0.0062000000000000015,0.15580000000000002,-191.91719999999998,-18.09959999999999,76.6244
0.12440000000000001,0.0036000000000000034,0.13240000000000002,-201.0016,-26.658799999999985,84.3932
0.11399999999999999,0.0009999999999999966,0.10899999999999997,-210.086,-35.21800000000001,92.16200000000002
0.09559999999999999,0.009600000000000011,0.08879999999999999,-224.61360000000002,-36.6764,98.0476
0.0722,0.025199999999999993,0.07060000000000001,-242.5432,-33.696799999999996,102.7562
0.048800000000000024,0.04079999999999998,0.052400000000000016,-260.4728,-30.717200000000002,107.4648
0.025400000000000044,0.05639999999999997,0.034200000000000036,-278.4024,-27.737600000000008,112.1734
-0.012000000000000038,0.06,0.038000000000000006,-292.09000000000003,-40.05000000000001,113.08800000000001
-0.05360000000000001,0.06,0.0484,-304.505,-56.949999999999996,112.8644
-0.09519999999999998,0.06,0.05879999999999999,-316.92,-73.84999999999998,112.6408
-0.13679999999999995,0.06,0.06919999999999998,-329.335,-90.74999999999997,112.41720000000001
-0.16159999999999997,0.04080000000000006,0.05080000000000005,-337.1084,-116.15319999999993,115.25359999999999
-0.185,0.02,0.03,-344.495,-142.265,118.345
-0.2084,-0.0007999999999999813,0.009200000000000019,-351.8816,-168.37679999999997,121.4364
-0.2308,-0.022399999999999948,-0.011999999999999955,-357.3524,-193.64939999999996,124.2158
-0.2412,-0.053599999999999925,-0.03799999999999994,-339.83360000000005,-208.85159999999996,123.25120000000001
-0.2516,-0.0847999999999999,-0.06399999999999992,-322.31480000000005,-224.05379999999994,122.2866
-0.26200000000000007,-0.1160000000000001,-0.09000000000000007,-304.79599999999994,-239.25600000000003,121.322
-0.2718,-0.1412,-0.10700000000000007,-284.55200000000013,-253.41239999999993,121.61859999999997
-0.2796,-0.14640000000000003,-0.09399999999999999,-255.22399999999996,-264.0828,126.1192
-0.28739999999999993,-0.15159999999999998,-0.08100000000000009,-225.89600000000019,-274.75319999999994,130.61979999999997
-0.29519999999999996,-0.1568,-0.068,-196.568,-285.4236,135.1204
-0.29300000000000004,-0.15400000000000003,-0.05200000000000003,-162.30000000000007,-294.624,137.768
-0.27480000000000004,-0.13840000000000002,-0.031200000000000044,-120.1280000000001,-301.4724,137.4508
-0.25660000000000005,-0.12280000000000005,-0.010400000000000062,-77.95600000000013,-308.32079999999996,137.1336
-0.23840000000000008,-0.10720000000000006,0.010399999999999921,-35.78400000000016,-315.16919999999993,136.8164
-0.22440000000000004,-0.0790000000000002,0.02139999999999999,2.246799999999837,-316.4526,133.0174
-0.214,-0.03999999999999995,0.024000000000000004,36.72800000000004,-312.966,126.23399999999998
-0.20360000000000006,-0.0010000000000002507,0.026599999999999985,71.20919999999978,-309.47940000000006,119.45060000000004
-0.1932,0.03799999999999999,0.029199999999999997,105.69039999999998,-305.9928,112.6672
-0.20259999999999997,0.06799999999999998,0.028200000000000003,116.651,-304.974,107.8242
-0.22079999999999997,0.09399999999999994,0.025600000000000005,117.158,-305.052,103.84360000000001
-0.23899999999999996,0.11999999999999993,0.023000000000000007,117.66499999999999,-305.13,99.86300000000001
-0.25719999999999993,0.1459999999999999,0.02040000000000001,118.172,-305.208,95.8824
-0.28859999999999986,0.17419999999999985,0.015600000000000024,107.73400000000005,-308.6674,94.357
-0.32239999999999985,0.20279999999999987,0.010400000000000027,95.30600000000007,-312.7416,93.278
-0.3561999999999998,0.23139999999999983,0.005200000000000031,82.87800000000007,-316.81579999999997,92.19900000000001
-0.39,0.26,-0.0,70.45,-320.89,91.12
-0.42379999999999995,0.2626,0.002599999999999998,59.14520000000001,-330.6088,82.94040000000001
-0.45759999999999995,0.2652,0.005199999999999995,47.84040000000002,-340.32759999999996,74.76080000000002
-0.4913999999999997,0.2678,0.007799999999999975,36.5356000000001,-350.0463999999999,66.58120000000008
-0.5271999999999999,0.26280000000000014,0.00960000000000001,24.814000000000043,-358.27479999999997,60.35759999999998
-0.5739999999999998,0.2160000000000002,0.0070000000000000106,10.800000000000054,-358.306,64.89199999999998
-0.6207999999999998,0.16920000000000024,0.004400000000000013,-3.213999999999931,-358.3372,69.42639999999997
-0.6676,0.12239999999999995,0.0017999999999999971,-17.228000000000016,-358.3684,73.9608
-0.7087999999999998,0.06920000000000043,0.004799999999999895,-25.00360000000004,-351.5412000000001,82.83679999999987
-0.7373999999999996,0.0016000000000009618,0.02039999999999978,-18.742800000000088,-329.2826000000003,101.48139999999972
-0.7660000000000001,-0.06600000000000038,0.03600000000000009,-12.481999999999966,-307.0239999999999,120.1260000000001
-0.7946,-0.13359999999999986,0.051599999999999965,-6.221200000000014,-284.7654,138.77059999999997
-0.8040000000000002,-0.1939999999999995,0.06839999999999982,-0.5376000000000509,-243.1604000000006,160.81719999999973
-0.791,-0.2459999999999998,0.08659999999999993,4.47259999999998,-178.98460000000023,186.8327999999999
-0.778,-0.2980000000000001,0.10480000000000005,9.482800000000012,-114.80879999999986,212.84840000000005
-0.7650000000000001,-0.3499999999999997,0.1229999999999999,14.492999999999974,-50.63300000000035,238.86399999999986
-0.7056000000000011,-0.39559999999999945,0.15559999999999946,25.49359999999981,33.58119999999872,271.2699999999995
-0.6172000000000006,-0.4371999999999997,0.1971999999999997,40.23819999999989,130.31939999999932,307.66999999999973
-0.5288,-0.47879999999999995,0.23879999999999996,54.98279999999998,227.0575999999999,344.06999999999994
-0.44040000000000074,-0.5203999999999996,0.2803999999999996,69.72739999999986,323.79579999999913,380.4699999999997
-0.2920000000000005,-0.6239999999999997,0.34999999999999976,99.4219999999999,415.76599999999974,421.19799999999987
-0.12560000000000174,-0.7461999999999988,0.42799999999999916,133.60159999999965,506.30579999999907,463.22439999999955
0.04079999999999928,-0.8683999999999995,0.5059999999999997,167.78119999999984,596.8455999999996,505.2507999999998
0.20720000000000027,-0.9906000000000001,0.5840000000000001,201.96080000000006,687.3854000000001,547.2772000000001
0.4983999999999982,-1.2015999999999987,0.6523999999999995,236.8723999999998,799.7315999999994,591.8811999999997
0.7999999999999958,-1.419999999999997,0.7199999999999991,271.8449999999995,913.8949999999985,636.6999999999994
1.1015999999999977,-1.6383999999999983,0.7875999999999994,306.81759999999974,1028.0583999999992,681.5187999999996
1.3901999999999997,-1.8595999999999997,0.8623999999999997,346.4195999999999,1138.8485999999998,723.362
1.5227999999999986,-2.1143999999999976,1.0235999999999985,441.5743999999991,1209.1603999999993,729.4979999999999
1.6553999999999995,-2.3691999999999993,1.1847999999999994,536.7291999999998,1279.4721999999997,735.634
1.7880000000000003,-2.6240000000000006,1.3460000000000005,631.8840000000002,1349.784,741.77
1.8905999999999998,-2.851799999999999,1.4825999999999997,756.965599999999,1411.5967999999998,755.6945999999998
1.8931999999999998,-2.989599999999998,1.5371999999999992,981.8031999999972,1445.0795999999996,795.5811999999995
1.8958,-3.127399999999999,1.5917999999999997,1206.6407999999985,1478.5623999999998,835.4677999999997
1.8983999999999999,-3.2652,1.6463999999999999,1431.4783999999997,1512.0452,875.3543999999999
1.9049999999999998,-3.301000000000001,1.68,1614.430999999999,1544.089,911.5159999999997
1.918,-3.1736000000000004,1.68,1730.3675999999996,1573.8304,941.7176
1.9309999999999998,-3.046200000000001,1.68,1846.304199999999,1603.5717999999997,971.9191999999997
1.944,-2.9188000000000005,1.68,1962.2407999999996,1633.3131999999998,1002.1207999999998
1.95,-2.6877999999999993,1.7122000000000002,2015.75,1673.5364,1023.6326
1.95,-2.3680000000000017,1.7719999999999996,2015.75,1722.7439999999997,1037.696
1.95,-2.048200000000004,1.8317999999999992,2015.75,1771.9515999999994,1051.7594
1.95,-1.7284000000000022,1.8915999999999995,2015.75,1821.1591999999996,1065.8228
1.95,-1.5004000000000002,1.9315999999999998,2015.75,1868.1401999999998,1006.9088000000002
1.95,-1.3132000000000015,1.9627999999999997,2015.75,1914.1315999999997,915.5604000000009
1.95,-1.126000000000003,1.9939999999999993,2015.75,1960.1229999999994,824.2120000000015
1.95,-0.938800000000002,2.0251999999999994,2015.75,2006.1143999999995,732.8636000000009
1.95,-0.8506000000000004,2.0893999999999995,2015.75,2013.19,634.9680000000003
1.95,-0.7804000000000009,2.159599999999999,2015.75,2013.19,535.8820000000012
1.95,-0.7102000000000014,2.2297999999999982,2015.75,2013.19,436.7960000000019
1.95,-0.64,2.3,2015.75,2013.19,337.71
1.95,-0.6139999999999999,2.2558,1872.1311999999991,2013.19,293.9051999999997
1.95,-0.5880000000000001,2.2116,1728.5124,2013.19,250.10040000000004
1.95,-0.5620000000000003,2.1674,1584.8936000000012,2013.19,206.29560000000038
1.910800000000001,-0.5344000000000002,2.1040000000000005,1450.5800000000002,2013.19,164.0108000000001
1.6560000000000028,-0.49800000000000044,1.9350000000000018,1367.4450000000008,2013.19,130.08600000000035
1.4012000000000047,-0.4616000000000007,1.7660000000000031,1284.3100000000013,2013.19,96.16120000000063
1.1463999999999996,-0.42519999999999997,1.5969999999999998,1201.1749999999997,2013.19,62.23639999999996
0.8836000000000019,-0.38000000000000045,1.4224000000000012,1125.9416000000003,2013.19,34.80840000000008
0.6028000000000002,-0.31500000000000006,1.2352,1068.4868,2013.19,21.998200000000008
0.32200000000000234,-0.25000000000000056,1.0480000000000016,1011.0320000000004,2013.19,9.188000000000105
0.04120000000000447,-0.18500000000000102,0.860800000000003,953.5772000000009,2013.19,-3.622199999999797
-0.19159999999999822,-0.11280000000000076,0.7180000000000009,892.5308000000007,2013.19,-4.403600000000125
-0.36839999999999934,-0.03220000000000031,0.6270000000000003,827.2942000000003,2013.19,8.848599999999951
-0.5452000000000004,0.04840000000000018,0.5359999999999998,762.0575999999999,2013.19,22.10080000000003
-0.7219999999999991,0.12899999999999956,0.4450000000000005,696.8210000000004,2013.19,35.35299999999993
-0.8299999999999992,0.1983999999999992,0.3828000000000006,629.3092000000009,2013.19,40.90919999999999
-0.8949999999999996,0.2607999999999996,0.3386000000000003,560.3754000000005,2013.19,41.65539999999999
-0.9599999999999991,0.3231999999999991,0.29440000000000066,491.441600000001,2013.19,42.40159999999999
-1.0249999999999986,0.3855999999999986,0.250200000000001,422.50780000000157,2013.19,43.14779999999998
-1.0119999999999996,0.4240000000000004,0.21199999999999958,363.5399999999994,2013.19,41.30799999999997
-0.9755999999999999,0.4552000000000001,0.17559999999999987,307.56199999999984,2013.19,38.69239999999999
-0.9392000000000001,0.4863999999999999,0.13920000000000016,251.58400000000026,2013.19,36.07680000000001
-0.9028000000000005,0.5175999999999996,0.10280000000000045,195.60600000000068,2013.19,33.46120000000003
-0.8808000000000005,0.5367999999999996,0.06880000000000067,162.58640000000062,2013.19,27.814400000000116
-0.8600000000000005,0.5549999999999995,0.03500000000000093,131.48000000000087,2013.19,21.915000000000163
-0.8392000000000002,0.5731999999999998,0.0012000000000002599,100.37360000000024,2013.19,16.015600000000045
-0.8229999999999993,0.5921999999999995,-0.031599999999999684,69.5930000000004,2013.19,10.51760000000001
-0.8620000000000001,0.6208000000000001,-0.05240000000000009,42.72199999999988,2013.19,9.836399999999998
-0.9009999999999998,0.6493999999999999,-0.07319999999999993,15.85100000000008,2013.19,9.155200000000002
-0.9399999999999995,0.6779999999999996,-0.09399999999999978,-11.019999999999708,2013.19,8.474000000000007
-0.9795999999999991,0.6970000000000002,-0.12379999999999888,-26.25340000000044,2013.19,7.745400000000016
-1.0211999999999988,0.6840000000000003,-0.18359999999999843,-2.694800000000619,2013.19,6.8588000000000235
-1.0627999999999997,0.671,-0.24339999999999962,20.86379999999985,2013.19,5.972200000000006
-1.1043999999999994,0.6580000000000001,-0.3031999999999992,44.42239999999967,2013.19,5.085600000000013
-1.1170000000000007,0.6000000000000029,-0.3939999999999969,113.42599999999686,2008.0500000000004,3.3630000000000653
-1.0832,0.4700000000000003,-0.5343999999999997,255.1415999999997,1994.6860000000001,0.30280000000000573
-1.0494000000000003,0.3400000000000013,-0.6747999999999986,396.8571999999986,1981.3220000000001,-2.7573999999999703
-1.0156000000000005,0.21000000000000227,-0.8151999999999975,538.5727999999975,1967.9580000000003,-5.817599999999947
-0.9719999999999999,0.10099999999999976,-0.8744,634.2942000000002,1968.986,-19.744600000000048
-0.9200000000000003,0.01000000000000048,-0.8640000000000001,690.5919999999996,1982.35,-42.985999999999876
-0.8680000000000008,-0.08099999999999882,-0.8536000000000001,746.8897999999992,1995.714,-66.2273999999997
-0.8160000000000012,-0.17199999999999813,-0.8432000000000002,803.1875999999988,2009.0779999999997,-89.46879999999952
-0.854,-0.17300000000000007,-0.8274,865.9042,2013.19,-129.63379999999995
-0.9319999999999994,-0.13400000000000034,-0.8092000000000001,931.4735999999995,2013.19,-177.32039999999958
-1.010000000000001,-0.09499999999999958,-0.7909999999999998,997.0430000000008,2013.19,-225.00700000000052
-1.0880000000000003,-0.055999999999999876,-0.7727999999999999,1062.6124000000002,2013.19,-272.6936000000001
-1.1637999999999997,0.002799999999999747,-0.7634000000000001,1102.8026,2013.19,-328.29579999999976
-1.239199999999999,0.06519999999999926,-0.7556,1138.3783999999996,2013.19,-385.3371999999993
-1.3145999999999984,0.12759999999999877,-0.7478000000000001,1173.9541999999992,2013.19,-442.37859999999887
-1.389999999999998,0.1899999999999983,-0.7400000000000002,1209.529999999999,2013.19,-499.4199999999985
-1.4107999999999998,0.2549999999999995,-0.7166000000000001,1198.766,2013.19,-548.7887999999996
-1.4315999999999995,0.319999999999999,-0.6932000000000004,1188.0020000000002,2013.19,-598.1575999999992
-1.4524000000000001,0.3850000000000003,-0.6698,1177.238,2013.19,-647.5264000000002
-1.4744,0.44399999999999995,-0.6464000000000001,1164.0228000000002,2012.134,-696.0075999999998
-1.5029999999999997,0.46999999999999975,-0.6230000000000003,1137.3260000000005,2005.2700000000002,-739.6069999999995
-1.5315999999999994,0.49599999999999955,-0.5996000000000005,1110.6292000000005,1998.4060000000002,-783.2063999999991
-1.5601999999999994,0.5219999999999994,-0.5762000000000007,1083.9324000000008,1991.5420000000001,-826.8057999999988
-1.5927999999999998,0.5368,-0.5560000000000002,1049.1132000000005,1969.5220000000004,-867.1307999999998
-1.6343999999999994,0.5264000000000002,-0.5430000000000003,996.0186000000008,1913.4010000000007,-900.0883999999995
-1.6760000000000002,0.516,-0.5299999999999999,942.9239999999998,1857.2799999999997,-933.0460000000002
-1.7176,0.5056,-0.517,889.8294000000001,1801.159,-966.0035999999999
-1.7531999999999996,0.5012,-0.4980000000000003,825.8400000000008,1740.7348000000006,-991.1851999999999
-1.7817999999999996,0.5037999999999999,-0.4720000000000005,749.1400000000014,1675.2902000000013,-1007.2947999999998
-1.8103999999999993,0.5064,-0.4460000000000006,672.4400000000019,1609.8456000000017,-1023.4043999999997
-1.839,0.509,-0.4200000000000001,595.7400000000005,1544.4010000000003,-1039.514
-1.8452000000000002,0.4956000000000003,-0.4036000000000001,537.8096000000006,1484.4700000000007,-1045.0556000000001
-1.8374000000000001,0.4722000000000005,-0.3932000000000002,491.610200000001,1427.9850000000013,-1043.9922
-1.8296000000000001,0.44880000000000003,-0.38280000000000003,445.41080000000005,1371.5,-1042.9288
-1.8218,0.42540000000000017,-0.37240000000000006,399.2114000000004,1315.0150000000006,-1041.8654
-1.8619999999999992,0.39200000000000057,-0.3839999999999997,396.50199999999984,1297.076,-1039.95
-1.9166,0.3555999999999999,-0.40220000000000006,406.8396,1290.7008,-1037.779
-1.9711999999999996,0.31920000000000015,-0.42039999999999994,417.17719999999997,1284.3256000000001,-1035.608
-2.025799999999999,0.28280000000000044,-0.43859999999999977,427.51479999999987,1277.9504000000002,-1033.437
-2.205199999999996,0.28479999999999994,-0.33440000000000225,350.8812000000016,1261.9200000000003,-1006.8556000000005
-2.3949999999999947,0.28999999999999987,-0.22000000000000314,267.0000000000023,1245.0850000000005,-978.2400000000008
-2.584799999999998,0.29519999999999996,-0.10560000000000087,183.11880000000065,1228.2500000000002,-949.6244000000003
-2.7915999999999936,0.30519999999999897,0.01279999999999748,92.57660000000271,1208.675800000001,-922.9380000000001
-3.2024000000000017,0.3728000000000003,0.17920000000000075,-77.8976000000007,1156.2311999999997,-919.402
-3.6131999999999986,0.4403999999999998,0.34559999999999946,-248.37179999999944,1103.7866000000001,-915.866
-4.023999999999996,0.5079999999999993,0.5119999999999982,-418.8459999999981,1051.3420000000006,-912.33
-4.4311999999999925,0.5210000000000032,0.6310000000000007,-600.2521999999959,964.7670000000037,-902.1466000000006
-4.82639999999999,0.3520000000000044,0.592000000000001,-818.0983999999943,764.4240000000052,-869.8052000000009
-5.221599999999986,0.18300000000000574,0.5530000000000013,-1035.9445999999925,564.0810000000067,-837.4638000000011
-5.616799999999994,0.014000000000002413,0.5140000000000006,-1253.7907999999968,363.73800000000284,-805.1224000000005
-5.8790000000000004,-0.2790000000000028,0.44499999999999934,-1389.673,192.43799999999933,-730.9819999999992
-5.9284,-0.7703999999999989,0.32800000000000024,-1394.4127999999998,67.60680000000028,-589.9632000000003
-5.977799999999999,-1.2617999999999951,0.21100000000000116,-1399.1526,-57.22439999999875,-448.9444000000014
-6.027199999999999,-1.7531999999999914,0.09400000000000205,-1403.8924,-182.0555999999978,-307.9256000000025
-6.05,-2.1395999999999926,0.09739999999999732,-1326.4928000000036,-239.6616,-222.65900000000096
-6.05,-2.43599999999999,0.2039999999999965,-1178.6880000000049,-239.646,-185.18000000000123
-6.05,-2.732399999999996,0.3105999999999986,-1030.883200000002,-239.6304,-147.70100000000048
-6.05,-3.028799999999994,0.4171999999999978,-883.0784000000031,-239.6148,-110.22200000000078
-6.05,-3.030000000000004,0.6317999999999925,-675.1500000000067,-292.62179999999785,-81.77720000000069
-6.05,-2.9000000000000012,0.8943999999999976,-440.50000000000205,-369.19439999999935,-57.34760000000021
-6.05,-2.7699999999999987,1.157000000000003,-205.84999999999744,-445.76700000000085,-32.917999999999736
-6.05,-2.6400000000000032,1.4195999999999938,28.799999999994363,-522.3395999999982,-8.488400000000588
-6.05,-2.406600000000001,1.5589999999999995,197.36859999999928,-608.7065999999996,46.55419999999975
-6.05,-2.15440000000001,1.6759999999999953,353.9223999999938,-696.8543999999965,107.16279999999762
-6.05,-1.902200000000005,1.7929999999999977,510.4761999999969,-785.0021999999983,167.7713999999988
-6.05,-1.65,1.91,667.03,-873.15,228.38
-6.05,-1.4628000000000014,1.9125999999999999,659.2612,-927.8591999999995,281.7917999999996
-6.05,-1.2755999999999976,1.9152,651.4923999999999,-982.5684000000006,335.2036000000006
-6.05,-1.0884000000000043,1.9178,643.7236000000001,-1037.2775999999988,388.6153999999988
-6.05,-0.9124000000000004,1.9183999999999999,620.1892000000003,-1094.7507999999998,440.8659999999999
-6.05,-0.7980000000000045,1.9080000000000004,509.9440000000042,-1167.4259999999972,486.72999999999826
-6.05,-0.6836000000000022,1.8976000000000002,399.69880000000205,-1240.1011999999985,532.5939999999991
-6.05,-0.5691999999999999,1.8872,289.4535999999999,-1312.7764,578.4580000000001
-5.988400000000001,-0.4596000000000006,1.872,187.55880000000053,-1386.5435999999995,621.5467999999998
-5.7882000000000025,-0.3608000000000014,1.8460000000000003,104.45240000000116,-1462.767799999999,658.3913999999995
-5.5880000000000045,-0.2620000000000022,1.8200000000000005,21.34600000000181,-1538.9919999999984,695.2359999999992
-5.3878,-0.16320000000000023,1.794,-61.76039999999983,-1615.2161999999998,732.0805999999999
-5.139600000000011,-0.10400000000000048,1.7464000000000026,-115.01919999999932,-1683.6103999999978,753.2735999999999
-4.835400000000005,-0.09100000000000022,1.6736000000000013,-133.45579999999967,-1742.869599999999,756.2063999999999
-4.531199999999999,-0.07799999999999997,1.6007999999999998,-151.89240000000004,-1802.1288000000002,759.1392000000001
-4.22700000000001,-0.06500000000000042,1.5280000000000025,-170.32899999999938,-1861.387999999998,762.0719999999999
-3.9292000000000042,-0.07759999999999963,1.450400000000001,-157.48880000000042,-1899.9655999999998,759.0624000000001
-3.6354000000000064,-0.1061999999999994,1.3698000000000017,-125.10060000000067,-1925.6171999999995,752.3388000000002
-3.3416000000000006,-0.13479999999999998,1.2892000000000001,-92.71240000000003,-1951.2687999999998,745.6152000000001
-3.0478000000000107,-0.163399999999999,1.2086000000000028,-60.32420000000117,-1976.920399999999,738.8916000000003
-2.7680000000000042,-0.19199999999999956,1.144000000000001,11.795999999998628,-1982.84,726.5600000000003
-2.492399999999999,-0.22060000000000013,1.0841999999999998,95.83580000000026,-1982.84,712.546
-2.2168000000000085,-0.24919999999999912,1.0244000000000018,179.87559999999732,-1982.84,698.5320000000005
-1.9412000000000031,-0.27779999999999966,0.9646000000000007,263.915399999999,-1982.84,684.5180000000003
-1.732800000000004,-0.25840000000000046,0.8808000000000016,373.9615999999978,-1982.84,676.8256000000002
-1.5299999999999998,-0.23500000000000001,0.7949999999999999,486.175,-1982.84,669.6600000000001
-1.3272000000000015,-0.21160000000000018,0.7092000000000006,598.3883999999991,-1982.84,662.4944
-1.1314000000000015,-0.1872000000000006,0.6222000000000015,710.7711999999983,-1982.84,655.8982
-1.0195999999999994,-0.15079999999999985,0.5207999999999995,825.1868000000005,-1982.84,656.1348
-0.9078000000000034,-0.11440000000000113,0.4194000000000031,939.6023999999965,-1982.84,656.3714
-0.7960000000000012,-0.0780000000000004,0.3180000000000011,1054.0179999999987,-1982.84,656.608
-0.724399999999997,-0.02840000000000431,0.21300000000000532,1162.6201999999957,-1981.3730000000003,657.8183999999998
-0.7867999999999984,0.06519999999999754,0.09600000000000306,1251.8443999999977,-1975.016,662.2747999999998
-0.8491999999999995,0.15879999999999939,-0.02099999999999924,1341.0685999999994,-1968.659,666.7312
-0.9115999999999991,0.2523999999999987,-0.13799999999999835,1430.2927999999988,-1962.3020000000001,671.1875999999999
-0.9630000000000002,0.3730000000000009,-0.2600000000000007,1464.7249999999997,-1960.835,678.57
-0.996799999999999,0.5367999999999952,-0.3899999999999961,1411.4900000000016,-1967.1919999999998,690.6339999999997
-1.0305999999999997,0.7005999999999983,-0.5199999999999987,1358.2550000000006,-1973.549,702.6979999999999
-1.0643999999999985,0.8643999999999926,-0.6499999999999941,1305.0200000000025,-1979.9059999999997,714.7619999999995
-1.0548000000000013,1.0141999999999964,-0.772999999999997,1172.427400000005,-1982.84,740.8441999999991
-1.0080000000000002,1.1519999999999992,-0.8899999999999992,971.8140000000011,-1982.84,778.9419999999998
-0.9612000000000006,1.2897999999999983,-1.0069999999999983,771.2006000000026,-1982.84,817.0397999999996
-0.9143999999999998,1.4276000000000009,-1.1240000000000008,570.5871999999987,-1982.84,855.1376000000002
-0.9125999999999995,1.5239999999999978,-1.1743999999999994,345.2238000000067,-1982.84,885.3099999999993
-0.9307999999999998,1.6019999999999994,-1.1951999999999998,108.86040000000207,-1982.84,911.9599999999998
-0.9490000000000002,1.6800000000000008,-1.2160000000000002,-127.5030000000026,-1982.84,938.6100000000004
-0.9671999999999995,1.7579999999999982,-1.2367999999999995,-363.8663999999943,-1982.84,965.2599999999994
-1.0535999999999996,1.7018000000000004,-1.1542000000000003,-575.4115999999991,-1982.84,957.2182
-1.152399999999996,1.621200000000003,-1.052800000000004,-782.4443999999919,-1982.84,942.8688000000005
-1.251199999999998,1.5406000000000015,-0.951400000000002,-989.477199999996,-1982.84,928.5194000000002
-1.3499999999999948,1.4600000000000044,-0.8500000000000055,-1196.5099999999886,-1982.84,914.1700000000008
-1.3552,1.317000000000005,-0.7772000000000026,-1279.2341999999971,-1982.84,857.6356000000019
-1.3604,1.1740000000000022,-0.704400000000001,-1361.9583999999988,-1982.84,801.1012000000009
-1.3656000000000001,1.0309999999999995,-0.6315999999999996,-1444.6826000000003,-1982.84,744.5667999999997
-1.3540000000000032,0.8876000000000045,-0.5755999999999988,-1522.9187999999983,-1982.84,688.7108000000017
-1.2500000000000013,0.7420000000000015,-0.6119999999999995,-1576.4709999999995,-1982.84,636.5860000000006
-1.145999999999999,0.5963999999999987,-0.6484000000000003,-1630.0232000000005,-1982.84,584.4611999999995
-1.0420000000000027,0.4508000000000038,-0.684799999999999,-1683.5753999999986,-1982.84,532.3364000000014
-0.9420000000000006,0.303600000000001,-0.7243999999999997,-1720.9284,-1982.84,491.4988000000001
-0.8509999999999988,0.15279999999999797,-0.7712000000000006,-1721.8332,-1982.84,476.0573999999998
-0.760000000000002,0.002000000000003277,-0.817999999999999,-1722.738,-1982.84,460.6160000000003
-0.6690000000000002,-0.14879999999999968,-0.8647999999999999,-1723.6428,-1982.84,445.17460000000005
-0.6415999999999983,-0.28999999999999515,-0.8768000000000011,-1691.9124000000027,-1982.108,430.41360000000054
-0.6883999999999992,-0.4199999999999977,-0.8482000000000005,-1622.1076000000014,-1980.522,416.44640000000027
-0.7351999999999976,-0.5499999999999932,-0.8196000000000015,-1552.3028000000038,-1978.9360000000001,402.47920000000073
-0.7819999999999985,-0.6799999999999957,-0.7910000000000009,-1482.4980000000023,-1977.3500000000001,388.51200000000046
-0.8655999999999986,-0.7523999999999995,-0.7096000000000016,-1399.5332000000012,-1967.3752000000002,343.6856000000008
-0.9721999999999948,-0.7887999999999983,-0.5952000000000055,-1308.3434000000045,-1952.1574000000007,279.5722000000031
-1.0787999999999969,-0.8251999999999989,-0.4808000000000033,-1217.1536000000026,-1936.9396000000004,215.45880000000182
-1.1853999999999991,-0.8615999999999997,-0.366400000000001,-1125.963800000001,-1921.7218000000003,151.34540000000058
-1.2040000000000004,-0.8060000000000036,-0.2720000000000039,-1048.1160000000032,-1931.1359999999993,101.526000000002
-1.1962000000000002,-0.722800000000002,-0.18360000000000215,-974.2708000000018,-1947.9397999999997,55.9948000000011
-1.1884,-0.6396000000000004,-0.0952000000000004,-900.4256000000004,-1964.7435999999998,10.463600000000199
-1.1805999999999999,-0.5563999999999988,-0.006799999999998647,-826.5803999999988,-1981.5474000000002,-35.067600000000695
-1.0816000000000021,-0.4684000000000018,0.06959999999999852,-763.6216000000012,-1963.5392000000004,-31.59080000000015
-0.975,-0.38,0.145,-701.5699999999999,-1942.63,-24.03
-0.8684000000000037,-0.2916000000000031,0.22039999999999735,-639.5184000000022,-1921.7208000000007,-16.469200000000264
-0.7674000000000005,-0.20540000000000092,0.2979999999999984,-579.9228000000005,-1898.2004000000009,-8.552200000000191
-0.7335999999999998,-0.14559999999999973,0.4020000000000004,-549.7991999999999,-1843.3455999999999,3.639200000000052
-0.6998000000000011,-0.08580000000000182,0.5059999999999968,-519.6756000000009,-1788.4908000000019,15.830599999999624
-0.6660000000000004,-0.02600000000000065,0.6099999999999988,-489.5520000000003,-1733.6360000000006,28.021999999999863
-0.5956000000000089,0.015200000000000963,0.7493999999999881,-481.8701999999969,-1700.5827999999983,30.211400000001433
-0.4032000000000051,-0.005599999999999453,1.006799999999993,-548.9943999999982,-1740.201599999999,-0.9391999999991754
-0.21080000000001178,-0.026399999999998723,1.2641999999999842,-616.1185999999959,-1779.8203999999976,-32.089799999998085
-0.01840000000000798,-0.04719999999999913,1.5215999999999892,-683.2427999999971,-1819.4391999999982,-63.2403999999987
0.27099999999999036,-0.12299999999999645,1.7099999999999982,-743.6299999999989,-1822.3320000000012,-89.4409999999996
0.7155999999999991,-0.28679999999999967,1.7879999999999998,-793.2379999999998,-1766.4632000000001,-107.72159999999997
1.160200000000008,-0.4506000000000029,1.8660000000000014,-842.8460000000009,-1710.594399999999,-126.00220000000031
1.6047999999999922,-0.6143999999999971,1.9439999999999986,-892.4539999999992,-1654.7256000000011,-144.28279999999967
1.7651999999999999,-0.6773999999999999,2.036,-898.2084,-1589.2625999999998,-162.10140000000004
1.6819999999999982,-0.6539999999999995,2.1400000000000023,-866.3739999999993,-1515.5759999999984,-179.52400000000037
1.598800000000001,-0.6306000000000003,2.2439999999999984,-834.5396000000004,-1441.889400000001,-196.94659999999976
1.5155999999999994,-0.6071999999999999,2.3480000000000008,-802.7051999999998,-1368.2027999999996,-214.3692000000001
1.538599999999998,-0.551400000000002,2.3620000000000005,-783.1738000000004,-1340.9634,-220.57599999999996
1.6087999999999993,-0.4812000000000006,2.3360000000000003,-769.1104000000001,-1334.3672000000001,-221.79799999999997
1.678999999999997,-0.4110000000000031,2.310000000000001,-755.0470000000006,-1327.7710000000004,-223.01999999999995
1.7491999999999983,-0.3408000000000017,2.2840000000000003,-740.9836000000004,-1321.1748000000002,-224.242
1.8017999999999998,-0.38499999999999973,2.1326000000000005,-873.5985999999994,-1265.4152000000004,-235.84579999999994
1.851199999999998,-0.4499999999999974,1.9584000000000068,-1032.8823999999938,-1200.7168000000026,-249.33719999999948
1.900599999999999,-0.5149999999999987,1.7842000000000033,-1192.166199999997,-1136.0184000000013,-262.8285999999997
1.9499999999999973,-0.5799999999999964,1.6100000000000096,-1351.4499999999914,-1071.3200000000036,-276.31999999999925
1.95,-0.7151999999999953,1.5450000000000024,-1514.9483999999943,-1020.8566000000017,-307.0103999999989
1.95,-0.8503999999999979,1.480000000000001,-1678.4467999999974,-970.3932000000008,-337.7007999999995
1.95,-0.9856000000000007,1.4149999999999998,-1841.9452000000008,-919.9297999999998,-368.39120000000014
1.95,-1.1143999999999972,1.3592000000000002,-1974.3388000000011,-876.0104000000002,-397.79919999999936
1.95,-1.207999999999999,1.354,-1935.6560000000004,-868.0830000000001,-420.15399999999977
1.95,-1.3016000000000008,1.3488,-1896.9731999999997,-860.1555999999999,-442.5088000000002
1.95,-1.3951999999999976,1.3436000000000001,-1858.290400000001,-852.2282000000002,-464.8635999999994
1.95,-1.4751999999999996,1.3160000000000007,-1795.7436000000007,-842.2672000000001,-483.7887999999999
1.95,-1.524599999999998,1.2380000000000033,-1679.5028000000048,-827.7306000000007,-494.9973999999995
1.95,-1.573999999999999,1.1600000000000017,-1563.2620000000027,-813.1940000000003,-506.2059999999998
1.95,-1.6233999999999997,1.0820000000000003,-1447.0212000000004,-798.6574,-517.4146000000001
1.9056000000000035,-1.6535999999999995,0.9704000000000057,-1368.0032000000015,-768.0084000000019,-512.584000000001
1.8094000000000017,-1.6613999999999998,0.8196000000000028,-1332.4118000000008,-718.5616000000009,-489.04100000000045
1.7132000000000052,-1.6691999999999996,0.6688000000000079,-1296.8204000000019,-669.1148000000026,-465.49800000000124
1.617000000000003,-1.6769999999999996,0.518000000000005,-1261.2290000000012,-619.6680000000016,-441.9550000000008
1.4712000000000023,-1.6784,0.4424000000000004,-1166.8680000000018,-605.6835999999998,-430.35440000000006
1.2944000000000084,-1.6758,0.4138000000000014,-1035.7760000000062,-613.8631999999996,-426.2178000000002
1.117600000000005,-1.6732,0.3852000000000008,-904.6840000000037,-622.0427999999997,-422.08120000000014
0.9408000000000015,-1.6705999999999999,0.35660000000000025,-773.5920000000011,-630.2224,-417.94460000000004
0.8619999999999994,-1.5439999999999983,0.35400000000000004,-660.0579999999989,-616.0739999999997,-393.03799999999967
0.8126000000000012,-1.3802000000000039,0.35919999999999985,-551.7914000000026,-595.2272000000005,-361.9004000000008
0.7632000000000002,-1.2164000000000008,0.36439999999999995,-443.5248000000005,-574.3804,-330.76280000000014
0.7137999999999992,-1.0525999999999975,0.3696000000000001,-335.25819999999834,-553.5335999999996,-299.62519999999955
0.5636000000000031,-0.8600000000000039,0.3891999999999996,-305.9444000000004,-500.65160000000105,-279.81560000000036
0.405,-0.665,0.41000000000000003,-283.21000000000004,-445.09999999999997,-260.95
0.24640000000000556,-0.4700000000000068,0.4307999999999993,-260.4756000000008,-389.54840000000195,-242.08440000000064
0.09340000000000134,-0.28480000000000105,0.4456000000000009,-237.9218000000003,-335.7712000000005,-224.95419999999993
0.0076000000000043255,-0.21720000000000342,0.38840000000000285,-217.53520000000103,-303.2868000000016,-228.6487999999998
-0.07819999999999738,-0.14960000000000206,0.33120000000000177,-197.14860000000064,-270.802400000001,-232.3433999999999
-0.16399999999999906,-0.08200000000000074,0.27400000000000063,-176.76200000000023,-238.31800000000035,-236.03799999999995
-0.29599999999998694,0.005999999999992789,0.22820000000000037,-172.2495999999978,-212.07900000000026,-224.70680000000283
-0.5819999999999925,0.16199999999999587,0.2204000000000002,-220.65119999999874,-206.65800000000016,-163.2896000000016
-0.8679999999999826,0.3179999999999904,0.21260000000000048,-269.05279999999703,-201.23700000000034,-101.87240000000375
-1.1539999999999881,0.4739999999999935,0.20480000000000034,-317.454399999998,-195.81600000000023,-40.45520000000255
-1.2830000000000028,0.5380000000000018,0.19500000000000028,-359.20299999999935,-183.02200000000053,-11.043999999999514
-1.1608000000000003,0.45480000000000015,0.18200000000000005,-390.30679999999995,-158.43120000000005,-32.84239999999995
-1.038599999999998,0.37159999999999854,0.16899999999999976,-421.41060000000056,-133.84039999999956,-54.64080000000038
-0.9164000000000021,0.28840000000000143,0.15600000000000022,-452.51439999999945,-109.24960000000044,-76.43919999999962
-0.86,0.23459999999999992,0.1303999999999999,-486.0696000000001,-76.99379999999991,-85.17699999999999
-0.86,0.20600000000000096,0.09400000000000118,-521.7259999999989,-38.16800000000128,-82.72000000000008
-0.86,0.1774000000000004,0.05760000000000048,-557.3823999999995,0.657799999999483,-80.26300000000003
-0.86,0.14879999999999982,0.02119999999999976,-593.0388000000003,39.48360000000025,-77.80599999999998
-0.8546000000000002,0.11660000000000095,-0.009799999999999198,-610.5169999999997,80.10939999999883,-78.05979999999995
-0.8468,0.08280000000000029,-0.038399999999999754,-619.9159999999999,121.53519999999963,-79.51839999999999
-0.8390000000000003,0.04900000000000148,-0.06699999999999875,-629.3149999999996,162.9609999999982,-80.97699999999993
-0.8312000000000002,0.015200000000000814,-0.09559999999999932,-638.7139999999997,204.386799999999,-82.43559999999997
-0.8409999999999992,0.01,-0.12419999999999831,-621.1938000000013,223.27579999999912,-92.76019999999929
-0.8539999999999994,0.01,-0.15279999999999888,-598.7792000000009,238.0671999999994,-104.69679999999953
-0.8669999999999998,0.01,-0.18139999999999942,-576.3646000000005,252.85859999999968,-116.63339999999975
-0.8799999999999993,0.01,-0.20999999999999844,-553.9500000000013,267.6499999999992,-128.56999999999934
-0.8981999999999993,-0.05499999999999772,-0.1762000000000012,-496.607000000002,295.995199999999,-114.1582000000005
-0.9163999999999997,-0.119999999999999,-0.14240000000000053,-439.2640000000009,324.3403999999996,-99.74640000000022
-0.9346000000000001,-0.18500000000000028,-0.10859999999999986,-381.92099999999976,352.68560000000014,-85.33459999999994
-0.9220000000000055,-0.23000000000000198,-0.08679999999999866,-327.53400000000113,367.7336000000018,-71.20360000000038
-0.740000000000002,-0.1650000000000007,-0.13099999999999953,-289.4050000000004,309.6470000000006,-58.61700000000013
-0.5579999999999984,-0.09999999999999944,-0.1752000000000004,-251.27599999999967,251.5603999999995,-46.03039999999989
-0.3760000000000048,-0.0350000000000017,-0.21939999999999885,-213.147000000001,193.47380000000152,-33.44380000000033
-0.20680000000000098,0.015599999999999878,-0.2643999999999997,-182.35960000000009,156.21599999999992,-35.866799999999756
-0.0664000000000059,0.03379999999999924,-0.31119999999999803,-168.0908000000006,165.8229999999996,-72.06139999999849
0.0739999999999969,0.0519999999999996,-0.357999999999999,-153.82200000000032,175.42999999999978,-108.2559999999992
0.21439999999999967,0.07019999999999996,-0.4047999999999999,-139.55320000000003,185.03699999999998,-144.45059999999992
0.3211999999999975,0.08119999999999991,-0.37960000000000405,-120.06800000000095,172.7800000000014,-164.37919999999997
0.3887999999999988,0.08379999999999996,-0.2704000000000019,-94.49700000000044,135.01500000000067,-165.33079999999998
0.4563999999999965,0.08639999999999987,-0.16120000000000573,-68.92600000000135,97.25000000000199,-166.28239999999994
0.5239999999999978,0.08899999999999991,-0.05200000000000358,-43.35500000000084,59.485000000001236,-167.23399999999995
0.5883999999999958,0.1331999999999952,-0.10599999999998944,-87.68479999999403,56.90239999999869,-181.39519999999845
0.650799999999997,0.2033999999999966,-0.2619999999999925,-175.70259999999575,76.30879999999907,-203.81239999999892
0.7131999999999983,0.27359999999999796,-0.4179999999999956,-263.7203999999975,95.71519999999944,-226.22959999999935
0.7755999999999995,0.3437999999999994,-0.5739999999999986,-351.7381999999992,115.12159999999983,-248.64679999999979
0.7019999999999988,0.27399999999999874,-0.5399999999999989,-422.36800000000073,117.53799999999997,-271.57600000000025
0.5876000000000028,0.16220000000000268,-0.4490000000000022,-487.7813999999984,114.85740000000007,-294.6587999999995
0.4732000000000005,0.050400000000000486,-0.35800000000000043,-553.1947999999998,112.17680000000001,-317.7415999999999
0.3588000000000045,-0.06139999999999561,-0.26700000000000357,-618.6081999999974,109.49620000000012,-340.8243999999991
0.3116000000000008,-0.0843999999999997,-0.25760000000000005,-643.1183999999996,121.20359999999975,-331.80000000000024
0.27,-0.1,-0.255,-664.22,134.11,-320.1
0.22840000000000144,-0.11559999999999945,-0.25240000000000007,-685.3215999999992,147.01639999999955,-308.40000000000043
0.18280000000000143,-0.13679999999999864,-0.245000000000001,-704.3476,157.27140000000034,-297.49140000000006
0.08920000000000469,-0.22519999999999554,-0.18000000000000327,-698.4664000000002,135.7096000000011,-296.0796000000001
-0.004399999999997156,-0.31359999999999727,-0.11500000000000199,-692.5852000000001,114.14780000000067,-294.66780000000006
-0.09799999999999387,-0.4019999999999942,-0.05000000000000426,-686.7040000000003,92.58600000000142,-293.2560000000001
-0.17839999999999834,-0.4688000000000002,0.017999999999996408,-659.4820000000045,63.57220000000248,-286.6674000000011
-0.21479999999999905,-0.4636000000000001,0.09599999999999795,-561.1240000000025,9.718400000001424,-262.82280000000065
-0.25119999999999776,-0.4584000000000003,0.17399999999999521,-462.766000000006,-44.13539999999671,-238.97820000000146
-0.28759999999999847,-0.4532000000000002,0.2519999999999967,-364.40800000000405,-97.98919999999777,-215.133600000001
-0.32699999999999907,-0.4609999999999994,0.29300000000000037,-267.734000000002,-132.44799999999992,-193.3630000000004
-0.3711999999999975,-0.48959999999999837,0.27480000000000104,-173.75440000000532,-135.8747999999998,-174.91080000000107
-0.41540000000000077,-0.5182000000000005,0.25659999999999966,-79.77479999999834,-139.30160000000006,-156.45859999999968
-0.45959999999999923,-0.5467999999999995,0.23840000000000033,14.204799999998357,-142.72839999999994,-138.00640000000033
-0.43520000000000436,-0.4998000000000059,0.18940000000000398,105.40119999999536,-147.60419999999968,-105.45060000000234
-0.35199999999999815,-0.38799999999999757,0.11399999999999838,194.21200000000195,-153.72200000000015,-60.80599999999903
-0.2688000000000011,-0.2762000000000015,0.03860000000000101,283.0227999999988,-159.8397999999999,-16.16140000000059
-0.185600000000004,-0.16440000000000538,-0.03679999999999636,371.8335999999957,-165.9575999999997,28.48319999999785
-0.08440000000000908,-0.2199999999999892,-0.061799999999999786,456.32259999999314,-157.59980000000124,48.92679999999919
0.024799999999999045,-0.34999999999999887,-0.06439999999999999,538.8907999999993,-142.80840000000012,58.61439999999992
0.13399999999999523,-0.4799999999999943,-0.06699999999999989,621.4589999999964,-128.01700000000065,68.30199999999958
0.24319999999999142,-0.6099999999999898,-0.0695999999999998,704.0271999999935,-113.22560000000117,77.98959999999924
0.2446000000000001,-0.5024000000000006,-0.12499999999999972,708.48,-85.57080000000013,66.18540000000007
0.2264000000000007,-0.3516000000000059,-0.18999999999999745,698.7300000000004,-55.577200000001184,50.47360000000062
