-0.4601,0.475,-0.051099999999999965,227.80269999999996,-66.1567,136.1105
-0.49,0.36,0.08,86.24,-48.15,128.44
-0.4486,0.19210000000000005,0.0892,82.9855,7.765299999999996,130.6549
-0.4072,0.0242,0.0984,79.731,63.6806,132.8698
-0.3658,-0.14369999999999997,0.1076,76.4765,119.59589999999999,135.0847
-0.3244,-0.31159999999999993,0.11679999999999999,73.22200000000001,175.51119999999997,137.2996
-0.301,-0.469,0.16049999999999998,80.487,249.23449999999997,157.88199999999998
-0.2872,-0.6208,0.22259999999999996,93.3624,332.45539999999994,188.26039999999998
-0.27340000000000003,-0.7726,0.28469999999999995,106.2378,415.67629999999997,218.63879999999997
-0.2596,-0.9243999999999999,0.3468,119.11319999999999,498.89719999999994,249.01719999999995
-0.2122000000000001,-1.0705999999999998,0.4019,141.95449999999997,586.3824999999999,283.17209999999994
-0.08800000000000013,-1.204,0.441,187.57499999999996,683.6149999999999,325.95899999999995
0.03619999999999984,-1.3374,0.48009999999999997,233.19549999999998,780.8474999999999,368.74589999999995
0.16039999999999985,-1.4707999999999999,0.5192,278.816,878.0799999999999,411.53279999999995
0.28459999999999985,-1.6042,0.5583,324.43649999999997,975.3124999999999,454.31969999999995
0.38019999999999987,-1.786,0.6809999999999999,397.49099999999993,1060.9663999999998,497.9008
0.4744999999999997,-1.9699999999999995,0.8074999999999997,471.7924999999998,1146.0939999999998,541.5179999999999
0.5687999999999999,-2.154,0.9339999999999999,546.0939999999999,1231.2215999999999,585.1351999999999
0.6631,-2.338,1.0605000000000002,620.3955000000001,1316.3492,628.7524000000001
0.7335999999999999,-2.4898,1.1604,730.7721999999999,1366.4768,683.501
0.7887999999999997,-2.6209,1.2431999999999999,864.3400999999996,1394.1044,745.4054999999998
0.8439999999999999,-2.752,1.3259999999999998,997.9079999999999,1421.732,807.31
0.8991999999999998,-2.8830999999999993,1.4087999999999996,1131.4758999999995,1449.3596,869.2144999999998
0.9645999999999998,-2.9608,1.4646,1277.3329999999996,1471.1336,932.4317999999998
1.0588999999999995,-2.8872000000000004,1.4439,1458.0094999999992,1476.3224,999.3686999999998
1.1531999999999998,-2.8136,1.4232,1638.6859999999997,1481.5112,1066.3056
1.2475,-2.74,1.4024999999999999,1819.3625,1486.6999999999998,1133.2425
1.3417999999999999,-2.6664000000000003,1.3818,2000.0389999999995,1491.8888,1200.1793999999998
1.476,-2.4206000000000003,1.4009999999999998,2015.75,1544.1869,1215.8721
1.6139999999999997,-2.1584000000000008,1.424,2015.75,1600.9715999999999,1226.6843999999999
1.752,-1.8962,1.4469999999999998,2015.75,1657.7563,1237.4967
1.8899999999999997,-1.6340000000000006,1.47,2015.75,1714.541,1248.309
1.95,-1.4160000000000008,1.5397999999999996,2015.75,1774.8447999999999,1231.1089000000002
1.95,-1.2320000000000004,1.6455999999999997,2015.75,1837.8555999999999,1192.3608000000002
1.95,-1.048,1.7513999999999998,2015.75,1900.8663999999999,1153.6127
1.95,-0.8639999999999998,1.8572000000000002,2015.75,1963.8772000000001,1114.8645999999999
1.95,-0.7094999999999998,1.9575000000000002,2015.75,2013.19,1068.7564999999997
1.95,-0.6612000000000001,2.038,2015.75,2013.19,996.1524000000002
1.95,-0.6129,2.1185,2015.75,2013.19,923.5483
1.95,-0.5646000000000003,2.1989999999999994,2015.75,2013.19,850.9442000000005
1.95,-0.5162999999999999,2.2795,2015.75,2013.19,778.3400999999998
1.95,-0.4880000000000001,2.336,1993.336,2013.19,690.6140000000003
1.95,-0.46270000000000006,2.3889,1967.5599,2013.19,600.6196000000001
1.95,-0.4374000000000002,2.4417999999999997,1941.7838000000002,2013.19,510.62520000000063
1.95,-0.41209999999999997,2.4947000000000004,1916.0076999999999,2013.19,420.63079999999974
1.95,-0.4299999999999998,2.5356,1858.9068000000002,2013.19,349.4920000000002
1.95,-0.48749999999999993,2.5655,1773.0915000000002,2013.19,295.63750000000005
1.95,-0.5449999999999996,2.5953999999999997,1687.2762000000007,2013.19,241.78300000000038
1.95,-0.6025000000000001,2.6253,1601.4608999999998,2013.19,187.92849999999987
1.9416000000000002,-0.6603999999999998,2.6428000000000003,1525.4136,2013.19,140.27400000000006
1.8933,-0.7202,2.6014,1495.7643,2013.19,122.06950000000003
1.845,-0.78,2.56,1466.115,2013.19,103.86500000000001
1.7967,-0.8398000000000001,2.5186,1436.4657,2013.19,85.66049999999997
1.7484000000000002,-0.8995999999999998,2.4772000000000003,1406.8164000000002,2013.19,67.45600000000007
1.5272000000000006,-0.8644000000000002,2.3313000000000006,1413.1417000000001,2013.19,58.09220000000002
1.2696,-0.8092,2.1634,1427.0406,2013.19,50.589600000000004
1.0119999999999996,-0.754,1.9954999999999998,1440.9395,2013.19,43.08699999999999
0.7544000000000011,-0.6988000000000003,1.8276000000000008,1454.8383999999999,2013.19,35.58440000000004
0.5089000000000006,-0.6249000000000002,1.6410000000000005,1465.2294,2013.19,20.462100000000063
0.2766000000000002,-0.5306000000000001,1.4340000000000002,1471.7936,2013.19,-2.9725999999999857
0.044300000000001505,-0.43630000000000063,1.2270000000000012,1478.3578,2013.19,-26.40729999999985
-0.18799999999999895,-0.34200000000000047,1.020000000000001,1484.922,2013.19,-49.841999999999885
-0.4122000000000009,-0.25129999999999975,0.8180999999999992,1486.5416,2013.19,-73.14500000000011
-0.5823999999999998,-0.1846000000000001,0.6502000000000001,1455.1972,2013.19,-95.56999999999998
-0.7526000000000002,-0.11789999999999995,0.48229999999999984,1423.8528,2013.19,-117.99500000000002
-0.9227999999999991,-0.05120000000000034,0.31440000000000085,1392.5084000000002,2013.19,-140.4199999999999
-1.0929999999999993,0.015499999999999792,0.14650000000000052,1361.164,2013.19,-162.84499999999994
-1.1642,0.07859999999999989,0.030800000000000105,1303.6638,2013.19,-186.14839999999998
-1.2078999999999993,0.14069999999999905,-0.07039999999999852,1238.8981000000008,2013.19,-209.69579999999965
-1.2516,0.20280000000000015,-0.17160000000000025,1174.1323999999997,2013.19,-233.24320000000006
-1.2953000000000001,0.26490000000000025,-0.27280000000000043,1109.3666999999998,2013.19,-256.7906000000001
-1.3029999999999997,0.3380000000000005,-0.35700000000000043,1038.6079999999995,2005.251,-280.03900000000016
-1.2639000000000002,0.42539999999999933,-0.4190999999999996,960.0584000000006,1986.9913000000001,-302.89869999999985
-1.2248,0.5127999999999995,-0.48119999999999963,881.5088000000004,1968.7316,-325.7583999999999
-1.1857000000000002,0.6001999999999997,-0.5432999999999998,802.9592000000002,1950.4719,-348.6180999999999
-1.1464,0.6863999999999999,-0.6013999999999999,725.3424000000001,1933.327,-371.59839999999997
-1.105,0.76,-0.6174999999999999,657.52,1927.8875,-395.845
-1.0636000000000005,0.833599999999999,-0.6335999999999998,589.6976000000009,1922.448,-420.0915999999997
-1.0221999999999998,0.9072000000000002,-0.6497,521.8751999999997,1917.0085000000001,-444.3382000000001
-0.9807999999999998,0.9808000000000004,-0.6658000000000002,454.05279999999965,1911.569,-468.58480000000014
-0.9648999999999999,1.0187000000000002,-0.6683,396.1923999999996,1921.3241000000003,-483.0377000000001
-0.958,1.0439999999999998,-0.666,341.84800000000035,1936.442,-494.03399999999993
-0.9511,1.0693,-0.6637000000000001,287.50360000000023,1951.5599,-505.03029999999995
-0.9441999999999999,1.0946,-0.6614,233.15920000000014,1966.6778000000002,-516.0266
-0.9588999999999999,1.0974000000000002,-0.6519,172.80010000000007,1979.2379,-526.8744
-1.0071999999999992,1.0652000000000006,-0.6312000000000003,103.084800000001,1987.8192,-537.4911999999998
-1.0555,1.033,-0.6104999999999999,33.36949999999979,1996.4005000000002,-548.1080000000001
-1.1038000000000001,1.0008,-0.5897999999999999,-36.34580000000034,2004.9818,-558.7248000000001
-1.1535000000000004,0.9647999999999992,-0.5706,-104.61170000000024,2012.3669,-568.9598
-1.2339999999999993,0.8452000000000008,-0.5843999999999999,-140.99079999999975,1993.4356000000002,-570.7952
-1.3144999999999996,0.7256000000000007,-0.5982,-177.3698999999998,1974.5043,-572.6306
-1.3949999999999998,0.6060000000000004,-0.612,-213.74899999999988,1955.573,-574.466
-1.4754999999999998,0.48640000000000017,-0.6258,-250.12809999999993,1936.6417000000001,-576.3014000000001
-1.5048,0.3652000000000018,-0.6395999999999998,-233.4048000000006,1909.3472000000006,-568.1480000000001
-1.5117,0.24329999999999968,-0.6534,-193.4491999999999,1878.3938,-555.6245
-1.5186,0.1213999999999995,-0.6672,-153.49359999999982,1847.4404,-543.1009999999999
-1.5255,-0.0005000000000007498,-0.681,-113.53799999999976,1816.4869999999999,-530.5774999999999
-1.5236,-0.10559999999999947,-0.6804000000000001,-64.36800000000048,1800.7487999999998,-519.4884000000001
-1.5052,-0.1791999999999996,-0.6528,2.0789999999996382,1813.5391,-511.0888
-1.4868000000000001,-0.25279999999999975,-0.6252000000000001,68.52599999999975,1826.3294,-502.6892
-1.4684,-0.3263999999999999,-0.5976,134.97299999999987,1839.1197,-494.2896
-1.45,-0.4,-0.57,201.42,1851.91,-485.89
-1.4615,-0.39540000000000003,-0.5308999999999999,289.1006000000001,1868.8955,-500.16610000000003
-1.473,-0.3908,-0.49179999999999985,376.7812000000003,1885.881,-514.4422000000001
-1.4845000000000002,-0.3862,-0.45269999999999977,464.4618000000005,1902.8665,-528.7183000000001
-1.496,-0.38160000000000005,-0.41360000000000036,552.1423999999993,1919.8519999999999,-542.9943999999999
-1.5105,-0.35450000000000026,-0.39250000000000007,631.1619999999996,1918.5525,-565.2474999999998
-1.5266,-0.3154000000000002,-0.38100000000000006,705.5623999999997,1907.501,-591.7549999999999
-1.5427,-0.2763000000000001,-0.36950000000000005,779.9627999999998,1896.4495,-618.2624999999999
-1.5588,-0.23720000000000002,-0.358,854.3632,1885.3980000000001,-644.77
-1.5741999999999998,-0.19810000000000055,-0.35209999999999986,917.2086999999995,1869.9330000000004,-673.1975999999995
-1.588,-0.15899999999999986,-0.359,953.6430000000001,1844.3799999999999,-706.0140000000001
-1.6018,-0.1199000000000004,-0.3658999999999999,990.0772999999996,1818.8270000000002,-738.8303999999997
-1.6155999999999997,-0.08080000000000034,-0.37279999999999996,1026.5115999999996,1793.2740000000001,-771.6467999999998
-1.6294,-0.04169999999999966,-0.37970000000000004,1062.9459000000004,1767.7209999999998,-804.4632000000003
-1.6519999999999997,0.01059999999999972,-0.3953999999999999,1057.7012,1741.068,-832.6661999999999
-1.6750000000000003,0.06350000000000064,-0.4115000000000002,1050.562,1714.3649999999996,-860.6595000000003
-1.698,0.11639999999999993,-0.4276,1043.4228,1687.662,-888.6528
-1.721,0.16930000000000003,-0.44370000000000004,1036.2836,1660.959,-916.6461
-1.7621999999999993,0.22499999999999926,-0.4374000000000003,1005.5250000000005,1625.4304000000004,-937.4083999999998
-1.8151000000000002,0.28250000000000025,-0.4166999999999999,959.5824999999998,1584.2281999999998,-953.5222000000001
-1.8679999999999994,0.33999999999999947,-0.3960000000000002,913.6400000000004,1543.0260000000003,-969.6359999999999
-1.9208999999999996,0.3974999999999996,-0.37530000000000013,867.6975000000003,1501.8238000000001,-985.7497999999998
-1.9744000000000006,0.4508000000000004,-0.35639999999999983,820.0425999999995,1462.5121999999997,-1000.0672000000001
-2.0296,0.49219999999999986,-0.3426,767.5359000000002,1428.5573,-1009.2947999999999
-2.0848,0.5336,-0.32880000000000004,715.0292000000002,1394.6024,-1018.5224
-2.1399999999999992,0.5749999999999994,-0.3150000000000002,662.5225000000008,1360.6475000000005,-1027.7499999999998
-2.1952000000000003,0.6164000000000001,-0.30119999999999997,610.0157999999999,1326.6925999999999,-1036.9776
-2.2377999999999996,0.6703999999999993,-0.2706000000000004,554.9975000000006,1320.9365,-1043.6831
-2.2791999999999994,0.7255999999999995,-0.23840000000000033,499.7400000000006,1317.866,-1050.1484
-2.3206,0.7808000000000004,-0.20619999999999977,444.4824999999996,1314.7955,-1056.6137
-2.3619999999999997,0.8359999999999996,-0.1740000000000002,389.22500000000036,1311.7250000000001,-1063.079
-2.4099000000000004,0.8795000000000004,-0.13139999999999943,314.635199999999,1285.8173999999997,-1073.8798000000002
-2.4627999999999997,0.9139999999999999,-0.08080000000000012,225.17440000000022,1242.3428000000001,-1088.0156
-2.5157,0.9485,-0.030200000000000032,135.71360000000004,1198.8682,-1102.1514
-2.568599999999999,0.9829999999999995,0.02039999999999928,46.25280000000126,1155.3936000000006,-1116.2871999999998
-2.6669999999999967,0.993000000000001,0.06599999999999966,-46.23249999999871,1104.394000000001,-1125.146
-2.929200000000001,0.9147999999999996,0.09360000000000013,-149.6060000000005,1026.3043999999995,-1115.0076
-3.1913999999999976,0.8366000000000007,0.12119999999999975,-252.9794999999991,948.2148000000007,-1104.8692
-3.4536000000000024,0.7583999999999993,0.14880000000000024,-356.35300000000086,870.1251999999993,-1094.7307999999998
-3.715799999999999,0.6802000000000005,0.17639999999999986,-459.7264999999995,792.0356000000004,-1084.5924
-3.976000000000003,0.4599999999999971,0.13599999999999937,-548.7220000000011,705.7899999999989,-1056.5619999999997
-4.2359,0.21850000000000036,0.08540000000000006,-635.5607999999999,618.3210000000001,-1025.8478
-4.4957999999999965,-0.022999999999996412,0.034800000000000754,-722.3995999999987,530.8520000000013,-995.1336000000005
-4.755700000000001,-0.2645000000000006,-0.015800000000000126,-809.2384000000002,443.3829999999998,-964.4194
-4.966399999999998,-0.5839999999999956,-0.045999999999999874,-851.7948,394.3860000000002,-929.7620000000004
-5.131999999999996,-0.9749999999999903,-0.05749999999999972,-853.7589999999999,380.65500000000037,-891.4900000000009
-5.297599999999998,-1.365999999999997,-0.06899999999999991,-855.7231999999999,366.9240000000001,-853.2180000000003
-5.463200000000001,-1.757000000000004,-0.08050000000000011,-857.6874,353.19299999999987,-814.9459999999997
-5.617999999999999,-2.111999999999999,-0.06560000000000044,-831.4808000000005,335.55760000000015,-772.8252000000002
-5.721500000000001,-2.2960000000000025,0.07470000000000193,-671.4628999999977,299.3762999999995,-712.4225999999992
-5.824999999999999,-2.48,0.21500000000000002,-511.44499999999994,263.195,-652.02
-5.928499999999999,-2.6639999999999975,0.3552999999999981,-351.42710000000216,227.01370000000048,-591.6174000000009
-6.031999999999997,-2.847999999999995,0.4955999999999962,-191.40920000000435,190.83240000000097,-531.2148000000017
-6.05,-2.6748000000000025,0.6377999999999986,-9.448200000001862,127.29680000000066,-405.48070000000143
-6.05,-2.4263999999999983,0.7804000000000011,177.13240000000133,58.00239999999947,-265.992599999999
-6.05,-2.1780000000000017,0.922999999999999,363.71299999999883,-11.291999999999575,-126.50450000000087
-6.05,-1.9295999999999973,1.0656000000000014,550.293600000002,-80.58640000000076,12.983600000001559
-6.05,-1.6801000000000008,1.1597999999999997,639.3031000000001,-153.5030999999998,112.39429999999984
-6.05,-1.4293999999999962,1.2012000000000005,621.8713999999998,-230.37140000000113,168.0842000000008
-6.05,-1.1786999999999996,1.2426,604.4397,-307.2397000000001,223.77410000000006
-6.05,-0.928000000000003,1.2839999999999996,587.0080000000003,-384.10799999999904,279.4639999999993
-6.05,-0.7001000000000019,1.330499999999998,556.2281000000031,-461.26159999999794,336.3613999999983
-6.05,-0.6242000000000006,1.4109999999999994,436.46020000000107,-540.3171999999993,401.30879999999945
-6.05,-0.5482999999999993,1.4915000000000007,316.69229999999897,-619.3728000000007,466.25620000000055
-6.05,-0.4724000000000004,1.5719999999999996,196.9244000000006,-698.4283999999996,531.2035999999997
-6.05,-0.3964999999999991,1.652500000000001,77.15649999999852,-777.484000000001,596.1510000000007
-6.05,-0.3926,1.6987999999999999,-25.786799999999857,-854.8817999999999,650.266
-6.05,-0.4086999999999998,1.7355999999999994,-124.05659999999853,-931.8190999999988,701.3719999999993
-6.05,-0.42479999999999957,1.7723999999999989,-222.3263999999972,-1008.7563999999978,752.4779999999986
-6.05,-0.44089999999999985,1.8091999999999997,-320.5961999999989,-1085.6936999999991,803.5839999999995
-6.037999999999999,-0.45900000000000013,1.823,-386.71300000000014,-1145.8150000000003,851.7870000000003
-6.0104,-0.47969999999999985,1.8069000000000002,-411.0308999999998,-1184.0754999999997,896.2160999999998
-5.982799999999999,-0.5004000000000002,1.7908,-435.3488000000002,-1222.3360000000005,940.6452000000005
-5.9552,-0.5210999999999999,1.7747000000000002,-459.66669999999993,-1260.5964999999999,985.0742999999999
-5.907199999999996,-0.5361999999999995,1.7537999999999991,-481.68219999999997,-1296.9774000000002,1028.9082000000005
-5.645,-0.49250000000000005,1.6825,-479.52250000000004,-1313.6225,1066.4925
-5.382800000000003,-0.4488000000000006,1.611200000000001,-477.36280000000005,-1330.2676,1104.0767999999996
-5.120600000000007,-0.4051000000000012,1.5399000000000018,-475.20310000000006,-1346.9126999999996,1141.661099999999
-4.858400000000002,-0.3614000000000004,1.4686000000000006,-473.0434,-1363.5577999999998,1179.2453999999996
-4.625099999999998,-0.3125999999999996,1.3836999999999993,-458.7864999999999,-1377.2296000000001,1209.6676000000002
-4.402000000000001,-0.2620000000000003,1.2940000000000005,-440.2600000000001,-1389.8519999999999,1237.5619999999997
-4.178899999999998,-0.21139999999999942,1.204299999999999,-421.7334999999998,-1402.4744,1265.4564000000003
-3.9558000000000004,-0.16080000000000014,1.1146000000000003,-403.20700000000005,-1415.0968,1293.3508
-3.7327000000000035,-0.11200000000000074,1.0258000000000014,-379.02310000000057,-1431.7196999999996,1313.003
-3.5096000000000065,-0.06600000000000136,0.9384000000000026,-346.038800000001,-1454.5655999999992,1319.8339999999998
-3.286500000000003,-0.020000000000000573,0.8510000000000011,-313.0545000000004,-1477.4114999999997,1326.665
-3.063399999999999,0.02600000000000023,0.7635999999999996,-280.07019999999983,-1500.2574,1333.496
-2.841400000000002,0.07169999999999968,0.6771000000000007,-246.0462000000005,-1523.5721999999996,1338.5251000000003
-2.6435999999999984,0.11080000000000034,0.6103999999999995,-189.1487999999995,-1557.2028000000003,1303.9123999999997
-2.445800000000001,0.1498999999999998,0.5437000000000003,-132.25140000000027,-1590.8333999999998,1269.2997
-2.2479999999999976,0.18900000000000047,0.4769999999999992,-75.3539999999993,-1624.4640000000004,1234.6869999999994
-2.0502000000000002,0.22809999999999994,0.4103000000000001,-18.456600000000073,-1658.0946,1200.0743
-1.8860000000000023,0.26079999999999953,0.36280000000000057,41.445599999999104,-1692.8963999999994,1155.3544000000006
-1.7365000000000044,0.2906999999999991,0.3237000000000011,102.66239999999826,-1728.210599999999,1106.2126000000014
-1.5870000000000017,0.32059999999999966,0.2846000000000004,163.87919999999932,-1763.5247999999995,1057.0708000000004
-1.4374999999999991,0.3505000000000002,0.24549999999999977,225.09600000000037,-1798.8390000000002,1007.9289999999996
-1.306400000000001,0.38199999999999973,0.20000000000000043,281.83919999999966,-1829.3187999999998,961.8312000000003
-1.209799999999999,0.4165000000000003,0.14249999999999943,330.1944000000004,-1850.7341000000001,921.4408999999996
-1.1132000000000004,0.45099999999999985,0.08500000000000021,378.5495999999998,-1872.1493999999998,881.0506000000001
-1.0166000000000017,0.48549999999999943,0.027500000000000996,426.90479999999917,-1893.5646999999997,840.6603000000007
-0.92,0.52,-0.03,475.26,-1914.98,800.27
-0.8901000000000004,0.5705999999999993,-0.10819999999999896,498.34509999999966,-1905.4994000000002,789.1771000000001
-0.8602,0.6212000000000002,-0.18640000000000032,521.4302000000001,-1896.0188,778.0841999999999
-0.8303000000000004,0.6717999999999995,-0.2645999999999992,544.5152999999998,-1886.5382000000002,766.9913
-0.8003999999999998,0.7224000000000004,-0.34280000000000055,567.6004000000001,-1877.0575999999999,755.8983999999999
-0.8274999999999997,0.7579999999999998,-0.4014999999999997,545.0255000000003,-1871.537,769.0334999999998
-0.8850000000000007,0.7856000000000003,-0.44980000000000053,498.09859999999946,-1868.1284,795.0902000000003
-0.9424999999999999,0.8131999999999999,-0.4980999999999999,451.1717000000001,-1864.7198,821.1469
-0.9999999999999991,0.8407999999999995,-0.5463999999999992,404.2448000000008,-1861.3112,847.2035999999996
-1.0658999999999974,0.8593000000000001,-0.5953999999999985,338.64470000000324,-1867.6129999999991,868.7788999999997
-1.150999999999999,0.857,-0.6459999999999994,230.36300000000136,-1896.1099999999997,880.1109999999999
-1.2361000000000004,0.8547,-0.6966000000000002,122.08129999999949,-1924.6070000000002,891.4431000000001
-1.3211999999999993,0.8524,-0.7471999999999996,13.79960000000095,-1953.1039999999998,902.7751999999999
-1.4063000000000005,0.8501,-0.7978000000000005,-94.48210000000094,-1981.601,914.1073000000001
-1.4583999999999997,0.8434,-0.8285999999999999,-210.70579999999944,-1982.84,897.8580000000001
-1.5090000000000006,0.8364999999999999,-0.8585000000000004,-327.29050000000143,-1982.84,880.3549999999998
-1.5595999999999999,0.8296,-0.8884,-443.8751999999999,-1982.84,862.852
-1.6101999999999992,0.8227000000000001,-0.9182999999999996,-560.4598999999984,-1982.84,845.3490000000003
-1.6244000000000003,0.8004000000000009,-0.9216000000000004,-650.154799999998,-1982.84,815.6142000000011
-1.6151999999999997,0.7681999999999993,-0.9077999999999997,-722.5634000000015,-1982.84,778.0160999999993
-1.6059999999999999,0.7359999999999998,-0.8939999999999999,-794.9720000000004,-1982.84,740.4179999999998
-1.5968000000000002,0.7038000000000003,-0.8802000000000001,-867.3805999999995,-1982.84,702.8199000000003
-1.566600000000002,0.6596000000000017,-0.8640000000000004,-925.3597999999996,-1982.84,664.2114000000008
-1.4769000000000003,0.5814000000000004,-0.8410000000000001,-942.4557,-1982.84,622.7401000000002
-1.3872000000000015,0.5032000000000014,-0.8180000000000004,-959.5515999999997,-1982.84,581.2688000000007
-1.2975000000000028,0.42500000000000243,-0.7950000000000007,-976.6474999999995,-1982.84,539.7975000000013
-1.2077999999999984,0.34679999999999866,-0.7719999999999996,-993.7434000000003,-1982.84,498.3261999999993
-1.0928999999999995,0.2748999999999998,-0.7615999999999999,-990.9019,-1982.84,467.6761999999999
-0.9756000000000011,0.20360000000000072,-0.7524000000000001,-986.1616,-1982.84,438.0568000000003
-0.8583000000000027,0.1323000000000017,-0.7432000000000002,-981.4213000000001,-1982.84,408.4374000000007
-0.740999999999997,0.06099999999999824,-0.7339999999999998,-976.6809999999999,-1982.84,378.81799999999924
-0.6704999999999995,0.01439999999999969,-0.7313000000000001,-969.3159999999999,-1982.84,363.33219999999994
-0.6360000000000001,-0.013199999999999934,-0.7336,-959.932,-1982.84,358.71840000000003
-0.6015000000000006,-0.04079999999999955,-0.7359,-950.5480000000002,-1982.84,354.10460000000006
-0.567,-0.06840000000000003,-0.7382,-941.164,-1982.84,349.4908
-0.5509999999999994,-0.08350000000000038,-0.7345000000000003,-927.3295000000004,-1982.84,347.03849999999994
-0.6015999999999987,-0.05360000000000078,-0.7092000000000006,-897.4732000000008,-1982.84,352.36759999999987
-0.6522000000000011,-0.02369999999999934,-0.6838999999999994,-867.6168999999993,-1982.84,357.69670000000013
-0.7028000000000004,0.006200000000000261,-0.6585999999999997,-837.7605999999997,-1982.84,363.02580000000006
-0.7533999999999997,0.036099999999999854,-0.6333000000000001,-807.9043000000001,-1982.84,368.3549
-0.7919999999999994,0.05999999999999958,-0.6140000000000003,-799.3140000000001,-1982.84,358.07400000000024
-0.8288,0.08299999999999999,-0.5956,-793.9136,-1982.84,345.45160000000004
-0.8655999999999995,0.10599999999999968,-0.5772000000000003,-788.5132000000001,-1982.84,332.8292000000002
-0.902399999999999,0.12899999999999937,-0.5588000000000005,-783.1128000000001,-1982.84,320.2068000000004
-0.9115999999999997,0.1424000000000001,-0.5355999999999995,-796.2248000000005,-1982.84,303.9267999999996
-0.8955,0.14700000000000005,-0.5079999999999999,-826.3065000000001,-1982.84,284.29399999999987
-0.8794000000000001,0.15159999999999998,-0.4804000000000002,-856.3881999999998,-1982.84,264.6612000000001
-0.8633000000000003,0.15619999999999992,-0.4528000000000006,-886.4698999999994,-1982.84,245.02840000000043
-0.8496,0.1556000000000001,-0.4112000000000004,-920.0519999999999,-1982.84,226.14880000000005
-0.8473,0.13030000000000044,-0.30310000000000187,-970.2609999999992,-1982.84,210.84690000000026
-0.8450000000000001,0.10500000000000079,-0.1950000000000033,-1020.4699999999984,-1982.84,195.54500000000047
-0.8426999999999999,0.07969999999999956,-0.08689999999999812,-1070.6790000000008,-1982.84,180.24309999999974
-0.8403999999999999,0.05439999999999991,0.021200000000000403,-1120.8880000000001,-1982.84,164.94119999999995
-0.752600000000001,-0.027899999999999092,0.24139999999999762,-1165.3361999999995,-1982.84,149.85020000000014
-0.6468000000000025,-0.12219999999999778,0.4851999999999943,-1208.5715999999989,-1982.84,134.80360000000036
-0.5409999999999974,-0.21650000000000233,0.7290000000000061,-1251.807000000001,-1982.84,119.75699999999964
-0.4352000000000021,-0.31079999999999813,0.9727999999999952,-1295.0423999999991,-1982.84,104.71040000000029
-0.212800000000001,-0.3797999999999999,1.1736999999999997,-1308.7131,-1982.84,102.24559999999997
0.13680000000000514,-0.42120000000000063,1.3278000000000023,-1290.1313999999998,-1982.84,113.50640000000016
0.4864000000000003,-0.46260000000000007,1.4819000000000002,-1271.5496999999998,-1982.84,124.7672
0.8359999999999956,-0.5039999999999996,1.6359999999999981,-1252.968,-1982.84,136.02799999999985
1.154699999999997,-0.550799999999998,1.7882999999999964,-1231.421100000001,-1977.602900000001,138.96200000000135
1.2674000000000025,-0.6336000000000019,1.928600000000003,-1190.106199999999,-1937.4517999999991,86.38399999999882
1.380100000000001,-0.7164000000000008,2.068900000000001,-1148.7912999999996,-1897.3006999999996,33.80599999999954
1.4927999999999995,-0.7991999999999996,2.209199999999999,-1107.4764000000002,-1857.1496000000002,-18.77199999999975
1.6054999999999977,-0.8819999999999985,2.3494999999999973,-1066.1615000000008,-1816.9985000000008,-71.34999999999903
1.6443999999999999,-0.8586,2.4555999999999996,-987.8242000000002,-1805.4818,-138.47019999999995
1.6627999999999996,-0.8057000000000007,2.5521999999999982,-899.2029000000014,-1801.9191,-209.62989999999897
1.6811999999999994,-0.7528000000000016,2.648799999999997,-810.5816000000025,-1798.3564000000001,-280.789599999998
1.6996000000000002,-0.699899999999999,2.745400000000002,-721.9602999999983,-1794.7937,-351.9493000000014
1.7340000000000002,-0.6579999999999999,2.796,-682.5040000000001,-1773.9019999999996,-388.7
1.7891999999999995,-0.6304000000000003,2.7868,-706.9621999999998,-1730.4826000000003,-380.71900000000005
1.8443999999999987,-0.6028000000000007,2.7776,-731.4203999999995,-1687.063200000001,-372.73800000000017
1.8995999999999997,-0.5752000000000002,2.7683999999999997,-755.8785999999999,-1643.6438,-364.75700000000006
1.95,-0.5494000000000001,2.749000000000002,-784.8649999999986,-1597.7830000000013,-358.88599999999974
1.95,-0.5425,2.6224999999999996,-861.3975,-1526.2875,-375.17
1.95,-0.5356,2.4959999999999978,-937.9300000000014,-1454.7919999999988,-391.4540000000003
1.95,-0.5286999999999998,2.3694999999999955,-1014.4625000000027,-1383.2964999999976,-407.73800000000057
1.95,-0.5218,2.243000000000001,-1090.9949999999992,-1311.8010000000008,-424.0219999999998
1.95,-0.5454999999999981,2.1063000000000076,-1156.1136999999967,-1251.105600000003,-452.8060999999982
1.95,-0.5800000000000008,1.9659999999999966,-1217.2040000000015,-1194.2219999999986,-486.0020000000008
1.95,-0.6144999999999994,1.8257000000000028,-1278.2942999999987,-1137.338400000001,-519.1978999999993
1.95,-0.6489999999999999,1.6854000000000005,-1339.3845999999999,-1080.4548,-552.3937999999999
1.95,-0.6952000000000009,1.6072000000000004,-1399.9754000000007,-1047.4437,-570.2456
1.95,-0.759599999999998,1.6255999999999995,-1459.7891999999983,-1051.5675999999999,-564.2288000000002
1.95,-0.8239999999999992,1.6439999999999997,-1519.6029999999994,-1055.6915,-558.2120000000001
1.95,-0.8884000000000003,1.6624,-1579.4168000000004,-1059.8154,-552.1952
1.95,-0.9515000000000007,1.6772999999999985,-1634.9823999999992,-1061.5294999999987,-545.5752999999996
1.95,-0.9859999999999992,1.6152000000000013,-1597.087600000001,-1010.2280000000012,-525.6872000000005
1.95,-1.0204999999999997,1.5531000000000001,-1559.1928000000003,-958.9265000000003,-505.7991000000001
1.95,-1.0549999999999984,1.491000000000003,-1521.2980000000018,-907.6250000000025,-485.911000000001
1.95,-1.089500000000001,1.428899999999998,-1483.4031999999988,-856.3234999999985,-466.0228999999994
1.902000000000001,-1.1048,1.2932000000000023,-1467.5388,-819.4908000000005,-463.67719999999997
1.8329999999999997,-1.1117000000000001,1.1252999999999995,-1461.3127,-788.9882,-469.0063
1.7639999999999985,-1.1186,0.9573999999999967,-1455.0865999999999,-758.4855999999994,-474.3354000000001
1.6950000000000016,-1.1254999999999997,0.7895000000000042,-1448.8605,-727.9830000000007,-479.66449999999986
1.598000000000001,-1.1363999999999999,0.6696000000000003,-1427.5752000000002,-710.0068,-482.8816
1.4485000000000077,-1.154799999999999,0.6397000000000016,-1378.0539000000026,-715.5175999999997,-482.13870000000003
1.298999999999996,-1.1732000000000005,0.6097999999999992,-1328.5325999999986,-721.0284000000001,-481.3958
1.1495000000000026,-1.1915999999999995,0.5799000000000005,-1279.0113000000008,-726.5391999999998,-480.65290000000005
1.0,-1.21,0.55,-1229.49,-732.05,-479.91
0.8987999999999983,-1.2053999999999998,0.5546000000000001,-1140.6892999999984,-717.1988999999998,-469.65889999999985
0.7976000000000028,-1.2008,0.5591999999999999,-1051.8886000000025,-702.3478000000003,-459.4078000000003
0.696400000000001,-1.1962,0.5638,-963.0879000000009,-687.4967000000001,-449.1567000000001
0.5952000000000055,-1.1916000000000002,0.5683999999999997,-874.2872000000048,-672.6456000000009,-438.90560000000056
0.5014999999999978,-1.1314999999999977,0.5549999999999994,-794.4024999999981,-646.0674999999992,-418.2639999999993
0.41180000000000183,-1.0418000000000018,0.5320000000000005,-719.2730000000015,-613.2350000000007,-392.0808000000005
0.3221000000000003,-0.9521000000000002,0.509,-644.1435000000001,-580.4025000000001,-365.89760000000007
0.2323999999999987,-0.8623999999999987,0.48599999999999965,-569.0139999999989,-547.5699999999995,-339.7143999999996
0.14550000000000235,-0.7426000000000056,0.4315000000000037,-508.10640000000086,-510.09860000000145,-312.80950000000087
0.06500000000000097,-0.5540000000000024,0.3050000000000015,-479.70600000000036,-462.02400000000057,-284.25500000000034
-0.015499999999995434,-0.3654000000000107,0.17850000000000715,-451.3056000000016,-413.9494000000027,-255.70050000000163
-0.09600000000000179,-0.17679999999999582,0.051999999999997173,-422.90519999999935,-365.8747999999989,-227.14599999999936
-0.1764999999999982,0.011799999999995805,-0.0744999999999972,-394.5048000000006,-317.80020000000104,-198.59150000000062
-0.4373999999999987,0.27519999999999867,-0.05360000000000013,-328.86720000000037,-356.10199999999975,-192.69480000000001
-0.7065000000000033,0.5420000000000033,-0.025999999999999655,-261.5369999999992,-398.3300000000005,-187.82799999999995
-0.975600000000008,0.808800000000008,0.001600000000000823,-194.206799999998,-440.55800000000124,-182.96119999999985
-1.2446999999999961,1.075599999999996,0.029199999999999594,-126.876600000001,-482.7859999999994,-178.09440000000006
-1.1455999999999993,1.1309999999999998,0.03439999999999998,-200.07560000000035,-483.3709999999999,-207.93780000000012
-0.8097999999999935,1.0504999999999984,0.02519999999999982,-363.61480000000324,-457.1854999999995,-260.094900000001
-0.4740000000000084,0.970000000000002,0.01600000000000023,-527.1539999999959,-431.0000000000006,-312.2519999999987
-0.13820000000000254,0.8895000000000005,0.006800000000000068,-690.6931999999988,-404.8145000000002,-364.4090999999996
0.08120000000000571,0.7532000000000154,-0.0011999999999997603,-807.3220000000009,-349.0868000000073,-383.4492000000039
-0.029200000000003,0.45879999999999205,-0.0058000000000001245,-791.0379999999996,-209.65619999999626,-308.6577999999979
-0.1395999999999981,0.16440000000000504,-0.010399999999999921,-774.7540000000002,-70.22560000000243,-233.86640000000128
-0.25,-0.13,-0.015,-758.47,69.20499999999998,-159.075
-0.3604000000000019,-0.4244000000000051,-0.01960000000000008,-742.1859999999997,208.6356000000024,-84.2835999999987
-0.4959999999999962,-0.416400000000001,0.011499999999999067,-710.8198000000009,216.7889000000001,-59.661200000000534
-0.6339999999999986,-0.3796000000000004,0.045999999999999666,-678.0172000000003,212.43960000000004,-39.8168000000002
-0.7719999999999925,-0.342800000000002,0.08049999999999813,-645.2146000000017,208.09030000000024,-19.97240000000108
-0.9100000000000034,-0.30599999999999905,0.11500000000000085,-612.4119999999991,203.7409999999999,-0.12799999999950984
-0.942700000000001,-0.26270000000000093,0.11700000000000046,-557.6524000000014,199.49570000000008,11.322299999999903
-0.8944000000000001,-0.2144000000000001,0.09400000000000006,-486.00280000000015,195.3304,16.31559999999999
-0.8460999999999993,-0.16609999999999928,0.07099999999999966,-414.35319999999894,191.16509999999994,21.308900000000072
-0.7978000000000014,-0.11780000000000143,0.04800000000000068,-342.7036000000021,186.99980000000014,26.302199999999853
-0.7550000000000003,-0.0889999999999995,0.03149999999999992,-281.0690000000003,184.1335,26.914000000000186
-0.7320000000000013,-0.13039999999999766,0.03839999999999961,-255.48840000000143,185.94359999999992,11.752400000000861
-0.7089999999999995,-0.17180000000000095,0.04530000000000015,-229.90779999999944,187.75370000000004,-3.4092000000003395
-0.6860000000000005,-0.21319999999999908,0.052199999999999844,-204.32720000000057,189.56379999999996,-18.570799999999664
-0.6630000000000001,-0.2545999999999998,0.059099999999999965,-178.74660000000011,191.3739,-33.73239999999993
-0.6099999999999993,-0.20799999999999927,0.03199999999999961,-168.4819999999999,196.0480000000001,-46.06200000000015
-0.5524999999999983,-0.14819999999999822,-0.00020000000000094942,-160.51479999999975,201.15170000000018,-57.966800000000354
-0.49500000000000083,-0.0884000000000009,-0.03239999999999952,-152.54760000000013,206.25539999999992,-69.87159999999983
-0.4375000000000034,-0.02860000000000355,-0.06459999999999809,-144.58040000000048,211.3590999999997,-81.7763999999993
-0.38239999999999896,0.02040000000000078,-0.08960000000000036,-130.69479999999965,200.6371999999995,-95.95040000000031
-0.3295000000000013,0.05949999999999904,-0.10799999999999954,-111.38400000000048,175.40850000000063,-112.2044999999996
-0.2766000000000004,0.09859999999999972,-0.12639999999999987,-92.07320000000016,150.1798000000002,-128.45859999999988
-0.22369999999999945,0.1377000000000004,-0.14480000000000018,-72.76239999999981,124.95109999999976,-144.71270000000015
-0.15239999999999565,0.176400000000001,-0.1696000000000015,-61.19560000000068,100.8855999999995,-161.08640000000045
0.006299999999997308,0.2131999999999994,-0.22479999999999906,-86.41279999999956,82.34530000000032,-178.02819999999969
0.16500000000000004,0.25,-0.28,-111.63,63.805,-194.97
0.32370000000000276,0.28680000000000067,-0.33520000000000094,-136.84720000000044,45.26469999999968,-211.9118000000003
0.4823999999999957,0.323599999999999,-0.3903999999999985,-162.0643999999993,26.724400000000504,-228.85359999999955
0.4549000000000007,0.30910000000000026,-0.3620000000000005,-185.98199999999974,29.386199999999928,-241.8452999999999
0.38820000000000365,0.2838000000000014,-0.3160000000000025,-209.6259999999987,36.51159999999961,-254.00539999999936
0.32149999999999834,0.2584999999999994,-0.2699999999999989,-233.27000000000058,43.63700000000017,-266.1655000000003
0.2548000000000013,0.2332000000000005,-0.22400000000000092,-256.91399999999953,50.76239999999986,-278.3255999999998
0.1958000000000001,0.2002000000000001,-0.17470000000000013,-270.7119,9.144600000000253,-291.2095
0.14519999999999925,0.15879999999999939,-0.12179999999999921,-273.76860000000005,-85.64760000000138,-304.8830000000002
0.0946000000000015,0.11740000000000123,-0.06890000000000157,-276.8252999999999,-180.4397999999972,-318.55649999999963
0.04400000000000063,0.07600000000000051,-0.01600000000000066,-279.882,-275.23199999999883,-332.22999999999985
0.005099999999997773,0.037300000000001166,0.03209999999999909,-280.0707000000011,-362.69969999999785,-343.2584000000004
0.04420000000000088,0.016599999999999532,0.04820000000000036,-261.13939999999957,-401.33740000000086,-336.65279999999984
0.08329999999999914,-0.0040999999999995415,0.06429999999999964,-242.20810000000043,-439.97509999999914,-330.04720000000015
0.12239999999999981,-0.024799999999999902,0.08039999999999992,-223.2768000000001,-478.6127999999998,-323.4416
0.1615000000000005,-0.04550000000000026,0.09650000000000021,-204.34549999999976,-517.2505000000004,-316.8359999999999
0.17719999999999972,-0.060799999999999556,0.08560000000000059,-209.7663999999996,-494.5334000000013,-296.3128000000008
0.18639999999999987,-0.0745999999999998,0.06720000000000027,-221.95179999999982,-454.7733000000006,-271.92360000000036
0.19559999999999944,-0.08839999999999919,0.04880000000000109,-234.13719999999927,-415.0132000000023,-247.53440000000145
0.20480000000000018,-0.10220000000000028,0.030399999999999636,-246.32260000000025,-375.25309999999916,-223.14519999999953
0.20900000000000005,-0.1189999999999995,0.004000000000000892,-247.8140000000003,-316.37800000000203,-197.01900000000072
0.20670000000000002,-0.13969999999999985,-0.03279999999999973,-235.40320000000008,-232.6534000000006,-168.63470000000024
0.20439999999999997,-0.1604000000000002,-0.06960000000000037,-222.9923999999999,-148.92879999999914,-140.25039999999973
0.20209999999999995,-0.18110000000000057,-0.10640000000000102,-210.58159999999967,-65.20419999999773,-111.86609999999924
0.19440000000000113,-0.2015999999999997,-0.13780000000000045,-196.2426000000006,15.45959999999917,-83.38160000000053
0.13,-0.22000000000000003,-0.11250000000000002,-161.6575,63.985000000000014,-53.84500000000001
0.0655999999999989,-0.23840000000000033,-0.08719999999999957,-127.07239999999942,112.51040000000084,-24.308399999999494
0.0012000000000017552,-0.25679999999999953,-0.06190000000000069,-92.48730000000094,161.0357999999987,5.228199999999191
-0.06319999999999937,-0.27519999999999983,-0.03660000000000025,-57.90220000000035,209.56119999999953,34.76479999999971
-0.10380000000000023,-0.2953000000000002,-0.04190000000000012,-15.76229999999967,225.09130000000002,66.22750000000023
-0.1360000000000008,-0.3160000000000005,-0.0580000000000004,29.04400000000112,228.9760000000001,98.3700000000008
-0.16819999999999935,-0.3366999999999996,-0.07409999999999968,73.85029999999912,232.86069999999992,130.51249999999936
-0.2003999999999999,-0.35739999999999994,-0.09019999999999996,118.6565999999999,236.7454,162.65499999999992
-0.21009999999999962,-0.37450000000000017,-0.08469999999999941,161.3182000000006,235.66929999999988,183.75630000000007
-0.18480000000000074,-0.3859999999999997,-0.04560000000000117,200.64359999999886,226.87640000000027,187.6823999999999
-0.1595000000000003,-0.39749999999999985,-0.006500000000000478,239.96899999999954,218.0835000000001,191.60849999999994
-0.13420000000000143,-0.4089999999999993,0.032599999999997784,279.2943999999978,209.2906000000005,195.53459999999978
-0.1102000000000001,-0.4184999999999992,0.07210000000000108,320.0106000000016,200.16899999999964,197.70829999999918
-0.1147999999999999,-0.3840000000000008,0.12039999999999892,391.32439999999843,183.81600000000037,161.3292000000008
-0.11939999999999998,-0.34950000000000014,0.1686999999999998,462.63819999999964,167.46300000000008,124.95010000000016
-0.12400000000000005,-0.31499999999999956,0.21700000000000064,533.9520000000009,151.1099999999998,88.57099999999954
-0.12859999999999985,-0.28050000000000114,0.2652999999999985,605.2657999999977,134.75700000000052,52.19190000000117
-0.11880000000000024,-0.25400000000000034,0.2720000000000002,687.3107999999987,106.5992000000005,35.64800000000011
-0.10270000000000096,-0.23100000000000137,0.26050000000000073,774.0506999999949,73.27680000000198,27.782000000000465
-0.08659999999999968,-0.20799999999999957,0.24899999999999978,860.7906000000017,39.95439999999934,19.91599999999984
-0.0705000000000004,-0.18500000000000058,0.2375000000000003,947.5304999999979,6.632000000000824,12.050000000000193
-0.08399999999999946,-0.08760000000000179,0.17240000000000122,979.9104000000005,-24.0071999999998,19.309599999999733
-0.15300000000000066,0.14930000000000232,0.006799999999998363,910.3652999999994,-49.61540000000025,54.92970000000034
-0.22199999999999762,0.38619999999999177,-0.15879999999999428,840.8202000000024,-75.22359999999911,90.54979999999875
