-0.11422499999999997,0.13565,-0.2192,339.641175,-12.494349999999969,224.53935
0.06,0.07,-0.3,192.82,122.78,316.01
-0.08392499999999992,-0.05372499999999997,-0.13587499999999997,224.415325,157.61995,315.1313
-0.22784999999999994,-0.17744999999999994,0.028249999999999942,256.01065,192.45989999999998,314.2526
-0.371775,-0.301175,0.19237500000000005,287.605975,227.29985,313.3739
-0.5045000000000002,-0.4271999999999998,0.35059999999999997,319.64199999999994,262.7362999999999,313.94399999999996
-0.365625,-0.6090000000000001,0.36574999999999996,362.365,312.637875,349.64750000000004
-0.22674999999999992,-0.7908,0.38089999999999996,405.088,362.53945,385.351
-0.08787499999999995,-0.9725999999999999,0.39604999999999996,447.811,412.441025,421.0545
0.04780000000000001,-1.156,0.417,492.6244,466.4534,459.53860000000003
0.146275,-1.3579999999999999,0.5053749999999999,561.7387,568.253825,530.347175
0.24474999999999994,-1.5599999999999998,0.59375,630.853,670.0542499999999,601.15575
0.34322499999999995,-1.7619999999999998,0.682125,699.9672999999999,771.8546749999999,671.9643249999999
0.43390000000000006,-1.9595000000000002,0.7651000000000001,772.0396000000001,868.9007,744.0971000000001
0.4667250000000001,-2.1236250000000005,0.8080250000000001,866.0504000000003,930.6849250000001,826.0510250000002
0.49955000000000005,-2.28775,0.8509500000000001,960.0612000000001,992.46915,908.0049500000001
0.532375,-2.451875,0.893875,1054.072,1054.253375,989.9588749999999
0.5908000000000001,-2.6012,0.9244000000000001,1155.0364,1107.4452,1068.7252
0.7852249999999997,-2.6719,0.8890500000000001,1292.9417999999998,1114.9899,1130.5574
0.97965,-2.7426,0.8537,1430.8472,1122.5346,1192.3896
1.1740749999999995,-2.8133,0.8183500000000001,1568.7525999999996,1130.0793,1254.2217999999998
1.3615,-2.8600000000000003,0.7855000000000001,1696.1515,1144.825,1311.807
1.5205749999999996,-2.8095000000000003,0.7627750000000001,1780.9990749999997,1188.7347499999998,1352.19185
1.6796499999999999,-2.759,0.74005,1865.84665,1232.6444999999999,1392.5766999999998
1.8387250000000002,-2.7085,0.717325,1950.6942250000002,1276.55425,1432.96155
1.96,-2.6375999999999995,0.7258000000000002,2015.38,1319.1290000000001,1470.6644000000001
1.96,-2.5012499999999998,0.8343749999999999,2015.38,1357.420625,1499.7625
1.96,-2.3648999999999996,0.9429500000000001,2015.38,1395.71225,1528.8606
1.96,-2.22855,1.0515249999999998,2015.38,1434.003875,1557.9587
1.96,-2.0718999999999994,1.1853000000000002,2015.38,1467.6594,1581.7347
1.96,-1.8623250000000002,1.3847749999999999,2015.38,1489.22795,1591.635225
1.96,-1.6527500000000006,1.5842499999999993,2015.38,1510.7965,1601.53575
1.96,-1.4431749999999997,1.7837250000000004,2015.38,1532.3650499999999,1611.436275
1.96,-1.2544,1.9736,2015.38,1562.876,1599.3024
1.96,-1.1104750000000003,2.1427749999999994,2015.38,1612.6689999999999,1539.65685
1.96,-0.9665500000000006,2.3119499999999995,2015.38,1662.4619999999998,1480.0113000000003
1.96,-0.8226249999999998,2.481125,2015.38,1712.255,1420.36575
1.96,-0.7039,2.5927,1975.1275,1762.723,1348.9050000000002
1.96,-0.6306750000000002,2.600275,1862.1968750000003,1814.4097499999998,1256.1112500000002
1.96,-0.5574500000000003,2.60785,1749.2662500000006,1866.0964999999997,1163.3175000000006
1.96,-0.48422499999999996,2.615425,1636.3356250000002,1917.78325,1070.52375
1.96,-0.4649999999999999,2.58,1514.5870000000002,1953.609,987.2550000000001
1.96,-0.5281249999999997,2.4790000000000005,1379.3909250000006,1965.246725,918.5118750000003
1.96,-0.5912499999999996,2.3780000000000006,1244.1948500000008,1976.8844499999998,849.7687500000004
1.96,-0.6543749999999999,2.277,1108.998775,1988.5221749999998,781.025625
1.8731000000000004,-0.7163999999999998,2.154000000000001,998.8552000000002,1988.1611,725.8499000000002
1.6736249999999995,-0.7770000000000001,2.0024999999999995,921.1659999999998,1972.2561249999999,688.2501249999999
1.4741499999999998,-0.8376000000000001,1.851,843.4767999999999,1956.35115,650.65035
1.2746750000000002,-0.8982,1.6995000000000002,765.7876000000001,1940.446175,613.0505750000001
1.048799999999999,-0.9264,1.5455999999999994,718.4788,1917.7083999999998,585.3231999999999
0.7937749999999996,-0.918825,1.3890499999999997,704.715025,1887.4260749999999,568.4966
0.5387500000000001,-0.91125,1.2325,690.95125,1857.14375,551.67
0.2837250000000005,-0.903675,1.0759500000000004,677.1874750000001,1826.861425,534.8434
0.0689999999999995,-0.8883,0.9414999999999997,688.4084000000001,1798.9945,519.5845999999999
-0.10775000000000018,-0.865575,0.8278749999999999,723.1726000000001,1773.403625,505.80314999999996
-0.28449999999999986,-0.8428500000000001,0.7142500000000002,757.9368,1747.81275,492.0217
-0.46124999999999955,-0.8201250000000001,0.6006250000000004,792.7009999999999,1722.221875,478.24025000000006
-0.6114000000000004,-0.7721999999999999,0.4981999999999998,828.9506000000001,1697.8028,467.0726
-0.740175,-0.704025,0.404775,866.3938250000001,1674.3253499999998,458.005325
-0.8689499999999999,-0.6358500000000001,0.3113500000000002,903.83705,1650.8479,448.93805000000003
-0.9977249999999995,-0.5676750000000003,0.21792500000000034,941.2802749999998,1627.37045,439.87077500000004
-1.0784999999999998,-0.4680000000000007,0.13050000000000042,976.6939999999998,1604.568,427.0520000000001
-1.126475,-0.3468000000000001,0.04717500000000002,1010.7209,1582.2268,411.6697
-1.1744500000000002,-0.22559999999999947,-0.03615000000000039,1044.7478,1559.8855999999998,396.28739999999993
-1.2224249999999999,-0.10440000000000055,-0.11947499999999962,1078.7747,1537.5444,380.90510000000006
-1.2256,0.03120000000000006,-0.1836,1091.4448,1527.1168,359.26039999999995
-1.2028750000000001,0.17512499999999875,-0.23662499999999953,1091.768,1523.57675,333.99525000000017
-1.18015,0.3190499999999995,-0.2896499999999998,1092.0912,1520.0366999999999,308.73010000000005
-1.157425,0.46297500000000025,-0.34267500000000006,1092.4144,1516.4966499999998,283.46494999999993
-1.1313000000000002,0.5864999999999991,-0.39059999999999967,1048.2673000000004,1534.4649999999997,253.89880000000022
-1.103525,0.7001249999999997,-0.43604999999999994,982.5390250000002,1562.87125,222.24540000000007
-1.07575,0.8137500000000003,-0.48150000000000015,916.8107499999999,1591.2775,190.5919999999999
-1.047975,0.9273749999999993,-0.5269499999999997,851.0824750000004,1619.6837499999997,158.93860000000018
-1.0238,1.0013999999999998,-0.5454,766.1806000000001,1640.2096,121.54320000000004
-1.0010750000000002,1.0594749999999993,-0.5529749999999999,673.556025000001,1657.5613999999998,81.83505000000041
-0.97835,1.1175499999999996,-0.56055,580.9314500000005,1674.9132,42.126900000000205
-0.955625,1.175625,-0.568125,488.306875,1692.2649999999999,2.4187499999999993
-0.9651999999999998,1.1843,-0.5775999999999999,413.1072000000006,1711.3191999999997,-39.257799999999605
-0.9853999999999999,1.176725,-0.5876999999999999,343.63940000000025,1730.9334,-81.58184999999983
-1.0056,1.16915,-0.5978,274.1715999999999,1750.5476,-123.90590000000005
-1.0257999999999998,1.161575,-0.6078999999999999,204.70380000000054,1770.1617999999999,-166.22994999999966
-1.0599999999999998,1.0620000000000003,-0.624,169.70000000000005,1795.984,-186.48199999999997
-1.0978749999999995,0.9382750000000014,-0.6416749999999998,143.7430000000003,1823.4357999999997,-200.94014999999982
-1.1357499999999998,0.8145500000000008,-0.6593499999999999,117.78600000000017,1850.8875999999998,-215.3982999999999
-1.173625,0.6908250000000002,-0.677025,91.82900000000004,1878.3394,-229.85644999999997
-1.1967999999999996,0.5881000000000011,-0.6422000000000005,93.28539999999992,1909.4661999999996,-228.88380000000004
-1.2169999999999999,0.4896250000000006,-0.5967500000000003,100.28974999999996,1941.33675,-224.78825
-1.2372,0.3911500000000001,-0.5513,107.2941,1973.2073,-220.6927
-1.2573999999999999,0.29267500000000096,-0.5058500000000005,114.29844999999993,2005.0778499999997,-216.59715000000003
-1.2929999999999997,0.2470000000000002,-0.48900000000000005,175.83419999999967,2009.7168,-217.30419999999998
-1.3308749999999994,0.20912500000000053,-0.47637500000000016,245.42572499999906,2010.3328999999999,-218.720725
-1.3687500000000001,0.1712499999999998,-0.46374999999999994,315.0172500000004,2010.9489999999998,-220.13725000000002
-1.4066249999999998,0.13337500000000013,-0.45112500000000005,384.60877499999975,2011.5650999999998,-221.553775
-1.41,0.11849999999999998,-0.45230000000000004,454.5798000000001,2011.62,-229.8266
-1.41,0.10587499999999991,-0.45482500000000003,524.5879500000005,2011.62,-238.7701500000001
-1.41,0.09325000000000003,-0.45735000000000003,594.5960999999999,2011.62,-247.7137
-1.41,0.08062499999999996,-0.45987500000000003,664.6042500000002,2011.62,-256.65725000000003
-1.3715999999999997,0.08960000000000008,-0.46,701.5236000000003,2011.62,-276.12480000000016
-1.3312,0.09969999999999998,-0.46,736.719575,2011.62,-296.140475
-1.2907999999999997,0.10980000000000004,-0.46,771.9155500000002,2011.62,-316.1561500000001
-1.2504000000000002,0.11989999999999995,-0.46,807.1115249999998,2011.62,-336.1718249999999
-1.2175,0.16999999999999998,-0.4575,832.0475,2011.62,-375.425
-1.184675,0.22050000000000025,-0.454975,856.8808750000001,2011.62,-414.8705500000002
-1.1518500000000003,0.2709999999999998,-0.45245,881.7142499999999,2011.62,-454.31609999999984
-1.11955,0.320375,-0.449025,906.0775249999999,2011.62,-493.34915
-1.1044,0.3330000000000001,-0.4161999999999998,915.0842,2011.62,-518.9072000000001
-1.08925,0.34562499999999996,-0.38337500000000013,924.090875,2011.62,-544.4652499999999
-1.0741,0.35825,-0.3505499999999999,933.0975500000001,2011.62,-570.0233000000001
-1.0673499999999994,0.3691250000000001,-0.3219249999999998,941.7649,2011.2678999999998,-597.3238249999996
-1.1733999999999998,0.35650000000000004,-0.34969999999999996,945.8756,2006.1876,-648.0232999999998
-1.2794500000000004,0.34387499999999993,-0.3774750000000001,949.9863,2001.1073,-698.7227750000002
-1.3854999999999995,0.3312500000000001,-0.40524999999999983,954.097,1996.027,-749.4222499999997
-1.4954,0.3222,-0.42835,956.69025,1987.804,-800.5713499999999
-1.6368000000000007,0.3424000000000001,-0.4131999999999999,946.8679999999999,1953.868,-855.3992000000003
-1.7781999999999993,0.3625999999999999,-0.39805000000000007,937.04575,1919.932,-910.2270499999997
-1.9196000000000002,0.38280000000000003,-0.38289999999999996,927.2235000000001,1885.9959999999999,-965.0549000000001
-2.0744999999999982,0.3951250000000003,-0.3673750000000001,921.2221249999999,1851.50725,-1014.9983749999998
-2.306799999999999,0.3623000000000001,-0.34970000000000007,937.1270999999999,1813.8494,-1036.9380999999998
-2.5391000000000004,0.32947499999999996,-0.33202499999999996,953.0320750000001,1776.19155,-1058.877825
-2.771399999999998,0.29665000000000025,-0.31435000000000013,968.9370499999999,1738.5337000000002,-1080.81755
-3.031724999999999,0.27095,-0.2757750000000003,975.2375250000001,1702.4656750000001,-1099.669775
-3.413000000000001,0.276,-0.14699999999999966,940.0869999999999,1673.259,-1105.1970000000001
-3.7942749999999976,0.28104999999999997,-0.018225000000000796,904.9364750000002,1644.052325,-1110.724225
-4.175549999999999,0.28609999999999997,0.11054999999999984,869.7859500000001,1614.84565,-1116.25145
-4.517149999999997,0.34864999999999746,0.2554249999999979,814.9347750000012,1565.8785250000012,-1119.843225
-4.7242000000000015,0.6062000000000024,0.45490000000000175,693.2726999999988,1449.897699999999,-1116.8713
-4.93125,0.86375,0.6543749999999999,571.610625,1333.916875,-1113.899375
-5.138299999999998,1.1212999999999977,0.8538499999999982,449.9485500000011,1217.9360500000012,-1110.9274500000001
-5.254225000000003,1.2904250000000013,1.014849999999999,305.58352500000376,1111.8331750000016,-1117.6775499999994
-5.1204,1.2172,1.0704,98.99559999999985,1032.8031999999998,-1151.0732
-4.986575000000001,1.1439750000000006,1.1259499999999996,-107.59232499999837,953.7732250000006,-1184.4688499999997
-4.852750000000002,1.0707500000000012,1.181499999999999,-314.1802499999965,874.7432500000014,-1217.8644999999995
-4.75225,0.8448499999999985,1.1711749999999996,-506.6290750000004,793.6339499999999,-1239.251525
-4.727,0.2742000000000038,1.012100000000001,-667.150899999999,707.8294000000005,-1233.5223
-4.7017500000000005,-0.2964499999999911,0.8530250000000025,-827.6727249999974,622.0248500000014,-1227.793075
-4.6765,-0.867100000000002,0.6939499999999994,-988.1945500000005,536.2202999999997,-1222.06385
-4.68975,-1.4176249999999968,0.6179999999999994,-1089.233,487.57174999999984,-1170.9265000000007
-4.775599999999999,-1.9301999999999924,0.6987999999999988,-1078.1028000000001,508.9887999999997,-1034.162400000002
-4.8614500000000005,-2.4427750000000024,0.7796000000000004,-1066.9725999999998,530.4058500000001,-897.3982999999994
-4.947299999999999,-2.9553499999999975,0.8603999999999996,-1055.8424,551.8228999999999,-760.6342000000005
-5.085799999999997,-3.27195,0.9138999999999999,-973.9223250000026,547.7407750000007,-648.630225000001
-5.308000000000002,-3.277,0.924,-779.4644999999989,503.12149999999974,-575.9884999999996
-5.530199999999999,-3.28205,0.9340999999999999,-585.0066750000007,458.5022250000002,-503.3467750000002
-5.752399999999997,-3.2871,0.9441999999999998,-390.5488500000024,413.88295000000056,-430.7050500000009
-5.8724750000000006,-3.1835750000000056,0.8736750000000038,-240.92712500000192,356.1218000000016,-347.4197500000021
-5.8548,-2.9336000000000007,0.6944000000000004,-151.7820000000002,280.63440000000014,-249.7780000000002
-5.837125,-2.683625000000003,0.515125000000002,-62.63687500000101,205.14700000000084,-152.1362500000011
-5.81945,-2.433650000000005,0.33585000000000365,26.508249999998192,129.65960000000152,-54.49450000000198
-5.834675,-2.1778000000000004,0.25292499999999996,84.12812499999998,63.105725000000064,10.563324999999963
-5.887699999999999,-1.9152000000000027,0.2806999999999997,105.52749999999978,6.815900000000568,38.18429999999971
-5.940724999999999,-1.652600000000005,0.30847499999999944,126.92687499999958,-49.473924999998914,65.80527499999947
-5.9937499999999995,-1.39,0.33625,148.32625,-105.76374999999999,93.42625
-6.02255,-1.1745750000000015,0.3321500000000003,122.48942500000067,-176.6688999999992,122.12842499999972
-6.0276,-1.005400000000003,0.2968000000000006,50.34260000000131,-261.9027999999985,151.89059999999947
-6.03265,-0.8362249999999998,0.26144999999999996,-21.804225000000073,-347.1367000000001,181.65277500000002
-6.0377,-0.6670500000000013,0.22610000000000027,-93.95104999999944,-432.37059999999934,211.41494999999975
-6.04,-0.6051249999999995,0.23337499999999928,-169.79524999999865,-525.0996249999982,238.66087499999958
-6.04,-0.6329,0.2763000000000001,-248.7318000000002,-624.0973000000002,263.80230000000006
-6.04,-0.6606749999999998,0.3192249999999997,-327.66834999999946,-723.0949749999993,288.94372499999986
-6.04,-0.6884499999999996,0.3621499999999993,-406.6048999999988,-822.0926499999985,314.0851499999996
-5.947075000000004,-0.7265499999999988,0.42424999999999813,-450.1237499999996,-911.926149999998,335.61134999999956
-5.788000000000001,-0.7719999999999997,0.49999999999999956,-468.4299999999999,-995.2359999999995,354.5639999999999
-5.628925000000002,-0.8174499999999993,0.5757499999999989,-486.73624999999976,-1078.5458499999988,373.51664999999974
-5.469850000000004,-0.8628999999999989,0.6514999999999983,-505.04249999999956,-1161.855699999998,392.4692999999996
-5.291875000000001,-0.878425,0.684725,-498.2353750000001,-1238.3379249999998,414.8223749999999
-5.102500000000003,-0.8759,0.6922999999999999,-476.2805000000003,-1310.7018999999991,439.2264999999997
-4.913125000000004,-0.873375,0.6998749999999998,-454.3256250000005,-1383.0658749999984,463.63062499999944
-4.723750000000001,-0.87085,0.7074499999999999,-432.3707500000001,-1455.4298499999998,488.0347499999999
-4.552800000000002,-0.871675,0.6815250000000005,-397.4748250000005,-1531.570949999999,509.13912499999975
-4.391200000000003,-0.8742,0.638600000000001,-356.0118000000009,-1609.6287999999984,528.5689999999996
-4.2296000000000005,-0.876725,0.5956750000000001,-314.5487750000001,-1687.6866499999999,547.998875
-4.068000000000001,-0.87925,0.5527500000000005,-273.0857500000005,-1765.744499999999,567.4287499999998
-3.904625000000003,-0.8480500000000009,0.5133750000000008,-229.46965000000088,-1823.629474999999,569.3145250000001
-3.7405,-0.8026,0.4755000000000001,-184.94380000000004,-1872.9907,563.7873
-3.5763750000000014,-0.7571500000000004,0.4376250000000004,-140.41795000000045,-1922.3519249999995,558.260075
-3.4122500000000033,-0.7117000000000008,0.3997500000000007,-95.89210000000085,-1971.7131499999991,552.7328500000001
-3.2256250000000057,-0.6418750000000022,0.3675000000000009,-53.34437500000119,-1984.42,539.9118750000004
-3.031200000000002,-0.5636000000000007,0.3372000000000003,-11.482400000000382,-1984.42,524.5624000000001
-2.836775000000004,-0.4853250000000014,0.30690000000000056,30.379574999999242,-1984.42,509.21292500000027
-2.6423500000000053,-0.40705000000000213,0.27660000000000085,72.24154999999887,-1984.42,493.8634500000004
-2.461750000000001,-0.33470000000000055,0.23247500000000038,120.36624999999961,-1984.42,489.08615
-2.284999999999998,-0.26399999999999924,0.18449999999999944,170.23500000000058,-1984.42,487.253
-2.1082499999999995,-0.19329999999999986,0.1365249999999999,220.10375000000013,-1984.42,485.41985
-1.931500000000001,-0.12260000000000049,0.08855000000000032,269.9724999999997,-1984.42,483.5867
-1.7962499999999983,-0.0767999999999995,0.05924999999999969,324.49755000000073,-1984.42,490.1427750000001
-1.6699999999999995,-0.03639999999999986,0.03399999999999992,380.03240000000017,-1984.42,498.5182
-1.5437500000000006,0.003999999999999775,0.008750000000000143,435.5672499999997,-1984.42,506.89362499999993
-1.4174999999999982,0.04440000000000055,-0.01650000000000034,491.10210000000075,-1984.42,515.2690500000001
-1.3086499999999994,0.08045000000000015,-0.04175000000000012,549.9929750000002,-1984.42,524.653675
-1.2026000000000003,0.11579999999999983,-0.06699999999999989,609.4238999999998,-1984.42,534.2007
-1.0965499999999984,0.1511500000000005,-0.09225000000000036,668.8548250000008,-1984.42,543.7477250000002
-0.9904999999999994,0.1865000000000002,-0.11750000000000013,728.2857500000003,-1984.42,553.29475
-0.9117500000000003,0.22867499999999985,-0.16322499999999984,771.8462749999999,-1984.42,561.467675
-0.8359999999999989,0.2716000000000007,-0.21120000000000075,813.6628000000006,-1984.42,569.4896000000001
-0.7602499999999995,0.3145250000000003,-0.2591750000000003,855.4793250000002,-1984.42,577.511525
-0.6845000000000002,0.3574499999999999,-0.30714999999999987,897.2958499999999,-1984.42,585.53345
-0.6515000000000004,0.438374999999999,-0.3622499999999994,878.8538750000002,-1984.42,602.4022499999998
-0.6211999999999999,0.5217000000000006,-0.41780000000000045,856.6060999999997,-1984.42,619.8298000000001
-0.5909000000000001,0.6050249999999999,-0.47334999999999994,834.358325,-1984.42,637.25735
-0.5606000000000003,0.6883499999999991,-0.5288999999999995,812.1105500000002,-1984.42,654.6848999999997
-0.5426749999999999,0.7543500000000005,-0.5052499999999998,740.9815249999992,-1984.42,662.38075
-0.525,0.82,-0.48,668.865,-1984.42,669.88
-0.5073250000000001,0.8856499999999994,-0.4547500000000002,596.7484750000006,-1984.42,677.37925
-0.4901500000000001,0.9510000000000005,-0.4291499999999996,524.6023499999992,-1984.0508,684.5323999999999
-0.49772500000000003,1.0015,-0.38622499999999993,450.9910249999999,-1965.4062,674.5536
-0.5053,1.0519999999999996,-0.3433000000000003,377.3797000000005,-1946.7616,664.5748000000001
-0.5128750000000001,1.1025000000000005,-0.3003749999999995,303.7683749999992,-1928.1169999999997,654.5959999999999
-0.5246500000000002,1.15,-0.25864999999999994,229.95589999999984,-1908.3318,643.8408
-0.6029249999999995,1.15,-0.23592500000000016,152.9585500000005,-1870.4871000000003,620.7926000000002
-0.6812000000000009,1.15,-0.21319999999999972,75.96119999999905,-1832.6423999999995,597.7443999999997
-0.7594750000000002,1.15,-0.19047499999999995,-1.0361500000002621,-1794.7976999999998,574.6961999999999
-0.8374999999999995,1.1480000000000001,-0.17024999999999998,-78.22699999999958,-1761.2,551.5870000000001
-0.913250000000001,1.1277999999999997,-0.17277500000000004,-157.17870000000107,-1766.25,527.9226999999996
-0.9890000000000003,1.1076,-0.1753,-236.13040000000035,-1771.3000000000002,504.2583999999999
-1.0647499999999996,1.0874000000000001,-0.17782499999999998,-315.0820999999996,-1776.35,480.5941000000001
-1.1293,1.059850000000001,-0.18174999999999983,-391.56244999999916,-1782.5291,458.51985000000013
-1.12425,0.9866249999999996,-0.19437500000000008,-452.6851250000003,-1795.72475,446.3266249999999
-1.1192,0.9134000000000003,-0.20699999999999996,-513.8077999999998,-1808.9204,434.13340000000005
-1.1141500000000002,0.8401750000000009,-0.21962499999999985,-574.9304749999992,-1822.1160499999999,421.9401750000002
-1.1064,0.7588499999999992,-0.23360000000000014,-632.8131500000003,-1834.68845,412.0874
-1.0862,0.6401750000000003,-0.25379999999999997,-675.7558249999998,-1844.386975,413.0267
-1.0660000000000003,0.5215000000000014,-0.2739999999999998,-718.6984999999995,-1854.0855,413.966
-1.0457999999999998,0.4028249999999991,-0.2942000000000002,-761.6411750000003,-1863.784025,414.9053
-1.03055,0.2852500000000001,-0.31439999999999996,-799.27745,-1874.9416999999999,414.90575
-1.033075,0.17162500000000114,-0.3345999999999998,-817.8589249999999,-1891.3390499999998,411.53487500000006
-1.0356,0.05799999999999897,-0.35480000000000017,-836.4404000000002,-1907.7364,408.164
-1.038125,-0.05562500000000001,-0.375,-855.021875,-1924.13375,404.79312500000003
-1.0270000000000006,-0.14974999999999966,-0.3848000000000002,-863.4971500000003,-1931.1932000000002,400.4745500000001
-0.9765000000000009,-0.18762499999999932,-0.36460000000000037,-842.8199250000004,-1911.3164000000004,393.42222500000014
-0.9259999999999999,-0.22550000000000003,-0.3444,-822.1427,-1891.4396,386.36990000000003
-0.8755000000000004,-0.2633749999999997,-0.32420000000000015,-801.4654750000001,-1871.5628000000002,379.3175750000001
-0.8100000000000016,-0.2937499999999998,-0.2485000000000035,-784.2457500000002,-1859.543,372.4715000000001
-0.7089999999999997,-0.306375,-0.04144999999999954,-775.208775,-1866.1181,366.11355
-0.6080000000000007,-0.3189999999999999,0.16559999999999858,-766.1718000000001,-1872.6932,359.7556000000001
-0.5070000000000016,-0.33162499999999984,0.3726499999999967,-757.1348250000001,-1879.2683,353.3976500000001
-0.33204999999999896,-0.3519000000000001,0.5703500000000006,-749.9789,-1892.1971500000002,356.1508500000001
-0.011375000000001911,-0.3872499999999998,0.749624999999999,-746.52975,-1917.6466249999999,376.8583749999999
0.30929999999999525,-0.4225999999999995,0.9288999999999974,-743.0806,-1943.0960999999998,397.5658999999997
0.6299750000000014,-0.45795000000000013,1.1081750000000008,-739.63145,-1968.545575,418.2734250000001
0.8698999999999995,-0.4553000000000003,1.2598999999999996,-756.2538999999998,-1978.3029500000002,422.99340000000007
0.9759499999999985,-0.3896500000000009,1.3659499999999984,-806.1529499999994,-1962.0444750000001,401.2077000000003
1.0820000000000005,-0.3239999999999996,1.4720000000000004,-856.0520000000004,-1945.7859999999998,379.4219999999999
1.1880499999999996,-0.25835000000000025,1.5780499999999995,-905.9510499999999,-1929.527525,357.6363000000001
1.1922500000000018,-0.19060000000000088,1.7103499999999978,-940.7920499999998,-1915.3176,309.91455000000104
1.053374999999999,-0.11989999999999953,1.879525000000001,-954.480075,-1903.9854,225.75882499999946
0.9145000000000003,-0.049200000000000174,2.0486999999999997,-968.1681,-1892.6532,141.6031000000002
0.7756250000000016,0.0214999999999992,2.217874999999998,-981.8561249999998,-1881.3210000000001,57.447375000000946
0.7586499999999974,0.08414999999999892,2.331849999999999,-1034.707399999998,-1864.4078500000005,-12.467899999998934
0.8874249999999998,0.13717499999999994,2.379825,-1134.3842999999997,-1840.821825,-65.35654999999994
1.0161999999999987,0.19019999999999948,2.4277999999999995,-1234.061199999999,-1817.2358000000004,-118.24519999999947
1.1449749999999974,0.243224999999999,2.475774999999999,-1333.738099999998,-1793.6497750000005,-171.133849999999
1.24875,0.17125,2.485,-1458.6425,-1754.78875,-256.24625000000003
1.3270249999999992,-0.028224999999998224,2.4547000000000003,-1609.2789499999985,-1700.3472250000004,-374.226874999999
1.4052999999999987,-0.2276999999999964,2.4244000000000003,-1759.9153999999974,-1645.9057000000012,-492.20749999999794
1.4835749999999979,-0.42717499999999464,2.394100000000001,-1910.551849999996,-1591.4641750000017,-610.1881249999968
1.5510499999999978,-0.5510499999999979,2.249050000000009,-1980.65,-1519.5631000000033,-714.2502499999966
1.6091250000000006,-0.6091250000000007,2.004124999999997,-1980.65,-1432.4657499999992,-806.198125000001
1.6672000000000002,-0.6672000000000001,1.7591999999999994,-1980.65,-1345.3683999999998,-898.1460000000002
1.7252749999999997,-0.7252749999999996,1.5142750000000016,-1980.65,-1258.2710500000007,-990.0938749999993
1.7384000000000004,-0.7601499999999997,1.3578000000000015,-1980.65,-1191.9870000000008,-1034.4832
1.7182000000000004,-0.7778249999999995,1.2669000000000021,-1980.65,-1141.1335000000013,-1043.6136
1.6980000000000006,-0.7954999999999993,1.176000000000003,-1980.65,-1090.2800000000018,-1052.7439999999997
1.6777999999999997,-0.8131750000000002,1.0850999999999988,-1980.65,-1039.4264999999994,-1061.8744000000002
1.6762,-0.9502000000000009,1.0081499999999997,-1980.65,-1009.3739999999999,-1059.7471500000001
1.6863,-1.162299999999999,0.9399750000000003,-1980.65,-992.4060000000001,-1050.538475
1.6964,-1.374399999999997,0.8718000000000009,-1980.65,-975.4380000000002,-1041.3298000000002
1.7064999999999997,-1.5864999999999951,0.8036250000000016,-1980.65,-958.4700000000004,-1032.1211250000003
1.7380499999999985,-1.7523999999999955,0.7437000000000018,-1980.65,-934.712250000001,-1010.6001500000009
1.7809749999999982,-1.8937999999999944,0.6881500000000023,-1980.65,-907.3538750000012,-982.5499250000012
1.8239000000000003,-2.035200000000001,0.6325999999999996,-1980.65,-879.9954999999999,-954.4996999999998
1.8668249999999997,-2.1765999999999996,0.5770500000000002,-1980.65,-852.6371250000001,-926.4494750000001
1.8380000000000005,-2.2147500000000004,0.5460000000000003,-1939.1190000000008,-849.9047499999999,-922.3427499999999
1.7774000000000012,-2.2071750000000003,0.5258000000000005,-1879.1957000000011,-858.0781749999999,-928.8395749999999
1.7168000000000017,-2.1996,0.5056000000000006,-1819.2724000000017,-866.2515999999998,-935.3363999999998
1.6562000000000021,-2.192025,0.4854000000000008,-1759.3491000000022,-874.4250249999997,-941.8332249999999
1.6103999999999996,-2.1418999999999992,0.45409999999999967,-1646.8598999999988,-866.7975999999999,-929.1751499999998
1.5699999999999998,-2.07625,0.41875,-1515.1912499999999,-853.405,-909.528125
1.5296000000000003,-2.0106000000000006,0.38340000000000035,-1383.5226000000011,-840.0124000000002,-889.8811000000002
1.4892000000000007,-1.944950000000001,0.34805000000000064,-1251.8539500000022,-826.6198000000003,-870.2340750000003
1.3474000000000046,-2.0001999999999973,0.34,-1123.6797000000033,-790.7164000000012,-826.8906500000013
1.1757000000000062,-2.091099999999997,0.34,-996.5358500000045,-748.1752000000016,-776.5598250000018
1.003999999999998,-2.182000000000001,0.34,-869.3919999999986,-705.6339999999996,-726.2289999999994
0.8322999999999997,-2.2729000000000004,0.34,-742.2481499999998,-663.0927999999999,-675.8981749999998
0.8041,-2.154700000000001,0.31335000000000024,-624.4564000000008,-609.7891000000004,-619.6305500000003
0.8091499999999999,-1.9880500000000025,0.2805250000000005,-508.83160000000186,-553.9916500000008,-561.9873250000009
0.8141999999999998,-1.8214000000000041,0.2477000000000008,-393.2068000000029,-498.1942000000014,-504.3441000000014
0.8192499999999998,-1.6547500000000055,0.2148750000000011,-277.5820000000039,-442.3967500000019,-446.70087500000193
0.7684000000000025,-1.42790000000001,0.2014000000000004,-262.11279999999994,-377.52845000000286,-392.85885000000223
0.7077999999999997,-1.1905499999999989,0.19129999999999997,-264.11260000000004,-311.0780249999997,-339.67982499999977
0.6472000000000002,-0.9532000000000009,0.18120000000000006,-266.1124,-244.6276000000003,-286.50080000000025
0.5866000000000008,-0.7158500000000032,0.17110000000000014,-268.1122,-178.1771750000009,-233.3217750000007
0.5327500000000012,-0.5572500000000034,0.14975000000000052,-305.12649999999906,-125.65200000000115,-189.40375000000097
0.4797250000000016,-0.4082750000000047,0.12702500000000072,-346.4203499999987,-74.82880000000159,-146.61762500000134
0.42670000000000213,-0.259300000000006,0.10430000000000092,-387.7141999999983,-24.005600000002058,-103.83150000000174
0.37367499999999965,-0.110324999999999,0.08157499999999984,-429.0080500000003,26.817600000000343,-61.04537499999971
0.26425000000000026,-0.04830000000000012,0.10114999999999995,-490.2345999999999,55.501449999999934,-47.10315000000003
0.15062500000000129,0.007249999999999368,0.12387499999999975,-552.9454999999994,82.5366249999997,-35.308875000000135
0.03700000000000231,0.06279999999999887,0.14659999999999956,-615.6563999999987,109.57179999999946,-23.514600000000236
-0.07662499999999668,0.11834999999999837,0.16932499999999934,-678.3672999999982,136.6069749999992,-11.720325000000344
-0.10939999999999885,0.1322499999999995,0.12590000000000173,-703.2207999999991,156.74049999999923,-6.79830000000018
-0.13970000000000027,0.14487500000000011,0.0804499999999996,-726.9154000000002,176.6627500000002,-2.086649999999957
-0.17,0.1575,0.035,-750.61,196.585,2.625
-0.20049999999999957,0.16965000000000033,-0.010149999999999867,-774.0718250000001,216.47859999999986,7.276875000000012
-0.2509999999999991,0.13430000000000064,-0.025299999999999732,-774.25615,233.5071999999997,5.951250000000024
-0.30149999999999866,0.09895000000000095,-0.0404499999999996,-774.440475,250.53579999999954,4.625625000000036
-0.3519999999999982,0.06360000000000127,-0.05559999999999946,-774.6247999999999,267.5643999999994,3.300000000000048
-0.40162499999999857,0.02800000000000183,-0.07,-773.3357500000013,284.3902499999994,2.4356249999996393
-0.4344500000000001,-0.012400000000000092,-0.07,-743.7578999999998,297.3233,10.427250000000015
-0.4672749999999998,-0.052799999999999736,-0.07,-714.1800500000002,310.25634999999994,18.418874999999943
-0.5000999999999995,-0.09319999999999937,-0.07,-684.6022000000004,323.1893999999998,26.41049999999987
-0.533599999999999,-0.13044999999999987,-0.07224999999999938,-653.3591250000012,334.22502500000024,34.0178249999999
-0.5739999999999986,-0.13549999999999984,-0.09749999999999916,-605.0937500000016,325.8647500000003,37.696749999999874
-0.6143999999999983,-0.1405499999999998,-0.12274999999999893,-556.8283750000021,317.50447500000035,41.37567499999984
-0.6548000000000002,-0.1456,-0.14800000000000013,-508.56299999999976,309.14419999999996,45.054600000000015
-0.68935,-0.14935,-0.17454999999999984,-459.84522500000026,301.65590000000003,48.21645
-0.6843,-0.14430000000000007,-0.20989999999999953,-408.0650500000007,300.0702,47.8781
-0.6792500000000001,-0.13925000000000012,-0.2452499999999992,-356.2848750000012,298.4845,47.539750000000005
-0.6742000000000001,-0.13420000000000015,-0.2805999999999989,-304.5047000000016,296.89880000000005,47.201400000000014
-0.6657500000000011,-0.12660000000000082,-0.3083000000000004,-252.6811750000021,296.08532499999984,46.365375000000135
-0.6405000000000013,-0.10640000000000101,-0.2982000000000005,-200.6434500000026,299.08754999999985,43.070250000000165
-0.6152500000000001,-0.08620000000000005,-0.2881,-148.60572500000012,302.089775,39.77512500000001
-0.5900000000000003,-0.06600000000000023,-0.27800000000000014,-96.56800000000058,305.092,36.48000000000003
-0.5631750000000006,-0.04370000000000061,-0.2642250000000006,-41.635950000001344,306.3013500000001,30.7809000000003
-0.530350000000001,-0.013400000000000883,-0.23645000000000083,24.322099999998045,300.6807000000002,15.923800000000433
-0.4975250000000012,0.01689999999999884,-0.20867500000000108,90.28014999999746,295.0600500000002,1.0667000000005693
-0.46470000000000156,0.047199999999998576,-0.1809000000000013,156.23819999999688,289.43940000000026,-13.790399999999297
-0.43062500000000004,0.07437500000000001,-0.159375,218.24812500000002,283.811875,-28.456874999999997
-0.3927500000000003,0.09204999999999985,-0.15685000000000002,268.2557499999996,278.16345,-42.54384999999987
-0.35487500000000066,0.10972499999999968,-0.15432500000000005,318.2633749999991,272.5150250000001,-56.630824999999746
-0.317000000000001,0.12739999999999954,-0.15180000000000007,368.27099999999865,266.8666000000001,-70.71779999999963
-0.28855000000000014,0.1392750000000001,-0.14637500000000045,410.3790249999992,256.8449750000007,-85.07519999999946
-0.2835000000000002,0.13675000000000012,-0.13375000000000056,432.874249999999,235.96575000000092,-100.10399999999933
-0.27845000000000025,0.13422500000000015,-0.12112500000000068,455.3694749999988,215.08652500000113,-115.1327999999992
-0.27340000000000003,0.1317,-0.1085000000000001,477.86469999999986,194.20730000000015,-130.1615999999999
-0.26092500000000046,0.1341249999999998,-0.10164999999999992,487.9742000000002,172.87597500000035,-144.5807249999998
-0.2331500000000007,0.1467499999999997,-0.10669999999999988,472.5616000000004,150.61305000000056,-157.7435499999997
-0.20537500000000095,0.15937499999999957,-0.11174999999999982,457.1490000000005,128.35012500000076,-170.90637499999954
-0.1776000000000012,0.17199999999999946,-0.11679999999999978,441.7364000000007,106.08720000000096,-184.06919999999943
-0.1572250000000004,0.18462499999999935,-0.11260000000000103,420.8357750000016,88.05985000000055,-196.17197499999946
-0.14965000000000003,0.19724999999999993,-0.0924000000000001,390.44235000000015,77.35890000000005,-206.44114999999996
-0.14207500000000012,0.20987499999999984,-0.07220000000000026,360.04892500000045,66.65795000000014,-216.71032499999987
-0.13450000000000017,0.22249999999999973,-0.052000000000000456,329.6555000000007,55.95700000000024,-226.97949999999977
-0.12795000000000017,0.23102499999999992,-0.029750000000000804,291.8134000000016,48.03790000000012,-234.90449999999987
-0.1229000000000002,0.2335499999999999,-0.004500000000001031,243.070800000002,44.189800000000155,-239.39899999999983
-0.11785000000000025,0.23607499999999987,0.02074999999999874,194.32820000000243,40.34170000000019,-243.8934999999998
-0.11280000000000001,0.23859999999999998,0.045999999999999944,145.5856000000001,36.49360000000001,-248.38799999999998
-0.11,0.2208750000000005,0.06449999999999989,100.09312500000047,32.617375000000045,-248.85050000000004
-0.11,0.17795000000000089,0.07459999999999979,58.64525000000084,28.70615000000008,-244.2954000000001
-0.11,0.13502500000000126,0.0846999999999997,17.19737500000121,24.794925000000113,-239.74030000000013
-0.11,0.09210000000000165,0.09479999999999962,-24.250499999998418,20.88370000000015,-235.18520000000018
-0.1038750000000006,0.04305000000000264,0.1,-55.31527499999906,17.839775000000103,-227.00532500000057
-0.09125000000000072,-0.012499999999996875,0.1,-75.36124999999888,15.71625000000012,-214.97875000000067
-0.07862500000000011,-0.0680499999999995,0.1,-95.40722499999983,13.59272500000002,-202.95217500000012
-0.06600000000000023,-0.12359999999999899,0.1,-115.45319999999964,11.46920000000004,-190.92560000000023
-0.05337500000000034,-0.16987499999999897,0.10529999999999973,-121.65160000000017,11.720074999999936,-177.2772250000004
-0.04075000000000045,-0.20774999999999863,0.11539999999999964,-115.30880000000023,14.121349999999914,-162.16005000000055
-0.028125000000000566,-0.2456249999999983,0.12549999999999956,-108.96600000000029,16.52262499999989,-147.0428750000007
-0.015500000000000682,-0.2834999999999979,0.13559999999999947,-102.62320000000034,18.92389999999987,-131.92570000000083
-0.004300000000000068,-0.295725,0.13857500000000003,-90.54477500000012,22.707424999999965,-115.69417500000012
0.00579999999999984,-0.28815000000000013,0.13605000000000006,-74.03885000000027,27.557949999999924,-98.60245000000026
0.015900000000000317,-0.2805749999999998,0.13352499999999992,-57.53292499999948,32.40847500000015,-81.51072499999947
0.026000000000000224,-0.27299999999999985,0.13099999999999995,-41.02699999999963,37.25900000000011,-64.41899999999961
0.2160500000000043,-0.2471249999999995,-0.054525000000004153,-171.2016750000031,119.97755000000177,-82.78505000000058
0.5241000000000015,-0.20924999999999983,-0.3600500000000014,-397.560350000001,253.75710000000055,-124.40210000000019
0.8321499999999986,-0.17137500000000017,-0.6655749999999987,-623.919024999999,387.5366499999994,-166.0191499999998
1.1401999999999959,-0.1335000000000005,-0.971099999999996,-850.277699999997,521.3161999999982,-207.63619999999943
0.9282499999999831,-0.1427500000000012,-0.8573749999999885,-834.2416249999949,497.8363749999963,-221.90449999999998
0.4282999999999877,-0.17810000000000087,-0.5114499999999915,-683.9561499999963,387.2590499999973,-221.02579999999998
-0.07165000000000787,-0.21345000000000056,-0.1655249999999946,-533.6706749999976,276.68172499999827,-220.1471
-0.5716000000000033,-0.24880000000000024,0.1804000000000023,-383.385199999999,166.10439999999926,-219.2684
-0.6627250000000002,-0.1823750000000003,0.27275000000000005,-309.0549250000001,117.23895000000005,-177.28640000000016
-0.5642500000000011,-0.06875000000000131,0.24750000000000028,-269.95025000000044,96.99350000000022,-116.24200000000071
-0.4657749999999965,0.04487500000000408,0.2222499999999991,-230.84557499999858,76.74804999999927,-55.197599999997806
-0.36729999999999735,0.15850000000000308,0.19699999999999931,-191.74089999999896,56.502599999999454,5.846800000001647
-0.38562500000000116,0.15167499999999906,0.10057499999999775,-174.96874999999986,7.978774999998905,55.67657500000084
-0.44875000000000054,0.09864999999999952,-0.023150000000001114,-166.76249999999993,-51.391550000000535,101.20485000000042
-0.511875,0.045625,-0.14687499999999998,-158.55625,-110.761875,146.73312500000003
-0.5749999999999994,-0.007399999999999523,-0.2705999999999989,-150.35000000000008,-170.13219999999947,192.2613999999996
-0.5226250000000016,0.001174999999999496,-0.27690000000000053,-142.56532500000014,-219.52332499999918,215.26332499999972
-0.43424999999999736,0.02895000000000081,-0.2465999999999991,-134.9120499999998,-265.8040500000013,231.24405000000047
-0.3458749999999982,0.05672500000000056,-0.21629999999999938,-127.25877499999984,-312.08477500000095,247.22477500000034
-0.257499999999999,0.08450000000000031,-0.18599999999999967,-119.60549999999992,-358.3655000000005,263.2055000000002
-0.17114999999999977,0.07582499999999995,-0.177975,-98.79174999999995,-362.19615,236.72399999999993
-0.08530000000000057,0.05815000000000012,-0.17545000000000002,-74.72850000000017,-355.54530000000005,199.75800000000027
0.0005499999999986627,0.040475000000000275,-0.17292500000000005,-50.665250000000384,-348.8944500000001,162.7920000000006
0.08640000000000271,0.022799999999999442,-0.17039999999999994,-26.60199999999924,-342.2435999999998,125.82599999999883
0.07449999999999932,0.015749999999999886,-0.16362499999999985,-5.568999999999534,-314.8994999999993,103.76049999999957
0.04419999999999959,0.010699999999999932,-0.1560499999999999,14.893600000000284,-283.6601999999996,84.49979999999974
0.013899999999999867,0.005649999999999977,-0.14847499999999997,35.356200000000094,-252.42089999999985,65.23909999999991
-0.016399999999999863,0.0006000000000000227,-0.14090000000000005,55.81879999999991,-221.18160000000015,45.978400000000086
-0.03557499999999977,-0.05562499999999915,-0.09327500000000072,133.84659999999883,-228.91984999999983,32.754125000000165
-0.0532499999999996,-0.11874999999999858,-0.0402500000000012,219.63599999999806,-241.91349999999971,20.343750000000277
-0.07092500000000043,-0.18187500000000156,0.012775000000001313,305.4254000000021,-254.9071500000003,7.933374999999692
-0.08860000000000028,-0.245000000000001,0.06580000000000084,391.21480000000133,-267.90080000000023,-4.477000000000196
-0.10162500000000008,-0.24302499999999994,0.10720000000000028,512.1605250000009,-290.36650000000014,-17.538375000000087
-0.11424999999999998,-0.23545000000000002,0.1475999999999999,636.1304499999997,-313.64699999999993,-30.65574999999997
-0.12687499999999988,-0.22787500000000008,0.18799999999999956,760.1003749999986,-336.9274999999997,-43.77312499999985
-0.13949999999999976,-0.22030000000000016,0.2283999999999992,884.0702999999975,-360.2079999999995,-56.89049999999973
-0.25882499999999636,-0.08662500000000406,0.17907500000000157,861.1676750000008,-373.6987749999996,-54.70370000000008
-0.3825500000000023,0.05225000000000252,0.12604999999999905,832.2084499999995,-386.7858500000002,-51.885799999999946
