-0.8361500000000001,-0.05835000000000001,-1.05145,159.34615000000002,65.08149999999999,-70.75874999999999
0.37,0.09,-0.4,386.47,87.85,-116.07
-0.1976,0.30285,-9.999999999998899e-05,343.642,36.0952,-45.861749999999994
-0.32439999999999997,0.49829999999999997,0.1649,242.05129999999997,-74.13809999999998,18.914800000000007
0.08840000000000031,0.6724500000000001,0.0423499999999999,68.52694999999986,-255.95715000000013,77.04220000000005
0.1648,0.42319999999999997,-0.06280000000000001,-167.37640000000002,-187.599,63.093
0.1337500000000001,0.1715000000000001,-0.06925000000000009,-360.93699999999995,-133.9245,52.20824999999999
-0.027500000000000246,0.003799999999999741,0.10490000000000027,-462.40840000000014,-159.99540000000005,62.12190000000002
-0.008499999999999945,-0.05060000000000003,0.15030000000000002,-474.16165,-180.29315000000003,71.68535000000001
0.030399999999999986,-0.07160000000000001,0.1472,-456.9252,-184.372,81.82440000000001
-0.008300000000000037,-0.07805000000000001,0.09559999999999995,-420.46335,-143.70474999999996,93.97620000000002
-0.06050000000000002,-0.08,0.05299999999999999,-383.29049999999995,-124.30449999999999,106.623
-0.11189999999999997,-0.07620000000000005,0.02094999999999999,-346.15155000000004,-116.90059999999998,118.08875
-0.12480000000000005,-0.050399999999999924,0.027400000000000018,-310.99259999999987,-125.59520000000002,121.47500000000001
-0.13385000000000002,-0.005349999999999855,0.04925000000000008,-295.8806,-125.78899999999999,122.8862
-0.14300000000000013,0.05210000000000008,0.0797,-295.79960000000005,-120.4322,122.16049999999996
-0.20750000000000007,0.09725000000000004,0.07325,-326.321,-118.97449999999999,104.97124999999998
-0.2816,0.13920000000000002,0.060399999999999995,-371.9816,-117.3248,86.24279999999999
-0.3654500000000002,0.17790000000000009,0.041049999999999955,-433.01795000000016,-115.4801,65.95109999999994
-0.4981000000000002,0.18,0.052200000000000024,-502.5028000000001,-124.71300000000002,65.704
-0.6182500000000001,0.17745,0.057449999999999994,-573.7627,-139.21740000000003,72.14305000000002
-0.7150000000000001,0.171,0.051,-646.9960000000001,-160.812,87.049
-0.8008500000000002,0.11549999999999984,0.03909999999999997,-708.7243500000002,-173.098,101.32275000000004
-0.8960999999999999,0.05670000000000004,0.026200000000000008,-754.9163,-182.2624,115.1442
-1.0186500000000003,0.011549999999999942,0.013299999999999982,-768.95795,-188.04160000000002,128.16030000000003
-1.150800000000001,-0.019200000000000158,-0.0140000000000002,-760.7563999999999,-198.68320000000008,152.09640000000016
-1.2875,-0.045,-0.045,-739.985,-210.965,177.27875
-1.4294000000000007,-0.07080000000000013,-0.07080000000000013,-698.7307999999998,-223.11680000000004,192.02990000000005
-1.5505499999999999,-0.06755000000000003,-0.09659999999999996,-664.4071,-232.51299999999998,211.91459999999995
-1.6572000000000002,-0.04579999999999984,-0.12240000000000009,-637.51,-239.551,233.88000000000005
-1.7346000000000001,-0.0006499999999998729,-0.14820000000000008,-645.5725,-238.48675,248.39250000000004
-1.7910000000000001,0.04800000000000012,-0.1880000000000001,-664.0930000000001,-222.73999999999995,258.46700000000004
-1.8297,0.09960000000000009,-0.23960000000000006,-691.4281,-194.61799999999997,264.8009
-1.8684,0.11280000000000001,-0.26560000000000006,-715.9536,-157.36959999999996,258.7188
-1.9014,0.11714999999999999,-0.29995000000000005,-734.94525,-130.47235,242.20274999999998
-1.9272,0.11069999999999997,-0.3451000000000002,-746.9745,-116.74029999999993,212.62949999999984
-1.9012499999999999,0.10425000000000001,-0.4189999999999999,-733.836,-120.0915,192.10100000000003
-1.8491999999999995,0.08899999999999988,-0.47880000000000006,-720.4781999999999,-115.36719999999991,180.23940000000002
-1.7589000000000001,0.05675000000000008,-0.5045999999999999,-712.6156500000001,-91.02490000000006,182.99355
-1.6481999999999997,0.014299999999999893,-0.5457000000000001,-685.7198999999999,-44.31909999999988,186.9258
-1.5274499999999998,-0.02775000000000006,-0.5939500000000001,-648.5577999999999,14.76065000000014,192.20065000000002
-1.392,-0.06000000000000004,-0.6520000000000001,-594.8679999999999,94.24400000000009,200.734
-1.20315,-0.08335000000000001,-0.6967,-525.09145,177.1227,222.86655000000002
-0.9506999999999974,-0.10270000000000011,-0.7462000000000006,-452.35449999999975,257.0922000000003,256.13130000000035
-0.45404999999999773,-0.12205000000000009,-0.8623000000000005,-405.9467499999998,309.7113000000002,320.3539500000003
0.0007999999999993568,-0.2439999999999997,-0.9289999999999999,-377.56620000000004,374.4979999999999,333.11320000000006
0.4172500000000006,-0.4385000000000007,-0.9562499999999996,-360.2022499999998,447.2470000000002,308.37549999999976
0.6043000000000005,-0.6578000000000006,-0.8594999999999998,-304.27429999999987,507.02560000000017,243.75939999999983
0.6936999999999999,-0.8361500000000011,-0.7532999999999992,-214.15939999999904,536.17045,184.3659999999996
0.6808,-0.9716000000000009,-0.6371999999999992,-88.22959999999914,533.2227999999999,130.44399999999962
0.7163000000000003,-1.0284000000000004,-0.6723500000000002,38.807350000000795,503.4131499999998,127.36015
0.76,-1.0275,-0.75,144.01500000000001,489.65,126.4925
0.8116000000000002,-0.9436499999999997,-0.8790000000000007,214.61670000000035,504.04640000000006,123.81574999999998
0.8578000000000005,-0.7193999999999976,-0.981000000000001,-0.5604000000026303,559.5692000000006,80.6119999999995
0.8770499999999999,-0.4863499999999994,-1.0574000000000001,-349.2424000000019,595.1574999999999,38.08794999999992
0.8319000000000001,-0.2993000000000005,-1.0832,-891.7131999999986,561.2950000000001,16.848100000000056
0.6964999999999997,-0.5160000000000009,-1.1422500000000002,-1092.8490000000002,408.42124999999953,67.06250000000017
0.5708000000000004,-0.9288000000000045,-1.1663999999999988,-1089.1907999999976,214.15399999999866,131.3696000000001
0.6288500000000001,-1.5673500000000007,-0.9857999999999999,-724.0175999999997,25.136749999999843,145.44995000000003
0.7115000000000006,-1.9230000000000012,-0.6903999999999979,-418.97089999999844,-112.67970000000062,148.8293
0.8143,-2.0791000000000004,-0.36055,-150.20415000000014,-211.36705,148.70139999999998
0.9820000000000008,-1.833999999999999,-0.36700000000000005,99.06900000000108,-205.117,176.74600000000012
1.0910499999999999,-1.4854000000000007,-0.4941999999999996,239.7706499999999,-205.7014,198.66684999999995
1.1491,-1.0467999999999986,-0.7264000000000007,286.0623000000001,-212.22880000000004,215.26270000000005
1.416700000000002,-0.8240999999999983,-0.9205000000000015,205.81749999999934,-334.491300000001,208.28099999999995
1.6792000000000005,-0.7224,-1.2960000000000012,251.85080000000036,-500.81440000000043,171.54479999999987
1.9307500000000017,-0.7740000000000004,-1.908750000000004,465.0942500000014,-722.1977500000015,96.5054999999995
1.96,-1.7376000000000005,-2.7267,376.54549999999995,-1365.6604000000004,27.542399999999972
1.96,-2.769600000000005,-2.0752499999999814,163.037599999998,-1622.2564499999967,45.65615000000102
1.96,-3.6984000000000092,1.5690000000000368,-220.96960000000388,-994.0457999999937,236.3246000000019
1.96,-2.6172999999999935,2.0317499999999984,864.9368000000059,20.63630000000444,273.15489999999994
1.843000000000001,-0.8710000000000044,1.2210000000000043,1858.5440000000015,814.1525000000006,262.66300000000007
1.3398999999999985,1.2317000000000056,-0.8817000000000057,1202.8111999999983,524.2572499999992,236.74689999999993
0.2955999999999902,1.6843999999999975,-0.9295999999999933,690.3951999999966,316.75639999999873,142.46799999999905
-0.8053499999999977,1.4618500000000048,-0.30660000000001575,165.22579999998698,144.27954999999756,3.8262499999972306
-0.618300000000001,1.8552999999999982,-1.570799999999994,-883.8795999999949,-50.36209999999906,-217.24749999999895
-0.31875000000000003,1.5325,-1.6350000000000002,-1564.20625,-126.23750000000001,-292.5475
0.04779999999999966,0.6623999999999906,-0.8571999999999995,-1960.1645999999992,-113.98299999999954,-263.04039999999986
-0.023150000000000684,-1.195200000000018,-0.7668999999999991,-1767.1354499999982,-19.90974999999909,-238.22079999999977
-0.18710000000000093,-2.463800000000002,-0.7324,-1259.4190999999971,52.35190000000017,-215.67349999999993
-0.45155000000000217,-3.095900000000005,-0.7582000000000002,-411.6375499999929,101.0429500000004,-195.58174999999983
-0.47,-2.0119999999999973,-1.0420000000000007,164.75200000000126,81.75999999999995,-146.54599999999988
-0.3989499999999987,-0.8728999999999929,-1.345150000000002,506.6375499999999,62.85964999999993,-110.14234999999992
-0.2118999999999998,0.14620000000000088,-1.6483000000000003,498.8911,52.90729999999999,-97.90669999999999
-0.11045000000000045,0.5500499999999986,-1.6786,210.49435000000184,68.5332999999999,-146.51659999999967
-0.06440000000000055,0.6077999999999946,-1.4979999999999938,-115.78280000000291,71.93319999999956,-209.1614000000007
-0.11600000000000023,0.09824999999999776,-0.9174999999999974,-390.8495000000012,30.162999999999816,-275.7447500000003
-0.07829999999999934,-0.5617000000000066,-0.26179999999999376,-494.9396000000004,19.262400000000003,-383.1382000000011
-0.046450000000000435,-1.1856500000000005,0.3391000000000007,-482.1116999999992,21.783200000000036,-474.15134999999987
-0.19479999999999953,-1.3855999999999993,0.5583999999999993,-223.8408000000008,33.18679999999996,-419.6424000000002
-0.3026500000000011,-1.2291499999999953,0.4577499999999963,46.83120000000355,10.019599999999443,-302.281499999998
-0.37199999999999933,-0.8509999999999966,0.15499999999999692,301.0894999999998,-31.500000000000107,-159.895
-0.2687999999999988,-0.34789999999999427,-0.2965000000000052,272.57404999999966,-47.625000000000185,-162.92650000000003
-0.16559999999999947,-0.028399999999999176,-0.7106000000000021,136.75459999999873,-83.48700000000028,-199.66560000000035
-0.06240000000000009,0.12639999999999987,-1.0911499999999998,-95.32284999999979,-137.05424999999997,-266.64239999999995
-0.19860000000000214,-0.17240000000000463,-0.9487999999999976,-250.9246000000023,-194.19360000000086,-299.77560000000045
-0.27725000000000005,-0.5479999999999989,-0.7912500000000003,-314.87675000000013,-239.11174999999994,-314.7835
-0.27079999999999993,-1.0124000000000064,-0.6299999999999978,-257.96839999999924,-267.4724000000004,-306.48879999999986
-0.07789999999999836,-1.1547500000000008,-0.4574499999999987,-57.94554999999832,-218.30939999999956,-251.81889999999953
0.05739999999999953,-1.1128999999999958,-0.4114000000000027,180.45800000000338,-152.89649999999907,-183.14229999999895
0.018699999999999762,-0.7839499999999979,-0.6307000000000014,456.38900000000166,-76.56074999999953,-99.0536499999995
-0.08,-0.36,-0.95,604.425,-88.30499999999999,-77.47
-0.17,0.013200000000001627,-1.2359500000000012,666.1874499999983,-125.14005000000056,-96.1688000000015
-0.17,0.116400000000001,-1.3069000000000008,558.3498999999989,-160.41510000000034,-191.26760000000093
-0.14389999999999986,0.07169999999999958,-1.29955,434.70009999999957,-149.30174999999988,-212.38594999999995
-0.12040000000000162,-0.08200000000000818,-1.2551999999999992,311.54399999999873,-113.99879999999908,-192.16639999999882
-0.2042500000000011,-0.5012500000000055,-1.2164999999999995,245.78624999999914,-66.01724999999936,-132.2329999999992
-0.1511999999999989,-0.6466999999999996,-1.274000000000001,275.1000000000007,-35.76979999999988,-53.54799999999936
0.00045000000000001636,-0.5794999999999996,-1.3983499999999998,372.88455,-19.63505000000002,36.60349999999999
0.019799999999999898,-0.1280000000000024,-1.3274000000000004,378.67019999999997,-42.64219999999988,22.99400000000007
0.020849999999999796,0.14660000000000084,-1.1222499999999962,278.5750999999977,-82.49755000000063,-34.76425000000114
0.0014999999999999146,0.22400000000000034,-0.7674999999999984,60.44899999999904,-141.13450000000026,-141.73750000000047
0.11900000000000262,-0.02585000000000562,-0.5793499999999965,3.419149999999121,-58.750499999998084,-133.04869999999963
0.13999999999999774,-0.3392000000000053,-0.6068000000000051,51.12440000000285,49.91280000000185,-84.39319999999859
-0.021250000000001282,-0.7133000000000029,-0.9744500000000029,252.7256000000016,182.92470000000105,15.304450000000791
-0.16660000000000025,-0.5573999999999996,-1.3262000000000007,352.36540000000014,159.8727999999999,46.202800000000025
-0.2944999999999996,-0.21125000000000238,-1.5292500000000009,334.6885000000012,73.64725000000072,29.80675000000045
-0.38480000000000103,0.3370000000000063,-1.3421999999999978,61.350399999996874,-91.2986000000019,-73.51580000000118
-0.13099999999999795,0.26679999999999837,-1.1086499999999986,-147.73865000000097,-145.29545000000007,-91.82704999999991
0.1570000000000002,-0.07469999999999954,-0.8615000000000002,-304.5913,-137.81920000000008,-65.56190000000007
-0.036500000000002905,-0.5713500000000075,-0.6357499999999967,-328.34665000000035,-40.24359999999854,17.456050000001245
-0.21400000000000147,-0.7039999999999992,-0.6620000000000016,-316.0299999999997,-26.400000000000325,57.79800000000013
-0.37405000000000144,-0.6227000000000009,-0.8408000000000038,-276.28764999999726,-68.75940000000264,73.5534000000009
-0.4320999999999998,-0.6613999999999999,-0.9955999999999995,-165.45730000000037,-176.68079999999964,110.00879999999987
-0.5738999999999979,-0.8642499999999966,-1.0331500000000007,-22.69810000000166,-305.3319999999986,161.64304999999936
-0.7932000000000013,-1.219000000000002,-0.9621999999999995,149.60720000000106,-453.1660000000009,227.32340000000042
-1.04375,-1.4675,-0.885,282.04375,-690.9875,351.42875000000004
-1.162999999999999,-1.4965999999999957,-0.710399999999995,355.8132999999999,-872.7287000000016,491.3303000000025
-1.0984999999999994,-1.2256999999999973,-0.400799999999997,349.8728499999999,-972.581150000001,650.5743500000015
-0.6419999999999981,-0.5683999999999975,-0.36560000000000004,457.88120000000043,-926.4303999999997,772.4272000000003
-0.21209999999999526,0.053250000000008124,-0.4581500000000054,601.8219000000036,-855.6789499999985,821.3297499999981
0.033000000000003235,0.4725000000000055,-0.7355000000000037,785.7630000000024,-779.691499999999,725.8374999999987
-0.459450000000005,0.357149999999998,-0.8247500000000002,797.2708499999997,-737.1808999999997,664.0596999999997
-1.0676,0.029399999999999538,-0.9032000000000002,716.7283999999997,-738.5086000000001,667.7900000000002
-1.2868999999999988,-0.4801499999999973,-1.1482999999999988,492.6296000000012,-861.3746499999994,870.964999999999
-0.9428999999999934,-0.525299999999998,-1.2084999999999997,260.0124999999975,-943.4939000000006,1033.0277000000015
-0.4080000000000007,-0.3014999999999978,-1.128249999999998,34.188999999999396,-994.0902499999997,1140.5284999999992
-0.5628000000000032,0.2016000000000102,-0.6831999999999909,-107.63360000000287,-959.9503999999993,989.5855999999969
-0.7869500000000039,0.3360499999999979,-0.6980500000000052,-233.9218000000016,-1045.8627000000024,928.4874500000001
-1.0544999999999973,0.17189999999999062,-1.0583999999999993,-346.5303,-1221.0605999999998,937.8101000000008
-0.6997499999999994,-0.9955500000000022,-0.9551999999999998,-347.19465,-1217.8743,1042.3065500000002
-0.614999999999999,-1.7069999999999992,-0.9959999999999991,-137.04000000000207,-1183.2810000000004,1101.4759999999999
-0.8407500000000026,-1.894050000000002,-1.2024000000000024,315.55650000000514,-1112.5696499999992,1108.5194
-0.5590999999999983,-1.573699999999998,-1.4324000000000012,455.09900000000056,-1065.8476999999998,1165.2408000000003
-0.4933499999999996,-1.2836000000000003,-1.5424000000000002,520.09175,-1015.4612,1203.9533
-0.8868000000000058,-1.1287999999999978,-1.4391999999999985,505.9339999999998,-954.779599999999,1203.1664
-1.0965000000000014,-1.0369999999999993,-1.220499999999998,339.04324999999824,-998.1635000000007,1207.0520000000001
-1.2642000000000042,-1.0310000000000048,-1.0536000000000014,159.17719999999707,-1043.9817999999998,1220.621200000001
-1.4318999999999993,-1.2244999999999993,-1.1052,40.60040000000042,-1030.1401,1258.2633999999998
-1.0522000000000058,-1.3857999999999986,-1.3959999999999964,11.304999999999936,-1011.7260000000002,1326.6427999999992
-0.5457999999999998,-1.5467500000000014,-1.7588500000000014,17.550850000000025,-983.1044999999996,1388.6182999999999
-0.52,-1.7725,-1.9974999999999998,21.9175,-911.4449999999999,1354.085
-0.7707000000000067,-2.014050000000004,-2.09395,82.0384000000015,-870.5441499999996,1284.5112499999987
-1.1852000000000023,-2.2263999999999964,-2.1012000000000004,172.7888000000002,-849.2251999999999,1193.7667999999994
-1.4303000000000008,-1.8458499999999987,-2.12055,193.08695000000006,-829.6365499999999,1118.2501999999997
-1.5896000000000015,-1.795300000000005,-2.1399000000000004,232.3172000000011,-805.8634999999995,1072.0540999999996
-1.667000000000001,-2.0597500000000033,-2.1592500000000006,289.6190000000007,-778.0962499999996,1053.84575
-1.6638,-1.8529999999999984,-1.9615999999999987,318.90920000000017,-786.6610000000001,989.6271999999996
-1.6573499999999999,-1.6882,-1.7498999999999998,337.43715000000003,-792.1513,925.02415
-1.6508999999999998,-1.6107999999999987,-1.5305999999999964,342.1521000000001,-791.1322,862.5300999999989
-1.7831999999999981,-1.6332999999999995,-1.5499499999999993,333.80790000000013,-684.1525000000014,818.5120000000005
-1.9480000000000008,-1.652,-1.728000000000002,239.44399999999877,-572.0379999999997,755.7239999999995
-2.135050000000004,-1.6261999999999996,-2.173050000000009,-41.6018500000057,-486.7302999999983,644.5066499999978
-2.2045000000000003,-2.026700000000008,-2.4123000000000023,-294.44330000000343,-344.89619999999775,510.27399999999795
-2.2678000000000016,-2.4743000000000013,-2.4622499999999965,-458.9761999999989,-185.04899999999873,361.8071499999986
-2.4484000000000004,-2.5904000000000003,-2.0429999999999993,-323.60359999999974,-24.701999999999725,187.0701999999997
-2.5610000000000013,-2.26874999999999,-1.9085,-148.01324999999656,144.32350000000307,44.49299999999779
-2.606900000000002,-1.7457000000000034,-1.9325999999999988,17.186200000000966,300.49539999999985,-79.9905999999988
-2.3940499999999987,-1.4296499999999983,-2.0487000000000006,-73.9781000000005,314.18230000000005,-192.59470000000059
-2.274799999999999,-1.3872000000000038,-2.0387999999999975,-191.3540000000029,308.20239999999956,-294.24040000000196
-2.228900000000001,-1.5626499999999977,-1.9301,-328.1737000000002,287.2614499999996,-386.9488499999996
-2.0869999999999984,-1.904500000000003,-1.943,-297.69099999999975,344.2085000000005,-446.14050000000054
-1.9922999999999988,-2.072299999999999,-2.009000000000003,-221.55704999999676,426.77040000000284,-503.22880000000134
-1.9535999999999993,-2.033599999999999,-2.138000000000002,-91.2605999999976,539.722800000002,-557.821600000001
-1.9909500000000004,-1.661449999999995,-2.091499999999999,-81.70815000000003,595.8541500000007,-632.9537500000009
-1.9762999999999993,-1.3562999999999992,-2.003999999999999,-148.95350000000113,624.6710999999999,-700.3071000000002
-1.8537499999999973,-1.2337499999999972,-1.8749999999999971,-332.4237500000041,614.7187499999998,-749.823750000001
-1.590800000000002,-1.4127999999999985,-1.7720000000000007,-452.67239999999936,650.1103999999997,-767.3447999999999
-1.3534999999999995,-1.652800000000002,-1.7214500000000008,-518.2736999999995,693.2736500000003,-772.2064499999999
-1.2889999999999984,-1.8592000000000053,-1.8053000000000021,-469.11179999999877,727.3361000000009,-762.6152999999997
-1.26545,-1.7653000000000005,-1.8663999999999998,-390.8435500000002,802.7352999999997,-748.4423
-1.248999999999999,-1.554999999999998,-1.9069999999999996,-324.3310000000008,883.6210000000002,-736.3130000000001
-1.1780499999999994,-1.393749999999999,-1.8876499999999998,-388.12795000000045,900.3329500000001,-745.74935
-1.1031999999999982,-1.3729000000000016,-1.8058999999999972,-424.33630000000045,933.409300000001,-752.5259000000001
-1.0293,-1.4309000000000007,-1.69035,-442.5356999999999,976.8651999999997,-756.71145
-1.0164,-1.263199999999998,-1.6968,-461.25360000000023,1014.7396000000003,-746.0495999999998
-1.0197500000000006,-1.124749999999997,-1.7975000000000052,-465.48624999999976,1038.8990000000003,-742.24525
-1.0391,-1.0151000000000001,-1.9909999999999997,-455.4565,1049.5544,-745.1929
-0.972349999999999,-0.9115999999999985,-2.067650000000001,-467.8558000000002,1055.5973000000001,-767.0456500000004
-0.8909999999999971,-0.8447999999999996,-2.0553999999999957,-464.06699999999915,1057.3279999999997,-809.1594000000022
-0.7942499999999999,-0.8319,-1.9199499999999996,-434.68724999999995,1053.0065,-879.9094500000001
-0.7580000000000001,-0.7860000000000003,-1.7790000000000006,-383.6760000000003,999.4490000000002,-958.2109999999997
-0.7419500000000001,-0.7129499999999986,-1.6468499999999988,-340.75904999999983,953.5564999999999,-1026.5556500000005
-0.7484000000000002,-0.5903999999999967,-1.537199999999997,-325.14359999999954,944.9779999999998,-1068.9128000000012
-0.5899500000000002,-0.6327499999999999,-1.45665,-403.9867499999999,977.8087999999999,-1077.6158
-0.45770000000000277,-0.71,-1.3960999999999997,-497.99500000000046,1036.5464000000015,-1080.4489000000003
-0.6447500000000057,-0.71,-1.3767499999999995,-528.632500000001,1143.7970000000032,-1104.0107500000008
-0.9242000000000008,-0.7856000000000003,-1.3574,-465.69399999999973,1193.5538000000001,-1091.9692
-1.2115500000000003,-0.8887,-1.311400000000001,-340.9924500000008,1217.9085999999998,-1057.7916000000002
-1.127699999999999,-0.8757999999999998,-1.0275999999999965,-112.48829999999718,1290.4324000000008,-996.2843999999992
-1.2106999999999966,-0.9232499999999985,-0.8609500000000012,115.21354999999639,1268.9238000000014,-993.3486499999992
-1.43,-1.02,-0.79,342.26,1170.6,-1038.26
-1.3461499999999986,-0.9038999999999981,-0.79,390.2867000000008,1021.7017499999976,-1123.2129500000015
-1.2941999999999996,-0.8458000000000003,-0.8886000000000069,406.7642999999993,942.7892000000002,-1108.1158999999957
-1.2812999999999999,-0.8587,-1.1079000000000008,384.6214499999999,949.5488,-970.5438499999995
-1.459800000000004,-0.9702000000000024,-1.2460000000000024,369.3747999999997,917.6223999999993,-569.8083999999917
-1.5247499999999934,-1.038749999999999,-1.5820000000000256,449.40100000000905,830.9019999999937,-181.07049999998904
-1.3376999999999988,-1.0064999999999997,-2.304400000000005,705.8272000000018,649.9923999999987,130.2194000000022
-1.021899999999992,-0.7733999999999935,-2.934100000000014,558.5139999999943,330.49629999999183,74.50999999999661
-0.6431999999999818,-0.36639999999996975,-3.2811999999999832,208.3579999999746,30.27159999999475,-62.230400000003925
-0.172349999999995,0.41405000000000824,-2.8425999999999956,-447.7360000000069,-105.49445000000142,-163.77920000000105
0.006000000000001365,0.26299999999998536,-2.259999999999983,-862.0630000000082,-28.19449999999553,-112.13449999999686
0.04430000000000007,-0.3021499999999988,-1.6473000000000009,-1098.6367500000003,137.88294999999974,-0.6229500000001309
0.005599999999999456,-0.9278000000000088,-1.221599999999994,-912.6509999999973,283.40140000000207,73.15860000000104
-0.01769999999999982,-1.1453500000000008,-0.9768500000000018,-549.3958500000068,359.5274499999996,81.58255000000051
-0.03630000000000025,-1.063299999999999,-0.8669000000000002,-75.45959999999945,388.42330000000004,48.92770000000005
-0.1717500000000024,-0.4892499999999899,-1.0152500000000027,213.2940000000051,409.7792500000004,78.97825000000053
-0.2016000000000008,0.004799999999995641,-1.0964,318.6908000000009,398.7064000000005,88.38240000000013
-0.12419999999999959,0.4176000000000022,-1.1093000000000002,237.86584999999957,354.6980499999998,76.81754999999994
-0.18710000000000152,0.41559999999999947,-0.884299999999995,-54.18380000000644,335.27269999999965,3.325499999998371
-0.18920000000000076,0.24700000000000277,-0.7476499999999998,-278.60419999999925,328.9189999999999,-51.05024999999986
-0.0859999999999991,-0.1400000000000034,-0.7670000000000002,-381.0560000000009,340.4000000000001,-70.75500000000018
-0.17355000000000304,-0.5161000000000092,-0.7209499999999986,-363.144549999999,338.7900999999999,10.665000000002465
-0.2752000000000021,-0.7400999999999945,-0.6914000000000016,-295.0299999999945,323.8550999999983,85.61510000000061
-0.32680000000000065,-0.6046499999999982,-0.7301000000000005,-159.57999999999834,282.7621499999995,100.63715000000019
-0.32559999999999945,-0.5748000000000001,-0.7496000000000004,-55.50759999999737,236.80199999999866,130.908800000001
-0.3150000000000011,-0.6462500000000151,-0.7212499999999912,27.63500000000181,193.864999999999,163.34375000000085
-0.3408000000000004,-0.9881000000000055,-0.5212999999999969,68.57960000000065,170.46439999999964,182.97110000000032
-0.30849999999999794,-1.064349999999998,-0.4749000000000012,244.95530000000798,145.21704999999918,252.39845000000307
-0.2596000000000004,-0.9741999999999991,-0.5178000000000003,479.18240000000026,115.87299999999979,344.83040000000017
-0.36279999999999746,-0.6968500000000069,-0.6016499999999979,545.6431999999984,56.56525000000147,392.4571999999988
-0.3925000000000003,-0.43350000000000216,-0.5525000000000014,526.0390000000008,-4.600999999999445,423.26649999999984
-0.36024999999999974,-0.18194999999999822,-0.3912499999999989,433.89429999999936,-67.33370000000043,439.9010500000001
-0.12319999999999452,0.1400000000000074,-0.17879999999999513,217.92239999999504,-2.4887999999984842,396.676399999999
0.30924999999999647,0.5052499999999978,-0.16829999999999873,25.102650000000864,50.542049999999804,375.38225
0.9865000000000073,0.9245000000000044,-0.4134000000000026,-137.25030000000172,87.39090000000039,382.38050000000004
0.7782499999999917,0.48124999999998547,-0.5377500000000028,-305.35325000000444,230.02250000000413,208.8172499999948
0.3764000000000009,-0.04499999999999915,-0.796999999999999,-371.6538000000002,329.16360000000003,61.4306000000001
-0.19120000000000803,-0.5287500000000068,-1.3452500000000076,-239.93834999999814,319.4111999999999,7.076449999999233
-0.5497000000000091,-0.7983000000000063,-1.2355999999999914,-170.63669999999843,168.06749999999434,78.23330000000313
-0.5350999999999533,-0.880949999999985,-0.940949999999985,-166.40700000000683,36.812300000002324,139.43994999999657
0.48400000000001797,-0.5519999999999943,-0.6119999999999942,-315.66000000000264,87.5480000000009,64.16199999999867
1.0403000000000118,-0.347649999999995,-0.2874999999999892,-310.3600499999975,246.65900000000696,3.862749999998208
1.308499999999989,-0.2722000000000184,-0.038800000000010215,-218.46479999999025,433.17950000000275,-44.156000000000674
1.0827499999999952,-0.646300000000008,-0.24520000000000436,-20.914199999995816,488.35925000000117,-57.959000000000295
0.99,-0.9101999999999988,-0.45159999999999856,96.79079999999956,478.8212000000004,-106.95759999999949
1.0015000000000027,-1.0864999999999994,-0.6705000000000046,152.48324999999912,431.55650000000117,-178.9502500000003
1.2981999999999942,-0.9962000000000018,-1.1993999999999898,51.173100000001966,567.9481999999973,-212.49669999999935
1.3933000000000004,-1.0255999999999994,-1.5644999999999993,-70.86404999999948,532.2239000000008,-165.56695000000045
1.2771999999999986,-1.180400000000002,-1.7580000000000024,-214.61520000000178,316.18759999999736,-34.32879999999838
1.6088000000000102,-1.5590500000000111,-1.5884999999999945,-322.616900000003,270.071599999999,45.12135000000215
1.7675,-1.865,-1.305,-374.9175,289.045,155.0475
1.6062499999999975,-2.032700000000003,-0.8792999999999933,-342.9448499999995,393.10930000000167,318.5356500000026
1.390999999999993,-2.114000000000002,-0.6317999999999933,-162.9635999999934,509.5234000000038,472.0500000000048
1.152299999999999,-2.1211499999999996,-0.45409999999999967,114.81135000000154,632.0499500000004,610.7989500000003
0.8813999999999947,-1.9856999999999974,-0.3637999999999983,564.1893000000086,763.8041000000026,717.6561000000021
0.8575000000000024,-1.7409999999999899,-0.04549999999998594,966.2667500000136,906.2125000000051,734.9899999999996
0.9832000000000028,-1.5424000000000013,0.23319999999999824,1341.5096000000024,1037.7136000000005,740.3828000000007
1.376650000000009,-1.716550000000004,-0.018350000000005764,1673.4137000000076,1104.8129500000016,833.7078500000022
1.0484999999999713,-2.1408000000000222,-0.6471000000000328,1883.1870000000054,968.2857999999901,856.8613999999993
0.3733000000000004,-2.586849999999991,-1.4266000000000008,2011.04,713.046649999997,824.1328999999979
0.41200000000000103,-1.7289999999999774,-1.504000000000002,2011.04,436.3609999999927,623.3959999999947
0.4748499999999999,-0.6434500000000024,-1.3261000000000007,1844.0324000000005,319.6001,468.2681000000002
0.5587000000000012,0.6401000000000181,-0.9261999999999944,1531.8007999999957,341.9042000000003,352.80019999999837
0.29330000000000384,0.8949499999999967,-0.2850000000000091,1005.3329000000075,380.19124999999946,211.811650000002
0.12039999999999992,0.9067999999999995,0.24800000000000066,577.7919999999995,465.6832000000003,111.63719999999992
0.0752499999999992,0.622999999999995,0.6350000000000069,283.60749999999484,612.3820000000027,65.19074999999918
-0.08959999999999807,0.17960000000000492,1.2271999999999934,171.23020000000093,711.571299999999,-13.375199999999126
-0.11539999999999848,-0.3063000000000028,1.6851500000000006,156.4274500000007,835.643500000001,-78.88570000000016
0.16840000000000602,-0.8352000000000112,1.8206000000000029,288.9298000000028,1021.984000000004,-109.83280000000065
0.26535000000000164,-1.4095500000000216,1.8045499999999979,629.0023000000147,1309.1073500000118,-9.055699999994928
0.2954999999999998,-1.86,1.7554999999999998,1069.598500000005,1609.4090000000024,134.30350000000143
0.27614999999999956,-1.86,1.7361499999999994,1652.0270500000145,1860.9977000000063,297.675550000004
0.37560000000000626,-1.4155999999999738,1.6155999999999933,1913.6560000000045,1968.6756000000016,292.8839999999966
0.4895999999999981,-0.7811499999999936,1.4555499999999986,2011.04,2003.95,196.46989999999772
0.33479999999999566,-0.2586999999999852,1.345899999999997,2011.04,2003.95,12.606199999994814
0.23624999999999746,0.14000000000001367,1.3075000000000006,2011.04,2003.95,-165.15250000000765
0.1753999999999976,0.43959999999999977,1.327800000000004,2002.0643999999954,2003.95,-335.27540000000107
0.027049999999995286,0.4266999999999996,1.579350000000008,1712.6012999999907,2003.95,-404.1420500000022
-0.08100000000000022,0.38589999999999974,1.8681000000000012,1441.077899999999,2003.95,-442.78370000000007
-0.14550000000000124,0.3149499999999986,2.1970500000000066,1188.940949999995,2003.95,-448.7628500000001
-0.2999999999999986,0.36999999999999944,2.256,988.4580000000017,2003.95,-401.69000000000045
-0.505350000000002,0.46635000000000104,2.2432499999999993,771.3401499999982,2003.95,-339.6597999999994
-0.7827000000000063,0.6147000000000034,2.146499999999998,520.7382999999943,2003.95,-259.7055999999982
-0.8567499999999998,0.6720999999999998,1.9748500000000009,207.88920000000172,2003.95,-198.8990500000003
-0.907000000000001,0.7342000000000013,1.789599999999998,-121.9182000000036,2003.95,-168.11680000000038
-1.0037500000000026,0.8567500000000032,1.6089999999999953,-462.471750000009,2003.95,-204.72700000000097
-1.387199999999999,0.7255000000000005,1.3673000000000004,-751.1795999999995,2003.95,-281.0615999999998
-1.8808500000000072,0.4721499999999947,1.1085999999999967,-978.3989000000004,2003.95,-360.42155000000037
-2.390400000000015,0.09159999999998862,0.8763999999999931,-1011.203600000001,2003.95,-385.55720000000076
-2.786550000000015,-0.18770000000001005,0.6846999999999923,-927.2710999999929,1933.8161499999949,-375.7453999999986
-3.104000000000003,-0.39500000000000113,0.516999999999997,-765.7674999999954,1819.5574999999974,-346.92549999999983
-3.284600000000006,-0.45950000000000213,0.3492999999999944,-504.3812499999912,1674.787249999995,-338.3534499999997
-3.4176000000000046,-0.48319999999999935,0.20879999999999427,-251.9335999999879,1533.1041999999932,-327.6461999999994
-3.5079000000000016,-0.4702999999999997,0.09269999999999753,-7.50439999999483,1394.190549999997,-315.0235499999998
-3.3903000000000008,-0.4007000000000005,-0.023399999999999185,176.81019999999873,1285.6681000000008,-286.14690000000024
-3.2072499999999975,-0.31324999999999903,-0.1532500000000013,372.8715000000019,1213.2672499999996,-254.68874999999971
-2.9428000000000054,-0.2036000000000021,-0.30159999999999715,586.6631999999959,1188.4928000000004,-220.27800000000065
-2.8139500000000006,-0.1674000000000001,-0.4499499999999995,691.9692499999996,1012.2983500000007,-177.90640000000013
-2.6454999999999966,-0.1605000000000004,-0.6004000000000019,731.0272999999992,779.8878999999963,-127.3011999999992
-2.355249999999992,-0.19275000000000092,-0.7552000000000044,664.6761499999981,475.4414499999914,-61.97559999999815
-1.975,-0.17,-0.9400000000000001,515.74,267.855,-13.57
-1.6295499999999978,-0.12259999999999878,-1.1074000000000013,318.7856499999956,126.30444999999983,18.02864999999985
-1.4940999999999955,-0.04519999999999755,-1.1848000000000025,38.83629999999113,115.60389999999967,8.5922999999997
-1.5935500000000007,0.05395000000000039,-1.1490999999999998,-269.44025000000113,112.94215000000001,-3.9760500000000487
-1.818400000000006,0.15080000000000013,-1.0627999999999989,-580.4400000000046,102.23479999999816,-21.46600000000081
-2.1280000000000108,0.15725000000000022,-1.004749999999998,-814.0912500000082,7.297249999996652,-63.03625000000147
-2.2711,0.07119999999999889,-0.9355999999999994,-969.2100000000007,-143.97650000000135,-123.60230000000054
-2.2835499999999938,-0.0857000000000056,-0.8606000000000006,-1061.3273999999976,-333.57845000000094,-196.35439999999983
-2.006199999999989,-0.33080000000000953,-0.886400000000001,-958.875599999996,-374.3618000000016,-187.94359999999966
-1.86,-0.5759000000000025,-0.8420499999999987,-769.666549999997,-384.66649999999976,-142.52104999999906
-1.86,-0.8210000000000065,-0.7194999999999967,-483.7444999999924,-360.9949999999994,-55.839499999997706
-2.0027999999999997,-0.7507500000000001,-0.5553000000000003,-177.35445000000055,-402.4402999999999,19.055099999999868
-2.0855999999999995,-0.6347999999999978,-0.43319999999999936,114.46440000000376,-440.0072000000003,86.03520000000077
-2.0469000000000004,-0.4864500000000021,-0.3880500000000006,378.7918499999963,-461.7952999999997,141.3310499999992
-2.0665,-0.3486999999999998,-0.4171000000000001,561.1018000000004,-557.7198000000002,127.43539999999996
-2.0812499999999994,-0.20099999999999685,-0.47100000000000136,681.8882500000001,-675.7067500000023,91.14324999999901
-2.048999999999999,-0.020399999999993958,-0.5484000000000026,685.2358,-809.7442000000045,35.02179999999812
-1.9190999999999918,0.17415000000000985,-0.6304500000000041,618.6287499999953,-867.2798500000014,18.93684999999997
-1.765700000000002,0.3663999999999965,-0.7032999999999995,521.1739000000026,-884.4967000000008,20.354099999999743
-1.6818500000000005,0.5211999999999989,-0.7226499999999998,405.3899500000008,-849.6473500000002,31.51904999999992
-1.7060000000000008,0.5679999999999998,-0.7019999999999996,282.8499999999989,-829.4859999999999,33.46799999999997
-1.7918000000000007,0.5459499999999986,-0.6523499999999973,158.71809999999778,-822.4088500000012,28.86944999999959
-1.8176000000000012,0.48789999999999767,-0.5426999999999955,68.53419999999635,-869.8357000000019,12.234899999999325
-1.7998499999999968,0.4197999999999957,-0.46654999999999747,17.572099999999175,-915.5708000000025,-2.5437500000007383
-1.7417999999999985,0.3423999999999978,-0.4213999999999987,2.904799999999587,-959.7404000000013,-15.60500000000037
-1.72125,0.24,-0.42,5.575,-984.92875,-32.435
-1.685699999999999,0.15569999999999906,-0.4037999999999994,18.628000000000426,-1003.9936000000002,-55.163600000000486
-1.6276499999999983,0.09764999999999815,-0.36509999999999876,45.33100000000085,-1015.3972000000003,-85.91720000000097
-1.860800000000001,0.05079999999999984,-0.1695999999999992,57.115600000000036,-1031.4152,-126.95240000000014
-2.2857500000000144,0.009749999999999377,0.2813500000000184,53.521949999999386,-1105.6197000000038,-162.27070000000037
-3.0275000000000265,-0.022500000000001137,1.2295000000000333,21.781499999998882,-1303.209000000007,-181.9690000000007
-3.937550000000007,-0.43590000000000373,2.326150000000008,56.80665000000039,-1667.4054000000028,-246.43510000000055
-4.326000000000036,-0.8625999999999987,3.127600000000009,193.136399999991,-1992.08,-297.8840000000009
-2.649000000000009,-0.9206499999999996,2.7019000000000024,621.9065999999978,-1992.08,-253.44350000000023
-1.8663999999999965,-0.5572999999999939,2.736300000000003,756.4621999999999,-1992.08,-113.87839999999801
-1.507749999999986,-0.0424999999999983,3.0097500000000093,734.1199999999974,-1992.08,55.46425000000091
-0.9723999999999774,0.02200000000000273,3.3516000000000146,637.3699999999959,-1992.08,89.64280000000144
-0.418799999999967,0.03174999999999813,3.459849999999996,553.5738499999957,-1992.08,107.59710000000032
0.14709999999999357,0.004899999999995519,3.389300000000001,478.03440000000256,-1992.08,114.08709999999903
0.6050500000000008,0.3209500000000005,3.34415,295.7831999999997,-1992.08,182.91505000000012
1.0120000000000062,0.5020000000000004,3.244999999999997,121.78199999999711,-1992.08,275.1370000000021
1.3603000000000116,0.5278000000000009,3.0837499999999944,-42.7317000000055,-1992.08,394.262050000004
1.4549000000000034,0.28219999999998663,2.9342999999999924,-94.64390000000203,-1992.08,485.2205000000044
1.3871999999999933,0.05594999999999686,2.7671499999999956,-107.67134999999922,-1992.08,556.1021500000008
1.0775999999999886,-0.09240000000000549,2.5671999999999926,-71.17079999999865,-1992.08,596.5372000000015
0.9044999999999987,0.016500000000001486,2.3987499999999984,-25.325249999999578,-1992.08,597.3662499999999
0.7914999999999992,0.17570000000000335,2.2544999999999975,25.899900000001495,-1992.08,579.0478999999988
0.7592500000000001,0.3111499999999995,2.15775,86.18804999999979,-1992.08,532.5240500000001
0.7914000000000007,0.35,1.9413999999999967,157.08380000000093,-1902.4949999999983,463.979999999999
0.8347499999999991,0.36995000000000344,1.6937499999999954,228.16010000000142,-1775.939399999996,386.05499999999773
0.8024999999999985,0.49250000000000543,1.5324999999999929,278.2250000000022,-1644.539999999994,305.4299999999964
0.8097499999999991,0.6308499999999959,1.4186500000000024,339.25114999999806,-1515.3328500000036,213.36185000000282
0.8332000000000013,0.7636000000000013,1.3364000000000007,399.2120000000008,-1385.796000000002,111.6784000000017
0.7235499999999996,0.6603999999999997,1.2783499999999999,338.1304999999998,-1230.2864999999995,-25.89365000000049
0.5346999999999948,0.5505999999999978,1.174099999999997,262.42339999999825,-1022.8844999999949,-121.8956000000011
0.27024999999999066,0.4344999999999959,1.0257499999999948,172.75549999999683,-765.9487499999909,-178.217000000002
-0.11200000000001978,0.29359999999999276,0.8587999999999915,3.237799999991168,-701.1323999999971,-222.54760000000223
-0.3293999999999983,0.19939999999999827,0.7016999999999904,-146.50560000000783,-662.9546499999992,-264.4416500000026
-0.30360000000000015,0.17360000000000014,0.5598000000000007,-263.2763999999994,-651.8671,-303.53509999999983
-0.21674999999999897,0.20330000000000042,0.30134999999999706,-390.90855000000136,-650.65855,-343.6442000000004
-0.11199999999999674,0.20199999999999763,0.047999999999994714,-517.4600000000032,-656.4780000000004,-349.72399999999817
0.010550000000005184,0.11169999999999618,-0.15195000000000847,-637.6880000000051,-674.3703000000007,-279.72214999999704
-0.07270000000000208,-0.20890000000000558,-0.20980000000000018,-802.7020000000025,-665.4938999999997,-166.0318999999982
-0.16434999999999633,-0.6023500000000118,-0.21324999999999905,-901.3784499999938,-640.7248499999984,-52.97764999999824
-0.04179999999999438,-0.995800000000018,-0.18099999999999852,-695.9265999999906,-587.9057999999976,5.46580000000268
-0.16574999999999335,-1.0875000000000017,-0.03825000000000531,-376.23900000001004,-565.4827500000001,139.4742499999954
-0.3676000000000022,-1.03,0.13160000000000083,-24.367600000001374,-562.0126999999998,297.6389999999996
-0.1611999999999989,-1.03,0.054199999999999596,106.1288000000007,-584.9811500000001,332.9205000000002
-0.023199999999998236,-0.8391999999999928,-0.06280000000000313,326.86640000000614,-570.851599999999,368.8356000000008
0.06080000000000382,-0.4970499999999859,-0.21050000000000238,617.1815000000018,-526.9256999999964,405.07760000000053
0.16400000000000545,-0.11649999999997987,-0.2750000000000034,668.9750000000028,-428.3309999999948,418.95800000000077
0.1993499999999969,0.13425000000000664,-0.24214999999998982,664.5237999999952,-342.02009999999507,393.213999999995
0.15420000000000014,0.23099999999999965,-0.09380000000000052,593.3416000000003,-270.28320000000025,320.45800000000025
0.009599999999998096,0.36285000000000167,-0.015649999999999123,554.4689499999996,-268.45965000000007,303.7391499999999
-0.08079999999999928,0.41549999999999726,0.03230000000000018,502.85379999999776,-280.6791000000007,281.79899999999884
-0.05499999999999886,0.3187499999999957,0.038750000000000284,422.26749999999646,-305.29875000000106,240.06749999999815
-0.029199999999998456,0.20119999999999266,0.02439999999999884,378.04999999999785,-304.96359999999964,217.84119999999893
0.023000000000004073,0.13145000000000265,-0.027950000000004693,324.5058499999966,-273.0365499999966,199.9307499999994
0.15200000000000047,0.2153000000000003,-0.1763000000000005,218.39689999999962,-166.65669999999963,180.93549999999993
0.048949999999996135,0.044349999999994616,-0.010699999999994214,167.99814999999947,-164.4218000000008,158.46859999999953
-0.08400000000000202,-0.19299999999999984,0.22100000000000108,157.0879999999993,-199.15200000000002,132.9680000000003
0.14820000000000164,-0.21235000000000015,0.09844999999999915,234.60410000000056,-198.3264,98.83459999999977
0.2556000000000006,-0.1965999999999991,-0.02800000000000294,265.133,-140.0225999999978,76.32709999999966
0.2747499999999963,-0.16,-0.148599999999999,263.7526499999991,-47.13114999999843,62.419700000000134
0.17799999999999472,-0.16,-0.12279999999999859,241.6871999999988,-6.425199999997776,65.9156000000002
0.1267500000000001,-0.19249999999999887,-0.12624999999999942,200.45975000000107,9.034750000000166,66.52225000000004
0.1203,-0.2569999999999999,-0.15849999999999995,140.3651000000001,-0.36289999999998346,64.28410000000001
0.027749999999998637,-0.15544999999999845,-0.17230000000000018,140.04230000000004,-21.0150500000003,88.89070000000036
-0.00659999999999826,0.008800000000007302,-0.22940000000000366,89.62379999999615,-28.740399999999635,107.95840000000027
0.05145000000000266,0.25390000000001123,-0.3519500000000056,-39.29235000000591,-16.51119999999944,116.88520000000041
-0.04450000000000756,0.23499999999999602,-0.34249999999999803,-158.65500000000725,18.25700000000238,68.19949999999639
-0.1085499999999945,0.1646499999999935,-0.3219500000000005,-282.37350000001067,35.62234999999753,14.139199999996627
-0.03759999999999963,0.08079999999999955,-0.3284,-419.95200000000074,3.8431999999998316,-29.359600000000228
-0.08790000000000191,-0.046700000000003,-0.1941999999999962,-446.5964499999998,12.197800000000456,-35.59584999999987
-0.14049999999999643,-0.17560000000000286,-0.039599999999998095,-410.5491999999948,27.30799999999961,-31.378800000000115
-0.04374999999999915,-0.2530000000000007,0.012000000000000455,-271.1259999999988,16.729999999999905,-34.44900000000003
0.0614000000000027,-0.5110000000000088,0.03,-120.92139999999617,66.258200000002,-92.93820000000218
0.15739999999999782,-0.837150000000006,0.012449999999985306,26.783150000006245,141.98080000000186,-175.53915000000276
0.13160000000000083,-0.9080999999999977,-0.16169999999999446,100.64209999999765,164.1171999999993,-208.37609999999896
