-0.07749999999999999,-0.75,-0.1275,1245.231,-20.33299999999997,-125.01499999999999
0.15,-0.1,-0.29,961.61,-215.45,56.27
0.07850000000000001,0.19899999999999995,-0.49799999999999994,594.6005,-55.290000000000006,70.81700000000001
-0.001999999999999974,0.408,-0.523,319.36400000000003,8.213000000000015,86.06
-0.09300000000000003,0.512,-0.33449999999999996,151.19599999999994,-41.050500000000014,102.115
-0.009999999999999995,0.41200000000000003,-0.314,-24.508000000000038,-68.804,64.52999999999999
0.05,0.265,-0.295,-169.835,-73.86500000000001,30.5875
0.05,0.0699999999999999,-0.256,-265.55400000000003,-45.48599999999998,9.62499999999999
0.02800000000000001,-0.04799999999999996,-0.17850000000000002,-278.938,-30.857000000000003,6.664
0.01,-0.126,-0.11399999999999999,-250.66999999999996,-19.423999999999996,6.43
0.01,-0.14550000000000002,-0.09449999999999999,-162.36749999999992,-9.556999999999992,4.9674999999999985
0.01,-0.11,-0.1,-88.08500000000001,14.765,6.365
0.011500000000000003,-0.04749999999999997,-0.107,-24.210999999999984,40.55100000000001,8.758500000000002
0.01800000000000001,0.0500000000000001,-0.09399999999999999,18.98800000000005,56.762000000000015,11.612000000000004
0.03350000000000003,0.1655000000000002,-0.07199999999999995,27.86099999999999,70.63750000000002,5.411499999999982
0.051,0.27999999999999997,-0.05,12.668000000000035,83.72,-6.001999999999992
0.057499999999999996,0.345,-0.05,-50.98,98.15,-23.955
0.055999999999999994,0.37,-0.05,-130.38800000000003,115.26,-36.080000000000005
0.05100000000000002,0.368,-0.04849999999999998,-218.37750000000008,133.45350000000002,-44.56250000000001
0.06400000000000003,0.34199999999999997,-0.02899999999999997,-291.14500000000015,144.549,-53.045000000000016
0.05950000000000001,0.31250000000000006,-0.016500000000000004,-349.293,151.4865,-65.815
0.04,0.28,-0.01,-394.91,154.86,-82.26
0.013999999999999986,0.254,-0.029500000000000012,-434.781,168.4515,-85.991
-0.027000000000000066,0.237,-0.04600000000000001,-473.374,175.917,-86.755
-0.08549999999999994,0.2305,-0.05899999999999998,-510.476,176.2355,-84.0575
-0.16800000000000018,0.21199999999999997,-0.04799999999999997,-530.6700000000001,159.42999999999995,-78.02999999999999
-0.255,0.20500000000000002,-0.022500000000000006,-545.615,135.055,-67.535
-0.3460000000000003,0.21800000000000005,0.023000000000000145,-554.416,100.85199999999989,-50.33599999999994
-0.42600000000000005,0.24200000000000005,0.07400000000000007,-558.3824999999999,53.66899999999994,-24.215999999999973
-0.47000000000000003,0.2839999999999999,0.10400000000000002,-575.9599999999999,11.382000000000026,0.4299999999999784
-0.43749999999999994,0.36200000000000015,0.08449999999999996,-626.1400000000001,-14.579000000000057,18.11000000000004
-0.385,0.405,0.0050000000000000044,-720.31,20.590000000000003,22.950000000000003
-0.3745000000000005,0.42699999999999994,-0.07,-817.6525000000001,67.02700000000007,18.752499999999927
-0.5240000000000001,0.414,-0.07,-881.58,89.89400000000003,-2.7300000000000235
-0.6824999999999998,0.3425000000000001,-0.1329999999999999,-928.8575,54.72900000000006,-27.42099999999997
-0.8320000000000001,0.24899999999999983,-0.22600000000000023,-975.4410000000003,-1.8200000000000713,-48.39199999999999
-0.9099999999999999,0.1775,-0.33,-1058.9075,-34.125,-41.06
-1.0120000000000005,0.11799999999999983,-0.38600000000000007,-1093.838,-36.52599999999995,-24.01999999999993
-1.1360000000000003,0.0695,-0.4059999999999999,-1094.5679999999998,-21.193999999999996,-3.3945000000000096
-1.3439999999999999,0.063,-0.35400000000000004,-1048.912,-17.346000000000004,-12.55299999999999
-1.5520000000000005,0.04949999999999996,-0.35450000000000015,-982.6584999999998,-25.986000000000043,-21.13050000000002
-1.76,0.03,-0.4,-898.75,-45.33,-29.21
-1.9095000000000004,-0.028500000000000192,-0.4520000000000002,-725.4729999999994,-65.58400000000006,-22.475999999999978
-2.023,-0.056999999999999995,-0.48,-563.0589999999997,-83.01800000000001,-6.978999999999974
-2.0945000000000005,-0.050499999999999975,-0.48,-413.31849999999935,-97.16200000000006,18.741500000000112
-2.076,0.0040000000000001285,-0.5100000000000001,-330.31599999999986,-93.74999999999999,47.46800000000006
-2.0224999999999995,0.05250000000000018,-0.5525000000000003,-267.9799999999998,-85.41499999999992,76.09250000000014
-1.925,0.08499999999999992,-0.6109999999999999,-229.8120000000001,-71.54400000000003,104.15299999999993
-1.811,0.13400000000000006,-0.6365000000000001,-218.506,-56.902999999999984,129.12800000000004
-1.6839999999999993,0.18800000000000028,-0.6620000000000001,-216.91400000000004,-43.26799999999995,152.7860000000001
-1.5344999999999998,0.24650000000000014,-0.7010000000000001,-226.18950000000004,-32.21149999999997,174.74300000000005
-1.315,0.26,-0.745,-240.03500000000003,-7.369999999999999,197.495
-1.0760000000000005,0.24350000000000016,-0.7875,-250.04800000000003,23.333499999999923,219.97249999999997
-0.8419999999999984,0.17199999999999954,-0.8200000000000002,-242.71599999999995,59.79200000000024,240.74000000000012
-0.6394999999999992,0.1049999999999997,-0.83,-238.95250000000001,101.8800000000002,256.2920000000001
-0.45699999999999963,0.03199999999999972,-0.833,-236.781,142.93300000000005,268.65500000000003
-0.30749999999999833,-0.08500000000000128,-0.8525000000000001,-234.64249999999998,164.53250000000025,276.2275000000001
-0.12600000000000044,-0.18199999999999983,-0.86,-233.088,175.892,274.26
0.07499999999999912,-0.26299999999999985,-0.8535000000000004,-230.98350000000008,181.9969999999999,265.7055000000001
0.27000000000000085,-0.30200000000000016,-0.7689999999999996,-217.89899999999994,201.84800000000007,249.65699999999993
0.41950000000000026,-0.35850000000000015,-0.7054999999999999,-195.92099999999994,218.031,223.8329999999999
0.53,-0.43,-0.66,-166.32,231.07,189.63
0.5365,-0.5274999999999997,-0.6405000000000001,-168.023,204.08200000000005,181.544
0.5550000000000003,-0.5980000000000002,-0.6179999999999998,-170.65900000000002,175.1529999999998,194.32900000000024
0.5875000000000001,-0.6370000000000002,-0.5919999999999999,-174.3835,143.95949999999988,231.46350000000015
0.6620000000000001,-0.628,-0.602,-173.17,114.27199999999993,280.9280000000001
0.7575000000000014,-0.6375000000000005,-0.642500000000001,-163.06999999999974,78.95999999999951,322.0475000000003
0.8809999999999998,-0.6829999999999998,-0.7269999999999998,-139.41000000000005,34.4480000000001,348.17099999999994
0.9769999999999996,-0.7394999999999997,-0.7070000000000002,-146.36849999999995,-14.524499999999783,339.67750000000007
1.0640000000000003,-0.784,-0.6439999999999995,-173.79600000000028,-61.36800000000018,334.1480000000001
1.1420000000000001,-0.797,-0.5269999999999998,-234.75300000000013,-101.59650000000008,349.44900000000007
1.15,-0.76,-0.44,-314.43,-132.76999999999998,363.07000000000005
1.1294999999999995,-0.7094999999999996,-0.42050000000000154,-393.7590000000005,-169.42150000000055,378.78500000000025
1.0839999999999996,-0.6639999999999997,-0.5960000000000012,-453.20800000000037,-233.3880000000004,403.1600000000002
1.3130000000000015,-1.0460000000000025,-0.9470000000000018,-273.1984999999988,-330.66800000000046,424.0790000000001
1.4739999999999982,-1.6840000000000022,-1.3920000000000012,41.371000000001004,-459.17500000000047,424.02899999999977
0.5899999999999903,-2.6850000000000107,-1.9250000000000058,510.6775000000051,-677.9975000000023,317.09749999999883
0.9419999999999975,-3.313999999999999,-2.621999999999998,1174.3759999999984,-1001.7679999999991,143.75000000000045
1.98,-3.6204999999999954,-3.388000000000002,1904.4840000000006,-1357.2044999999998,13.444500000005974
1.98,-2.846999999999997,-3.7520000000000016,1973.5660000000003,-1305.523,897.763000000004
1.98,-0.6314999999999551,-1.8199999999999488,1336.8029999999837,-1080.419999999995,1096.571499999995
1.98,2.82,2.08,95.03,-706.67,707.8
1.9345,3.794999999999998,1.8460000000000005,-260.21449999999925,-216.15400000000105,-29.79399999999839
1.4809999999999939,3.4259999999999877,1.158999999999992,-868.7010000000059,92.03700000000063,-375.13499999999925
0.5515000000000061,1.4890000000000128,-0.05649999999999203,-1772.6364999999942,187.51549999999938,-262.84750000000076
0.5760000000000003,-0.7720000000000049,-0.4680000000000008,-1931.2160000000001,-77.45000000000064,-144.45799999999974
0.53,-2.3975,-0.38749999999999996,-1833.0049999999999,-256.71750000000003,-120.28250000000003
0.2439999999999975,-2.963000000000005,0.37300000000000666,-1423.3099999999963,-250.80899999999994,-247.66300000000112
0.08450000000000062,-2.5385000000000026,0.18750000000000158,-726.7075000000033,-146.03800000000052,-158.23350000000056
-0.022000000000000172,-1.8199999999999958,-0.23000000000000242,-69.56199999999808,-32.339999999999606,-14.201999999999202
-0.06100000000000009,-0.8449999999999979,-0.7825000000000012,381.434000000001,61.000000000000206,163.9890000000004
-0.18000000000000155,0.25500000000001233,-1.2600000000000051,444.1699999999994,116.38000000000048,153.43499999999926
-0.32300000000000123,1.290500000000006,-1.6415000000000013,287.13799999999566,152.9725000000001,76.89149999999907
-0.46599999999999936,1.985999999999997,-1.7779999999999996,-214.1939999999978,164.89999999999995,-30.871999999999524
-0.44249999999999956,1.6419999999999966,-1.7119999999999993,-724.8005000000022,206.79300000000023,-123.68200000000039
-0.362,0.9279999999999995,-1.652000000000001,-1189.2300000000005,248.2789999999999,-197.22400000000002
-0.37500000000000017,0.7199999999999978,-2.120000000000005,-1377.0150000000021,214.2774999999996,-201.34500000000006
0.03599999999999848,0.10800000000000198,-2.2680000000000002,-1363.1680000000003,274.93199999999973,-260.2979999999998
0.6274999999999926,-0.7605000000000159,-2.1694999999999887,-1199.044499999992,392.99000000000166,-350.453500000001
0.20499999999999816,-1.677000000000004,-1.5129999999999972,-743.842999999998,489.9700000000004,-403.79900000000026
-0.22100000000000564,-1.973999999999997,-0.9544999999999937,-270.6759999999936,502.48449999999923,-402.8734999999994
-0.65,-1.74,-0.48,217.89,442.6,-355.43
-0.539499999999999,-0.8949999999999927,-0.4214999999999995,323.2355000000009,347.16049999999916,-255.2779999999991
-0.5009999999999998,-0.32900000000000107,-0.37500000000000017,255.40600000000117,259.5690000000003,-191.85500000000008
-0.5465000000000002,-0.08849999999999895,-0.34249999999999986,-14.461000000001182,181.13349999999966,-171.28249999999989
-0.6400000000000012,-0.10600000000000051,-0.2919999999999993,-257.40000000000316,128.34199999999933,-216.56600000000066
-0.76,-0.21000000000000002,-0.2925,-425.2625,63.772499999999994,-252.14
-0.9160000000000013,-0.4180000000000018,-0.3770000000000008,-476.5930000000005,-23.06100000000076,-263.3980000000001
-0.6705000000000014,-0.7194999999999986,-0.4724999999999996,-351.6815000000007,-111.24199999999962,-239.24150000000014
-0.33199999999999835,-1.0760000000000018,-0.5940000000000007,-150.62999999999874,-202.19200000000043,-209.5719999999999
0.05150000000000503,-1.5180000000000058,-0.7695000000000024,149.63750000000394,-298.8210000000013,-181.98599999999965
0.14500000000000016,-1.474999999999996,-0.7449999999999982,425.2400000000058,-333.80500000000035,-185.9850000000003
0.12749999999999914,-1.1394999999999929,-0.6559999999999991,639.8555000000002,-340.16899999999976,-196.9815
0.030000000000000426,-0.3140000000000036,-0.5520000000000005,675.8459999999998,-312.77800000000013,-199.718
-0.04500000000000029,0.37650000000000283,-0.6460000000000008,570.7434999999992,-317.4945000000001,-197.37399999999997
-0.09600000000000022,0.8870000000000013,-0.8229999999999987,399.18900000000167,-334.10299999999995,-198.4989999999997
-0.07,0.7375,-0.9725,207.0425,-337.6325,-231.1225
-0.07200000000000017,0.4119999999999962,-1.0380000000000003,130.43199999999996,-292.25799999999936,-264.9620000000003
-0.08899999999999977,-0.0060000000000036136,-1.0730000000000053,137.97050000000263,-219.83649999999946,-293.4579999999992
-0.07599999999999994,-0.2140000000000009,-1.3720000000000012,288.77700000000067,-189.63099999999986,-248.7119999999998
-0.18550000000000283,-0.3275000000000004,-1.6080000000000023,437.62000000000194,-179.3615000000001,-226.49899999999997
-0.4,-0.36,-1.79,584.78,-186.18,-223.6
-0.1464999999999978,-0.30799999999999955,-1.8745000000000007,644.1120000000004,-129.9029999999995,-196.93049999999977
-0.0519999999999996,-0.18100000000000094,-2.0189999999999992,661.0420000000001,-79.65900000000019,-148.8200000000003
-0.1430000000000004,0.03350000000000094,-2.233500000000001,628.5029999999998,-36.45349999999981,-75.69499999999968
-0.37200000000000316,0.3140000000000037,-2.514000000000004,462.5719999999977,-80.54800000000067,-14.533999999999207
-0.49,0.62,-2.69,237.89,-117.845,41.77499999999999
-0.41199999999999937,0.958000000000003,-2.69,-63.008000000002625,-132.62600000000015,91.91600000000044
-0.14700000000000132,1.0924999999999996,-2.453500000000001,-441.74749999999824,-110.28200000000012,116.66349999999991
-8.604228440844963e-16,0.9359999999999967,-2.0839999999999974,-796.6780000000012,-82.5679999999999,132.89400000000003
-0.19500000000000256,0.20799999999999044,-1.5119999999999925,-1066.1940000000036,-57.958999999999676,140.3495000000001
-0.5800000000000096,-0.48500000000001486,-0.8649999999999852,-1016.0399999999969,-153.95500000000288,145.4200000000001
-0.9109999999999997,-1.0295000000000007,-0.3530000000000001,-765.2519999999948,-303.5205000000018,156.5625000000003
-0.8720000000000002,-1.1139999999999997,-0.36599999999999994,-165.35400000000266,-511.0459999999991,190.32999999999984
-0.7609999999999993,-1.2210000000000005,-0.685000000000002,288.65400000000176,-608.6770000000002,328.23200000000077
-0.7039999999999964,-1.3100000000000007,-1.088999999999999,616.3100000000002,-651.7159999999999,497.8359999999992
-1.12,-1.245,-1.2125,605.65,-663.13,587.25
-1.2639999999999998,-0.7319999999999931,-1.0639999999999972,471.2339999999981,-767.9840000000014,628.4680000000001
-1.2014999999999914,0.021000000000004793,-0.7669999999999993,264.6044999999974,-930.3720000000026,639.2100000000002
-0.7009999999999978,0.29400000000000115,-0.7279999999999998,119.58299999999937,-1082.3680000000006,645.71
-0.8165000000000084,0.07349999999999157,-0.587499999999997,18.482999999999173,-1200.050000000001,625.2984999999994
-1.46,-0.57,-0.36,-44.97,-1288.32,581.82
-1.570500000000001,-0.7390000000000014,-0.6200000000000023,167.78150000000187,-1451.1320000000014,686.814500000001
-1.2819999999999867,-0.5839999999999906,-0.7690000000000003,336.21400000000204,-1617.952000000003,788.7880000000017
-0.5279999999999967,-0.05099999999999767,-0.7885000000000001,452.94100000000054,-1789.4480000000008,887.2370000000004
-0.1339999999999952,-0.4480000000000062,-1.3480000000000079,579.0280000000017,-1730.531999999999,817.577999999999
0.095,-0.5375000000000001,-1.805,563.5325,-1671.6075,734.78
0.10800000000000011,-0.010999999999995388,-2.026000000000002,320.25699999999784,-1643.3909999999996,653.3739999999993
-0.11549999999999883,-0.21599999999999853,-1.9225000000000008,146.8755000000007,-1617.2150000000001,591.1135000000003
-0.37400000000000105,-0.596000000000002,-1.7979999999999998,86.55400000000071,-1598.35,549.53
-0.6145000000000032,-1.0705000000000062,-1.7589999999999995,252.02450000000215,-1595.1,546.6374999999999
-0.8700000000000058,-1.3000000000000034,-1.6899999999999982,415.57500000000357,-1564.0749999999991,582.8300000000011
-1.0354999999999988,-1.2969999999999953,-1.6810000000000018,543.5830000000001,-1526.7124999999996,643.397500000001
-0.8860000000000007,-0.7640000000000022,-1.901999999999999,555.036,-1496.0,746.1299999999995
-0.8985000000000003,-0.48299999999999926,-2.0735000000000006,506.86399999999963,-1491.3245,754.6369999999998
-0.9649999999999995,-0.3840000000000038,-2.232000000000003,424.1679999999983,-1503.0500000000006,720.0459999999995
-0.9325,-0.67,-2.44,297.34000000000003,-1541.335,678.745
-0.9640000000000006,-0.9120000000000019,-2.4159999999999986,197.7799999999993,-1533.6919999999998,621.4919999999994
-1.0569999999999986,-1.1164999999999998,-2.2525000000000004,118.1255000000002,-1496.0455000000004,561.7724999999999
-1.4080000000000092,-1.2010000000000023,-2.154999999999997,72.8269999999988,-1442.8169999999986,592.0950000000008
-1.6540000000000021,-1.3135000000000017,-2.2570000000000032,161.80600000000268,-1352.4569999999983,612.1520000000002
-1.81,-1.45,-2.53,365.88,-1230.27,623.41
-1.8230000000000002,-1.1834999999999978,-2.5235,395.56550000000027,-1132.5294999999992,565.9369999999994
-1.931999999999999,-0.9290000000000012,-2.4930000000000003,348.8980000000006,-1057.3100000000004,497.9670000000003
-2.153000000000006,-0.6884999999999938,-2.4344999999999986,213.15199999999643,-1008.3649999999988,417.7504999999979
-2.097999999999999,-0.9700000000000042,-2.4600000000000004,149.95199999999926,-928.5739999999989,370.6419999999994
-2.105,-1.2475,-2.3975,121.1075,-814.825,339.2475
-2.247999999999998,-1.4489999999999974,-2.183000000000003,137.5589999999998,-650.8560000000022,328.58100000000013
-2.3415000000000012,-1.3259999999999967,-2.1830000000000007,158.4655000000004,-522.9449999999979,241.52499999999822
-2.412,-1.1799999999999997,-2.194,147.66999999999965,-393.75799999999936,170.676
-2.4510000000000005,-1.1149999999999993,-2.141999999999999,63.7224999999989,-246.94899999999808,167.54299999999995
-2.54,-1.1800000000000002,-2.135,-23.724999999999994,-95.845,117.125
-2.598999999999997,-1.2359999999999969,-2.1595000000000026,-89.29499999999966,51.86450000000403,49.96099999999768
-2.5079999999999982,-1.1319999999999983,-2.2440000000000015,-78.4399999999998,183.96400000000233,-25.738000000001325
-2.5160000000000005,-1.073,-2.252,-79.60000000000002,295.9800000000005,-88.40500000000026
-2.5570000000000004,-1.0390000000000001,-2.228,-85.62999999999997,394.18599999999935,-150.29199999999923
-2.5374999999999996,-1.0325,-2.215,-89.075,465.53000000000003,-239.74499999999998
-2.449999999999999,-0.9899999999999994,-2.206,-100.22800000000014,526.7500000000005,-311.9060000000005
-2.325499999999999,-0.9284999999999997,-2.199,-118.94600000000091,582.5785000000011,-369.94250000000034
-2.267,-0.9089999999999999,-2.186,-170.63400000000024,649.6390000000004,-388.17500000000007
-2.180500000000001,-0.9874999999999986,-2.1975,-206.0994999999998,717.5114999999994,-413.87649999999974
-2.069999999999996,-1.1500000000000008,-2.229999999999998,-227.66000000000005,786.0800000000015,-445.980000000001
-1.8944999999999985,-1.1955000000000005,-2.1584999999999996,-229.9935,850.9175000000006,-490.4530000000004
-1.772999999999999,-1.22,-2.1109999999999998,-227.9769999999999,914.4950000000011,-512.6239999999999
-1.7144999999999997,-1.22,-2.0915,-220.88549999999998,976.6025000000003,-508.776
-1.6260000000000008,-1.2080000000000002,-2.0540000000000003,-238.84999999999982,1031.6479999999997,-497.4340000000001
-1.5424999999999984,-1.1574999999999975,-2.052500000000001,-249.83499999999992,1080.297500000001,-480.9374999999995
-1.4709999999999994,-1.046999999999999,-2.1110000000000007,-246.31199999999998,1119.6550000000004,-457.1929999999998
-1.4380000000000002,-1.03,-2.1365,-238.11950000000004,1157.907,-428.0860000000001
-1.4079999999999997,-1.0039999999999996,-2.146,-227.42199999999994,1191.7240000000002,-406.712
-1.3689999999999996,-0.9194999999999989,-2.1329999999999996,-212.9984999999998,1216.0145000000002,-404.931
-1.3349999999999993,-0.864999999999999,-2.165000000000001,-192.2299999999995,1234.6700000000003,-414.6100000000003
-1.2979999999999996,-0.8104999999999992,-2.1834999999999996,-183.80800000000033,1248.9830000000002,-428.7425000000001
-1.2460000000000002,-0.7260000000000003,-2.112,-222.88599999999983,1254.4560000000001,-446.2599999999999
-1.2120000000000004,-0.7179999999999995,-2.0450000000000013,-252.74799999999956,1259.731,-455.9609999999999
-1.1619999999999977,-0.7450000000000004,-1.9990000000000008,-273.1109999999999,1266.566,-460.25999999999993
-0.98,-0.7775000000000001,-2.0575,-263.75750000000005,1282.465,-453.955
-0.773999999999998,-0.7459999999999994,-2.0960000000000005,-255.05999999999995,1319.3600000000004,-459.3580000000001
-0.57,-0.6604999999999956,-2.104999999999997,-246.9649999999999,1366.7495000000004,-476.46000000000123
-0.57,-0.40699999999999337,-1.909999999999995,-241.17999999999984,1382.6030000000005,-546.1400000000018
-0.5209999999999968,-0.3040000000000009,-1.8690000000000033,-315.639500000005,1372.374499999999,-583.8055000000003
-0.43,-0.33,-1.96,-458.88,1339.79,-594.03
-0.42349999999999993,-0.5315000000000017,-1.8169999999999988,-397.48749999999944,1391.2765000000004,-607.8230000000001
-0.42,-0.585999999999998,-1.6799999999999977,-356.0329999999997,1426.9950000000003,-612.6339999999999
-0.42,-0.468999999999997,-1.5499999999999967,-337.83949999999953,1444.3175000000006,-606.9659999999998
-0.312000000000001,-0.35200000000000103,-1.4500000000000008,-311.34200000000027,1481.3559999999998,-622.6279999999998
-0.2425,-0.26,-1.3624999999999998,-306.6975,1513.285,-634.1075000000001
-0.24900000000000005,-0.20799999999999955,-1.2909999999999995,-338.1250000000003,1534.4100000000003,-636.051
-0.4975000000000051,-0.29900000000000204,-1.1919999999999982,-290.6769999999989,1563.3835000000006,-642.6530000000001
-0.7220000000000019,-0.3279999999999956,-1.0559999999999947,-231.53399999999863,1572.429999999999,-644.5419999999997
-0.7934999999999994,-0.15900000000000147,-0.8480000000000019,-178.34450000000047,1533.4300000000003,-633.9210000000002
-0.885,-0.135,-0.895,-46.010000000000005,1470.285,-684.58
-0.9915000000000012,-0.13799999999999954,-0.9284999999999977,61.922499999999545,1378.7854999999986,-738.422
-1.1280000000000023,-0.08599999999999909,-0.6619999999999953,9.369999999999077,1216.9159999999972,-741.594
-1.0484999999999953,-0.02049999999999813,-0.5259999999999979,-110.27300000000393,1068.6319999999962,-720.0159999999992
-0.8900000000000006,-0.0349999999999957,-0.45000000000000057,-235.0940000000001,928.4290000000011,-688.2730000000003
-0.8250000000000001,-0.5225,-0.385,-224.395,799.4625,-661.1225
-0.8200000000000003,-1.0660000000000052,-0.3039999999999992,-172.01199999999932,635.0759999999984,-574.7999999999989
-0.8479999999999995,-1.6140000000000032,-0.2270000000000016,-98.19849999999968,441.73849999999516,-442.20599999999575
-0.8219999999999994,-1.7960000000000047,-0.3180000000000024,-79.84899999999952,166.6389999999928,-198.14399999999358
-0.628000000000003,-1.694500000000003,-0.5034999999999976,-19.52050000000085,-64.02799999999831,-24.50550000000098
-0.2900000000000039,-1.3499999999999777,-0.7699999999999966,76.78999999999671,-256.6100000000041,88.77000000000456
-0.3810000000000008,-0.8364999999999956,-0.6919999999999993,1.526499999999345,-349.3520000000008,192.9325000000009
-0.3039999999999952,-0.24799999999998823,-0.6800000000000012,-99.40200000000229,-458.32100000000224,239.89099999999965
-0.031000000000004774,0.42799999999998817,-0.7449999999999989,-230.27299999999772,-586.2214999999977,220.11150000000035
0.03799999999999955,0.8819999999999961,-1.0139999999999976,-382.3659999999987,-547.7660000000004,150.68800000000064
-0.02250000000000002,1.0925,-1.33,-624.5024999999999,-509.77750000000003,110.19
-0.2630000000000021,0.9429999999999987,-1.6940000000000033,-1007.8790000000033,-494.71699999999987,122.59200000000011
-0.23949999999999874,0.677999999999995,-1.6729999999999985,-1186.4520000000025,-484.1829999999998,100.59149999999951
-0.13600000000000306,0.4000000000000045,-1.6020000000000005,-1227.948000000003,-448.9000000000016,79.48200000000008
0.03950000000000614,0.1399999999999909,-1.5759999999999992,-1044.8039999999935,-356.07999999999674,74.45099999999982
0.065,-0.13499999999999998,-1.605,-665.19,-261.305,63.47
0.03799999999999955,-0.2944999999999979,-1.6820000000000015,-243.42899999999682,-165.93449999999916,45.25449999999968
-0.014000000000000908,-0.05399999999999579,-1.8640000000000032,122.3520000000064,-70.53399999999833,8.873999999999363
-0.01650000000000034,0.11899999999999748,-1.9649999999999987,314.44649999999797,8.675499999998742,-4.106499999999954
-0.0150000000000034,0.2770000000000084,-1.9789999999999908,394.5419999999961,78.63500000000205,-3.9669999999994694
-0.11249999999999999,0.5175,-1.7125000000000001,283.21,137.2975,11.1325
-0.10599999999999937,0.7020000000000013,-1.537999999999999,96.94999999999796,184.64000000000036,60.992000000000616
-0.046500000000001485,0.8259999999999967,-1.4320000000000004,-130.6460000000028,224.8680000000007,129.3380000000005
-0.13100000000000223,0.6439999999999952,-1.4580000000000006,-292.3140000000042,264.62200000000104,158.82200000000077
-0.15249999999999886,0.4024999999999898,-1.4910000000000014,-372.05050000000034,307.91800000000165,184.08150000000077
-0.12,0.11,-1.53,-381.56,354.25,205.72
-0.17200000000000046,0.031999999999999314,-1.406499999999999,-273.27649999999903,360.23,203.26299999999998
-0.18799999999999956,-0.04000000000000113,-1.2709999999999975,-160.03699999999793,365.4270000000001,205.03300000000013
-0.1619999999999993,-0.1050000000000017,-1.1214999999999962,-41.01549999999688,369.71050000000014,211.73450000000017
-0.3519999999999982,-0.2659999999999985,-1.0440000000000007,23.561999999999472,351.7820000000002,231.08999999999983
-0.4425,-0.3875,-1.01,53.849999999999994,323.1925,268.03999999999996
-0.34499999999999914,-0.4330000000000004,-1.0360000000000003,36.53399999999985,280.5069999999996,331.4540000000005
-0.2969999999999993,-0.26399999999999635,-1.0510000000000004,13.409999999999576,271.4265,370.5580000000006
-0.2599999999999992,-0.0999999999999983,-1.0880000000000025,-12.672000000000793,262.2719999999994,392.4719999999998
-0.22750000000000029,-0.035000000000000565,-1.1789999999999992,-43.033499999999734,239.2035000000002,385.65350000000007
-0.27,-0.27,-1.095,-3.5150000000000006,212.235,374.935
-0.3019999999999993,-0.5425000000000009,-0.962999999999999,81.98300000000145,184.79999999999978,366.64950000000005
-0.22399999999999864,-0.6400000000000018,-0.845999999999998,250.86600000000294,159.70999999999958,370.3740000000001
-0.010999999999992849,-0.6835000000000006,-0.38249999999998385,357.5725000000021,174.59800000000087,376.5105000000002
0.2389999999999989,-0.6040000000000054,0.12900000000000064,427.43699999999984,204.90099999999984,372.7390000000006
0.3625,0.020000000000000018,0.0575,446.6575,222.2625,308.5775
0.2139999999999972,0.03999999999999693,-0.006000000000000512,448.97799999999995,209.9399999999997,253.82399999999956
-0.09750000000000397,-0.29750000000000165,-0.08600000000000585,448.82400000000166,181.5465,206.0424999999994
-0.32500000000000595,-0.39500000000000257,-0.4240000000000088,545.7260000000026,182.93100000000004,171.3649999999991
-0.3950000000000006,-0.40850000000000053,-0.8214999999999961,622.4644999999995,146.61000000000058,171.85549999999975
-0.33,-0.349999999999998,-1.270000000000005,681.9199999999961,77.96999999999892,202.4900000000007
-0.33,-0.3044999999999996,-1.380500000000001,594.0464999999992,53.07499999999978,218.26550000000015
-0.20399999999999527,-0.08499999999999264,-1.3409999999999962,484.5549999999977,68.5900000000011,207.15199999999925
0.06899999999999522,0.3374999999999926,-1.1265000000000038,349.84250000000236,131.2499999999989,164.66800000000075
0.5879999999999953,0.22000000000000142,-1.0380000000000007,211.2840000000012,276.08599999999865,135.45600000000024
0.8600000000000001,-0.05500000000000005,-0.8325,132.055,411.99,61.21000000000002
0.7039999999999986,-0.510000000000004,-0.4229999999999964,148.26600000000013,522.646000000001,-86.86000000000129
0.5424999999999972,-0.6460000000000014,-0.25549999999999784,366.09600000000444,522.8344999999996,-214.67900000000216
0.5399999999999937,-0.7239999999999986,-0.13000000000000228,609.1699999999962,512.8539999999998,-317.899999999999
0.8975000000000125,-0.8020000000000027,4.5449755070592346e-15,826.5625000000076,525.1845000000004,-374.06000000000193
1.48,-0.705,0.515,882.34,641.78,-472.325
1.98,-0.45649999999999485,0.9924999999999997,780.909999999996,768.2515000000004,-546.0694999999996
1.98,0.12200000000001013,0.9599999999999994,317.06999999999186,823.378000000001,-495.97399999999914
1.98,-0.0284999999999917,0.5315000000000105,-45.07899999999444,781.1020000000016,-327.9155000000039
1.9779999999999995,-0.549000000000027,-0.0490000000000157,-361.97100000001103,711.0840000000006,-135.84399999999874
1.9649999999999999,-1.3225,-0.49750000000000005,-678.5274999999999,726.5799999999999,-100.055
1.603999999999995,-1.5839999999999996,-0.6980000000000004,-909.5720000000015,720.1239999999998,15.490000000001459
1.0414999999999934,-1.5244999999999989,-0.7415000000000004,-1065.5314999999982,709.8415000000019,184.6875000000038
0.6709999999999903,-1.452999999999998,-0.7610000000000006,-961.8109999999973,818.2810000000029,399.54500000000564
0.34249999999998976,-1.4340000000000008,-0.45149999999997936,-890.2484999999984,956.2150000000057,531.3195000000021
0.05,-1.46,0.14,-846.25,1119.43,591.88
0.2125000000000014,-1.603000000000001,0.2440000000000009,-480.2349999999968,1005.796999999999,820.810000000002
0.21599999999999678,-1.8630000000000069,0.07499999999999146,-22.275999999990063,756.8369999999929,1013.3710000000026
0.03399999999999522,-2.2595000000000103,-0.4125000000000128,542.9510000000148,349.9954999999893,1163.501500000004
0.0860000000000025,-2.0079999999999893,-0.8940000000000168,927.1100000000129,-12.512000000012563,1062.0759999999957
0.32999999999999996,-1.6075,-1.1025,1149.535,-242.435,999.9625
0.8500000000000045,-1.054999999999995,-0.874999999999998,1137.328,-266.1340000000002,1034.2890000000002
0.8419999999999982,-0.8324999999999971,-0.4879999999999927,1070.9954999999986,-150.18799999999752,1062.9450000000004
0.6799999999999924,-0.7520000000000027,-0.2,965.3819999999955,-47.80399999999962,1091.0820000000008
0.38750000000000256,-0.8559999999999991,-0.2,793.5285000000015,-33.06200000000013,1120.3709999999999
0.30000000000000004,-0.89,0.14500000000000002,586.55,-1.7300000000000004,1163.835
0.27549999999999986,-0.9465000000000018,0.5755000000000032,409.2519999999996,41.84050000000059,1230.888000000001
0.2559999999999997,-1.1480000000000035,0.9460000000000065,366.0139999999992,109.61600000000118,1362.3960000000022
0.25,-1.552000000000013,1.2580000000000076,428.8815000000029,221.64900000000344,1501.6395000000036
0.24900000000000005,-1.9979999999999984,1.5109999999999995,575.540999999997,348.31499999999915,1629.4069999999995
0.2425,-2.18,1.5825,923.6875,447.2775,1675.1475
0.3000000000000008,-2.201999999999999,1.678000000000001,1274.614000000003,544.3160000000008,1697.152
0.40300000000000297,-2.121499999999998,1.7784999999999997,1620.4150000000047,649.2220000000037,1696.1939999999981
0.5720000000000045,-2.010999999999997,1.7589999999999995,1883.860000000007,862.9680000000056,1597.7059999999974
0.594000000000001,-1.7535000000000034,1.6940000000000008,2005.45,1073.5989999999981,1441.9370000000017
0.490000000000004,-1.3699999999999872,1.5900000000000054,2005.45,1281.5600000000084,1237.069999999992
0.5810000000000008,-1.0774999999999975,1.7135000000000011,2005.45,1474.5385000000017,1058.1184999999984
0.4799999999999943,-0.838999999999997,1.78,1893.2799999999957,1674.6690000000037,890.1799999999973
0.1550000000000057,-0.6635000000000031,1.78,1650.2450000000042,1883.1434999999965,735.0900000000026
0.0460000000000008,-0.7819999999999987,1.8339999999999996,1415.076000000002,1965.0359999999994,646.9180000000007
-0.14750000000001567,-0.905000000000004,1.8324999999999958,1226.354999999995,2008.94,574.4424999999976
-0.5050000000000032,-0.9960000000000008,1.7349999999999992,1110.9019999999991,2008.94,518.1589999999995
-0.7360000000000037,-0.9989999999999998,1.5549999999999966,1046.824499999999,2008.94,466.74299999999914
-0.950000000000006,-0.9859999999999997,1.3479999999999939,1006.8799999999998,1989.5379999999984,410.8079999999982
-1.177500000000008,-0.9729999999999995,1.1139999999999919,1000.2174999999997,1926.4814999999978,342.7139999999976
-1.475,-0.845,0.925,1029.17,1835.495,249.685
-1.7965000000000029,-0.6494999999999973,0.7329999999999979,1059.834,1738.3074999999992,150.19999999999916
-2.128000000000006,-0.34399999999999464,0.48599999999999566,1060.588,1648.3799999999985,54.12999999999832
-2.2929999999999984,-0.07900000000000432,0.23900000000000432,1018.3445000000011,1558.2860000000016,-18.728999999998912
-2.336000000000002,0.15199999999999875,-0.002999999999998171,954.1860000000006,1477.6910000000003,-74.25399999999985
-2.1149999999999998,0.295,-0.2175,874.6,1449.7475,-91.18
-1.821999999999982,0.39400000000000374,-0.48000000000001536,804.3299999999966,1443.4640000000004,-73.0539999999979
-1.4839999999999942,0.4705000000000024,-0.7790000000000066,740.592999999999,1453.986000000001,-27.02099999999794
-1.145999999999991,0.6070000000000036,-1.15600000000001,685.3819999999986,1503.7240000000013,91.0060000000031
-1.081000000000006,0.6980000000000018,-1.438500000000007,602.5769999999962,1568.0850000000028,161.016500000001
-1.25,0.75,-1.64,496.12,1644.98,189.87
-1.3995000000000013,0.5029999999999979,-1.6595000000000002,423.27449999999936,1618.8564999999996,113.93049999999934
-1.5640000000000032,0.31899999999999806,-1.6639999999999997,366.21499999999935,1581.521999999999,44.66899999999893
-1.7459999999999969,0.20850000000000193,-1.6510000000000002,327.5725000000007,1531.1080000000009,-16.801499999998924
-2.0479999999999974,0.22399999999999978,-1.6260000000000003,301.8060000000002,1430.132000000001,-26.503999999999955
-2.345000000000012,0.24750000000000086,-1.5899999999999979,241.99249999999495,1262.2449999999883,-23.05249999999923
-2.6180000000000145,0.267000000000001,-1.5379999999999974,125.98699999999391,994.0419999999859,-5.456999999999077
-2.544499999999998,0.1819999999999982,-1.4364999999999981,39.824499999998594,736.9379999999956,27.032500000000613
-2.401999999999996,0.09199999999999847,-1.3179999999999965,-13.521999999999784,510.6819999999958,58.58200000000061
-2.2460000000000013,0.033500000000000515,-1.181500000000001,-5.2410000000000725,349.2935000000014,81.92349999999979
-2.205,-0.015,-1.03,34.505,190.71,92.31
-2.1834999999999996,-0.039499999999999605,-0.881499999999999,87.93550000000059,30.452499999998565,90.39499999999974
-2.112000000000002,0.005999999999998805,-0.7580000000000032,155.51599999999823,-138.18999999999556,60.43000000000079
-2.022499999999993,0.08750000000000682,-0.7154999999999995,184.3470000000008,-271.65600000000825,27.998999999997654
-1.9309999999999978,0.17800000000000182,-0.7059999999999991,188.71899999999874,-378.66500000000167,-2.6630000000005225
-1.8724999999999974,0.23000000000000229,-0.6799999999999989,153.28749999999843,-426.1475000000021,-17.567500000000653
-1.8299999999999998,0.2700000000000003,-0.6259999999999994,124.63599999999978,-454.75400000000013,-25.12800000000003
-1.8050000000000013,0.3005000000000001,-0.5589999999999998,100.00249999999951,-472.35800000000046,-27.010499999999805
-1.8700000000000017,0.30700000000000016,-0.5459999999999997,72.73499999999927,-499.5020000000007,-15.836999999999707
-1.9419999999999993,0.3169999999999999,-0.5469999999999999,41.733000000000295,-541.2059999999994,-7.050500000000058
-2.02,0.33,-0.56,7.53,-595.39,-0.31
-2.0070000000000006,0.39499999999999774,-0.5405000000000008,-42.17549999999826,-647.1104999999982,20.775999999999264
-1.9669999999999956,0.4690000000000052,-0.5179999999999985,-97.09200000000374,-684.7280000000013,36.6120000000006
-1.895499999999998,0.5535000000000022,-0.4919999999999993,-158.0880000000016,-705.8920000000005,46.323000000000256
-1.8839999999999997,0.6020000000000016,-0.4719999999999993,-232.44000000000264,-719.3040000000004,40.99199999999977
-1.8674999999999986,0.6049999999999972,-0.46,-307.0800000000032,-735.772500000001,33.72499999999963
-1.8349999999999997,0.5399999999999995,-0.46,-380.40000000000066,-758.1650000000002,25.365999999999925
-1.7419999999999982,0.4254999999999979,-0.39949999999999875,-436.3180000000009,-800.8140000000008,1.711499999999539
-1.7879999999999932,0.2900000000000028,-0.29400000000000315,-476.5839999999998,-845.4759999999993,-42.27399999999854
-2.1714999999999964,0.12750000000000142,-0.1120000000000016,-488.7519999999999,-886.3804999999996,-125.74699999999926
-2.73,-0.06,0.20999999999999996,-474.7,-1060.45,-221.32
-3.2900000000000205,-0.22500000000000342,0.565000000000017,-429.7329999999936,-1319.3055000000213,-331.03200000000754
-3.680000000000007,-0.29000000000000115,0.8900000000000057,-307.9359999999979,-1727.616000000007,-475.7740000000025
-3.9935000000000076,-0.12099999999999282,1.093500000000004,-307.7245000000014,-1913.4825000000023,-582.8465000000024
-4.1409999999999805,0.1059999999999991,1.2500000000000067,-378.0680000000056,-1987.1,-679.6030000000046
-3.5625,0.08,1.445,-539.255,-1987.1,-811.7025
-2.1479999999999833,-0.17400000000000343,1.447999999999999,-616.7380000000003,-1987.1,-886.2660000000003
-0.24299999999997324,-0.6035000000000146,1.3395,-633.3939999999985,-1987.1,-922.9820000000002
1.2779999999999734,-1.4289999999999856,1.3330000000000002,-547.9060000000015,-1987.1,-937.0479999999998
1.98,-2.0059999999999967,1.7429999999999932,-335.4555000000028,-1987.1,-933.5545000000002
1.98,-2.3699999999999752,2.510000000000008,-14.179999999985796,-1987.1,-915.0099999999937
1.98,-1.79799999999997,2.6920000000000095,310.579500000017,-1987.1,-771.2169999999924
1.98,-1.2649999999999915,2.6909999999999963,418.95799999999747,-1987.1,-563.820999999995
1.98,-0.7774999999999872,2.4764999999999944,274.89199999999624,-1987.1,-282.2214999999926
1.98,-0.872000000000005,2.72400000000001,116.1499999999944,-1987.1,-38.8839999999916
1.98,-1.0025,2.9,57.17500000000001,-1987.1,110.6675
1.98,-1.1130000000000009,2.9,159.7840000000009,-1987.1,115.26300000000003
1.98,-1.2949999999999948,2.652500000000008,254.35199999999756,-1987.1,46.78550000000214
1.98,-1.3440000000000047,2.3400000000000065,343.1759999999986,-1987.1,-14.185999999999751
1.98,-1.0644999999999902,1.9824999999999875,422.3655000000028,-1987.1,-28.375500000000496
1.98,-0.4849999999999707,1.7299999999999902,408.4449999999982,-1880.969999999994,55.57500000000496
1.9124999999999845,0.07800000000001095,1.5479999999999974,336.1969999999909,-1709.451999999985,143.1105000000001
1.619999999999995,0.28600000000000364,1.495999999999999,162.63399999999697,-1426.103999999995,144.45600000000002
1.3004999999999913,0.23749999999999571,1.2234999999999903,28.31549999999693,-1128.301999999992,133.70099999999957
0.9450000000000043,0.10099999999999995,0.8700000000000023,-89.84299999999888,-842.5690000000016,116.13600000000022
0.4575,0.1075,0.61,-215.05249999999998,-658.5475,90.695
0.1539999999999984,0.14600000000000052,0.30999999999999717,-328.91400000000095,-471.74599999999833,91.56600000000014
-0.24599999999992228,0.22299999999999215,-0.045499999999981,-445.95199999999375,-292.4720000000018,136.86099999998999
-3.184000000000077,0.5220000000000079,-0.767000000000019,-686.2180000000063,-224.3779999999982,517.90400000001
-2.796999999999887,0.06149999999996103,-0.6799999999999728,-550.510499999984,-292.97650000000647,447.639499999984
0.43999999999996897,-1.04999999999999,0.09999999999998438,-92.53999999999716,-478.739999999979,-9.459999999996299
-0.2685000000000062,-0.822499999999998,-0.2575000000000031,-27.53999999999943,1.8635000000041941,74.88400000000074
-0.6920000000000016,-0.39999999999998864,-0.636000000000007,63.326000000002125,210.8919999999981,116.14799999999984
-0.7830000000000025,0.25000000000001704,-1.0390000000000106,184.36900000000318,103.08299999999717,107.15199999999976
-0.7660000000000002,0.22800000000000067,-0.6680000000000039,126.33000000000064,4.1360000000008625,199.6399999999991
-0.705,0.13999999999999999,-0.4425,13.685000000000002,-74.13499999999999,259.55
-0.5880000000000041,0.03600000000000364,-0.552999999999996,-162.45199999999386,-120.50599999999838,253.8040000000002
-0.30049999999998045,-0.2385000000000187,-0.57,-222.04400000000234,-48.86349999999429,229.97949999999832
-0.06999999999999915,-0.4920000000000036,-0.5139999999999951,-215.5579999999972,37.66200000000188,205.3819999999995
-0.03749999999999886,-0.6285000000000048,-0.33199999999999363,-108.07399999999623,109.39600000000252,186.44099999999932
-0.15500000000000003,-0.66,-0.215,-47.11,164.58,190.45
-0.2905000000000004,-0.5894999999999974,-0.1610000000000008,-10.41899999999998,197.8774999999998,207.28250000000034
-0.3360000000000008,-0.28399999999999465,-0.2520000000000016,-8.11799999999996,174.76999999999958,243.91000000000065
-0.5479999999999949,-0.028000000000004077,-0.26200000000000045,11.93099999999951,65.96900000000255,190.23150000000163
-0.7379999999999882,0.1689999999999998,-0.23799999999999955,35.88100000000007,-72.93500000000333,107.7889999999993
-0.4,0.1625,-0.225,37.9025,-167.9325,87.8925
-0.1619999999999908,-0.024000000000015675,-0.16799999999999557,80.12000000000353,-175.52199999999752,35.7519999999962
0.002500000000000571,-0.36400000000001453,-0.07399999999999637,178.89600000000826,-128.7399999999992,-44.120500000003005
0.03500000000000228,-1.1960000000000583,0.13400000000001455,654.9040000000333,-85.05999999999695,-214.94700000001197
