0.13292500000000002,-0.1332,-0.297125,445.1502250000001,3.0791749999999993,-171.97469999999998
-0.05,-0.35,-0.06,17.79,28.98,-32.22
0.010975000000000002,-0.1874,-0.0058,79.67285,36.208925,-38.2091
0.0258,-0.06385,0.01645,86.68334999999999,33.8067,-33.810900000000004
0.0016249999999999876,0.01675000000000003,0.009350000000000006,44.28670000000001,21.420375000000018,-21.365074999999994
0.035500000000000004,-0.051,-0.0042,10.655600000000002,-15.469499999999998,-36.4801
0.05775000000000001,-0.11487500000000002,0.03650000000000002,-5.937125000000002,-38.84725,-47.014875
0.0596000000000001,-0.1596000000000001,0.10285000000000005,-11.510149999999982,-48.58450000000002,-48.39470000000005
-0.04880000000000009,-0.051199999999999905,0.028324999999999934,-33.40017500000002,-25.075249999999983,4.192850000000046
-0.043800000000000006,-0.04359999999999999,-0.029399999999999996,-84.23239999999998,-31.302,22.5672
0.016099999999999993,-0.10072500000000001,-0.06122499999999999,-148.326875,-52.48375,20.791425
-0.011000000000000015,-0.17525000000000004,-0.000249999999999969,-185.75875000000002,-54.1775,23.928250000000002
0.01620000000000004,-0.20905,0.06072500000000006,-189.3029,-53.305575,30.875125000000008
0.0716999999999999,-0.21350000000000005,0.11,-169.80750000000006,-46.203600000000044,37.36220000000001
0.13267499999999993,-0.17962500000000003,0.11,-124.24562500000005,-18.23640000000003,33.934050000000006
0.13059999999999994,-0.1311999999999999,0.11,-107.18719999999999,2.7516500000000335,28.43494999999999
0.09862500000000003,-0.08350000000000002,0.09537500000000003,-108.85524999999998,16.19375,22.421000000000003
0.05120000000000001,-0.056400000000000006,0.034400000000000014,-134.0176,14.5,17.3804
0.014124999999999997,-0.055175,0.014825,-175.39322500000003,8.516174999999999,18.684350000000002
-0.01585000000000001,-0.07365000000000002,0.02560000000000001,-215.4812,-3.9440000000000097,21.7939
-0.03617500000000001,-0.12107500000000004,0.07980000000000004,-239.97960000000003,-29.14700000000002,24.517450000000004
-0.02349999999999998,-0.14650000000000002,0.13400000000000006,-233.656,-43.91650000000001,28.082500000000003
-0.01,-0.15545000000000003,0.167725,-218.21942500000003,-50.830075,35.519024999999985
-0.01,-0.14190000000000003,0.16095,-198.89035,-46.98865000000001,50.22754999999999
-0.021649999999999992,-0.07592500000000005,0.12505000000000002,-207.8999,-48.226625,60.95759999999999
-0.03779999999999994,-0.019600000000000083,0.08960000000000008,-235.59459999999984,-52.09999999999998,66.14040000000001
-0.058124999999999996,0.0075,0.0625,-285.871875,-58.875,63.4575
-0.06,0.01,0.09074999999999991,-340.5709999999999,-76.86144999999996,55.03050000000002
-0.051224999999999986,-0.010475000000000033,0.11585000000000001,-383.41402500000004,-85.819975,48.982775
-0.030899999999999928,-0.05790000000000017,0.12940000000000004,-410.0601000000001,-81.39589999999998,46.8351
-0.06884999999999983,-0.09237499999999986,0.16884999999999983,-424.3454,-71.29325000000004,54.87259999999996
-0.10949999999999996,-0.09700000000000003,0.18675,-431.20375,-88.94574999999995,64.15549999999999
-0.15002499999999996,-0.06977500000000021,0.17975000000000022,-430.66839999999996,-136.85847499999997,74.22140000000002
-0.1568,-0.00880000000000003,0.11200000000000003,-441.0748,-149.99519999999998,69.1808
-0.21362499999999973,0.002125000000000092,0.08357499999999998,-457.7410249999999,-165.09459999999996,64.99105
-0.31595,-0.03210000000000001,0.09140000000000001,-481.07935000000003,-183.6259,62.19885000000001
-0.43112499999999976,-0.07274999999999991,0.11849999999999994,-524.0396249999999,-232.9072499999999,71.08087499999998
-0.5151,-0.10560000000000003,0.11829999999999999,-553.7087,-283.4288,87.21690000000001
-0.5747249999999999,-0.13135,0.09527500000000007,-570.212875,-330.92125,108.30487499999998
-0.6221500000000001,-0.14490000000000003,0.047849999999999934,-556.2902499999999,-342.77750000000003,125.81825000000002
-0.7075999999999999,-0.15,0.025775000000000006,-555.1229,-349.221525,142.56267499999998
-0.8250000000000004,-0.15300000000000002,0.013999999999999915,-562.354,-354.69900000000007,157.65300000000002
-0.994375,-0.17332499999999998,-0.026649999999999993,-573.6276,-373.458975,165.871075
-1.1773999999999996,-0.17545000000000002,-0.10369999999999976,-575.0550000000001,-402.62024999999994,169.95775
-1.3710750000000003,-0.16867500000000002,-0.191925,-576.2414,-435.049975,171.4345
-1.5810999999999995,-0.16190000000000002,-0.2528999999999999,-596.2411999999999,-460.00229999999993,170.486
-1.7960000000000003,-0.16487500000000002,-0.3333750000000001,-619.833875,-474.995,180.05775000000003
-1.9946499999999998,-0.17,-0.41319999999999996,-646.8992499999999,-480.5125,198.95194999999995
-2.136925,-0.17,-0.4674000000000001,-680.4016250000001,-468.65624999999994,234.06677500000006
-2.1959999999999997,-0.15960000000000008,-0.5111999999999998,-696.6868,-459.71720000000005,259.5407999999999
-2.1864250000000003,-0.1381500000000001,-0.54395,-705.8315249999999,-446.60375000000005,275.85772499999996
-2.07125,-0.0975,-0.5575000000000001,-710.29625,-421.1975,277.01625
-1.950550000000001,-0.07342500000000016,-0.5655249999999999,-710.816125,-381.3710000000003,263.41750000000013
-1.8378000000000005,-0.07609999999999978,-0.5791999999999998,-703.8379000000001,-333.0794000000003,245.37140000000008
-1.7429500000000002,-0.12352499999999993,-0.6063,-684.007475,-274.6653500000001,225.16835000000003
-1.6481,-0.1826500000000001,-0.6334000000000001,-645.7729499999999,-210.11464999999993,219.12815
-1.5453750000000008,-0.23574999999999974,-0.6604999999999999,-592.6557500000005,-142.99500000000043,220.80312499999994
-1.430199999999999,-0.2764000000000003,-0.6876000000000001,-520.6103999999995,-73.3479999999995,231.13500000000008
-1.33355,-0.29235,-0.745575,-417.04785000000004,5.907299999999964,253.396975
-1.1561000000000023,-0.28230000000000033,-0.8212999999999993,-329.5448000000005,80.94844999999945,294.6980999999995
-0.8715500000000014,-0.2416500000000002,-0.9161499999999996,-266.83540000000033,149.31497499999966,359.1825499999997
-0.35300000000000115,-0.24649999999999997,-1.0239999999999998,-270.6665,219.46899999999985,409.5619999999999
0.05100000000000021,-0.3155000000000001,-1.07345,-285.9424,305.7527000000001,400.27352499999995
0.31905000000000083,-0.45159999999999856,-1.0595500000000004,-309.7975000000004,408.78669999999966,327.26165000000105
0.19032499999999913,-0.6684000000000014,-0.9985749999999995,-247.12874999999957,457.1195500000003,174.37022499999898
0.06160000000000011,-0.8851999999999999,-0.9736,-169.22480000000007,437.40520000000004,50.059200000000075
-0.05512500000000073,-1.0963749999999992,-0.98,-79.32275000000054,355.454375000001,-41.55487500000031
0.03294999999999953,-1.2115499999999995,-0.98,-13.971100000000355,235.57075000000063,-5.328950000000198
0.31334999999999896,-1.23645,-0.976075,27.304599999999937,193.77892499999996,72.63934999999972
0.7208000000000001,-1.1755,-0.9615999999999999,38.59709999999997,216.44250000000005,168.1291
1.0188999999999977,-0.9383750000000016,-0.8803000000000005,-58.603824999999304,306.3806249999993,152.63467500000013
1.1937499999999994,-0.7522500000000006,-0.85,-271.1284999999988,319.4787500000001,110.14000000000024
1.28205,-0.6394749999999998,-0.8715249999999998,-528.0313249999998,282.8054000000001,58.760550000000016
1.2956,-0.7682000000000002,-1.0138000000000003,-649.5274000000002,223.0227999999999,47.527599999999985
1.2313750000000006,-1.025024999999998,-1.1286249999999993,-678.0457500000001,143.91540000000055,68.09089999999979
1.14595,-1.3110499999999996,-1.20865,-665.3932,36.97565000000054,99.96979999999995
1.1256250000000003,-1.4668749999999984,-1.201875,-666.9649999999999,-144.4656249999981,115.87749999999983
1.1935000000000004,-1.4806,-1.1902,-622.7609999999997,-306.95860000000044,77.01789999999983
1.3085249999999993,-1.4449750000000001,-1.1666000000000003,-545.5989250000005,-425.771375,29.048700000000053
1.4643499999999998,-1.42465,-1.1124,-421.4199500000002,-433.66425,17.15180000000002
1.317125000000002,-1.5558499999999984,-1.3873749999999965,-142.65412500000298,-420.4638000000002,57.18094999999949
1.2160000000000009,-1.7480000000000009,-1.8320000000000025,118.94600000000048,-525.2020000000017,96.64200000000001
1.4395749999999992,-1.9783499999999992,-2.448524999999998,230.07632499999963,-926.4581499999987,97.9699
1.75195,-3.0578499999999993,-3.4868499999999996,533.4530999999998,-1230.7558,261.39109999999994
1.9514000000000005,-3.415700000000011,-2.655975000000037,466.1938500000068,-1261.2483750000035,364.4160250000007
1.8972000000000002,-2.033600000000007,1.9306999999999768,-391.6701999999957,-808.6445000000023,283.36670000000044
1.9370000000000005,0.06525000000001846,1.8584999999999934,547.0701250000103,-199.27799999999468,92.19049999999828
1.516849999999999,1.3543499999999997,0.9135999999999987,1048.9295999999995,235.25515000000013,-70.09335000000007
0.3583250000000078,1.212075000000001,-0.278799999999992,442.3232000000041,360.26067499999914,-161.1425749999994
-0.5273999999999968,-0.052399999999994784,-0.9131999999999978,44.582400000001456,26.125200000001428,20.34779999999921
-0.6083750000000103,-0.9003249999999979,-1.082325000000004,-173.64354999999983,-224.85947499999895,80.08357500000145
0.3062500000000019,-1.0832500000000005,-0.7232499999999992,-187.31550000000001,-315.2447500000002,-47.98425000000027
0.45744999999999936,0.01924999999999366,-0.9905749999999983,-512.7976249999981,-130.66652500000106,-132.83699999999953
0.38140000000000074,0.5143000000000004,-1.1070000000000002,-738.0264999999997,0.740199999999831,-190.34019999999992
0.09610000000000357,0.3134000000000061,-1.0461499999999946,-843.1475750000006,65.02544999999938,-219.7681750000006
-0.25620000000000115,-0.282800000000002,-1.601700000000002,-773.3718499999998,126.0411000000002,-158.1766499999998
-0.4598749999999997,-0.5926249999999997,-1.9288749999999995,-640.4486250000008,129.3431250000002,-152.2832499999998
-0.5208000000000018,-0.6340000000000032,-2.039200000000002,-459.77640000000076,84.49400000000016,-195.98239999999925
-0.3649749999999997,-0.36299999999999955,-1.8562749999999997,-392.6429249999999,71.51987499999998,-258.69180000000006
-0.2486500000000005,-0.3092499999999994,-1.5232500000000027,-327.99400000000037,101.65999999999966,-296.88354999999984
-0.16637499999999975,-0.42610000000000187,-1.1372500000000003,-260.6298999999992,162.45882500000045,-312.83672499999983
-0.1325,-0.67,-1.205,-155.78,221.78750000000002,-289.5375
-0.11572500000000005,-0.7001500000000007,-1.2043500000000003,-46.55250000000085,261.5879749999998,-276.61370000000005
-0.1131499999999997,-0.6168500000000003,-1.1269500000000041,51.539849999999646,282.08715000000035,-279.8982999999991
-0.13347499999999998,-0.596525,-0.8491750000000005,74.96102499999996,259.614475,-338.47494999999986
-0.31479999999999764,-0.6451999999999992,-0.539200000000003,85.23079999999996,220.31040000000044,-403.89639999999935
-0.5255000000000001,-0.711375,-0.28,69.42724999999959,170.25674999999973,-448.8781249999998
-0.5526,-0.71815,-0.28,-24.352299999999687,109.2411000000002,-400.8772500000002
-0.4024000000000024,-0.8923749999999975,-0.49669999999999676,-77.37747499999959,57.981875000000514,-326.3257000000009
-0.2417,-1.0376999999999996,-0.7710000000000005,-108.28370000000002,9.880899999999869,-257.9932999999999
-0.24847499999999997,-0.9089750000000006,-0.974249999999999,-118.85947499999995,-39.73242499999975,-238.0002750000001
-0.2867499999999994,-0.7172500000000026,-1.0304999999999997,-114.93475000000011,-97.12624999999925,-230.58625000000004
-0.313925,-0.592275,-0.9731749999999999,-100.40099999999998,-152.98932500000004,-221.92562499999997
-0.2935999999999997,-0.6668000000000011,-0.7495999999999968,-70.86199999999957,-199.96040000000067,-201.7699999999997
-0.2175249999999994,-0.663275,-0.6765499999999998,28.738025000000775,-251.82632500000034,-162.4029249999997
-0.10830000000000012,-0.5936000000000001,-0.64295,132.52854999999994,-281.54665,-134.13335
0.040749999999998746,-0.4310000000000013,-0.6226250000000002,215.8136249999993,-267.5833750000001,-134.546625
0.054100000000000106,-0.22120000000000342,-0.7556999999999975,291.0746999999988,-250.16270000000029,-154.89009999999962
-0.011524999999999619,-0.007075000000000525,-0.9436249999999994,329.734125,-241.6426,-184.1090999999999
-0.16734999999999842,0.20294999999999788,-1.1807499999999975,314.11775000000017,-247.55039999999994,-222.4013999999996
-0.14264999999999986,0.00834999999999922,-1.3307250000000004,171.6483249999995,-249.43685,-201.5997749999999
-0.12,-0.2519999999999988,-1.3770000000000002,98.38599999999988,-247.83900000000003,-187.778
-0.12,-0.5500999999999966,-1.302475000000001,126.31254999999966,-242.30382500000007,-189.30915
-0.23135000000000017,-0.6386000000000002,-1.4179000000000002,266.62400000000025,-206.01639999999995,-146.26099999999994
-0.2999749999999999,-0.6301250000000006,-1.6794999999999976,466.2303999999985,-164.85882500000025,-101.01650000000028
-0.3181000000000017,-0.527800000000002,-2.0857999999999945,719.5039,-120.0606000000003,-55.44960000000028
-0.18937500000000002,-0.37875000000000003,-2.4787500000000002,715.703125,-96.38875,-34.42
-0.21030000000000199,-0.3026999999999998,-2.6709500000000004,660.3095999999987,-60.63174999999938,18.901150000001095
-0.36360000000000126,-0.2942500000000004,-2.689575,560.8640499999995,-18.656325000000116,99.51430000000045
-0.5803999999999997,-0.3619999999999999,-2.6828000000000003,463.2092000000002,-38.36479999999997,174.82519999999988
-0.673975,-0.40589999999999976,-2.4017500000000043,326.16607500000157,-94.18614999999924,241.57792499999942
-0.6874999999999989,-0.4030000000000041,-1.932750000000007,165.9370000000021,-173.94999999999885,299.92924999999934
-0.7552499999999998,-0.15910000000000082,-1.5059250000000015,42.33390000000041,-241.69999999999976,339.21747499999987
-0.9562999999999969,-0.5214999999999923,-1.1952000000000027,54.808599999999004,-387.0305999999979,404.67119999999915
-1.2921250000000017,-1.2092250000000015,-0.9072249999999987,176.68432500000068,-573.4375500000004,499.2129750000005
-1.9357499999999968,-1.771549999999997,-0.3855500000000026,463.3413499999985,-740.8748999999991,668.1340499999992
-1.7098749999999947,-1.5799999999999954,-0.30787500000000106,860.5173750000038,-921.5073750000016,859.1071250000017
-1.0377999999999992,-0.9511999999999992,-0.42540000000000006,1212.2654,-1059.3074,1028.3708000000001
-0.2044750000000056,0.010849999999993587,-0.4999249999999995,1192.353675,-1009.1114250000004,1074.9285999999997
-0.4749999999999903,0.34919999999999846,-0.48040000000000077,750.4891000000084,-972.2606500000005,1168.2737999999986
-0.9765500000000003,0.4368999999999994,-0.4331000000000006,248.23292500000488,-982.3493499999971,1270.4733249999983
-0.9630000000000001,0.46399999999999975,-0.40600000000000025,24.610500000001878,-1115.4509999999989,1348.0944999999992
-0.807024999999999,0.21679999999999836,-1.006625000000004,-113.60967500000058,-1345.2750500000013,1284.8045999999995
-0.5244500000000012,-0.36464999999999703,-1.5397500000000002,-213.95744999999982,-1535.9658,1189.1060500000003
-0.043425000000004856,-1.5367249999999881,-1.5058750000000003,-282.9879249999993,-1573.0656999999997,1111.0648250000008
-0.1784000000000009,-1.7231999999999998,-1.4775999999999998,-43.228799999998955,-1521.7583999999997,1082.8524
-0.5304999999999979,-1.6625000000000005,-1.5169999999999992,270.81862499999863,-1481.413125,1052.7688750000002
-1.0453999999999941,-1.5270000000000017,-1.679599999999998,602.4616499999961,-1495.7422499999998,999.8493500000006
-1.14555,-1.5218500000000001,-1.9429250000000005,665.0208,-1504.371525,1037.606025
-1.0593000000000017,-1.3464000000000027,-2.0668000000000006,612.8858000000009,-1476.9319000000005,1084.8016999999998
-0.7815250000000037,-0.8857000000000061,-1.9584000000000015,445.9091500000023,-1396.289075000001,1126.6102249999994
-0.6912500000000016,-0.7062500000000033,-2.224999999999994,48.28875000000875,-1368.6650000000004,1052.3750000000018
-0.5380749999999966,-1.182650000000017,-2.329499999999998,-192.1485750000003,-1389.723025000001,962.6173749999987
-0.28739999999999855,-2.442800000000007,-2.193999999999999,-213.71340000000012,-1465.6098000000004,865.7009999999995
-0.9374999999999989,-2.6838249999999997,-2.1637,229.94247499999923,-1332.4576000000002,924.1781749999999
-1.4273999999999973,-2.5488000000000044,-2.250499999999998,608.9441499999973,-1191.1947500000015,956.80335
-1.7181249999999995,-2.058374999999997,-2.4422499999999983,897.571999999999,-1050.1473749999998,957.6667499999999
-1.6165000000000003,-1.428300000000002,-2.0222000000000016,664.6204000000008,-1015.8591000000001,932.0166
-1.5553000000000003,-1.286999999999997,-1.8263250000000002,381.31762500000355,-971.8872000000006,905.2896750000003
-1.5470999999999953,-1.5557499999999957,-1.8478999999999923,77.59129999999989,-922.0850000000004,876.6473500000008
-1.8045499999999932,-1.7928749999999938,-2.2679499999999893,83.78364999999984,-905.1475000000005,833.8496750000012
-2.0340000000000016,-2.1340000000000034,-2.303999999999998,194.39600000000152,-848.1139999999994,784.1719999999996
-2.2285250000000003,-2.4178499999999996,-2.0527249999999997,355.63115,-757.4560499999999,724.1545
-2.30305,-1.6997000000000049,-1.6394500000000027,347.9483000000001,-621.834100000001,621.0390000000007
-2.2478249999999993,-1.3880999999999994,-1.6111000000000013,153.416799999998,-486.20782499999905,551.4206249999996
-2.1543,-1.4013999999999998,-1.7953,-121.27679999999987,-361.67480000000006,503.4868
-2.242374999999999,-1.902749999999996,-1.9511249999999987,-263.4704999999988,-294.38550000000055,469.5305000000003
-2.321149999999999,-2.115799999999999,-1.9442000000000013,-257.8825500000012,-207.98005000000148,375.63105000000195
-2.332975000000005,-2.1871249999999995,-1.8856999999999993,-168.08605000000355,-106.50460000000294,259.16185000000235
-2.109400000000002,-2.2209999999999996,-1.9127999999999996,-15.68920000000153,18.75159999999874,160.80240000000097
-2.303725000000001,-1.9862249999999988,-2.094125000000001,43.033375000000085,122.28695000000032,60.741499999999654
-2.5897500000000018,-1.6664999999999952,-2.2034999999999956,29.14849999999788,215.16700000000142,-38.823750000001624
-2.704925000000001,-1.3819499999999973,-1.9460499999999976,-95.90445000000115,300.01710000000077,-135.19812500000089
-2.7194,-1.4366000000000003,-1.9695,-168.72590000000008,388.26450000000017,-218.1370000000001
-2.6747250000000005,-1.5690499999999994,-2.05245,-208.11005000000003,471.6618999999996,-298.48422499999947
-2.5595500000000015,-1.6638999999999986,-2.0930999999999997,-204.68190000000004,541.932199999999,-381.4305499999989
-2.354375,-1.696875,-2.235,-214.838125,605.4468750000001,-481.02125
-2.1908000000000003,-1.6764000000000008,-2.2728000000000015,-240.73639999999963,671.7203999999995,-570.8267999999995
-2.1366000000000005,-1.5815500000000016,-2.083100000000003,-290.26842499999924,745.5407999999989,-636.591724999999
-2.100250000000001,-1.6711499999999975,-2.018350000000001,-290.4214000000002,816.0232499999984,-659.6534999999996
-2.0636499999999995,-1.7072999999999992,-1.992725,-286.42,879.4320250000006,-678.7235500000003
-2.0229999999999997,-1.6259999999999997,-1.9995,-286.42,933.0155000000002,-700.6610000000001
-1.8694000000000006,-1.613725,-2.0502,-295.14225,963.1430249999999,-701.018725
-1.7037500000000019,-1.6039000000000003,-2.0952499999999996,-310.0647499999998,1009.0854499999992,-693.7064000000001
-1.5343749999999996,-1.5903500000000002,-2.129125,-331.71087500000004,1076.625425,-679.1265999999999
-1.4178000000000006,-1.6098,-2.0904000000000003,-327.4058,1163.4835999999996,-667.1538
-1.3363750000000008,-1.4850000000000034,-2.0868749999999996,-353.07112499999926,1209.3482499999998,-660.6265
-1.2879000000000018,-1.221049999999999,-2.1220999999999983,-408.10750000000024,1213.5577999999998,-659.0040500000005
-1.1930500000000026,-1.2684749999999987,-2.216949999999997,-396.2512500000003,1224.7500999999995,-634.7969750000007
-1.083399999999999,-1.364000000000001,-2.2489,-351.7720999999995,1237.5926,-622.0043999999999
-0.9666749999999991,-1.4785999999999968,-2.23,-275.34944999999715,1251.7946750000003,-620.4941750000004
-0.9192500000000005,-1.3160000000000014,-2.23,-134.84950000000117,1265.8392499999998,-642.8042499999998
-0.9241500000000002,-1.1493749999999991,-2.1977999999999995,-69.62509999999993,1269.724725,-668.9904000000001
-0.9552000000000009,-0.9776000000000045,-2.139600000000002,-65.5135999999984,1264.9276000000004,-699.9023999999989
-0.9145500000000004,-0.7879000000000019,-2.0515250000000007,-133.7175249999993,1247.1229,-746.3314749999995
-0.9,-0.7461000000000001,-1.9155999999999995,-235.4991000000004,1217.3296,-781.5201500000002
-0.8853750000000022,-0.7923749999999982,-1.753000000000004,-361.36437499999613,1184.9480000000003,-807.3612499999997
-0.797300000000001,-0.8668999999999991,-1.590400000000002,-514.1744999999981,1173.1324000000002,-817.7269999999999
-0.45677499999999926,-0.885325,-1.51195,-669.3501750000003,1167.87115,-816.4660250000001
-0.10435000000000032,-0.907550000000002,-1.4408499999999973,-774.8384499999987,1178.4997000000008,-806.9054499999997
-0.12467499999999973,-1.0362749999999983,-1.2579250000000024,-693.951725000001,1236.6698499999993,-786.0452250000003
-0.26,-1.045,-1.1,-619.56,1268.585,-779.905
-0.38822499999999993,-0.9791749999999979,-0.9580499999999984,-548.176899999999,1288.4425750000003,-788.9605500000005
-0.3814500000000001,-0.8233500000000024,-0.8361000000000018,-478.7738000000011,1300.5901499999998,-826.1010999999994
-0.34272500000000006,-0.6036250000000004,-0.6662250000000003,-408.98197500000015,1258.673,-866.1277999999999
-0.3624999999999949,-0.4127000000000027,-0.5127000000000027,-328.5591000000031,1194.6462000000024,-914.523499999998
-0.5318749999999972,-0.3246250000000015,-0.4246250000000015,-224.70512500000174,1114.1727500000013,-979.800624999999
-0.797299999999999,-0.46254999999999935,-0.3026500000000004,-154.1635500000002,978.1993500000004,-1057.5077499999998
-0.9848500000000001,-0.7691500000000053,-0.29032500000000194,-106.43214999999981,832.2687499999985,-1119.7254750000004
-0.9983999999999997,-1.2975999999999903,-0.4867999999999964,-87.71960000000036,688.3000000000026,-1149.7183999999995
-1.2628999999999984,-1.6826499999999982,-0.6115749999999994,-53.26292500000018,589.1079000000004,-936.6304000000013
-1.4647500000000004,-1.7294999999999965,-0.7102500000000007,20.39100000000107,519.6709999999997,-586.7297499999959
-1.5257249999999989,-1.3094500000000084,-0.7847749999999986,148.33009999999743,485.0101000000007,-84.22122500001012
-0.981900000000004,-0.5303000000000054,-1.5144999999999946,356.9784999999986,298.91610000000134,108.96989999999886
-0.5892750000000055,0.17752499999997928,-2.3366749999999694,512.275449999997,118.9566250000056,98.27855000000807
-0.4334500000000034,0.7669499999999871,-3.210649999999981,596.0550999999981,-39.883249999996536,-129.67309999999503
-0.668499999999998,0.5216250000000022,-3.2763749999999994,119.57837500000412,-96.63849999999954,-163.64474999999976
-0.48739999999999695,-0.11320000000000519,-3.1469999999999985,-295.59260000000177,-109.02099999999986,-121.45039999999942
0.09334999999999521,-1.1013750000000082,-2.8375749999999913,-625.8105749999982,-76.56962499999725,-8.421749999998184
-0.16409999999999741,-1.5417499999999955,-2.356550000000005,-522.0785500000011,72.1077499999985,89.07049999999902
-0.3247000000000003,-1.3227999999999975,-2.0394249999999996,-324.74472499999905,109.4895749999998,154.47187500000013
-0.37350000000000905,-0.546500000000025,-1.858500000000004,-73.76449999999905,64.91749999999823,187.89600000000098
-0.014425000000004212,0.4494249999999883,-1.7026750000000017,-111.35897499999956,135.4791249999992,149.76630000000046
0.13405000000000003,0.8702500000000001,-1.5751999999999997,-265.5367500000004,223.7433000000002,91.60529999999989
0.11525000000000549,0.8166750000000184,-1.4511250000000064,-486.92894999999623,313.84354999999954,30.55697499999959
-0.0880000000000058,0.13239999999998048,-1.213999999999993,-627.347600000004,331.2824000000005,45.88880000000044
-0.13375,-0.5650000000000001,-0.9199999999999999,-560.4043750000001,343.54125,52.916875
-0.10690000000000055,-1.138499999999999,-0.637349999999999,-349.6898999999952,351.5486,59.128400000000326
-0.1475499999999994,-1.070750000000001,-0.5628250000000011,7.853949999994597,352.6597,83.62679999999963
-0.18819999999999992,-0.7774000000000006,-0.6433999999999997,155.9610999999999,337.38190000000003,133.6038999999999
-0.2170500000000004,-0.37117500000001363,-0.7850749999999965,162.57960000000512,309.12197500000144,185.0975249999995
-0.20350000000000024,0.08274999999999241,-0.9002499999999981,-6.957999999997156,260.2132500000008,201.6217499999997
-0.2954749999999996,0.38089999999999924,-0.8295000000000005,-307.0852999999988,182.89820000000032,205.89
-0.2784000000000134,0.4502000000000133,-0.6598000000000084,-623.7925999999925,123.22859999999947,203.9910000000002
0.14165000000000988,0.0369249999999903,-0.3955749999999938,-860.6262750000056,139.67152500000037,196.84337499999984
0.14440000000000056,-0.6224499999999964,-0.35069999999999996,-800.6366000000007,152.74929999999995,168.91635000000016
-0.008625000000002103,-1.2432500000000033,-0.43650000000000205,-589.504374999997,151.84712499999978,179.30187500000088
-0.2592999999999949,-1.636199999999992,-0.680399999999995,-220.63950000000744,122.31490000000059,285.6354999999978
-0.33972499999999967,-1.3651750000000027,-0.8334999999999991,118.87994999999776,73.91897500000034,328.36939999999976
-0.24504999999999766,-0.7694499999999938,-0.9003999999999996,314.4087999999997,27.947549999999765,327.6556999999996
0.10047499999999247,0.17227499999997947,-0.8462000000000012,265.7914000000011,-7.289224999999232,272.0058500000012
0.2779999999999987,0.2740000000000001,-0.6360000000000019,135.4000000000012,42.93199999999948,204.83600000000058
0.23402500000001225,0.12847500000001277,-0.544399999999996,58.74564999999941,104.26092499999773,141.35630000000208
-0.0979499999999922,-0.21704999999999186,-0.6527999999999975,74.77529999999963,165.68984999999856,85.34060000000132
-0.37932499999999725,-0.5246249999999969,-1.0458249999999958,148.9633249999992,145.1657500000003,104.49119999999975
-0.4865999999999997,-0.6806999999999999,-1.3661000000000008,249.63080000000042,93.91489999999973,123.71650000000005
-0.39174999999999843,-0.6603749999999997,-1.5761250000000036,376.78400000000215,13.150124999998646,136.6906250000002
-0.37670000000000015,-0.5203500000000016,-1.4536500000000014,448.78874999999914,-34.27819999999945,126.50280000000012
-0.2775249999999997,-0.37464999999999976,-1.3351999999999997,470.1388999999999,-38.68867499999994,135.91242500000004
-0.09860000000000128,-0.23739999999999323,-1.2315999999999985,441.8662000000017,0.5809999999970046,164.24659999999983
-0.05117500000000064,-0.4880749999999966,-1.2857999999999994,377.71372500000086,112.74112499999849,170.5676749999999
0.022499999999999992,-0.5775,-1.415,345.57125,170.32,217.5425
0.10002500000000368,-0.4880250000000191,-1.5474750000000157,328.910300000004,179.2893750000013,285.723025000002
-0.02870000000000346,0.18270000000001801,-0.9986999999999853,189.15559999999624,133.72749999999877,215.9472999999981
0.3111999999999989,0.7189499999999993,-0.7637,59.23795000000022,139.37207499999994,94.04417500000025
0.9250500000000041,0.9629499999999863,-0.7161999999999977,-56.801750000000766,195.59295000000202,-59.20985000000155
1.284124999999994,-0.20912499999998035,-0.5265000000000032,-121.5368749999989,367.8608749999971,-190.2451249999978
1.0712000000000017,-1.1171999999999975,-0.1916000000000014,67.7751999999989,617.986799999999,-117.00600000000064
0.6599749999999963,-1.6595250000000168,0.10300000000000864,345.10237499999863,815.5214750000081,33.301125000000255
0.7751499999999979,-1.1378500000000096,-0.167999999999995,388.3607499999992,562.1161500000047,25.408250000000145
1.3344749999999963,-0.6303500000000025,-0.25,187.52562500000153,378.58412500000077,-121.49412499999895
1.9274999999999989,-0.391499999999977,-0.15700000000001413,-61.808999999998406,272.31299999999806,-344.96149999999056
1.9613750000000008,-1.0757750000000148,0.26305000000000917,-109.27465000000103,331.1335500000013,-625.5887750000061
1.530650000000004,-1.1742500000000007,0.22860000000000127,-83.02040000000034,485.69704999999874,-486.2025000000019
0.9211499999999956,-1.1109500000000003,-0.03227500000000305,-101.73760000000141,619.7149749999999,-149.46312499999675
0.25720000000001453,-1.151599999999999,-0.4861999999999901,-310.73279999999545,609.3018000000002,333.42499999998944
0.5768749999999951,-0.7192500000000046,-1.1873749999999936,-449.589624999999,346.5270000000028,397.2190000000004
0.9979500000000004,-0.3765500000000006,-1.5573499999999976,-516.6105999999997,230.17635000000172,377.57835000000017
1.086024999999998,-0.4917249999999973,-1.0763250000000113,-468.39970000000113,570.206824999992,413.27582499999914
0.8777000000000027,-0.9659999999999946,-0.6466000000000043,-528.0726999999993,728.2191999999988,479.02939999999927
0.6258500000000089,-1.3075250000000003,-0.16715000000002245,-509.45357500000733,848.3445499999956,532.5250249999991
0.39549999999999613,-1.3007499999999999,0.41550000000000975,-319.4622499999968,962.2865000000019,554.8757500000004
0.7977749999999943,-1.149375000000002,0.3354000000000019,227.504299999993,930.7367500000006,655.1116499999987
0.9707999999999997,-1.2488000000000008,-0.13520000000000154,833.151200000001,821.7327999999997,741.5480000000001
0.706574999999996,-1.7298250000000073,-1.0430500000000138,1459.0189250000094,628.4826999999971,794.6301250000008
0.32805000000000517,-2.229899999999993,-1.944549999999988,1671.9715499999975,263.38890000000504,765.6702500000005
0.23249999999999998,-2.34375,-2.13,1776.669375,10.996875000000003,750.919375
0.47639999999999305,-2.0050000000000097,-1.4796000000000185,1787.2044999999996,-96.32589999999693,759.1780999999997
0.5934749999999983,-1.6462250000000054,-0.9760500000000075,1865.9514499999987,-150.16857499999918,801.6728999999993
0.5844500000000057,-1.376850000000008,-0.5713000000000136,1856.5688500000042,-147.71680000000242,895.9855499999937
0.45414999999999794,-1.1855999999999949,-0.2483999999999924,1754.4944499999965,-95.45777500000064,1039.0008750000015
0.27800000000000297,-0.7520000000000073,0.40199999999998903,1455.324000000005,-150.19299999999907,1160.374999999998
0.3509999999999991,-0.5562250000000001,0.8749749999999988,1073.4697250000015,-177.92942499999998,1281.0582999999995
0.6099000000000012,-0.6077500000000072,1.1948500000000017,644.1031999999977,-172.5690999999986,1405.3407000000018
0.7318499999999978,-1.319124999999987,1.3777749999999966,420.6908000000042,-35.45665000000253,1576.5720499999968
0.8496999999999995,-1.964899999999997,1.6426999999999983,398.33009999999945,129.50299999999908,1755.306399999999
0.984124999999991,-2.5503749999999847,1.939249999999995,553.9934999999841,314.21674999999345,1922.3214999999982
1.2483499999999947,-3.017849999999991,2.088299999999997,1025.5605999999905,509.62129999999604,1977.307399999999
1.5081499999999983,-3.025125000000002,1.9984000000000015,1534.5233749999966,693.2863249999988,1944.9526500000006
1.7031999999999994,-2.7327999999999966,1.8320000000000005,1974.9408000000003,890.4064000000019,1843.0331999999987
1.6083499999999982,-2.184024999999989,1.8997500000000014,2004.6424000000006,1179.0010750000058,1633.4214749999958
1.409000000000002,-1.8015000000000025,1.92475,2013.52,1473.7089999999976,1444.4295000000016
1.1849249999999991,-1.6042250000000011,1.9223749999999997,2003.6623999999997,1749.9903000000008,1275.9644499999993
1.0291000000000037,-1.8006999999999955,1.8885000000000007,1959.868800000001,1953.8635999999951,1147.9034000000029
0.7616250000000031,-2.1138999999999966,1.8394000000000006,1932.1426500000002,2005.02,1023.1817000000012
0.49374999999999947,-2.3496499999999996,1.8055500000000002,1933.9597000000003,2005.02,897.4584999999996
0.32437500000000424,-2.275125000000002,1.8258749999999995,2000.0972499999984,2005.02,766.0912500000032
-0.006999999999995621,-1.9468000000000045,1.7328000000000015,2013.52,2005.02,650.9510000000013
-0.36005000000000054,-1.5386249999999992,1.5738749999999995,2013.52,2005.02,521.9096999999997
-0.6716999999999916,-1.098250000000012,1.3367500000000063,2013.52,2005.02,354.7298000000045
-1.0692249999999945,-0.6292500000000063,1.048100000000004,1945.621500000001,2005.02,163.76825000000264
-1.4374999999999878,-0.2175000000000128,0.7425000000000134,1796.4900000000112,1990.9800000000016,-28.029999999992214
-1.7288250000000038,0.08737500000000409,0.42407499999999576,1529.7446999999966,1952.9315999999994,-213.8005000000025
-1.7418499999999995,0.30755000000000565,0.0632999999999902,1274.8029499999932,1913.963599999999,-349.5556500000035
-1.6424250000000002,0.4497749999999999,-0.29689999999999944,1014.2668500000004,1885.1684,-447.7421999999999
-1.4323999999999975,0.49720000000000053,-0.6492000000000042,743.9307999999969,1870.7512,-501.77960000000064
-1.203250000000004,0.5382499999999993,-0.9313749999999954,510.9076250000039,1852.8723750000004,-474.41462500000057
-0.9855000000000007,0.6072499999999996,-1.1335499999999996,288.88815000000073,1849.9877,-408.56150000000036
-0.7822500000000066,0.7088749999999967,-1.2487249999999963,76.83742500000676,1864.6081499999996,-304.29425000000333
-0.8402999999999989,0.6966000000000002,-1.2433,-58.81319999999752,1958.7374999999981,-191.23660000000208
-1.054174999999983,0.5892250000000092,-1.292124999999995,-171.19137499999573,2005.02,-137.0964749999999
-1.413750000000003,0.3922499999999983,-1.39025,-262.13200000000074,2001.2484999999992,-136.47874999999945
-1.786375000000008,0.18222499999999542,-1.397025,-349.1772000000019,1899.0408499999978,-70.04987499999856
-2.0601999999999987,-0.07339999999999802,-1.4038,-387.4,1741.1594000000014,-6.030200000000427
-2.2388500000000002,-0.3612750000000017,-1.410575,-386.2039999999999,1540.1673249999985,54.062650000000254
-2.2253000000000003,-0.6119499999999946,-1.4173499999999999,-372.1120000000003,1344.3088500000042,92.15169999999917
-2.088000000000002,-0.6728750000000004,-1.3911250000000004,-347.4352500000003,1180.3943750000012,42.584500000000894
-1.9089999999999974,-0.5939000000000072,-1.3347000000000042,-310.53610000000265,1041.474500000004,-59.174099999997225
-1.9767500000000013,-0.39742499999999636,-1.2195249999999977,-238.24007499999868,931.753374999998,-134.03107500000138
-2.0978999999999925,-0.32555000000000034,-1.1577500000000016,-132.13740000000644,775.0358000000094,-172.14884999999902
-2.2151,-0.3383750000000003,-1.1520500000000002,-17.655974999999756,593.0840249999993,-187.553225
-2.1879999999999997,-0.44000000000000167,-1.274000000000002,54.762000000001215,408.0519999999969,-187.018
-2.0797250000000016,-0.4270250000000007,-1.3243249999999998,88.89402499999979,269.5189250000014,-168.51445000000032
-1.9668999999999999,-0.34589999999999976,-1.3182999999999998,104.98590000000002,165.8672999999999,-147.91145
-1.9533500000000004,-0.19685000000000402,-1.2234500000000026,114.32184999999974,114.14695000000138,-145.60117500000007
-2.000999999999999,-0.03760000000000217,-1.1184000000000014,99.5246000000003,43.45460000000103,-147.01899999999998
-2.055624999999999,0.09687499999999745,-1.0175000000000034,63.52812500000297,-35.86874999999641,-149.59374999999991
-2.07595,0.15785000000000082,-0.9361999999999989,-7.155450000000947,-121.46410000000117,-151.99210000000002
-2.014900000000005,0.14287500000000194,-0.8549000000000047,-36.587324999998906,-203.68509999999534,-164.67624999999913
-1.9380000000000002,0.10460000000000008,-0.7780000000000001,-31.8354000000001,-276.7107999999999,-186.98859999999993
-1.8702499999999993,0.05717499999999945,-0.7102499999999992,22.655925000000636,-332.36065000000065,-224.00042500000043
-1.9174999999999989,0.0040000000000009125,-0.6770000000000005,82.01749999999899,-394.70349999999894,-269.9879999999992
-1.9852499999999997,-0.042624999999999885,-0.6751499999999999,135.21259999999987,-453.4495249999998,-314.28299999999984
-2.0529999999999977,-0.07649999999999892,-0.7157999999999987,176.56719999999868,-504.13329999999837,-353.0359999999988
-2.066075,-0.08,-0.6896249999999993,220.02982500000104,-537.0780750000007,-388.49027500000085
-2.0728499999999994,-0.040100000000004465,-0.6557500000000016,250.6310499999994,-578.5979499999974,-429.5066999999977
-2.079625,0.05475000000000079,-0.6218749999999997,263.1851250000001,-634.7423750000005,-478.7067500000004
-2.0032000000000014,0.16879999999999767,-0.6072000000000003,255.18240000000017,-709.5747999999985,-539.1451999999988
-1.9282500000000005,0.24269999999999983,-0.5904750000000001,240.55227500000012,-775.6311499999996,-600.1278499999996
-1.8604999999999996,0.2698000000000002,-0.5701499999999998,219.77334999999985,-830.4951000000003,-660.9809000000004
-2.081924999999995,0.1556750000000025,-0.4691250000000022,163.60075000000123,-868.0488999999992,-756.2323249999979
-2.4665000000000177,-0.09600000000001274,-0.2834999999999911,128.6164999999995,-941.6290000000037,-879.5505000000051
-3.0179499999999653,-0.48942499999997313,-0.01185000000001657,122.15244999999288,-1056.6523999999893,-1033.4375749999904
-3.9529000000000174,-1.2143500000000134,0.43530000000000824,315.3619000000036,-1351.6088000000054,-1294.7696500000047
-4.723374999999994,-1.4496750000000014,0.7638749999999976,664.3980249999952,-1675.4898499999965,-1438.1807999999994
-5.240999999999997,-1.2701999999999982,0.9866000000000003,1112.7450000000008,-1991.02,-1477.1865999999995
-4.46187500000002,-0.7078750000000141,1.061124999999998,1346.313124999994,-1991.02,-1377.6686250000025
-3.5499500000000115,-0.3696500000000023,1.5381999999999914,1278.628600000003,-1991.02,-1214.9669000000024
-2.496675000000057,-0.24809999999998578,2.1820249999999963,1025.255425000009,-1991.02,-1008.5200000000093
-1.080700000000038,-0.6003999999999905,2.2700999999999976,802.635700000006,-1991.02,-778.1700000000062
-0.049574999999976166,-1.0601000000000147,2.3760750000000033,574.6056999999934,-1991.02,-517.2288999999921
0.7762500000000001,-1.5425,2.56875,381.71625,-1991.02,-261.07625
1.5689250000000108,-1.8812500000000045,3.1039750000000073,356.43872499999964,-1991.02,-95.58332499999779
1.8815999999999984,-1.9752,3.3799999999999972,456.3979999999977,-1991.02,70.5815999999975
1.97,-1.847150000000001,3.4485750000000004,592.5291749999998,-1991.02,230.70412499999978
1.97,-1.318700000000016,3.1843500000000082,677.9551499999974,-1991.02,369.9642499999958
1.97,-0.8312500000000079,2.935500000000004,615.6068750000019,-1991.02,529.8473749999972
1.97,-0.4102000000000129,2.7694999999999985,480.610100000009,-1991.02,681.0769999999949
1.97,-0.1256500000000091,2.803374999999999,281.28282500000637,-1991.02,793.0677499999964
1.97,0.02265000000000271,2.6900999999999966,232.99684999999974,-1991.02,732.4569999999976
1.97,0.057725000000000665,2.5321500000000006,237.0870249999998,-1991.02,584.7449250000013
1.97,-0.07100000000000108,2.3559999999999985,273.19100000000026,-1991.02,344.726999999998
1.9526750000000004,-0.18239999999999781,2.168300000000004,395.5676999999972,-1878.3728500000027,175.41817500000315
1.8201500000000022,-0.24745000000000003,1.978600000000001,520.7249999999993,-1723.1294500000013,58.18945000000034
1.501725000000011,-0.24067500000000022,1.7889000000000066,625.7374999999963,-1529.6286750000068,6.963675000001805
1.2016000000000064,0.15649999999999042,1.4467000000000079,586.1739000000013,-1322.9580000000046,-84.02189999999791
0.8603750000000202,0.45887499999999415,1.1365000000000123,400.4838750000183,-1094.866000000013,-187.20987499999427
0.460649999999998,0.5740500000000005,0.8925999999999987,38.272049999998174,-839.6923999999987,-300.9824500000006
0.009524999999991624,0.38724999999999626,0.6872499999999963,-194.73945000000418,-682.2173499999972,-330.7931250000005
-0.3835999999999967,0.187200000000002,0.46480000000000243,-395.2471999999983,-561.4436000000009,-327.91480000000035
-0.7088000000000011,-0.00927500000000066,0.22089999999999918,-567.3051000000006,-475.72629999999975,-293.6265249999999
-0.8044999999999976,-0.25299999999999384,0.1052500000000029,-616.2227499999988,-432.5205000000011,-258.5147500000009
-0.8640999999999996,-0.48632499999999734,0.02532500000000056,-581.8644500000013,-409.69860000000006,-232.0432250000002
-0.8879000000000019,-0.7077999999999929,-0.019400000000000545,-470.8750000000047,-405.92959999999977,-209.78290000000416
-0.8404750000000012,-0.8839499999999952,-0.005850000000000364,-354.00625000000315,-410.88889999999986,-106.41672500000277
-0.8084500000000011,-0.9176500000000041,-0.057749999999994375,-156.57240000001434,-366.38340000000454,9.173199999993088
-0.779375,-0.8475,-0.155,98.5075,-280.70375,126.448125
-0.6641999999999985,-0.8203999999999997,-0.20920000000000072,318.53240000000295,-159.66159999999837,168.92060000000058
-0.6742750000000024,-0.7932999999999993,-0.23835000000000037,481.40572500000343,-69.4768749999981,232.84840000000207
-0.7157999999999902,-0.7272499999999877,-0.2528500000000008,585.2264499999984,-12.329350000001114,300.6727500000004
-0.47190000000000737,-0.4223750000000092,-0.2731749999999994,545.1929750000012,-39.923924999999166,310.4626249999997
-0.33150000000000146,-0.279500000000001,-0.28449999999999986,534.8774999999999,-39.17300000000025,315.86499999999995
-0.22812500000000058,-0.15987500000000127,-0.31549999999999956,455.0867750000016,-13.12302500000024,314.1507000000001
-0.0587499999999983,0.21275000000000377,-0.45100000000000134,10.789049999995541,60.243450000000735,291.3053999999998
-0.13062499999998978,0.04980000000002294,-0.29700000000001636,-81.96400000000298,-49.59049999998891,282.96405000000016
-0.1944000000000131,-0.25919999999999616,-0.11239999999999555,-58.65959999999713,-211.2703999999958,264.0748000000034
0.08337500000001398,-0.3405000000000041,-0.2072500000000048,-119.50587500000306,-301.1678750000045,192.11074999999636
0.18604999999999905,-0.49389999999999645,-0.116700000000003,-21.871200000002972,-322.9463,203.45824999999925
0.2835249999999985,-0.6046000000000004,-0.0003750000000002293,140.53819999999865,-307.98485000000034,216.94810000000032
0.5071000000000015,-0.5503999999999997,0.033500000000000224,340.15680000000134,-254.61139999999963,169.60439999999969
0.5280999999999995,-0.4031249999999966,-0.19542500000000587,398.4218500000005,-130.96632499999717,112.1155249999988
0.3885000000000185,-0.26300000000000406,-0.3855000000000007,350.01425000000984,-3.805000000005066,75.16999999999953
0.022650000000013513,-0.181700000000003,-0.3719500000000005,154.57582500000723,96.87149999999629,84.38399999999966
-0.07639999999999872,-0.21639999999999873,-0.22500000000000397,39.69360000000239,24.783400000002374,54.62200000000085
-0.1434749999999991,-0.2319750000000005,-0.042750000000002036,1.5848499999993493,-88.60917499999866,26.316250000000153
-0.23155000000000028,-0.18454999999999983,0.16050000000000067,66.61130000000021,-222.00215000000046,11.072499999999948
-0.1052499999999975,-0.3576250000000033,0.12487499999999897,161.96262500000165,-264.49400000000054,-73.78800000000155
0.003200000000001632,-0.5135000000000031,0.0987000000000006,267.8691000000035,-259.92049999999836,-146.2149000000014
0.057399999999997814,-0.6151249999999959,0.11902499999999917,383.5793249999953,-205.34787500000218,-192.15617499999817
0.1760999999999967,-0.62,0.18449999999999817,603.592499999994,-121.90505000000228,-213.19399999999948
