-0.42385,-0.20354999999999998,0.24519999999999997
-0.31,-0.0,0.19
-0.34105,-0.08279999999999998,0.22105000000000002
-0.3721,-0.16559999999999997,0.2521
-0.39475,-0.2449,0.27965
-0.343,-0.29319999999999996,0.2762
-0.29125000000000006,-0.34149999999999997,0.27275000000000005
-0.25,-0.3856,0.26930000000000004
-0.25,-0.41319999999999996,0.26585000000000003
-0.25,-0.4408,0.2624
-0.25420000000000004,-0.46,0.26315
-0.26799999999999996,-0.46,0.27349999999999997
-0.2818,-0.46,0.28385
-0.2872,-0.45020000000000004,0.28859999999999997
-0.2803,-0.42605,0.28515
-0.27340000000000003,-0.4019000000000001,0.2817
-0.277,-0.38475000000000004,0.2765
-0.2908,-0.3744,0.2696
-0.3046,-0.36405,0.2627
-0.3226,-0.3663,0.2621
-0.3433,-0.37665,0.26555
-0.364,-0.387,0.269
-0.37245,-0.37529999999999997,0.27980000000000005
-0.3759,-0.3546,0.29359999999999997
-0.37935,-0.3339,0.3074
-0.38839999999999997,-0.31040000000000006,0.3156
-0.39875,-0.28625,0.3225
-0.4091,-0.26209999999999994,0.3294
-0.41945,-0.25370000000000004,0.3363
-0.42979999999999996,-0.24680000000000002,0.34319999999999995
-0.43989999999999996,-0.23995,0.35
-0.433,-0.2365,0.35
-0.4261,-0.23305,0.35
-0.42119999999999996,-0.23159999999999997,0.35159999999999997
-0.43155,-0.2454,0.3654
-0.4419,-0.25920000000000004,0.37920000000000004
-0.45375,-0.27075,0.38925000000000004
-0.471,-0.2742,0.38580000000000003
-0.48824999999999996,-0.27765,0.38235
-0.5,-0.27890000000000004,0.37670000000000003
-0.5,-0.27545000000000003,0.36635
-0.5,-0.272,0.35600000000000004
-0.5115999999999999,-0.27725,0.35
-0.5392,-0.29450000000000004,0.35
-0.5668000000000001,-0.31175,0.35
-0.5836,-0.3272,0.3518
-0.5904999999999999,-0.3409999999999999,0.35524999999999995
-0.5974,-0.3548,0.3587
-0.6064499999999999,-0.3471,0.37289999999999995
-0.6167999999999999,-0.3264000000000001,0.3935999999999999
-0.62715,-0.3056999999999999,0.41430000000000006
-0.64,-0.2925,0.425
-0.6537999999999999,-0.28215,0.43189999999999995
-0.6676000000000001,-0.2718,0.4388
-0.6814,-0.26715,0.44855
-0.6951999999999999,-0.26370000000000005,0.4589
-0.7090000000000001,-0.26025,0.46925
-0.7259999999999998,-0.2632,0.4923999999999998
-0.74325,-0.26665,0.51655
-0.7612000000000002,-0.27020000000000005,0.5408000000000002
-0.8025999999999996,-0.27709999999999996,0.5683999999999998
-0.844,-0.284,0.596
-0.8822499999999999,-0.2922499999999999,0.6226999999999999
-0.8995000000000001,-0.3095,0.6434000000000001
-0.91675,-0.32675,0.6641
-0.9292,-0.3455999999999999,0.6824
-0.9257500000000001,-0.36975,0.6927500000000001
-0.9223,-0.3939,0.7031
-0.9154000000000001,-0.41114999999999996,0.7134499999999999
-0.9016,-0.41459999999999997,0.7238
-0.8878,-0.41805,0.73415
-0.8815,-0.41550000000000004,0.7385
-0.88495,-0.40514999999999995,0.73505
-0.8884,-0.39480000000000004,0.7316
-0.9066500000000002,-0.3974000000000001,0.73555
-0.9376999999999998,-0.4111999999999999,0.7458999999999999
-0.9687499999999997,-0.4249999999999999,0.7562499999999999
-0.9690000000000001,-0.4475999999999999,0.7644
-0.95175,-0.4752000000000001,0.7713000000000001
-0.9345,-0.5028,0.7782
-0.8917499999999996,-0.5406000000000003,0.7595999999999998
-0.8400000000000003,-0.5819999999999997,0.7320000000000002
-0.7882500000000006,-0.6233999999999996,0.7044000000000002
-0.7597,-0.6589999999999999,0.6391000000000001
-0.7355500000000001,-0.6934999999999998,0.5666500000000004
-0.7113999999999999,-0.728,0.4941999999999999
-0.7067499999999999,-0.7625000000000003,0.4249999999999994
-0.7032999999999999,-0.7970000000000002,0.35599999999999965
-0.6985000000000002,-0.82985,0.2868500000000006
-0.664,-0.8263999999999999,0.2144000000000001
-0.6295000000000002,-0.82295,0.14195000000000035
-0.5870000000000007,-0.8160000000000002,0.07950000000000003
-0.497300000000001,-0.7884000000000003,0.07605000000000005
-0.4075999999999995,-0.7607999999999998,0.07259999999999998
-0.3102500000000022,-0.7357500000000003,0.07934999999999932
-0.1895000000000001,-0.7185,0.11729999999999997
-0.0687500000000005,-0.70125,0.15524999999999983
0.019599999999999784,-0.6935999999999999,0.19559999999999966
0.04720000000000027,-0.7039500000000001,0.24045000000000044
0.07480000000000017,-0.7143,0.2853000000000003
0.03420000000000212,-0.744799999999999,0.3254999999999994
-0.09000000000000002,-0.8,0.36
-0.2141999999999996,-0.8551999999999998,0.39449999999999985
-0.31559999999999944,-0.9122999999999997,0.39670000000000016
-0.3983999999999992,-0.9709499999999994,0.37255000000000027
-0.4812000000000006,-1.0296000000000005,0.3483999999999998
-0.4987499999999999,-1.0702500000000001,0.33099999999999996
-0.4815,-1.1013,0.3172
-0.46425000000000005,-1.1323499999999997,0.3034
-0.41320000000000034,-1.1036000000000001,0.2974
-0.3511000000000006,-1.0553000000000003,0.29395
-0.28899999999999954,-1.0069999999999997,0.2904999999999999
-0.31835000000000024,-0.9350999999999996,0.2959
-0.36319999999999913,-0.8592000000000014,0.30279999999999985
-0.4080499999999999,-0.7833000000000001,0.3097
-0.4561999999999998,-0.7239000000000003,0.31989999999999996
-0.5044999999999996,-0.6652500000000005,0.33024999999999993
-0.5487999999999998,-0.6075999999999996,0.3410000000000002
-0.5280999999999999,-0.5661999999999997,0.3582500000000001
-0.5074000000000004,-0.5248000000000007,0.3754999999999997
-0.48285,-0.49219999999999997,0.38780000000000003
-0.43800000000000017,-0.506,0.37400000000000005
-0.39315000000000033,-0.5197999999999999,0.3602000000000001
-0.3725999999999995,-0.5470999999999993,0.3491
-0.42090000000000033,-0.6126500000000005,0.34564999999999996
-0.4692000000000002,-0.6782000000000002,0.3422
-0.50375,-0.7324999999999999,0.34500000000000003
-0.5141,-0.7669999999999999,0.35879999999999995
-0.52445,-0.8014999999999998,0.37259999999999993
-0.5092000000000004,-0.8136000000000001,0.3927999999999997
-0.4643499999999997,-0.7997999999999998,0.4204000000000002
-0.4194999999999998,-0.7859999999999999,0.4480000000000001
-0.3844000000000006,-0.7449000000000012,0.45220000000000027
-0.35680000000000006,-0.6828000000000002,0.4384
-0.32920000000000016,-0.6207000000000004,0.4246000000000001
-0.3062000000000002,-0.5816000000000002,0.3901000000000004
-0.28549999999999986,-0.5539999999999998,0.3452499999999996
-0.2647999999999999,-0.5263999999999999,0.3003999999999998
-0.2441000000000004,-0.5305999999999997,0.23170000000000143
-0.22340000000000004,-0.5444,0.1558000000000001
-0.2027000000000001,-0.5582,0.07990000000000039
-0.15200000000000047,-0.6169999999999995,0.05200000000000018
-0.09680000000000064,-0.6825499999999993,0.03130000000000024
-0.041599999999999686,-0.7481000000000004,0.01059999999999988
0.023650000000000143,-0.8404500000000003,0.03680000000000006
0.08919999999999995,-0.9336,0.06439999999999997
0.1514999999999999,-1.0249999999999997,0.08925000000000004
0.17220000000000027,-1.094000000000001,0.07889999999999986
0.19289999999999977,-1.1629999999999991,0.06855000000000011
0.20820000000000013,-1.2223999999999997,0.06059999999999995
0.19784999999999997,-1.2362,0.06405000000000001
0.1875000000000002,-1.2499999999999998,0.06749999999999994
0.17715000000000003,-1.2505000000000002,0.07569999999999993
0.16680000000000006,-1.2160000000000002,0.09639999999999987
0.1564500000000001,-1.1815000000000002,0.1170999999999998
0.12399999999999949,-1.1469999999999998,0.1456000000000003
0.055000000000001145,-1.1125000000000005,0.18699999999999933
-0.014000000000000061,-1.078,0.22840000000000005
-0.06484999999999992,-1.0303000000000002,0.24175000000000005
-0.09590000000000047,-0.9681999999999991,0.22449999999999976
-0.12694999999999973,-0.9061000000000006,0.20725000000000016
-0.10400000000000079,-0.834000000000001,0.1780000000000005
-0.04189999999999971,-0.7546499999999996,0.1400499999999998
0.020199999999998823,-0.6753000000000016,0.10210000000000072
0.09169999999999989,-0.6265000000000001,0.07825000000000003
0.16759999999999964,-0.5920000000000002,0.06100000000000008
0.24350000000000094,-0.5574999999999997,0.04374999999999979
0.2546000000000001,-0.5985999999999994,0.06699999999999962
0.2477000000000001,-0.6606999999999991,0.10149999999999951
0.2408,-0.7228000000000001,0.1360000000000001
0.22170000000000045,-0.8062499999999981,0.1613499999999995
0.20099999999999965,-0.8925000000000014,0.1855000000000004
0.18030000000000015,-0.9787499999999993,0.2096499999999998
0.2310000000000005,-1.0276000000000005,0.23380000000000023
0.28275000000000033,-1.0759000000000003,0.2579500000000002
0.3356999999999989,-1.1203,0.2785000000000003
0.40125,-1.12375,0.26125000000000004
0.46679999999999977,-1.1272,0.24400000000000008
0.5252000000000004,-1.1280499999999998,0.2215499999999994
0.5527999999999997,-1.1177000000000001,0.17670000000000047
0.5803999999999996,-1.1073500000000003,0.1318500000000006
0.6220000000000003,-1.096,0.09599999999999995
0.6978999999999984,-1.0822000000000003,0.08220000000000027
0.7737999999999998,-1.0684,0.06840000000000003
0.8672499999999967,-1.0505500000000008,0.045150000000000995
0.9880000000000013,-1.0263999999999998,0.007199999999999561
1.108749999999996,-1.0022500000000008,-0.03074999999999875
1.1632000000000005,-1.0018999999999991,-0.07549999999999811
1.1494,-1.0260500000000001,-0.12725000000000009
1.1356,-1.0502,-0.17899999999999994
1.11155,-1.0989499999999996,-0.18360000000000015
1.0805000000000002,-1.1644999999999994,-0.15600000000000022
1.049449999999999,-1.2300500000000019,-0.12839999999999918
1.0256000000000003,-1.2859999999999991,-0.07440000000000097
1.0049000000000003,-1.337749999999999,-0.008850000000001176
0.9841999999999996,-1.3895000000000008,0.056700000000001305
0.9937499999999996,-1.427499999999999,0.059000000000000344
1.0110000000000003,-1.4620000000000004,0.045199999999999824
1.02825,-1.4965000000000004,0.031399999999999866
1.0083000000000009,-1.4969000000000001,0.008300000000000841
0.9841499999999999,-1.49345,-0.01585000000000008
0.96,-1.49,-0.04
0.8392500000000004,-1.4624000000000001,-0.008950000000000097
0.7185000000000008,-1.4348,0.0220999999999998
0.6037000000000006,-1.400900000000001,0.049300000000000066
0.5416000000000007,-1.311200000000001,0.04240000000000009
0.47950000000000104,-1.2215000000000014,0.035500000000000115
0.4265000000000003,-1.1395000000000008,0.024400000000000546
0.4092500000000004,-1.087750000000001,-0.003199999999999363
0.39199999999999974,-1.0359999999999991,-0.03080000000000041
0.35375000000000256,-1.0125999999999988,-0.026900000000002255
0.2674999999999993,-1.0540000000000005,0.049000000000000626
0.18124999999999958,-1.0954000000000004,0.12490000000000037
0.1019999999999999,-1.1312000000000002,0.1910000000000001
0.03300000000000011,-1.1588,0.2427499999999999
-0.035999999999999664,-1.1864,0.29449999999999976
-0.08224999999999981,-1.2035,0.3130000000000001
-0.10639999999999973,-1.2104,0.2992000000000002
-0.13054999999999967,-1.2172999999999998,0.2854000000000002
-0.16519999999999926,-1.2221,0.2779000000000001
-0.20659999999999912,-1.22555,0.2744500000000001
-0.2480000000000007,-1.229,0.27099999999999996
-0.27714999999999934,-1.1981500000000014,0.2675500000000001
-0.30130000000000023,-1.1532999999999995,0.2641
-0.3254500000000002,-1.1084499999999997,0.26065
-0.32440000000000024,-1.0860000000000007,0.25720000000000015
-0.3175,-1.06875,0.25375000000000003
-0.31060000000000004,-1.0515,0.2503
-0.31629999999999997,-1.05315,0.25944999999999996
-0.32319999999999993,-1.0566,0.26979999999999993
-0.32974999999999954,-1.0603500000000008,0.28010000000000024
-0.31250000000000033,-1.0844999999999996,0.2869999999999999
-0.29525000000000035,-1.1086499999999995,0.2938999999999999
-0.28080000000000016,-1.1328000000000003,0.30560000000000087
-0.28769999999999984,-1.1569499999999993,0.3538999999999987
-0.2946000000000001,-1.1811000000000003,0.40220000000000056
-0.30075,-1.2045000000000001,0.44375000000000014
-0.30419999999999986,-1.2251999999999992,0.46099999999999935
-0.30765,-1.2459,0.47825
-0.3078,-1.249,0.47900000000000004
-0.3009,-1.2145000000000001,0.4445000000000002
-0.29400000000000004,-1.1800000000000002,0.4100000000000003
-0.3044999999999996,-1.1513000000000002,0.39
-0.33899999999999947,-1.1306000000000003,0.39
-0.3734999999999994,-1.1099000000000003,0.39
-0.41159999999999913,-1.0946000000000002,0.4025999999999995
-0.45299999999999896,-1.0842500000000004,0.4267499999999994
-0.49440000000000056,-1.0738999999999999,0.45090000000000036
-0.49924999999999986,-1.0614,0.46
-0.4819999999999999,-1.0475999999999999,0.46
-0.46474999999999994,-1.0338,0.46
-0.4225,-1.0050000000000001,0.45
-0.3707500000000002,-0.9705000000000001,0.43620000000000003
-0.31900000000000034,-0.9360000000000003,0.42240000000000005
-0.30715000000000003,-0.92715,0.3886500000000004
-0.3037,-0.9237000000000001,0.3507000000000005
-0.3002500000000001,-0.9202500000000001,0.31275000000000064
-0.3351999999999992,-0.9519999999999993,0.31
-0.3731499999999991,-0.9864999999999993,0.31
-0.41090000000000043,-1.0213000000000008,0.3102000000000001
-0.44194999999999907,-1.0661499999999986,0.3170999999999998
-0.47300000000000025,-1.1110000000000002,0.32400000000000007
-0.49369999999999975,-1.1554000000000002,0.32955
-0.4454000000000019,-1.1967999999999983,0.32610000000000017
-0.39710000000000006,-1.2382,0.32265
-0.3560000000000001,-1.2692,0.3168000000000001
-0.3387500000000001,-1.2657500000000002,0.30300000000000016
-0.3215000000000002,-1.2623,0.2892000000000002
-0.3180500000000006,-1.2519499999999995,0.2846000000000004
-0.34219999999999956,-1.2278000000000004,0.2983999999999998
-0.3663499999999995,-1.2036500000000006,0.3121999999999997
-0.4010000000000008,-1.1839999999999997,0.31549999999999984
-0.44929999999999864,-1.1702000000000004,0.3051500000000003
-0.4976000000000005,-1.1563999999999999,0.2947999999999999
-0.5588500000000005,-1.14445,0.29185
-0.6312999999999973,-1.1341000000000003,0.29529999999999984
-0.70375,-1.12375,0.29874999999999996
-0.7519999999999999,-1.1090000000000002,0.32639999999999986
-0.7864999999999998,-1.0917500000000002,0.3677999999999997
-0.8209999999999996,-1.0745000000000002,0.40919999999999956
-0.7943000000000006,-1.0521500000000004,0.4556999999999994
-0.7460000000000008,-1.0280000000000005,0.5039999999999992
-0.6977000000000009,-1.0038500000000006,0.5522999999999991
-0.6465000000000012,-0.9826000000000005,0.5426000000000005
-0.5947500000000013,-0.9619000000000005,0.5219000000000006
-0.5429999999999995,-0.9411999999999997,0.5011999999999998
-0.5822499999999986,-0.9854999999999984,0.5097499999999997
-0.6271000000000002,-1.0338000000000003,0.5201000000000001
-0.6734500000000001,-1.0815000000000001,0.5309
-0.7527999999999999,-1.1159999999999999,0.5516
-0.8321499999999996,-1.1504999999999999,0.5722999999999999
-0.8960000000000002,-1.1710000000000005,0.5830000000000004
-0.8684000000000003,-1.1089000000000007,0.5347000000000005
-0.8407999999999992,-1.0467999999999984,0.4863999999999987
-0.8029999999999984,-0.9642999999999966,0.43214999999999837
-0.7340000000000014,-0.8194000000000031,0.3597000000000016
-0.6650000000000017,-0.6745000000000035,0.2872500000000018
-0.6223999999999998,-0.5656000000000011,0.2423999999999998
-0.6293000000000001,-0.5241999999999996,0.24930000000000008
-0.6362000000000001,-0.48279999999999973,0.25620000000000004
-0.6787500000000003,-0.49410000000000026,0.29100000000000026
-0.7649999999999965,-0.569999999999997,0.35999999999999716
-0.8512499999999962,-0.6458999999999967,0.42899999999999694
-0.9070999999999998,-0.7046999999999998,0.49419999999999964
-0.9381499999999997,-0.7495499999999996,0.5562999999999994
-0.9691999999999996,-0.7943999999999994,0.6183999999999992
-0.9260000000000014,-0.7830000000000007,0.6332500000000002
-0.8432000000000016,-0.7416000000000008,0.6229000000000002
-0.7603999999999985,-0.7001999999999992,0.6125499999999998
-0.6983999999999991,-0.6509999999999992,0.5475999999999988
-0.6432000000000015,-0.5992500000000015,0.46480000000000243
-0.5880000000000017,-0.5475000000000018,0.3820000000000027
-0.6537500000000004,-0.5636000000000002,0.3493499999999999
-0.7400000000000001,-0.5912000000000001,0.32519999999999993
-0.8262499999999998,-0.6187999999999999,0.30105000000000004
-0.8629999999999998,-0.7057999999999995,0.44189999999999924
-0.8974999999999983,-0.7954999999999955,0.5902499999999926
-0.9261999999999981,-0.882000000000001,0.7354000000000027
-0.860650000000001,-0.9164999999999994,0.8285499999999986
-0.7951000000000013,-0.9509999999999994,0.9216999999999983
-0.7449499999999993,-0.9668000000000018,0.9824000000000024
-0.7759999999999992,-0.884000000000002,0.8720000000000028
-0.8070500000000004,-0.8011999999999989,0.7615999999999986
-0.83,-0.7210999999999993,0.6556999999999991
-0.83,-0.6486499999999995,0.5625499999999994
-0.83,-0.5762000000000027,0.46940000000000354
-0.7962500000000038,-0.512500000000002,0.39875000000000127
-0.7031000000000003,-0.46420000000000017,0.3677000000000001
-0.6099500000000007,-0.4159000000000003,0.3366500000000002
-0.5376000000000005,-0.4027999999999997,0.32639999999999986
-0.4893000000000006,-0.4303999999999996,0.34019999999999984
-0.4409999999999988,-0.4580000000000007,0.3540000000000003
-0.39464999999999906,-0.5109500000000016,0.3717000000000004
-0.349800000000001,-0.5833999999999984,0.3923999999999995
-0.30495000000000116,-0.6558499999999982,0.4130999999999994
-0.2693000000000009,-0.7006999999999991,0.40850000000000053
-0.23824999999999974,-0.7317500000000003,0.3912499999999999
-0.20719999999999986,-0.7628000000000001,0.3739999999999999
-0.19735,-0.7753,0.33819999999999995
-0.19390000000000016,-0.7821999999999998,0.2968000000000018
-0.19045000000000017,-0.7890999999999997,0.2554000000000019
-0.2110000000000008,-0.7779999999999996,0.23799999999999955
-0.23514999999999972,-0.7642000000000002,0.22420000000000015
-0.25929999999999964,-0.7504000000000002,0.2104000000000002
-0.2934999999999994,-0.7667499999999997,0.23679999999999948
-0.3280000000000007,-0.7840000000000004,0.2644000000000005
-0.3612500000000003,-0.8007500000000002,0.2920000000000004
-0.3785000000000002,-0.8111000000000002,0.31960000000000033
-0.39574999999999944,-0.8214499999999997,0.3471999999999991
-0.40220000000000156,-0.8258000000000008,0.37359999999999927
-0.35734999999999983,-0.8016499999999999,0.39430000000000004
-0.3125,-0.7775,0.415
-0.27810000000000007,-0.7486000000000002,0.4252500000000001
-0.27120000000000005,-0.7072000000000003,0.40800000000000014
-0.26430000000000037,-0.6658000000000022,0.3907500000000009
-0.2821000000000017,-0.6178999999999983,0.3773999999999998
-0.34074999999999905,-0.5592500000000009,0.3705000000000001
-0.3993999999999988,-0.5006000000000012,0.36360000000000015
-0.4349499999999998,-0.47494999999999976,0.3616499999999999
-0.44529999999999975,-0.48529999999999973,0.3650999999999999
-0.4556500000000001,-0.4956500000000001,0.36855000000000004
-0.43599999999999967,-0.5380000000000005,0.37400000000000005
-0.3946000000000015,-0.6035499999999976,0.38089999999999974
-0.3532000000000017,-0.6690999999999974,0.38779999999999976
-0.33529999999999976,-0.6970500000000004,0.39
-0.3284,-0.7073999999999999,0.39
-0.32150000000000006,-0.7177499999999999,0.39
-0.3334999999999998,-0.7011000000000003,0.3765000000000002
-0.35074999999999973,-0.6769500000000004,0.3592500000000003
-0.3680000000000004,-0.6527999999999995,0.34199999999999964
-0.36694999999999994,-0.6347499999999997,0.3705000000000007
-0.3635000000000002,-0.6175000000000012,0.40499999999999775
-0.3600499999999999,-0.6002499999999997,0.43950000000000045
-0.3260000000000025,-0.572800000000002,0.45699999999999874
-0.29149999999999976,-0.5451999999999998,0.4742500000000001
-0.2648000000000002,-0.5215000000000001,0.4933000000000001
-0.32,-0.53875,0.53125
-0.3751999999999998,-0.5559999999999999,0.5691999999999998
-0.4251999999999998,-0.57,0.6051999999999997
-0.4527999999999997,-0.57,0.6327999999999997
-0.4803999999999996,-0.57,0.6603999999999997
-0.5019999999999999,-0.5550000000000008,0.6770000000000003
-0.5088999999999999,-0.503250000000001,0.6666500000000002
-0.5158000000000004,-0.4514999999999969,0.6562999999999994
-0.5240499999999998,-0.3984000000000014,0.6324500000000012
-0.5343999999999998,-0.3432000000000016,0.5876000000000013
-0.5447499999999997,-0.2880000000000018,0.5427500000000015
-0.5533999999999998,-0.24980000000000074,0.4826000000000028
-0.5603000000000002,-0.22909999999999914,0.40669999999999673
-0.5672000000000003,-0.2083999999999992,0.330799999999997
-0.5761499999999995,-0.1938500000000005,0.2918000000000006
-0.5864999999999995,-0.18350000000000052,0.2780000000000007
-0.5968499999999994,-0.17315000000000055,0.2642000000000007
-0.5951999999999998,-0.20840000000000147,0.25759999999999994
-0.5882999999999998,-0.2636000000000013,0.25414999999999993
-0.5813999999999998,-0.3188000000000011,0.2506999999999999
-0.555250000000002,-0.37949999999999595,0.23350000000000137
-0.5242000000000021,-0.4415999999999957,0.21280000000000143
-0.4931499999999997,-0.5037000000000006,0.1920999999999998
-0.5365000000000003,-0.5348000000000002,0.23960000000000037
