-0.38935000000000003,0.0014000000000000054,0.322525
-0.46,-0.03,0.35
-0.424675,0.06812500000000002,0.385325
-0.38935,0.16625000000000004,0.42065
-0.35935,0.19159999999999996,0.431125
-0.3358,0.12879999999999997,0.4115
-0.31225,0.06600000000000002,0.39187500000000003
-0.30645,-0.032299999999999995,0.35450000000000004
-0.302525,-0.13435000000000014,0.3152499999999999
-0.30560000000000004,-0.21120000000000005,0.28159999999999996
-0.32130000000000003,-0.24260000000000007,0.25804999999999995
-0.337,-0.274,0.23450000000000001
-0.36540000000000006,-0.3244500000000001,0.226825
-0.3968,-0.3794,0.22290000000000001
-0.421025,-0.42717499999999997,0.22
-0.42495,-0.45465000000000005,0.22
-0.428875,-0.482125,0.22
-0.43560000000000004,-0.49560000000000004,0.22280000000000003
-0.44345,-0.5034500000000001,0.226725
-0.44804999999999995,-0.5047999999999999,0.23195000000000005
-0.436275,-0.47340000000000004,0.243725
-0.4245,-0.442,0.2555
-0.42485,-0.40332500000000004,0.262425
-0.43270000000000003,-0.36014999999999986,0.26635000000000003
-0.43944999999999995,-0.3150499999999997,0.269725
-0.4316,-0.2444,0.26580000000000004
-0.42374999999999996,-0.17375000000000002,0.261875
-0.40359999999999996,-0.10925000000000001,0.2641
-0.3722,-0.05037499999999998,0.27195
-0.3407999999999999,0.008500000000000299,0.27980000000000005
-0.34765,0.03295000000000002,0.28765
-0.3555,0.05650000000000003,0.2955
-0.3734,0.05994999999999998,0.294975
-0.40480000000000016,0.03639999999999986,0.28319999999999995
-0.43620000000000003,0.012849999999999966,0.27142499999999997
-0.4469,-0.014150000000000044,0.28035000000000004
-0.45475,-0.041624999999999926,0.29212499999999997
-0.46390000000000003,-0.06390000000000003,0.3039
-0.47567500000000007,-0.07567500000000008,0.3156750000000001
-0.48745,-0.08745000000000003,0.32745
-0.5115250000000001,-0.09615000000000001,0.33615
-0.539,-0.10399999999999998,0.344
-0.5646250000000002,-0.11740000000000009,0.34537499999999993
-0.5842499999999999,-0.14879999999999996,0.32575
-0.603875,-0.1802000000000001,0.3061249999999999
-0.6235000000000002,-0.2062000000000002,0.3081000000000001
-0.6431250000000001,-0.2297500000000001,0.3198750000000001
-0.66,-0.24779999999999985,0.33440000000000025
-0.66,-0.23209999999999995,0.3658000000000001
-0.66,-0.2164,0.3972
-0.6716250000000001,-0.1704749999999997,0.4518500000000003
-0.69125,-0.10375000000000001,0.5225
-0.7124500000000002,-0.03667499999999965,0.5912250000000001
-0.7674,0.03790000000000002,0.6187
-0.8223500000000002,0.11247500000000038,0.6461750000000002
-0.85975,0.14415,0.6522
-0.8793750000000001,0.13237499999999994,0.6365
-0.8990000000000002,0.12059999999999987,0.6207999999999998
-0.9,0.0566749999999996,0.6125499999999999
-0.9,-0.0100500000000001,0.6047
-0.907875,-0.08307499999999976,0.6236249999999999
-0.9275,-0.16550000000000015,0.6825000000000001
-0.9471250000000001,-0.24792500000000053,0.7413750000000003
-0.9366,-0.30020000000000013,0.7935500000000001
-0.9208999999999999,-0.34730000000000033,0.8445750000000003
-0.9076,-0.38720000000000027,0.8836000000000002
-0.89975,-0.41074999999999995,0.895375
-0.8919,-0.4343000000000001,0.90715
-0.8721499999999999,-0.45487500000000014,0.8861999999999998
-0.8485999999999999,-0.47450000000000003,0.8547999999999999
-0.8184499999999995,-0.49412500000000015,0.8209249999999996
-0.7635000000000003,-0.5137499999999999,0.7777500000000002
-0.70855,-0.533375,0.734575
-0.6379999999999997,-0.5374,0.6731999999999997
-0.5594999999999993,-0.533475,0.6025499999999994
-0.48369999999999924,-0.5268499999999996,0.5300999999999989
-0.42874999999999996,-0.499375,0.44375000000000003
-0.37379999999999974,-0.4718999999999999,0.3573999999999996
-0.289924999999999,-0.43774999999999964,0.2754999999999993
-0.18394999999999945,-0.3984999999999998,0.19699999999999962
-0.07887499999999997,-0.360225,0.11947499999999997
-0.020000000000000226,-0.37199999999999994,0.0920000000000001
0.038875000000000604,-0.38377500000000014,0.06452499999999972
0.07,-0.44180000000000064,0.059250000000000115
0.07,-0.5517000000000002,0.07887500000000003
0.07,-0.6615999999999997,0.09849999999999995
0.015625000000000444,-0.804124999999999,0.10724999999999994
-0.04325000000000038,-0.949350000000001,0.11510000000000005
-0.10360000000000014,-1.0577,0.11114999999999994
-0.166400000000001,-1.1048000000000007,0.08759999999999962
-0.22919999999999957,-1.1518999999999997,0.06405000000000015
-0.27900000000000036,-1.1242499999999997,0.07300000000000012
-0.3261000000000001,-1.0810749999999998,0.08870000000000006
-0.3864000000000015,-1.0566000000000004,0.10440000000000027
-0.48060000000000114,-1.0801500000000004,0.1201000000000002
-0.5748000000000008,-1.1037000000000003,0.13580000000000014
-0.60575,-1.1243750000000001,0.12849999999999995
-0.6136,-1.144,0.11280000000000003
-0.5917249999999981,-1.1636250000000001,0.1043500000000003
-0.43864999999999865,-1.1832500000000001,0.1279000000000002
-0.28557499999999936,-1.2028750000000001,0.1514500000000001
-0.21500000000000002,-1.2275,0.185
-0.19144999999999968,-1.2549750000000004,0.22425000000000056
-0.17350000000000038,-1.27965,0.2571999999999997
-0.21275000000000022,-1.275725,0.22579999999999983
-0.25200000000000006,-1.2718,0.19439999999999996
-0.26787500000000003,-1.2593750000000001,0.18212499999999998
-0.26394999999999996,-1.2397499999999997,0.18605000000000005
-0.260025,-1.220125,0.18997500000000003
-0.21319999999999995,-1.2122,0.1822
-0.16610000000000014,-1.20435,0.17435000000000003
-0.1277499999999997,-1.1842499999999996,0.14724999999999944
-0.10027499999999984,-1.1489249999999998,0.09622499999999967
-0.07279999999999945,-1.1135999999999995,0.04519999999999896
-0.08409999999999997,-1.071225,0.03647500000000001
-0.09980000000000018,-1.0280499999999995,0.032549999999999954
-0.12237500000000026,-0.9944999999999999,0.04512500000000032
-0.15770000000000012,-0.9787999999999999,0.08830000000000013
-0.1930250000000006,-0.9630999999999997,0.13147500000000073
-0.19685000000000002,-0.9316500000000002,0.1148000000000002
-0.19292499999999999,-0.8963249999999997,0.08339999999999975
-0.18699999999999997,-0.8639999999999999,0.06300000000000004
-0.1752249999999998,-0.8404499999999996,0.0747750000000002
-0.16344999999999985,-0.8168999999999997,0.08655000000000015
-0.13779999999999973,-0.7905749999999998,0.11220000000000027
-0.10639999999999987,-0.7630999999999999,0.14360000000000014
-0.07062500000000002,-0.739375,0.17375000000000002
-0.011749999999999192,-0.7354499999999999,0.19730000000000034
0.04712499999999949,-0.731525,0.2208499999999998
0.05799999999999955,-0.7324,0.18919999999999845
0.038374999999999986,-0.736325,0.12247499999999995
0.01625000000000021,-0.7409999999999999,0.059500000000000025
-0.04262500000000061,-0.7567000000000002,0.05164999999999992
-0.10150000000000034,-0.7724000000000001,0.04379999999999996
-0.09354999999999862,-0.7941750000000005,0.03594999999999984
-0.02289999999999892,-0.8216500000000004,0.028099999999999882
0.047749999999999494,-0.8491249999999998,0.020250000000000056
0.12220000000000047,-0.8728000000000001,0.004799999999999898
0.19677500000000014,-0.8963500000000001,-0.010900000000000035
0.2548500000000006,-0.9199000000000004,-0.029900000000000378
0.2901750000000004,-0.9434500000000002,-0.053450000000000275
0.3254999999999996,-0.9669999999999997,-0.07699999999999975
0.35740000000000066,-1.0008250000000007,-0.06629999999999966
0.3887999999999999,-1.03615,-0.05060000000000002
0.41765000000000024,-1.0714750000000004,-0.03617499999999985
0.44120000000000015,-1.1068000000000002,-0.024399999999999908
0.46475000000000005,-1.142125,-0.012624999999999957
0.47305,-1.1774500000000006,-0.0038999999999998636
0.47697500000000004,-1.2127750000000004,0.003950000000000103
0.4827000000000003,-1.2409000000000001,0.007299999999999682
0.49447500000000005,-1.244825,-0.004475000000000052
0.50625,-1.24875,-0.01625
0.4992999999999998,-1.252675,-0.02535000000000011
0.48359999999999986,-1.2566,-0.03320000000000008
0.47,-1.2568499999999994,-0.042100000000000366
0.47,-1.2332999999999996,-0.057800000000000296
0.47,-1.20975,-0.07349999999999994
0.4999000000000005,-1.1884999999999997,-0.08
0.5509250000000002,-1.1688749999999999,-0.08
0.6031500000000001,-1.15015,-0.08015000000000001
0.6855750000000013,-1.154075,-0.08407500000000007
0.7679999999999995,-1.158,-0.08799999999999997
0.8735250000000032,-1.1754000000000007,-0.08229999999999961
1.0030500000000027,-1.2068000000000005,-0.06659999999999969
1.1325749999999972,-1.2381999999999993,-0.05090000000000032
1.0141999999999984,-1.2326,-0.11660000000000083
0.880749999999999,-1.22475,-0.18725000000000053
0.7782999999999999,-1.23085,-0.23620000000000005
0.7233500000000002,-1.258325,-0.2519
0.6684000000000003,-1.2857999999999998,-0.26759999999999995
0.6666500000000002,-1.3299000000000012,-0.2633499999999998
0.6744999999999999,-1.3769999999999993,-0.2555000000000001
0.678825,-1.4135250000000001,-0.2464749999999998
0.6748999999999999,-1.4253,-0.23469999999999985
0.670975,-1.437075,-0.2229249999999999
0.6788500000000001,-1.44,-0.22
0.6906249999999999,-1.44,-0.22
0.6975999999999996,-1.4367999999999994,-0.2232000000000005
0.6858250000000001,-1.4211,-0.23889999999999986
0.6740500000000001,-1.4054000000000002,-0.2545999999999998
0.6390999999999991,-1.402575,-0.23939999999999942
0.5919999999999994,-1.4065,-0.20799999999999955
0.5478749999999999,-1.40915,-0.17957499999999996
0.5282499999999999,-1.4012999999999998,-0.17564999999999997
0.508625,-1.3934499999999999,-0.17172500000000002
0.4779999999999987,-1.3679999999999986,-0.17880000000000054
0.4387500000000003,-1.3287500000000003,-0.1944999999999999
0.39919999999999844,-1.289549999999999,-0.20959999999999923
0.33639999999999876,-1.2542249999999993,-0.17819999999999936
0.273599999999999,-1.2188999999999994,-0.1467999999999995
0.2582500000000004,-1.1963499999999998,-0.10809999999999946
0.2975000000000003,-1.1885,-0.060999999999999666
0.33675000000000155,-1.1806499999999995,-0.013899999999998159
0.3436,-1.1512,0.011599999999999965
0.347525,-1.1198000000000001,0.03514999999999986
0.35,-1.0927499999999997,0.06740000000000124
0.35,-1.0731249999999997,0.11450000000000103
0.35,-1.0534999999999997,0.16160000000000083
0.353225,-1.0725750000000005,0.20547500000000057
0.35715,-1.1000500000000004,0.2486500000000004
0.358925,-1.1253750000000002,0.28215000000000007
0.355,-1.145,0.29000000000000004
0.35107499999999986,-1.1646250000000005,0.2978500000000002
0.3157999999999987,-1.16715,0.31140000000000045
0.2687000000000006,-1.163225,0.32709999999999984
0.22439999999999943,-1.1614,0.34
0.19299999999999956,-1.1692500000000001,0.34
0.1615999999999997,-1.1771,0.34
0.15247500000000003,-1.162675,0.31029999999999974
0.1564,-1.1352,0.26319999999999993
0.16032500000000013,-1.107399999999999,0.21934999999999974
0.16424999999999998,-1.0760000000000003,0.21150000000000008
0.16817499999999996,-1.0446000000000004,0.2036500000000001
0.1721000000000001,-1.0363000000000002,0.20210000000000009
0.17602500000000007,-1.0480750000000003,0.20602500000000007
0.17995000000000003,-1.0598500000000002,0.20995000000000003
0.17612499999999998,-1.1026250000000004,0.18674999999999983
0.1722,-1.1458000000000002,0.16319999999999993
0.16654999999999973,-1.1769000000000005,0.13964999999999916
0.15870000000000004,-1.1925999999999999,0.11610000000000013
0.1508499999999998,-1.2083000000000004,0.09254999999999938
0.18150000000000077,-1.2205000000000001,0.09700000000000017
0.2168250000000006,-1.2322750000000002,0.10485000000000014
0.2372999999999999,-1.24135,0.10864999999999995
0.22944999999999993,-1.2452750000000001,0.10472499999999997
0.22159999999999969,-1.2492,0.10079999999999985
0.198125,-1.23125,0.12187500000000001
0.1706500000000001,-1.2077,0.1493499999999999
0.15,-1.1763499999999985,0.17097500000000013
0.15,-1.1213999999999986,0.17490000000000008
0.15,-1.066449999999999,0.17882500000000007
0.14174999999999982,-1.0252499999999996,0.16899999999999976
0.12997499999999987,-0.9899249999999996,0.15329999999999985
0.11579999999999983,-0.9575999999999999,0.13879999999999998
0.08832499999999996,-0.9419,0.13094999999999998
0.060849999999999085,-0.9261999999999995,0.12309999999999974
0.06187500000000057,-0.9366250000000008,0.13425000000000067
0.08149999999999978,-0.9640999999999997,0.15779999999999972
0.10157500000000057,-0.9909000000000003,0.17954999999999982
0.12905000000000044,-1.0066000000000002,0.17169999999999988
0.15652500000000033,-1.0223000000000002,0.1638499999999999
0.15199999999999975,-1.026,0.16200000000000003
0.1166749999999999,-1.0181499999999999,0.16592500000000002
0.08134999999999877,-1.0102999999999998,0.16985000000000014
-0.033249999999999336,-1.0590749999999998,0.2379499999999996
-0.15100000000000308,-1.1101000000000012,0.3086000000000018
-0.2541250000000018,-1.1676250000000015,0.3581250000000004
-0.33655000000000146,-1.2343500000000012,0.37775000000000036
-0.4189750000000011,-1.3010750000000009,0.39737500000000026
-0.36539999999999934,-1.2759999999999996,0.36599999999999966
-0.29082499999999967,-1.2367499999999998,0.3267499999999998
-0.1925,-1.18,0.28875
-0.04335000000000064,-1.0858000000000003,0.2534250000000001
0.10580000000000411,-0.9915999999999974,0.21809999999999902
0.2095750000000021,-0.9367249999999989,0.17067499999999883
0.29984999999999845,-0.8935500000000007,0.1196500000000009
0.3656250000000004,-0.8643749999999996,0.08524999999999949
0.3459999999999991,-0.8840000000000009,0.10880000000000109
0.3263749999999999,-0.9036250000000001,0.13235000000000013
0.32795,-0.9365000000000001,0.14265000000000003
0.33972499999999994,-0.9757499999999999,0.14657499999999998
0.34750000000000014,-1.0194999999999994,0.15099999999999994
0.3278749999999995,-1.094075000000002,0.15885000000000019
0.3082499999999996,-1.1686500000000015,0.16670000000000018
0.2840749999999996,-1.2136500000000003,0.16317499999999982
0.25659999999999966,-1.2372000000000003,0.15139999999999987
0.2289999999999998,-1.2577499999999995,0.1394999999999999
0.19759999999999878,-1.1870999999999974,0.1237999999999994
0.1661999999999989,-1.1164499999999975,0.10809999999999946
0.1214999999999982,-1.032499999999997,0.09239999999999952
0.0626250000000006,-0.934375000000001,0.07670000000000016
0.0037500000000008525,-0.8362500000000014,0.06100000000000023
-0.044100000000002526,-0.8005999999999983,0.06367500000000022
-0.09120000000000061,-0.7691999999999996,0.06760000000000005
-0.13372500000000032,-0.7545750000000001,0.08372500000000031
-0.16905000000000014,-0.7663500000000001,0.11905000000000016
-0.204375,-0.7781250000000001,0.154375
-0.21330000000000013,-0.8130000000000013,0.1467999999999995
-0.2172250000000001,-0.8522500000000011,0.13109999999999958
-0.20504999999999882,-0.891500000000001,0.11654999999999972
-0.15402499999999902,-0.9307500000000007,0.10477499999999977
-0.1030000000000011,-0.9699999999999991,0.09300000000000025
-0.03149999999999638,-0.997550000000001,0.09292500000000017
0.04700000000000329,-1.021100000000001,0.09685000000000017
0.11232500000000002,-1.04155,0.09534999999999996
0.12409999999999997,-1.0494,0.07180000000000007
0.1358749999999999,-1.05725,0.04825000000000017
0.09919999999999846,-1.0753000000000006,0.06295000000000088
0.036399999999998725,-1.0988500000000005,0.09827500000000072
-0.022400000000000378,-1.1208000000000002,0.13480000000000075
-0.045950000000000275,-1.1286500000000002,0.18190000000000056
-0.06950000000000017,-1.1365,0.22900000000000034
-0.07347499999999954,-1.124774999999999,0.25217500000000015
-0.061699999999999595,-1.097299999999999,0.25610000000000016
-0.05,-1.0694499999999973,0.2598249999999992
-0.05,-0.9830999999999978,0.23234999999999928
-0.05,-0.8967500000000013,0.2048750000000004
-0.05720000000000084,-0.8211999999999966,0.21880000000000335
-0.07290000000000077,-0.7583999999999969,0.28160000000000307
-0.08860000000000014,-0.6955999999999994,0.34440000000000054
-0.061399999999999864,-0.679275,0.33927499999999994
-0.03,-0.6675,0.3275
-0.022825000000001122,-0.6671250000000006,0.308599999999999
-0.05815000000000097,-0.6867500000000005,0.2771999999999991
-0.09347500000000082,-0.7063750000000004,0.24579999999999927
-0.1128000000000003,-0.7292000000000004,0.24
-0.12850000000000023,-0.7527500000000004,0.24
-0.12634999999999763,-0.7794500000000016,0.2536500000000024
-0.07532499999999785,-0.8147750000000015,0.30467500000000214
-0.02429999999999808,-0.8501000000000013,0.3557000000000019
-0.007175000000000011,-0.851525,0.40107499999999985
-0.0032500000000000285,-0.8397500000000001,0.4442499999999997
-0.0033750000000011965,-0.83,0.47729999999999906
-0.0230000000000004,-0.83,0.4615999999999997
-0.042625000000000315,-0.83,0.44589999999999974
-0.15290000000000187,-0.8398000000000001,0.42039999999999966
-0.3177500000000012,-0.8555000000000001,0.3889999999999998
-0.4570999999999995,-0.8654999999999998,0.3621000000000001
-0.2883249999999941,-0.8066249999999979,0.38957500000000095
-0.11954999999999485,-0.7477499999999981,0.4170500000000008
-0.06905000000000144,-0.7054749999999993,0.41339999999999916
-0.1239999999999992,-0.6780000000000004,0.38200000000000045
-0.17894999999999897,-0.6505250000000006,0.3506000000000006
-0.20695000000000136,-0.630749999999999,0.35385000000000016
-0.23442500000000024,-0.6111249999999998,0.357775
-0.22279999999999744,-0.5829999999999984,0.36340000000000033
-0.16,-0.54375,0.37124999999999997
-0.09720000000000255,-0.5045000000000016,0.37909999999999966
-0.037874999999996245,-0.4687249999999977,0.34872499999999773
0.021000000000001365,-0.4333999999999992,0.3133999999999992
0.03350000000000136,-0.4060250000000002,0.2727750000000009
-0.04500000000000115,-0.3942499999999998,0.22174999999999925
-0.12349999999999797,-0.3824750000000003,0.17072500000000132
-0.21440000000000056,-0.4327000000000004,0.18170000000000017
-0.30860000000000354,-0.49942500000000256,0.20917500000000105
-0.3629000000000002,-0.5594999999999999,0.24044999999999989
-0.29224999999999796,-0.5987500000000012,0.28362500000000124
-0.22160000000000082,-0.6379999999999996,0.32679999999999954
-0.15639999999999873,-0.6309249999999994,0.33727499999999994
-0.09359999999999673,-0.6034499999999986,0.3333499999999998
-0.05092500000000086,-0.5725249999999994,0.3248249999999996
-0.12549999999999784,-0.5215000000000014,0.28950000000000103
-0.20007500000000022,-0.47047499999999987,0.2541749999999999
-0.281700000000003,-0.4217999999999984,0.2211999999999989
-0.36804999999999954,-0.3747000000000003,0.1898000000000002
-0.4510000000000005,-0.3310000000000005,0.16080000000000041
-0.47062499999999974,-0.35062499999999974,0.17649999999999977
-0.49025000000000035,-0.37025000000000036,0.1922000000000003
-0.48419999999999846,-0.38987500000000097,0.22172500000000211
-0.4527999999999997,-0.4095000000000002,0.26490000000000036
-0.4213999999999987,-0.4291250000000008,0.30807500000000176
-0.35624999999999996,-0.4375,0.31
-0.2895250000000027,-0.4453499999999997,0.31
-0.25480000000000075,-0.42919999999999675,0.30519999999999925
-0.2665750000000003,-0.3781749999999988,0.2934249999999997
-0.2783499999999998,-0.3271500000000009,0.28165000000000023
-0.2631249999999997,-0.2963749999999996,0.25637499999999963
-0.24350000000000052,-0.2689000000000007,0.22890000000000071
-0.23367500000000008,-0.2438749999999999,0.2149000000000001
-0.24545000000000045,-0.22424999999999926,0.23060000000000058
-0.257225,-0.20462500000000006,0.24629999999999996
-0.29300000000000126,-0.22400000000000092,0.26500000000000057
-0.3361749999999995,-0.2553999999999997,0.28462499999999974
-0.380200000000001,-0.2782999999999999,0.3076500000000007
-0.42730000000000246,-0.27044999999999964,0.34297500000000186
-0.47440000000000054,-0.26259999999999994,0.3783000000000004
-0.4611249999999981,-0.22587499999999777,0.38737499999999986
-0.4179499999999999,-0.17484999999999987,0.38345
-0.37572499999999875,-0.13047500000000015,0.3776249999999993
-0.34039999999999765,-0.13440000000000027,0.3579999999999987
-0.30507499999999904,-0.13832500000000011,0.3383749999999995
-0.2630000000000007,-0.1287500000000003,0.3097500000000005
-0.21589999999999918,-0.10912499999999967,0.27442499999999936
-0.1716000000000031,-0.0898999999999998,0.2395999999999992
-0.23440000000000055,-0.08597499999999997,0.22389999999999988
-0.2972000000000026,-0.08204999999999985,0.20819999999999936
-0.29437500000000005,-0.055624999999999994,0.15687500000000001
-0.21979999999999764,-0.004599999999998376,0.06659999999999713
-0.14522499999999527,0.046425000000003255,-0.02367500000000575
-0.2641000000000031,-0.06680000000000291,0.05030000000000201
-0.39755000000000734,-0.19240000000000693,0.13665000000000477
-0.48450000000000015,-0.28650000000000064,0.19
-0.4962749999999997,-0.3296749999999989,0.19
-0.5080500000000009,-0.3728500000000034,0.19
-0.5231000000000006,-0.36362499999999925,0.21947500000000134
-0.5388,-0.3440000000000001,0.2547999999999999
-0.5184999999999969,-0.3547500000000025,0.2878750000000008
-0.4086000000000013,-0.44109999999999905,0.3153499999999997
-0.2986999999999978,-0.5274500000000018,0.34282500000000055
-0.2612999999999994,-0.5877000000000027,0.3674000000000012
-0.24952499999999986,-0.6387250000000007,0.39095000000000024
-0.2497500000000022,-0.6935000000000031,0.41600000000000137
-0.3007750000000001,-0.7641500000000002,0.4474000000000001
-0.3518000000000018,-0.8348000000000024,0.47880000000000106
-0.37,-0.7993999999999937,0.5051500000000015
-0.37,-0.7051999999999975,0.5287000000000006
-0.37,-0.6080000000000019,0.5485000000000003
-0.37,-0.48239999999999783,0.5327999999999997
-0.37,-0.3567999999999938,0.5170999999999992
-0.3506499999999997,-0.22474999999999878,0.46054999999999924
