-0.377375,-0.47525,0.17525000000000002
-0.4,-0.43,0.13
-0.368325,-0.398325,0.16620000000000001
-0.33665,-0.36665,0.2024
-0.26922500000000005,-0.399325,0.206425
-0.1923,-0.4491,0.2019
-0.18887499999999996,-0.5067499999999999,0.2105
-0.23865,-0.5700999999999999,0.2286
-0.275025,-0.625075,0.248375
-0.2886,-0.6658,0.271
-0.3,-0.6970999999999999,0.289275
-0.3,-0.679,0.28475
-0.3,-0.6609,0.280225
-0.33009999999999995,-0.6385000000000001,0.28
-0.361775,-0.615875,0.28
-0.3633,-0.5966,0.27665
-0.35424999999999995,-0.5784999999999999,0.272125
-0.3548,-0.5628,0.27
-0.36385,-0.549225,0.27
-0.3787,-0.5327500000000001,0.27435
-0.40585,-0.510125,0.287925
-0.43249999999999994,-0.489,0.30299999999999994
-0.45512499999999995,-0.47995,0.33014999999999994
-0.47775,-0.4709,0.3573
-0.475925,-0.47815,0.3763
-0.4714,-0.48719999999999997,0.3944
-0.491875,-0.50875,0.40625
-0.5235500000000001,-0.5359,0.4153
-0.546525,-0.5608750000000001,0.42435
-0.5600999999999999,-0.5835,0.4334
-0.56755,-0.6,0.44
-0.5585,-0.6,0.44
-0.5502750000000001,-0.5986249999999999,0.44055000000000005
-0.5548000000000001,-0.576,0.4496
-0.5593250000000001,-0.553375,0.45865000000000006
-0.5754000000000001,-0.55,0.4715500000000001
-0.5935,-0.55,0.4851250000000001
-0.6086999999999999,-0.5587,0.5074
-0.622275,-0.572275,0.53455
-0.6183,-0.58585,0.5422
-0.59115,-0.599425,0.5241
-0.5640000000000001,-0.611,0.5060000000000001
-0.53685,-0.615525,0.48790000000000006
-0.51015,-0.6201,0.46985
-0.523725,-0.62915,0.456275
-0.5373,-0.6382,0.4427
-0.5690000000000001,-0.6617500000000001,0.450875
-0.6052000000000001,-0.6889000000000001,0.46445000000000003
-0.6414000000000001,-0.7160500000000001,0.48337500000000005
-0.6775999999999999,-0.7432,0.5059999999999999
-0.69655,-0.765175,0.5165500000000001
-0.6875,-0.77875,0.5075000000000001
-0.665275,-0.78535,0.49224999999999997
-0.5792999999999998,-0.7582,0.4469999999999999
-0.4933249999999997,-0.7310499999999999,0.40174999999999983
-0.41169999999999957,-0.6777999999999997,0.30864999999999954
-0.3302499999999995,-0.6234999999999996,0.2136249999999994
-0.26580000000000004,-0.5862,0.13220000000000004
-0.20697499999999994,-0.554525,0.055274999999999935
-0.1309999999999998,-0.5498000000000001,0.010199999999999959
-0.040499999999999675,-0.5679000000000001,-0.007900000000000063
0.042500000000000315,-0.6025000000000003,-0.02150000000000002
0.11037500000000042,-0.6703750000000004,-0.026025000000000027
0.16945,-0.7432000000000007,-0.027799999999999866
0.16492499999999996,-0.8518000000000009,-0.009699999999999846
0.1604,-0.9604000000000001,0.008400000000000034
0.09399999999999978,-1.0731250000000003,0.030625000000000072
0.021599999999999682,-1.1862500000000005,0.053250000000000096
-0.025400000000000207,-1.2676250000000004,0.07587500000000014
-0.06160000000000025,-1.3355000000000006,0.09850000000000016
-0.08445000000000008,-1.3432999999999997,0.12112500000000018
-0.09350000000000008,-1.2889999999999995,0.1437500000000002
-0.11402499999999975,-1.2168500000000007,0.16
-0.1637999999999998,-1.0992000000000004,0.16
-0.21194999999999992,-0.9822000000000003,0.16065
-0.23909999999999998,-0.8736000000000002,0.1697
-0.26625000000000004,-0.765,0.17875
-0.23879999999999996,-0.6953999999999999,0.1839
-0.20259999999999992,-0.6320499999999998,0.188425
-0.18705,-0.6218,0.1752499999999999
-0.18252499999999997,-0.6399000000000001,0.1526249999999999
-0.18,-0.6799999999999994,0.13000000000000023
-0.18,-0.7478749999999995,0.10737500000000019
-0.17790000000000006,-0.8209999999999994,0.08580000000000013
-0.16885000000000006,-0.9114999999999995,0.06770000000000011
-0.16039999999999993,-1.0018999999999996,0.05
-0.17849999999999994,-1.0878749999999997,0.05
-0.19659999999999997,-1.1738499999999998,0.05
-0.24042499999999997,-1.215725,0.046325000000000005
-0.2902,-1.2474,0.0418
-0.3617750000000002,-1.25455,0.04
-0.44775000000000026,-1.2455,0.04
-0.5,-1.2062749999999995,0.04
-0.5,-1.1202999999999996,0.04
-0.4843249999999994,-1.0351499999999996,0.04082500000000003
-0.3983499999999993,-0.9536999999999993,0.045350000000000036
-0.3123750000000005,-0.8722500000000005,0.049874999999999975
-0.2616000000000003,-0.8128000000000003,0.03240000000000009
-0.2118250000000002,-0.7539750000000002,0.01430000000000007
-0.22414999999999993,-0.73655,-0.0037999999999999527
-0.25582499999999997,-0.732025,-0.021899999999999975
-0.255,-0.7424999999999999,-0.045
-0.22784999999999997,-0.765125,-0.07215000000000003
-0.1944999999999999,-0.7924000000000001,-0.09930000000000005
-0.14924999999999983,-0.8286000000000001,-0.1264500000000001
-0.10639999999999986,-0.8666000000000003,-0.15120000000000006
-0.07924999999999983,-0.9163750000000003,-0.16025000000000006
-0.0520999999999998,-0.9661500000000004,-0.1693000000000001
-0.024949999999999764,-1.0409750000000006,-0.1365999999999997
0.002200000000000272,-1.1179000000000008,-0.10039999999999963
0.013225000000000053,-1.1722500000000005,-0.08032499999999984
0.017750000000000057,-1.2175000000000005,-0.06674999999999982
-0.01640000000000101,-1.2491000000000003,-0.050899999999999744
-0.08879999999999996,-1.2672,-0.03280000000000001
-0.14662500000000003,-1.2747,-0.012049999999999977
-0.16925000000000004,-1.2566,0.015100000000000054
-0.19187500000000007,-1.2351249999999998,0.03962499999999999
-0.2145000000000001,-1.1763,0.03509999999999998
-0.2371250000000001,-1.1174749999999998,0.030574999999999974
-0.24395000000000003,-1.0388999999999995,0.018149999999999906
-0.24847500000000003,-0.9574499999999994,0.004574999999999889
-0.19899999999999926,-0.8849999999999993,-0.02400000000000034
-0.12207499999999918,-0.8171249999999993,-0.06020000000000039
-0.03079999999999869,-0.7902500000000003,-0.08820000000000022
0.07780000000000144,-0.8128750000000002,-0.10630000000000024
0.1688000000000005,-0.8520000000000013,-0.11779999999999986
0.20500000000000057,-0.9425000000000014,-0.10874999999999986
0.24075000000000038,-1.0328500000000016,-0.09924999999999962
0.263375,-1.1188250000000002,-0.07662499999999994
0.2860000000000001,-1.2048000000000003,-0.053999999999999916
0.34960000000000035,-1.2721500000000003,-0.05
0.4220000000000005,-1.3355000000000006,-0.05
0.4611000000000001,-1.3960750000000006,-0.058325000000000106
0.4792000000000002,-1.4549000000000005,-0.07190000000000012
0.4699249999999995,-1.4936500000000001,-0.09095000000000028
0.4201499999999994,-1.5027000000000001,-0.11810000000000032
0.3659999999999991,-1.5038749999999996,-0.14787500000000053
0.293599999999999,-1.4721999999999995,-0.18860000000000057
0.2211999999999989,-1.4405249999999994,-0.2293250000000006
0.1888499999999995,-1.3954999999999993,-0.25225000000000036
0.15717499999999943,-1.3502499999999993,-0.2748750000000004
0.16750000000000043,-1.3189999999999995,-0.2414999999999991
0.19012499999999977,-1.2918500000000004,-0.1917250000000006
0.21274999999999977,-1.2570500000000004,-0.15470000000000028
0.2353749999999998,-1.2163250000000003,-0.12755000000000025
0.24360000000000015,-1.1868,-0.11
0.22550000000000012,-1.17775,-0.11
0.2125999999999999,-1.17065,-0.11
0.23069999999999993,-1.1751749999999999,-0.11
0.24879999999999997,-1.1797,-0.11
0.3091499999999999,-1.1968999999999999,-0.12689999999999999
0.3725,-1.2149999999999999,-0.145
0.42275000000000007,-1.216725,-0.153275
0.4680000000000001,-1.2122,-0.15780000000000002
0.5179000000000002,-1.20535,-0.15767499999999998
0.5722000000000003,-1.1963,-0.15314999999999998
0.6168750000000002,-1.19275,-0.1555000000000001
0.6395000000000002,-1.2018,-0.17360000000000014
0.660425,-1.2155250000000004,-0.19085000000000008
0.66495,-1.2743500000000005,-0.19990000000000008
0.6694749999999999,-1.3331749999999989,-0.2089499999999998
0.6420000000000006,-1.391999999999999,-0.22999999999999957
0.6103250000000006,-1.450824999999999,-0.2526249999999996
0.5969500000000001,-1.4760999999999997,-0.28439999999999943
0.5924250000000001,-1.4851499999999997,-0.3205999999999995
0.5795000000000003,-1.4942,-0.34839999999999977
0.5568750000000003,-1.50325,-0.36649999999999977
0.54115,-1.5123,-0.37540000000000023
0.545675,-1.52135,-0.3573000000000002
0.5484000000000003,-1.5296,-0.33880000000000027
0.5122000000000003,-1.52055,-0.3116500000000002
0.4760000000000002,-1.5115,-0.2845000000000002
0.44735000000000014,-1.4873500000000002,-0.24225000000000024
0.4202000000000001,-1.4602000000000002,-0.19700000000000017
0.41564999999999996,-1.43305,-0.16587500000000005
0.42469999999999997,-1.4059,-0.14325000000000004
0.43374999999999997,-1.373125,-0.1375
0.4428,-1.3324,-0.15560000000000004
0.45370000000000005,-1.297225,-0.16722499999999998
0.47180000000000005,-1.28365,-0.15364999999999995
0.48990000000000006,-1.2700749999999998,-0.14007499999999995
0.5080000000000001,-1.2790000000000001,-0.13549999999999998
0.5261000000000001,-1.2880500000000001,-0.13097499999999998
0.5086999999999998,-1.3184000000000005,-0.13355000000000006
0.4815499999999997,-1.3546000000000005,-0.13807500000000006
0.44399999999999945,-1.3934000000000006,-0.1295999999999998
0.39874999999999944,-1.4341250000000005,-0.11149999999999978
0.36009999999999964,-1.4682500000000003,-0.0867999999999995
0.3329499999999996,-1.4908750000000004,-0.05059999999999945
0.3114000000000001,-1.5043999999999995,-0.02420000000000045
0.3204500000000002,-1.4681999999999993,-0.05135000000000048
0.3294999999999999,-1.4320000000000004,-0.07849999999999967
0.3428249999999998,-1.3915250000000006,-0.08427499999999995
0.35639999999999983,-1.3508000000000004,-0.08879999999999995
0.34005000000000024,-1.3100750000000003,-0.09664999999999992
0.3129000000000002,-1.2693500000000004,-0.10569999999999993
0.28575000000000017,-1.2428750000000002,-0.11712499999999992
0.2586000000000001,-1.2293,-0.13069999999999993
0.238575,-1.22285,-0.13572500000000007
0.23405,-1.2319,-0.12215000000000004
0.2319,-1.24095,-0.10810000000000003
0.25,-1.25,-0.09
0.26810000000000006,-1.25905,-0.07189999999999998
0.27405,-1.2681,-0.07
0.278575,-1.27715,-0.07
0.2644999999999999,-1.2862,-0.06379999999999995
0.24187499999999987,-1.29525,-0.054749999999999945
0.22139999999999987,-1.3,-0.039249999999999834
0.20329999999999984,-1.3,-0.016624999999999803
0.18879999999999997,-1.2964,0.003600000000000138
0.18427499999999994,-1.2828249999999999,0.017175000000000155
0.17974999999999994,-1.2687499999999998,0.028749999999999717
0.17522499999999994,-1.2461249999999997,0.00612499999999969
0.17069999999999994,-1.2234999999999996,-0.01650000000000034
0.1738250000000001,-1.2008749999999997,-0.023825000000000075
0.17835000000000006,-1.1782499999999996,-0.02835000000000008
0.16274999999999948,-1.1613749999999996,-0.03
0.13559999999999944,-1.1477999999999997,-0.03
0.12577500000000028,-1.141925,-0.026149999999999805
0.1393500000000003,-1.14645,-0.017099999999999796
0.15585000000000065,-1.1480499999999998,-0.011950000000000217
0.18300000000000066,-1.1389999999999996,-0.021000000000000227
0.20995000000000003,-1.1300499999999998,-0.029975000000000022
0.20089999999999975,-1.1391000000000002,-0.025449999999999875
0.19185000000000002,-1.1481499999999998,-0.020925000000000013
0.16480000000000003,-1.1463999999999999,-0.02
0.133125,-1.141875,-0.02
0.13590000000000002,-1.12675,-0.027950000000000016
0.16305000000000006,-1.104125,-0.041525000000000034
0.18680000000000008,-1.0934000000000001,-0.05
0.20490000000000008,-1.1024500000000002,-0.05
0.22,-1.1115000000000002,-0.05075000000000003
0.22,-1.1205499999999997,-0.055274999999999894
0.22,-1.1296,-0.05980000000000004
0.1983750000000005,-1.1559499999999994,-0.03837500000000048
0.17574999999999977,-1.1831000000000003,-0.015749999999999743
0.16325000000000017,-1.2034999999999996,-0.006625000000000086
0.15419999999999986,-1.2216000000000002,-0.0020999999999999374
0.14515000000000014,-1.2251500000000002,0.009699999999999705
0.13609999999999986,-1.2160999999999997,0.027800000000000297
0.13442499999999982,-1.208525,0.03852500000000006
0.14800000000000027,-1.204,0.03399999999999991
0.16052499999999995,-1.19895,0.030524999999999948
0.1650500000000001,-1.1898999999999997,0.035050000000000095
0.16957499999999998,-1.18085,0.039574999999999964
0.15359999999999957,-1.1553999999999993,0.03179999999999979
0.13550000000000012,-1.1282500000000002,0.02275000000000006
0.13,-1.1042499999999995,0.02630000000000024
0.13,-1.081625,0.035349999999999965
0.11899999999999936,-1.0655999999999999,0.04440000000000026
0.09637500000000003,-1.05655,0.053449999999999984
0.06999999999999887,-1.0462499999999997,0.05749999999999972
0.033799999999999955,-1.032675,0.048449999999999986
-0.0003000000000001543,-1.0209000000000006,0.039699999999999847
-0.004825000000000017,-1.034475,0.035174999999999984
-0.009350000000000023,-1.0480500000000001,0.030649999999999976
0.024875000000000258,-1.061625,0.0571250000000002
0.06560000000000031,-1.0752000000000002,0.08880000000000024
0.12095000000000054,-1.065375,0.09414999999999993
0.18430000000000063,-1.0427499999999998,0.08509999999999991
0.21802499999999994,-1.03,0.06617499999999965
0.21349999999999994,-1.03,0.03449999999999961
0.19257500000000136,-1.0381999999999993,0.01
0.11564999999999884,-1.0744000000000007,0.01
0.03962500000000034,-1.1098500000000002,0.010299999999999726
0.016999999999999606,-1.1008,0.02840000000000032
-0.005624999999999716,-1.0917500000000002,0.04649999999999978
0.05935000000000172,-1.0571499999999991,0.04634999999999991
0.14532499999999912,-1.0164250000000004,0.04182500000000005
0.23400000000000204,-0.9972999999999999,0.02919999999999959
0.32449999999999934,-0.9927750000000001,0.011100000000000136
0.3712499999999994,-0.9952500000000003,0.0017500000000001143
0.34862500000000013,-1.0088249999999999,0.006274999999999977
0.3059999999999963,-1.025600000000001,0.01
0.17025000000000037,-1.057275,0.01
0.03449999999999591,-1.088950000000001,0.01
-0.053125000000000006,-1.076875,0.023125
-0.1391000000000028,-1.0632999999999997,0.03670000000000045
-0.13602499999999992,-1.03945,0.05712500000000006
-0.10434999999999889,-1.012299999999999,0.07975000000000079
-0.018224999999999353,-0.9777249999999998,0.10732500000000016
0.11300000000000494,-0.9369999999999985,0.1390000000000012
0.22745000000000062,-0.9023749999999998,0.1554249999999999
0.3088999999999982,-0.8797500000000005,0.1418500000000003
0.3753999999999996,-0.8634500000000003,0.12712499999999977
0.3392000000000007,-0.8905999999999995,0.10450000000000045
0.30299999999999955,-0.9177500000000004,0.08187499999999971
0.21700000000000158,-0.9697999999999991,0.09659999999999969
0.12649999999999864,-1.024100000000001,0.11470000000000027
0.058400000000000896,-1.0527999999999997,0.11040000000000019
-0.0004250000000010322,-1.0709000000000004,0.09682499999999976
-0.032249999999999945,-1.0732500000000003,0.08325000000000017
-0.03677500000000009,-1.0596749999999997,0.06967499999999972
-0.0257000000000005,-1.0422000000000002,0.052200000000000274
0.024075000000001123,-1.0150499999999993,0.025049999999999385
0.0720999999999998,-0.9879000000000002,-0.0010499999999998982
0.09925000000000068,-0.9607499999999993,-0.01462500000000034
0.12639999999999987,-0.9336000000000002,-0.02819999999999993
0.11037499999999938,-0.9182249999999996,-0.03392500000000012
0.08775000000000006,-0.9046500000000001,-0.03844999999999999
0.0710749999999996,-0.920825000000001,-0.04
0.0575,-0.9525,-0.04
0.037849999999999114,-0.9781000000000005,-0.0440500000000003
0.010699999999999934,-0.9962000000000001,-0.05310000000000002
-0.01752500000000111,-1.0078499999999997,-0.05677499999999952
-0.04920000000000016,-0.9987999999999999,-0.04319999999999993
-0.07949999999999932,-0.9898749999999998,-0.02912499999999881
-0.061399999999999864,-0.98535,0.0025500000000002326
-0.04329999999999927,-0.9808249999999998,0.034225000000001275
-0.02519999999999982,-0.98,0.043700000000000044
-0.007100000000000364,-0.98,0.048224999999999914
0.005500000000000114,-0.9717499999999998,0.05825000000000018
0.01454999999999984,-0.9581750000000002,0.07182499999999976
0.03080000000000041,-0.9409999999999996,0.0745999999999998
0.05794999999999959,-0.9183750000000004,0.061025000000000204
0.0936000000000013,-0.8982999999999999,0.04829999999999984
0.1659999999999991,-0.8892500000000001,0.03925000000000012
0.23840000000000144,-0.8801999999999999,0.030199999999999817
0.2798249999999996,-0.88,0.01230000000000018
0.3205499999999984,-0.88,-0.005799999999999273
0.28830000000000044,-0.9147499999999996,-0.01
0.23400000000000204,-0.9599999999999983,-0.01
0.17212500000000033,-0.9951499999999999,0.007674999999999842
0.10425000000000238,-1.022299999999999,0.039349999999998886
0.06,-1.04,0.08362499999999984
0.06,-1.04,0.15149999999999778
0.064375,-1.035625,0.2175
0.09604999999999905,-1.003950000000001,0.2717999999999984
0.1277250000000001,-0.9722749999999999,0.32610000000000017
0.0796000000000015,-0.9448000000000008,0.3467999999999995
0.02529999999999973,-0.9176499999999999,0.3649000000000001
-0.0387499999999983,-0.91,0.37
-0.10662500000000052,-0.91,0.37
-0.1514999999999995,-0.9077000000000002,0.3585000000000005
-0.17412500000000022,-0.903175,0.33587499999999976
-0.19674999999999954,-0.9053999999999996,0.3186500000000001
-0.2193750000000003,-0.9235000000000002,0.31412499999999993
-0.24119999999999975,-0.9427999999999994,0.31159999999999966
-0.2547750000000002,-0.9744750000000004,0.32970000000000027
-0.2683499999999998,-1.0061499999999994,0.3477999999999997
-0.33757500000000135,-1.006025,0.3340999999999997
-0.41449999999999904,-1.0015,0.3160000000000002
-0.4763000000000011,-0.9455499999999983,0.29487499999999955
-0.5305999999999995,-0.8641000000000008,0.2722500000000002
-0.5288749999999985,-0.7701999999999976,0.2662250000000003
-0.4610000000000005,-0.6616000000000007,0.2797999999999999
-0.38187499999999713,-0.5676249999999987,0.28774999999999973
-0.26875000000000054,-0.5178500000000003,0.27870000000000006
-0.16017500000000012,-0.47105000000000075,0.2677249999999984
-0.16469999999999999,-0.4981999999999999,0.20890000000000017
-0.16922500000000015,-0.5253500000000009,0.15007499999999824
-0.27875,-0.5825,0.10625000000000001
-0.4099750000000043,-0.6458500000000021,0.06552499999999867
-0.4039999999999998,-0.7288000000000003,0.08920000000000015
-0.31349999999999684,-0.8238250000000034,0.15255000000000224
-0.2674000000000001,-0.9059000000000004,0.21035000000000026
-0.2855000000000007,-0.9692500000000024,0.2601250000000019
-0.3027000000000001,-1.0127999999999997,0.2991
-0.31627500000000053,-0.9765999999999986,0.2945749999999998
-0.32985000000000014,-0.9403999999999996,0.2900499999999999
-0.2897249999999983,-0.8325999999999953,0.2541999999999984
-0.24899999999999947,-0.7239999999999986,0.21799999999999953
-0.22589999999999918,-0.6224499999999955,0.18532499999999857
-0.20779999999999973,-0.5228999999999985,0.15364999999999954
-0.1974249999999998,-0.4542499999999978,0.1528750000000011
-0.19289999999999993,-0.4089999999999992,0.1755000000000004
-0.19975000000000137,-0.39462500000000206,0.20300000000000182
-0.22690000000000055,-0.4353500000000008,0.23920000000000075
-0.25472500000000164,-0.484175000000005,0.27472500000000166
-0.2864000000000007,-0.5792000000000022,0.3064000000000007
-0.3180750000000018,-0.6742250000000053,0.3380750000000018
-0.2944999999999993,-0.7012500000000006,0.3442500000000001
-0.2673499999999984,-0.7238750000000013,0.3487750000000002
-0.20059999999999775,-0.703599999999999,0.3367999999999995
-0.1191499999999951,-0.6673999999999979,0.31869999999999893
-0.06824999999999931,-0.6264999999999987,0.31
-0.045625,-0.58125,0.31
-0.032800000000000294,-0.5457999999999996,0.3128000000000003
-0.041850000000000026,-0.532225,0.32185
-0.05450000000000159,-0.5227000000000009,0.3331500000000011
-0.09975000000000023,-0.5498500000000002,0.3648250000000002
-0.14499999999999885,-0.5769999999999993,0.39649999999999924
-0.15402500000000002,-0.6001250000000001,0.39597499999999997
-0.1585499999999999,-0.6227499999999995,0.39145000000000013
-0.16307500000000005,-0.626925,0.38692499999999996
-0.16759999999999992,-0.6224000000000001,0.3824000000000001
-0.16362499999999985,-0.6093749999999997,0.3544999999999993
-0.15005000000000024,-0.5867500000000003,0.30020000000000097
-0.14470000000000027,-0.57,0.2494249999999994
-0.16279999999999972,-0.57,0.20870000000000064
-0.18112499999999898,-0.5704499999999996,0.16842500000000143
-0.2037499999999997,-0.5794999999999998,0.1367500000000004
-0.22637499999999905,-0.5885499999999996,0.10507500000000136
-0.24519999999999983,-0.6241999999999996,0.09620000000000005
-0.2632999999999993,-0.6649249999999984,0.09167500000000017
-0.27,-0.7027999999999998,0.07860000000000014
-0.27,-0.7389999999999987,0.060500000000000685
-0.2643000000000001,-0.7334000000000003,0.05189999999999998
-0.2507250000000005,-0.6700500000000023,0.05642499999999984
-0.25044999999999984,-0.61145,0.0761499999999998
