0.03975000000000001,0.3305,-0.1753
0.02,0.37,-0.12
-0.02345,0.23965,-0.06865
-0.0669,0.10929999999999998,-0.017299999999999996
-0.07519999999999999,0.025199999999999993,0.004449999999999996
-0.0436,-0.006400000000000003,-0.007400000000000004
-0.011999999999999993,-0.038000000000000006,-0.019250000000000003
-0.017400000000000002,-0.0326,-0.0014999999999999944
-0.025299999999999993,-0.024700000000000007,0.01824999999999998
-0.03,-0.0007999999999999813,0.026799999999999997
-0.03,0.04659999999999997,0.018900000000000007
-0.03,0.09400000000000003,0.010999999999999996
-0.04034999999999999,0.11725,-0.0003499999999999927
-0.0522,0.137,-0.012200000000000006
-0.06,0.1581,-0.011900000000000008
-0.06,0.18179999999999996,0.011799999999999963
-0.06,0.2055,0.03549999999999999
-0.04720000000000002,0.22279999999999997,0.043199999999999995
-0.031400000000000004,0.23859999999999998,0.04715
-0.02,0.25659999999999994,0.04780000000000001
-0.02,0.28029999999999994,0.03990000000000002
-0.02,0.304,0.031999999999999994
-0.0259,0.29525,0.04475
-0.03379999999999999,0.2755,0.06449999999999997
-0.050200000000000106,0.24809999999999988,0.08
-0.09760000000000005,0.19279999999999994,0.08
-0.1449999999999998,0.13750000000000023,0.08
-0.1735,0.10380000000000003,0.0827
-0.19324999999999995,0.08010000000000005,0.08664999999999999
-0.21119999999999997,0.06239999999999995,0.08760000000000004
-0.2191,0.0782,0.0718
-0.227,0.09399999999999999,0.056000000000000015
-0.22510000000000002,0.10734999999999997,0.040200000000000034
-0.21720000000000003,0.11919999999999997,0.024400000000000047
-0.20929999999999999,0.13035,0.010700000000000005
-0.2014,0.1343,0.018599999999999995
-0.1935,0.13825,0.026499999999999985
-0.18120000000000006,0.14659999999999998,0.03439999999999998
-0.1654,0.15845,0.042300000000000004
-0.15009999999999998,0.17039999999999994,0.05
-0.15405000000000002,0.18620000000000006,0.05
-0.158,0.202,0.05
-0.15610000000000007,0.21779999999999985,0.05974999999999984
-0.1482,0.2336,0.0795
-0.14030000000000004,0.24939999999999998,0.09924999999999998
-0.15899999999999997,0.23480000000000004,0.10379999999999999
-0.17874999999999994,0.21900000000000006,0.10774999999999998
-0.19,0.20829999999999999,0.11170000000000002
-0.19,0.20435000000000003,0.11564999999999998
-0.19,0.2004,0.1196
-0.19,0.22840000000000005,0.13775000000000004
-0.19,0.25999999999999973,0.15749999999999983
-0.1987,0.30465,0.17435
-0.22239999999999996,0.37179999999999985,0.18619999999999998
-0.24609999999999993,0.4389499999999998,0.19804999999999998
-0.25989999999999996,0.4763999999999999,0.20989999999999995
-0.27175000000000005,0.5080000000000001,0.22175000000000006
-0.28479999999999994,0.5120000000000005,0.23359999999999992
-0.30060000000000003,0.45274999999999993,0.24545000000000003
-0.3164,0.39349999999999996,0.25730000000000003
-0.3444,0.31900000000000006,0.28745
-0.37599999999999995,0.24000000000000013,0.3229999999999999
-0.4075999999999999,0.17335000000000006,0.3594999999999999
-0.43919999999999987,0.1457000000000001,0.39899999999999985
-0.47079999999999983,0.11805000000000014,0.43849999999999983
-0.4548000000000002,0.13799999999999976,0.49479999999999963
-0.41925000000000023,0.1774999999999997,0.5579999999999995
-0.3823,0.2114,0.6142
-0.33885000000000004,0.2193,0.6379
-0.2954000000000001,0.22719999999999999,0.6616
-0.2774500000000001,0.23764999999999986,0.6190000000000009
-0.2735,0.24949999999999997,0.5400000000000003
-0.27224999999999994,0.26089999999999997,0.46415000000000023
-0.2919999999999999,0.2688,0.4128000000000003
-0.31175,0.27670000000000006,0.3614499999999999
-0.33380000000000004,0.2662,0.34690000000000004
-0.3574999999999998,0.24250000000000022,0.3587499999999999
-0.38119999999999976,0.2170000000000006,0.3702
-0.4048999999999999,0.1577500000000001,0.37415
-0.4285999999999999,0.0985000000000002,0.3781
-0.42360000000000014,0.04745000000000019,0.35950000000000015
-0.3919999999999999,0.003999999999999851,0.3199999999999999
-0.36040000000000016,-0.03944999999999972,0.2805000000000003
-0.36,-0.07119999999999949,0.21760000000000107
-0.36,-0.10279999999999972,0.15440000000000054
-0.38519999999999993,-0.12719999999999998,0.08760000000000004
-0.4405000000000004,-0.14300000000000013,0.016499999999999487
-0.49579999999999985,-0.15879999999999997,-0.054599999999999795
-0.48905000000000015,-0.1964999999999995,-0.10014999999999943
-0.4772,-0.23599999999999982,-0.14359999999999978
-0.4514000000000007,-0.2832499999999991,-0.16070000000000037
-0.4040000000000003,-0.3424999999999996,-0.13700000000000018
-0.3565999999999999,-0.40175,-0.11329999999999998
-0.3193999999999997,-0.42700000000000016,-0.08279999999999973
-0.2838500000000007,-0.44674999999999965,-0.05120000000000061
-0.2431000000000006,-0.45610000000000017,-0.03129999999999995
-0.1917500000000002,-0.44425000000000003,-0.03524999999999998
-0.14039999999999977,-0.43239999999999995,-0.03920000000000002
-0.08275000000000034,-0.42685,-0.07149999999999979
-0.02349999999999987,-0.4229,-0.1110000000000001
0.03259999999999963,-0.4336499999999996,-0.14524999999999985
0.07999999999999916,-0.4849999999999991,-0.16499999999999965
0.12739999999999954,-0.5363499999999995,-0.1847499999999998
0.14579999999999999,-0.5819,-0.1929
0.15370000000000006,-0.6253500000000003,-0.19685000000000002
0.15280000000000016,-0.6592,-0.1912000000000002
0.11725000000000052,-0.6552500000000001,-0.14775000000000063
0.08170000000000023,-0.6513000000000001,-0.10430000000000028
0.07,-0.6155499999999999,-0.06879999999999996
0.07,-0.5642000000000005,-0.037200000000000275
0.06725000000000002,-0.51175,-0.0067000000000000184
0.04749999999999986,-0.45249999999999957,0.017000000000000168
0.027750000000000413,-0.3932500000000012,0.04069999999999951
-0.015999999999999237,-0.30520000000000136,0.07879999999999938
-0.0752499999999997,-0.19855000000000056,0.12619999999999976
-0.13090000000000004,-0.09699999999999989,0.17090000000000005
-0.14274999999999993,-0.05750000000000029,0.1827499999999999
-0.15460000000000002,-0.01799999999999997,0.19460000000000002
-0.16,-0.02149999999999963,0.16775000000000057
-0.16,-0.06099999999999994,0.1085000000000001
-0.15915000000000076,-0.10169999999999851,0.04920000000000073
-0.09200000000000025,-0.23599999999999954,-0.013999999999999777
-0.024849999999999713,-0.3703000000000006,-0.07720000000000027
0.03469999999999972,-0.5045999999999993,-0.14039999999999964
0.0860499999999992,-0.6388999999999979,-0.203599999999999
0.1373999999999996,-0.773199999999999,-0.26679999999999954
0.1625,-0.8775000000000001,-0.315
0.18619999999999978,-0.980199999999999,-0.36239999999999956
0.17360000000000128,-1.0729999999999984,-0.3619500000000013
0.11040000000000078,-1.151999999999999,-0.29480000000000084
0.047200000000000276,-1.2309999999999997,-0.2276500000000003
-0.026499999999998913,-1.2260000000000002,-0.18150000000000063
-0.1015499999999995,-1.2102000000000002,-0.13805000000000028
-0.16260000000000005,-1.1635999999999997,-0.1086
-0.1981499999999997,-1.0609000000000008,-0.10465000000000003
-0.23369999999999996,-0.9582,-0.10070000000000001
-0.2172499999999998,-0.8457499999999991,-0.09349999999999994
-0.18960000000000007,-0.7312000000000003,-0.08560000000000002
-0.15964999999999985,-0.6177999999999995,-0.08115000000000003
-0.12410000000000082,-0.5072000000000025,-0.08509999999999991
-0.08855000000000054,-0.3966000000000017,-0.08904999999999993
-0.08599999999999995,-0.3280000000000004,-0.13199999999999962
-0.09389999999999987,-0.27270000000000094,-0.18729999999999905
-0.09640000000000015,-0.23449999999999982,-0.2326999999999999
-0.08060000000000003,-0.25425,-0.24455
-0.06480000000000018,-0.2739999999999998,-0.25639999999999985
-0.005000000000000282,-0.3184999999999998,-0.27099999999999996
0.07400000000000036,-0.37380000000000024,-0.28680000000000005
0.1490999999999997,-0.4290999999999997,-0.2987
0.20440000000000014,-0.48440000000000016,-0.2908
0.2597000000000006,-0.5397000000000006,-0.28289999999999993
0.314999999999999,-0.6024999999999988,-0.2575000000000007
0.37029999999999946,-0.6696499999999993,-0.22195000000000037
0.4243999999999991,-0.7363999999999987,-0.18440000000000112
0.4678499999999995,-0.7995999999999992,-0.1291000000000007
0.5112999999999999,-0.8627999999999998,-0.07380000000000024
0.5052500000000006,-0.9034999999999996,-0.05224999999999994
0.46180000000000027,-0.9271999999999998,-0.05619999999999997
0.41939999999999994,-0.9468499999999999,-0.060750000000000026
0.4036000000000001,-0.8639000000000007,-0.08049999999999982
0.38780000000000003,-0.78095,-0.10024999999999998
0.40400000000000036,-0.677999999999999,-0.11400000000000006
0.45139999999999986,-0.5555500000000003,-0.12189999999999998
0.4987999999999994,-0.4331000000000016,-0.12979999999999992
0.5769999999999982,-0.3799500000000012,-0.14539999999999964
0.6559999999999974,-0.32860000000000167,-0.16119999999999948
0.7122499999999997,-0.3174999999999997,-0.19274999999999964
0.7398999999999996,-0.3569999999999993,-0.2440999999999991
0.7675499999999993,-0.39649999999999896,-0.2954499999999986
0.7376,-0.5007999999999999,-0.3575999999999999
0.7020500000000005,-0.6113999999999987,-0.4207999999999993
0.6815000000000001,-0.7205000000000016,-0.4615000000000001
0.68545,-0.8271500000000005,-0.46545000000000003
0.6893999999999999,-0.9337999999999993,-0.46939999999999993
0.7469500000000013,-0.9868500000000009,-0.4532499999999996
0.8140999999999983,-1.0302999999999989,-0.4335000000000005
0.8824999999999974,-1.0712499999999987,-0.41500000000000054
0.9535999999999993,-1.1067999999999996,-0.39920000000000017
1.0246999999999986,-1.1423499999999993,-0.3834000000000003
1.0369000000000002,-1.174799999999999,-0.35830000000000084
1.03295,-1.2064,-0.3306500000000001
1.0120000000000011,-1.229,-0.31299999999999983
0.9408999999999992,-1.22505,-0.32485000000000014
0.8697999999999999,-1.2211,-0.33670000000000005
0.8158000000000004,-1.1715500000000005,-0.3827499999999995
0.7683999999999992,-1.104399999999999,-0.442000000000001
0.7149999999999994,-1.0417499999999997,-0.48624999999999985
0.6360000000000031,-0.9983000000000017,-0.46650000000000075
0.557000000000001,-0.9548500000000005,-0.44675000000000026
0.4598000000000025,-0.9374,-0.40620000000000117
0.3531500000000035,-0.9334500000000001,-0.3548500000000017
0.2535000000000004,-0.9260000000000003,-0.3085000000000001
0.20215000000000088,-0.8944000000000005,-0.2966500000000002
0.15079999999999957,-0.8627999999999997,-0.28479999999999994
0.14644999999999997,-0.83355,-0.25650000000000006
0.1740999999999997,-0.8059000000000003,-0.21700000000000047
0.20075000000000018,-0.7807500000000002,-0.18025000000000005
0.21260000000000007,-0.7926000000000001,-0.1842
0.22444999999999996,-0.80445,-0.18814999999999998
0.21110000000000056,-0.8183999999999998,-0.19839999999999974
0.17555000000000093,-0.8341999999999996,-0.2141999999999996
0.1400000000000013,-0.8499999999999994,-0.22999999999999945
0.14394999999999997,-0.8776499999999997,-0.23
0.14789999999999992,-0.9052999999999994,-0.23
0.16480000000000017,-0.9311000000000001,-0.21704999999999985
0.19639999999999985,-0.9547999999999999,-0.18940000000000012
0.22799999999999956,-0.9784999999999996,-0.1617500000000004
0.24850000000000025,-1.0022000000000002,-0.17480000000000018
0.26825000000000004,-1.0259,-0.19060000000000002
0.27040000000000025,-1.0432,-0.20159999999999997
0.24669999999999961,-1.0511000000000001,-0.20555000000000007
0.2230000000000007,-1.0589999999999997,-0.20949999999999988
0.21655000000000016,-1.06345,-0.18240000000000123
0.21260000000000004,-1.0674,-0.1508000000000004
0.20325000000000046,-1.0632500000000005,-0.12325000000000046
0.18349999999999994,-1.0434999999999999,-0.10349999999999995
0.16375000000000015,-1.0237500000000002,-0.08375000000000014
0.15680000000000008,-0.975200000000001,-0.0991999999999996
0.15284999999999996,-0.9198999999999995,-0.12290000000000022
0.15,-0.8734000000000001,-0.14769999999999997
0.15,-0.8497000000000002,-0.17534999999999967
0.15,-0.8259999999999996,-0.2030000000000004
0.12639999999999985,-0.8140999999999999,-0.19819999999999993
0.09480000000000133,-0.8062000000000004,-0.18240000000000067
0.0632000000000005,-0.7974500000000002,-0.16830000000000014
0.031600000000000815,-0.7856000000000003,-0.1604000000000002
0.0,-0.77375,-0.1525
-0.0019000000000001169,-0.7915999999999996,-0.1634999999999998
0.009949999999999763,-0.8231999999999994,-0.1832499999999996
0.022400000000000093,-0.8554000000000002,-0.1945999999999998
0.03819999999999993,-0.8909499999999998,-0.15905000000000016
0.05399999999999977,-0.9264999999999994,-0.12350000000000051
0.0649000000000001,-0.9473500000000001,-0.09529999999999972
0.07280000000000002,-0.9591999999999999,-0.07159999999999997
0.0779000000000002,-0.9668500000000003,-0.05139999999999987
0.05420000000000044,-0.9313000000000007,-0.0671999999999997
0.030500000000000683,-0.895750000000001,-0.08299999999999955
0.013400000000000032,-0.8404000000000003,-0.10319999999999993
0.0015500000000001537,-0.7693000000000009,-0.12689999999999968
-0.01029999999999973,-0.6991000000000007,-0.14980000000000018
-0.022150000000000034,-0.6635499999999999,-0.14189999999999997
-0.03399999999999992,-0.6280000000000002,-0.13400000000000006
-0.061449999999999255,-0.6197499999999997,-0.11050000000000068
-0.10490000000000038,-0.6395000000000002,-0.07099999999999966
-0.14834999999999993,-0.65925,-0.031500000000000056
-0.15379999999999996,-0.6638,-0.026200000000000046
-0.15775000000000006,-0.6677500000000001,-0.022249999999999943
-0.16169999999999987,-0.6615000000000006,-0.038699999999998624
-0.16565,-0.6417500000000002,-0.08214999999999975
-0.16959999999999995,-0.6220000000000003,-0.12559999999999932
-0.205499999999999,-0.6341999999999997,-0.12645000000000012
-0.24500000000000002,-0.65,-0.1225
-0.28014999999999973,-0.6701499999999998,-0.10985000000000028
-0.30779999999999946,-0.6977999999999994,-0.08220000000000055
-0.3354500000000002,-0.7254500000000002,-0.05454999999999984
-0.320200000000001,-0.7365999999999997,-0.013700000000001752
-0.2965000000000004,-0.7444999999999998,0.02974999999999937
-0.24640000000000273,-0.7392000000000009,0.0623999999999998
-0.13579999999999987,-0.70365,0.07030000000000002
-0.025200000000000958,-0.6681000000000004,0.07819999999999994
0.03965000000000089,-0.6386499999999995,0.0891500000000002
0.09099999999999853,-0.6110000000000008,0.10099999999999966
0.12145000000000011,-0.59,0.10620000000000004
0.08590000000000046,-0.59,0.0904000000000002
0.05034999999999954,-0.59,0.0745999999999998
-0.0020000000000001683,-0.6292000000000001,0.07280000000000002
-0.061249999999997445,-0.6844999999999976,0.07674999999999983
-0.1141999999999996,-0.7313999999999998,0.07650000000000035
-0.13789999999999936,-0.7392999999999997,0.056750000000000536
-0.16159999999999997,-0.7472,0.037000000000000026
-0.18019999999999983,-0.7194000000000006,-0.013349999999999224
-0.19600000000000023,-0.6719999999999993,-0.08050000000000097
-0.20550000000000124,-0.6241500000000016,-0.14044999999999988
-0.16600000000000023,-0.5728000000000003,-0.14439999999999997
-0.1265000000000006,-0.5214500000000009,-0.14834999999999993
-0.08929999999999964,-0.5161000000000002,-0.1269999999999996
-0.053750000000000006,-0.54375,-0.0875
-0.022399999999997824,-0.5745999999999958,-0.04900000000000091
-0.06979999999999906,-0.6654499999999981,-0.0292500000000004
-0.11719999999999858,-0.7562999999999973,-0.009500000000000598
-0.14614999999999995,-0.8245999999999998,0.006149999999999947
-0.15799999999999984,-0.8719999999999993,0.01799999999999983
-0.16985000000000014,-0.9194000000000006,0.029850000000000137
-0.11150000000000207,-0.8498000000000024,0.04949999999999932
-0.05225000000000052,-0.7787000000000006,0.06924999999999983
-0.02,-0.7058000000000014,0.07820000000000008
-0.02,-0.6307499999999995,0.07424999999999998
-0.02,-0.5557000000000003,0.07030000000000002
-0.06745000000000118,-0.5280999999999995,0.06634999999999991
-0.11879999999999881,-0.5044000000000005,0.062400000000000094
-0.1701499999999983,-0.4853500000000004,0.06309999999999974
-0.22149999999999964,-0.4735000000000001,0.07099999999999994
-0.27284999999999915,-0.4616500000000002,0.07889999999999986
-0.24599999999999966,-0.44639999999999985,0.1378000000000006
-0.2065000000000015,-0.4306000000000006,0.2049499999999975
-0.1851999999999998,-0.40310000000000057,0.2551999999999998
-0.20099999999999965,-0.3517500000000011,0.27099999999999963
-0.21680000000000008,-0.3003999999999998,0.28680000000000005
-0.23259999999999992,-0.24905000000000027,0.24905000000000027
-0.24840000000000031,-0.19769999999999896,0.19769999999999896
-0.26629999999999937,-0.16,0.15265000000000073
-0.28999999999999915,-0.16,0.125000000000001
-0.31369999999999976,-0.16,0.09735000000000027
-0.3634999999999988,-0.20929999999999865,0.12189999999999912
-0.42275000000000035,-0.2764500000000004,0.16535000000000025
-0.474799999999999,-0.3435999999999973,0.2079999999999984
-0.49849999999999967,-0.41074999999999906,0.24749999999999944
-0.5221999999999994,-0.4778999999999984,0.28699999999999903
-0.5459,-0.5159,0.29205
-0.5695999999999998,-0.5395999999999999,0.2802000000000001
-0.59,-0.5544999999999993,0.27
-0.59,-0.5150000000000011,0.27
-0.59,-0.47550000000000014,0.27
-0.5636000000000005,-0.4096000000000011,0.26280000000000014
-0.520150000000001,-0.3266500000000019,0.2509500000000003
-0.4772999999999999,-0.24909999999999996,0.2406
-0.44175000000000153,-0.23725000000000052,0.24849999999999967
-0.4062000000000006,-0.2254000000000002,0.25639999999999985
-0.37710000000000066,-0.26729999999999765,0.2943999999999983
-0.35340000000000005,-0.35419999999999985,0.3575999999999999
-0.3304499999999996,-0.4407999999999993,0.41935000000000056
-0.3660000000000005,-0.5040000000000009,0.3679999999999992
-0.40154999999999885,-0.5671999999999979,0.3166500000000016
-0.4067000000000002,-0.5563000000000005,0.25010000000000043
-0.37905000000000144,-0.4654500000000047,0.1671500000000043
-0.3514000000000007,-0.3746000000000024,0.08420000000000215
-0.29,-0.295,0.06875
-0.22680000000000292,-0.21600000000000363,0.05690000000000055
-0.16360000000000127,-0.19804999999999867,0.05989999999999952
-0.10040000000000418,-0.26519999999999555,0.08359999999999843
-0.037200000000002544,-0.3323499999999973,0.10729999999999905
-0.009000000000000341,-0.46599999999999797,0.12399999999999978
0.014700000000000272,-0.6082000000000016,0.13980000000000017
0.010400000000001922,-0.6930000000000006,0.15
-0.044899999999999524,-0.6732500000000001,0.15
-0.10019999999999697,-0.6535000000000011,0.15
-0.1425000000000017,-0.5589999999999953,0.12399999999999864
-0.18199999999999988,-0.44840000000000035,0.0924000000000001
-0.22149999999999806,-0.3320500000000064,0.07229999999999961
-0.26099999999999907,-0.20170000000000302,0.08019999999999983
-0.30049999999999727,-0.071350000000009,0.08809999999999946
-0.32500000000000057,-0.05500000000000057,0.14400000000000204
-0.34474999999999967,-0.07474999999999965,0.2150999999999988
-0.3410999999999993,-0.10350000000000051,0.2880000000000007
-0.2581500000000031,-0.16274999999999779,0.36699999999999705
-0.17520000000000094,-0.2219999999999993,0.44599999999999906
-0.17749999999999772,-0.18225000000000477,0.40125000000000566
-0.21700000000000158,-0.09929999999999665,0.302499999999996
-0.2558499999999998,-0.035199999999999815,0.21935000000000002
-0.29139999999999816,-0.06679999999999836,0.2154000000000002
-0.3269499999999991,-0.09839999999999918,0.21145000000000008
-0.34249999999999975,-0.11749999999999915,0.20000000000000112
-0.3464499999999998,-0.12934999999999947,0.18420000000000072
-0.35279999999999945,-0.1380000000000004,0.17239999999999953
-0.3804500000000001,-0.1182499999999999,0.19610000000000016
-0.40809999999999885,-0.0985000000000008,0.21979999999999905
-0.41775000000000007,-0.08325000000000017,0.23224999999999996
-0.4138000000000002,-0.07140000000000071,0.23619999999999977
-0.4090999999999991,-0.06,0.2403000000000003
-0.3854000000000002,-0.06,0.24819999999999992
-0.3616999999999996,-0.06,0.25610000000000016
-0.3440000000000003,-0.050000000000000565,0.25200000000000045
-0.3321500000000009,-0.030250000000001477,0.2362000000000012
-0.32029999999999975,-0.010499999999999546,0.22039999999999962
-0.3161500000000001,-0.01,0.22
-0.3122,-0.01,0.22
-0.29950000000000104,-0.0012500000000008546,0.2130000000000007
-0.27580000000000043,0.01849999999999966,0.19720000000000026
-0.2521000000000015,0.03824999999999875,0.181400000000001
-0.24639999999999987,0.07600000000000137,0.1511999999999989
-0.24245000000000003,0.11549999999999956,0.11960000000000037
-0.23399999999999976,0.14450000000000018,0.08499999999999944
-0.2182000000000005,0.15634999999999963,0.045500000000001255
-0.20240000000000125,0.1681999999999991,0.00600000000000307
-0.23014999999999816,0.13650000000000206,-0.02009999999999877
-0.26569999999999905,0.09700000000000103,-0.04379999999999938
-0.29874999999999996,0.061250000000000006,-0.05875
-0.3263999999999987,0.033600000000001275,-0.05480000000000018
-0.3540499999999994,0.005950000000000557,-0.05085000000000008
-0.3042000000000047,0.0557999999999953,-0.09339999999999633
-0.23309999999999775,0.12690000000000223,-0.14870000000000175
-0.19699999999999904,0.20199999999999874,-0.16700000000000131
-0.2641500000000008,0.288900000000001,-0.07614999999999897
-0.33129999999999765,0.375799999999997,0.014699999999996861
-0.30155000000000054,0.3430000000000007,0.08274999999999949
-0.23439999999999883,0.2639999999999987,0.14200000000000101
-0.17325000000000101,0.18650000000000205,0.2004999999999984
-0.1377000000000001,0.11540000000000022,0.25579999999999986
-0.10215000000000174,0.04430000000000348,0.3110999999999973
-0.053600000000001286,-0.0319999999999982,0.31440000000000057
0.0016999999999961768,-0.11099999999999455,0.2907000000000017
0.04499999999999886,-0.18300000000000066,0.2684999999999997
0.005500000000000685,-0.20669999999999958,0.2566500000000002
-0.03400000000000034,-0.2304000000000002,0.2447999999999999
-0.09229999999999736,-0.22355000000000103,0.22590000000000088
-0.1633999999999992,-0.19590000000000032,0.20220000000000027
-0.2309999999999991,-0.16800000000000181,0.1770000000000027
-0.24679999999999952,-0.13640000000000102,0.1296000000000015
-0.26259999999999994,-0.10480000000000018,0.08220000000000027
-0.198600000000007,-0.014400000000007351,-0.007199999999993434
