-0.8732,1.2054500000000001,-2.9579,-233.45015,-196.07389999999998,-199.62175
-0.98,1.29,-2.86,-200.4,-218.76,-226.7
-0.9444,1.29,-2.88225,-254.67220000000003,-241.7398,-249.84445
-0.9088,1.29,-2.9045,-308.94440000000003,-264.7196,-272.9889
-0.9,1.2498,-2.89995,-356.59365,-281.02285,-297.872
-0.9,1.1964,-2.8866,-402.06820000000005,-295.1338,-323.326
-0.8955,1.16325,-2.8754999999999997,-438.284,-312.496,-345.60975
-0.8866,1.1499,-2.8666,-465.4468,-333.0372,-364.7937
-0.8777,1.1492,-2.8577,-491.501,-354.51105,-380.0159
-0.8688,1.1848,-2.8487999999999998,-514.374,-378.6612,-383.8696
-0.8606499999999999,1.22065,-2.8400499999999997,-537.4891,-402.71985,-387.62755
-0.9185,1.2785,-2.8445,-581.909,-418.7265,-382.9595
-0.97635,1.3363500000000001,-2.84895,-626.3289,-434.73315,-378.29145
-1.0342,1.367,-2.8364000000000003,-686.3786,-455.2822,-374.22520000000003
-1.0920500000000002,1.3892499999999999,-2.8186,-751.2551500000001,-477.23404999999997,-370.3448
-1.1223,1.4115,-2.8192,-815.1220000000001,-491.7247,-366.68980000000005
-1.12675,1.43375,-2.837,-878.0450000000001,-499.24075,-363.2455
-1.1348,1.4487999999999999,-2.8464,-938.7000000000002,-505.5208,-358.3
-1.1526,1.44435,-2.83305,-993.2125000000002,-508.45335,-349.28875
-1.1691,1.4384,-2.8196,-1046.8695,-511.3785,-340.4648
-1.1290499999999999,1.3672,-2.8017999999999996,-1063.31225,-513.98175,-339.7884
-1.089,1.296,-2.784,-1079.755,-516.5849999999999,-339.11199999999997
-1.0524,1.2524,-2.77655,-1067.9043000000001,-515.8865999999999,-343.376
-1.0168,1.2167999999999999,-2.7721,-1047.8526,-514.2312000000001,-349.072
-0.99295,1.1953,-2.7747,-1028.332,-508.01915,-352.47675
-0.9796,1.1864,-2.7836,-1009.2860000000001,-497.7352,-353.834
-0.975,1.165,-2.7775,-989.1875,-491.20875,-353.8275
-0.9928,1.1116,-2.733,-966.3946,-494.3015,-350.3298
-1.0118,1.05775,-2.6879,-943.1324999999999,-497.644,-346.92345
-1.0652000000000001,0.9909999999999999,-2.6256,-906.42,-508.146,-346.1358
-1.1185999999999998,0.9242500000000001,-2.5633,-869.7075000000001,-518.648,-345.34815000000003
-1.0949999999999998,0.8259999999999997,-2.4764999999999997,-826.2504999999999,-550.4265000000001,-354.80500000000006
-1.0504999999999998,0.7191999999999996,-2.3830499999999994,-780.9628499999999,-587.9800500000001,-367.0425000000001
-1.0084,0.6172,-2.2824,-740.6216000000001,-622.6944,-386.3768
-0.9683499999999999,0.5192999999999999,-2.1755999999999998,-704.5054,-654.9836,-411.77295000000004
-0.9308999999999997,0.4487,-2.055799999999999,-672.2657999999999,-685.4736000000001,-429.38599999999997
-0.89975,0.44425000000000003,-1.9045000000000003,-649.4195000000001,-711.6039999999999,-428.14
-0.8773999999999998,0.441,-1.7520000000000002,-627.9842,-737.4698,-425.839
-1.0420500000000013,0.46325000000000016,-1.5739999999999987,-636.5326500000001,-757.7128500000001,-401.1192499999998
-1.2067,0.4855,-1.3960000000000001,-645.0811,-777.9558999999999,-376.3995
-1.29325,0.5042,-1.2534999999999998,-671.7452,-794.1057999999999,-336.04909999999995
-1.36,0.522,-1.1199999999999999,-703.002,-809.218,-291.73599999999993
-1.38265,0.5398000000000001,-1.0060999999999998,-738.4875000000001,-796.50065,-243.45144999999988
-1.3693,0.5576,-0.9081999999999997,-777.4250000000001,-761.0652999999999,-191.92489999999987
-1.3640500000000002,0.57,-0.8251499999999998,-815.6794000000001,-724.9049999999999,-144.68729999999988
-1.3774,0.57,-0.7761999999999998,-852.3652000000002,-687.0799999999998,-107.29839999999984
-1.39075,0.5702499999999999,-0.7274999999999998,-887.6790000000001,-648.4729999999997,-70.19124999999985
-1.4041,0.5747,-0.6829999999999997,-899.9432,-596.7283999999997,-37.817499999999825
-1.4174499999999999,0.5791499999999999,-0.6385000000000001,-912.2073999999999,-544.9838000000001,-5.443750000000062
-1.3948,0.544,-0.5616000000000001,-872.8008000000001,-488.8940000000001,31.93039999999995
-1.3636499999999998,0.49949999999999967,-0.47704999999999936,-821.1941499999997,-431.77824999999956,70.48520000000028
-1.3250000000000002,0.4775,-0.4475,-747.345,-393.5925,105.72
-1.2805,0.47304999999999997,-0.46085,-656.1466999999999,-370.17215,138.36520000000002
-1.2528,0.5022000000000001,-0.4812,-568.3279999999999,-341.85319999999996,159.97140000000002
-1.2617,0.6045500000000001,-0.5168,-487.87199999999984,-302.86229999999995,157.52835
-1.2730000000000001,0.7114000000000004,-0.5515000000000001,-412.90779999999995,-266.3263,154.51649999999998
-1.3175000000000001,0.8805000000000005,-0.5737500000000001,-413.9135,-263.74975,143.63624999999996
-1.3620000000000003,1.0496000000000008,-0.5960000000000001,-414.91920000000005,-261.17319999999995,132.75599999999997
-1.3627,1.1164999999999998,-0.6255499999999999,-458.3196499999998,-251.60690000000002,118.86815000000006
-1.3538000000000001,1.1609999999999998,-0.6567,-511.01209999999986,-240.50860000000003,104.32110000000004
-1.3347000000000002,1.1443,-0.6802,-574.8556999999998,-237.0756,87.33625000000004
-1.3079999999999998,1.0819999999999996,-0.6980000000000001,-647.0080000000005,-239.354,68.53499999999988
-1.2711499999999996,1.0095499999999993,-0.7216000000000002,-705.6579000000002,-238.94554999999994,50.99669999999989
-1.2132999999999996,0.9160999999999992,-0.7572000000000003,-736.3718000000002,-232.97809999999996,36.07139999999988
-1.1621,0.8222999999999999,-0.78895,-765.73925,-227.4373,20.945549999999994
-1.1888,0.7243999999999999,-0.7756,-779.3340000000001,-226.8944,3.47039999999998
-1.2155,0.6264999999999998,-0.76225,-792.92875,-226.3515,-14.004750000000028
-1.2237,0.5655999999999999,-0.7822,-785.4298,-226.5079,-28.09440000000003
-1.22815,0.5121999999999999,-0.8089000000000001,-773.6551,-226.80605,-41.49780000000004
-1.2117999999999995,0.48739999999999994,-0.8226,-767.6654,-224.93319999999997,-51.11300000000008
-1.18065,0.48295,-0.82705,-765.7919499999999,-221.5156,-58.03274999999997
-1.1435000000000002,0.4785,-0.8374999999999999,-766.371,-214.24600000000004,-62.1445
-1.0945500000000001,0.47404999999999997,-0.8597499999999999,-771.7733,-199.40080000000003,-60.733850000000004
-1.052,0.46720000000000006,-0.878,-777.802,-185.078,-59.488800000000005
-1.0742500000000001,0.43605000000000005,-0.85575,-790.173,-176.0445,-59.92045
-1.0965000000000005,0.40489999999999954,-0.8334999999999996,-802.5440000000002,-167.01099999999985,-60.35210000000001
-1.08875,0.35500000000000004,-0.83,-807.05125,-176.56625,-62.64
-1.0754000000000001,0.3016,-0.83,-810.0906,-189.59140000000002,-65.2744
-1.0594000000000001,0.2694,-0.83265,-806.7143000000001,-197.89690000000002,-70.0871
-1.0416,0.2516,-0.8371,-798.9802000000001,-202.9966,-76.37940000000002
-1.02845,0.23069999999999993,-0.8338,-794.3182,-208.80620000000002,-81.96490000000001
-1.024,0.2039999999999999,-0.816,-795.404,-215.94400000000002,-86.22800000000002
-1.0172999999999999,0.17639999999999986,-0.7982,-796.39935,-223.66050000000007,-90.52620000000002
-0.9905999999999999,0.14079999999999984,-0.7804,-796.5907,-236.52100000000007,-95.13640000000002
-0.9638999999999999,0.10519999999999982,-0.7626,-796.7820499999999,-249.38150000000005,-99.74660000000003
-0.9447999999999999,0.07339999999999983,-0.7257999999999998,-798.8467999999999,-250.84199999999998,-104.12880000000003
-0.9269999999999999,0.0422499999999998,-0.6857499999999997,-801.232,-250.3525,-108.47200000000004
-0.9173,0.008399999999999748,-0.6402999999999996,-807.5862000000001,-243.80419999999992,-113.48750000000004
-0.91285,-0.027199999999999707,-0.5913500000000005,-816.5129,-233.3289000000001,-118.93874999999996
-0.9116000000000001,-0.07080000000000047,-0.5423999999999997,-820.7868,-223.75279999999992,-126.08920000000009
-0.91605,-0.12865000000000051,-0.4934499999999996,-816.7729,-215.77839999999992,-136.2663500000001
-0.9184999999999999,-0.18700000000000058,-0.4459999999999997,-811.7375,-208.67849999999999,-145.57750000000004
-0.9051499999999999,-0.24930000000000063,-0.41039999999999965,-798.6322499999999,-208.48714999999999,-148.04725000000002
-0.8917999999999998,-0.31160000000000065,-0.37479999999999963,-785.5269999999998,-208.2958,-150.51700000000002
-0.8784500000000001,-0.3623499999999998,-0.3546000000000001,-762.6774000000001,-199.32645000000005,-150.8962
-0.8651000000000001,-0.41129999999999983,-0.3368000000000001,-738.3092000000001,-188.98910000000004,-150.9496
-0.8792499999999999,-0.4602499999999998,-0.3162500000000001,-712.4175000000001,-183.21125,-154.47349999999997
-0.9104,-0.5091999999999999,-0.2940000000000001,-685.5840000000001,-180.252,-160.1428
-0.9200999999999997,-0.5499000000000004,-0.2700999999999997,-656.0032499999995,-176.1162999999999,-163.4295
-0.8933999999999996,-0.5766000000000004,-0.24339999999999962,-621.7604999999995,-169.9841999999999,-162.67299999999997
-0.87165,-0.60385,-0.21395000000000003,-588.8823,-163.23170000000002,-161.65744999999998
-0.885,-0.635,-0.165,-565.6800000000001,-152.08,-158.805
-0.89835,-0.66615,-0.11604999999999997,-542.4777,-140.9283,-155.95255
-0.9312,-0.7090000000000001,-0.08659999999999997,-523.7955,-144.51860000000002,-152.3201
-0.9668000000000001,-0.7535000000000001,-0.05989999999999995,-505.75075,-150.1879,-148.57764999999998
-0.9687999999999999,-0.8008000000000002,-0.04159999999999997,-483.7971999999999,-155.5352,-141.35199999999998
-0.9509999999999998,-0.8497500000000001,-0.02824999999999996,-459.54024999999996,-160.69275000000002,-132.07374999999996
-0.9536000000000001,-0.8868,-0.006399999999999864,-437.1277999999999,-165.58,-126.5678
-0.9892000000000002,-0.9046000000000001,0.029200000000000156,-417.69909999999993,-170.03000000000003,-127.1641
-1.0139999999999998,-0.9157999999999998,0.061200000000000046,-400.3488,-174.73620000000003,-126.82739999999997
-0.9694999999999998,-0.8846499999999998,0.07010000000000005,-396.33489999999995,-181.08635000000004,-120.50394999999996
-0.9249999999999997,-0.8534999999999998,0.07900000000000006,-392.32099999999997,-187.43650000000005,-114.18049999999995
-0.9121,-0.85395,0.08,-409.1157000000001,-192.12370000000004,-106.89324999999994
-0.9032,-0.8584,0.08,-428.5444000000001,-196.60040000000004,-99.48399999999994
-0.8914499999999999,-0.8742500000000002,0.08285000000000003,-455.48000000000025,-195.06359999999995,-95.34369999999997
-0.8781000000000001,-0.8964999999999999,0.08729999999999996,-486.62999999999977,-190.15080000000003,-93.03860000000002
-0.8507499999999996,-0.9292500000000005,0.09175000000000004,-510.3950000000001,-185.00349999999995,-91.96025
-0.8018000000000003,-0.9781999999999997,0.09619999999999998,-522.766,-179.4944,-92.77459999999999
-0.76065,-1.0284500000000008,0.09804999999999986,-532.4304,-172.85624999999985,-94.44110000000008
-0.7651,-1.0862999999999996,0.08470000000000007,-526.2716,-159.61750000000006,-101.08939999999997
-0.7695500000000001,-1.1441500000000007,0.07134999999999984,-520.1127999999999,-146.37874999999983,-107.73770000000007
-0.7780000000000001,-1.1780000000000004,0.06199999999999989,-513.3419999999999,-141.69599999999994,-119.21400000000014
-0.7869,-1.20915,0.05310000000000003,-506.50235000000004,-137.97580000000002,-131.23344999999995
-0.7871,-1.2403000000000004,0.05870000000000019,-502.29879999999997,-140.27020000000007,-142.93680000000015
-0.7826500000000001,-1.27145,0.07204999999999999,-499.50419999999997,-145.7793,-154.47119999999998
-0.7727999999999997,-1.3098000000000007,0.07279999999999973,-494.59279999999984,-153.06680000000014,-165.55380000000017
-0.755,-1.35875,0.055,-486.565,-162.9725,-175.97125
-0.733,-1.4112,0.038599999999999995,-476.70529999999997,-171.9605,-186.0562
-0.6884999999999999,-1.4824000000000002,0.02969999999999999,-457.03184999999996,-176.03225,-194.3599
-0.6439999999999999,-1.5536,0.020799999999999985,-437.35839999999996,-180.104,-202.6636
-0.6643000000000004,-1.600500000000001,0.04025000000000042,-398.49604999999923,-179.89894999999999,-209.65915000000012
-0.6910000000000001,-1.645,0.06250000000000008,-357.7384999999999,-179.2715,-216.52550000000002
-0.6822999999999995,-1.66295,0.07590000000000018,-318.6004999999992,-185.9689000000002,-216.46524999999994
-0.6555999999999998,-1.6674,0.08480000000000004,-280.28599999999983,-196.39080000000004,-212.88299999999998
-0.6140999999999996,-1.6885000000000001,0.0974000000000001,-244.7020999999998,-202.61505,-207.50624999999997
-0.5517999999999996,-1.7330000000000003,0.11520000000000011,-212.9557999999998,-202.9399,-199.60749999999996
-0.5052500000000002,-1.77225,0.1375000000000003,-180.34999999999977,-202.4825,-192.15274999999997
-0.5364000000000007,-1.7856000000000003,0.18200000000000102,-143.50399999999917,-198.1659999999999,-186.88839999999988
-0.5675500000000002,-1.79895,0.22650000000000034,-106.65799999999972,-193.84949999999995,-181.62404999999995
-0.5740999999999999,-1.7836,0.2668999999999997,-85.65850000000015,-191.33700000000002,-171.7349000000001
-0.57855,-1.7657999999999998,0.3069500000000004,-66.01174999999982,-188.9785,-161.4509499999999
-0.5710000000000001,-1.76,0.3499999999999997,-59.136,-184.75100000000003,-149.24700000000007
-0.5576499999999999,-1.76,0.39450000000000046,-58.4329,-179.62014999999997,-136.11504999999985
-0.5538,-1.7694999999999999,0.43139999999999984,-57.02110000000001,-173.84330000000003,-123.06480000000008
-0.5627000000000001,-1.7917500000000004,0.4581000000000003,-54.65814999999997,-167.19944999999993,-110.12419999999986
-0.5691999999999999,-1.8084,0.4816,-51.07120000000003,-159.33960000000005,-96.94920000000006
-0.56475,-1.7994999999999999,0.4905000000000001,-41.899749999999884,-145.93174999999982,-82.70474999999982
-0.5603,-1.7906,0.49939999999999996,-32.728300000000026,-132.52390000000003,-68.46030000000003
-0.5392499999999997,-1.7733999999999999,0.5,-30.391899999999975,-123.59804999999989,-54.514649999999804
-0.5169999999999993,-1.7555999999999994,0.5,-28.54959999999994,-114.99619999999975,-40.590599999999576
-0.5008499999999998,-1.75305,0.5152500000000003,-23.5230999999999,-100.85249999999975,-24.58644999999974
-0.4875,-1.7575,0.5375000000000001,-17.035,-84.165,-7.6274999999999995
-0.47609999999999986,-1.7639000000000002,0.5519500000000002,-6.114549999999724,-68.14439999999975,7.6057000000002155
-0.4672,-1.7728,0.5564,10.488400000000022,-52.978799999999985,20.626400000000018
-0.4582999999999999,-1.77915,0.5591499999999999,29.315800000000507,-36.10214999999957,33.05210000000018
-0.44939999999999997,-1.7747,0.5547000000000001,57.56440000000008,-11.97869999999994,42.95780000000003
-0.44049999999999984,-1.7702499999999999,0.5502499999999999,85.81300000000054,12.144750000000462,52.863500000000194
-0.42739999999999995,-1.7321999999999997,0.5289999999999999,102.63760000000006,29.145000000000064,58.901000000000025
-0.41405000000000014,-1.6921500000000005,0.5067500000000003,118.78219999999982,45.72124999999981,64.70824999999994
-0.4286000000000001,-1.6613999999999998,0.49689999999999995,124.83320000000002,60.05000000000007,73.48220000000005
-0.4552999999999997,-1.6347000000000003,0.49245000000000005,126.48859999999999,73.39999999999986,83.5480999999999
-0.46799999999999997,-1.6300000000000001,0.47999999999999987,128.12,84.26400000000005,94.04200000000007
-0.4635499999999999,-1.6522500000000004,0.4577499999999995,129.72200000000004,92.08265000000017,105.06020000000025
-0.4654000000000002,-1.6718,0.4418000000000001,135.00590000000017,101.0632000000001,115.58340000000007
-0.49210000000000065,-1.6807,0.4507000000000002,154.81285000000048,114.62680000000033,124.15410000000021
-0.5188000000000003,-1.6896,0.4596000000000001,174.61980000000017,128.19040000000012,132.7248000000001
-0.5370000000000005,-1.655999999999999,0.43449999999999933,201.2947500000007,135.4342500000002,143.8412500000003
-0.5548000000000002,-1.6203999999999996,0.4077999999999998,228.2929000000003,142.38070000000008,155.07750000000013
-0.5757500000000007,-1.578499999999999,0.3936999999999998,246.9372500000004,148.52075000000016,165.62075000000027
-0.5980000000000003,-1.5339999999999996,0.3847999999999999,262.1340000000002,154.32800000000006,175.87800000000013
-0.60385,-1.4977,0.37385000000000007,274.56735,159.36034999999998,183.9602
-0.5904999999999998,-1.4709999999999996,0.3604999999999998,283.7655000000001,163.48550000000006,189.49600000000007
-0.58285,-1.4433500000000001,0.3462,293.56595,168.09704999999997,194.5853
-0.5962000000000002,-1.4121999999999995,0.32839999999999975,305.58540000000016,174.50060000000008,198.02960000000004
-0.6095499999999999,-1.3810499999999999,0.31060000000000004,317.60485,180.90415,201.4739
-0.6143,-1.3499000000000005,0.2928000000000003,330.8841999999998,186.70569999999992,200.8289
-0.61875,-1.31875,0.275,344.2075,192.48625,200.04125
-0.6360000000000003,-1.2939999999999996,0.2571999999999997,357.5308000000002,200.41080000000017,196.44399999999993
-0.65825,-1.27175,0.2394,370.8541,209.17285,191.74925
-0.6721000000000001,-1.2410999999999992,0.21739999999999954,383.17780000000016,216.13100000000009,187.1069999999999
-0.6765500000000002,-1.2010499999999986,0.1906999999999991,394.3829000000004,221.07050000000018,182.52349999999984
-0.6759999999999997,-1.1639999999999995,0.16599999999999968,404.18000000000006,225.66800000000006,178.40299999999996
-0.6582,-1.1373,0.14819999999999994,409.1195,229.08560000000003,175.87985
-0.6403999999999996,-1.1105999999999996,0.13039999999999963,414.05900000000014,232.50320000000008,173.35669999999996
-0.6617500000000001,-1.11,0.11694999999999994,420.21650000000005,229.7699,171.57305
-0.6840000000000004,-1.11,0.10359999999999972,426.40200000000016,226.89519999999993,169.80639999999997
-0.7127500000000002,-1.1067500000000001,0.08699999999999988,444.63850000000014,222.81149999999997,164.63374999999996
-0.7438999999999997,-1.1023,0.06920000000000016,467.3245999999998,218.28140000000005,158.20350000000005
-0.7556999999999999,-1.0892499999999998,0.053549999999999896,493.37760000000026,213.37074999999996,150.89604999999995
-0.7468,-1.0670000000000002,0.0402000000000001,523.0323999999998,208.05300000000005,142.65020000000007
-0.7452500000000002,-1.0405499999999996,0.025799999999999837,552.0225500000003,202.81819999999996,131.62499999999983
-0.7674999999999998,-1.0005000000000002,0.008000000000000113,578.8604999999999,197.85200000000003,111.60000000000012
-0.7897500000000003,-0.9604499999999996,-0.009800000000000182,605.6984500000003,192.88579999999996,91.57499999999979
-0.7856000000000001,-0.8984000000000003,-0.03199999999999989,625.6899999999999,190.3616,61.21880000000016
-0.78115,-0.8360999999999993,-0.054250000000000256,645.6037500000002,187.86514999999997,30.74519999999965
-0.7767,-0.7704999999999981,-0.07980000000000075,655.0367000000001,182.81119999999984,0.39369999999914285
-0.77225,-0.7037499999999992,-0.10650000000000034,660.8172500000001,176.86599999999993,-29.91525000000039
-0.7501999999999989,-0.6413999999999983,-0.12880000000000053,657.8505999999996,171.17819999999986,-50.632200000000324
-0.7101499999999995,-0.5835499999999992,-0.14660000000000026,645.9379499999999,165.7536499999999,-61.539150000000156
-0.7085999999999999,-0.5323000000000001,-0.15450000000000003,628.8344000000001,164.52009999999999,-71.61449999999999
-0.8243000000000018,-0.5011499999999995,-0.13224999999999965,595.9221999999995,176.05005000000017,-79.15725000000012
-0.94,-0.47,-0.11,563.01,187.58,-86.7
-0.9088499999999995,-0.5456500000000013,-0.1456000000000006,552.0496499999998,183.67289999999994,-101.65200000000024
-0.8776999999999999,-0.6213000000000001,-0.18120000000000006,541.0893,179.7658,-116.60400000000001
-0.8498999999999995,-0.6567500000000004,-0.21010000000000048,566.6071000000006,190.8935000000003,-131.80055000000027
-0.8231999999999999,-0.679,-0.23680000000000007,604.1028000000001,206.95800000000006,-147.07740000000004
-0.8234999999999997,-0.6585000000000008,-0.2657499999999996,640.8064999999996,223.6254999999998,-157.7574999999999
-0.8502000000000001,-0.5961999999999997,-0.2969000000000001,676.7358000000002,240.88260000000008,-163.943
-0.8849500000000012,-0.5327499999999987,-0.3246000000000004,706.0928500000002,252.94399999999996,-167.61114999999992
-0.9428000000000003,-0.4659999999999997,-0.3424000000000001,716.5904,250.09599999999998,-164.05559999999997
-0.9997999999999996,-0.39974999999999955,-0.3604000000000008,727.0136000000001,247.27575,-160.43269999999978
-0.9819999999999999,-0.37749999999999984,-0.39600000000000024,730.8940000000001,246.8975,-150.88299999999995
-0.9641999999999996,-0.35524999999999946,-0.4316000000000008,734.7744000000001,246.51925,-141.33329999999978
-0.9804000000000002,-0.34319999999999995,-0.4774000000000004,741.1436000000001,250.61540000000005,-136.5912
-1.0071000000000006,-0.3342999999999998,-0.5263500000000012,748.2814000000002,256.09335000000016,-133.3337999999999
-1.0131,-0.32079999999999986,-0.5753000000000005,757.0453000000001,254.94039999999995,-132.91000000000003
-0.9997499999999997,-0.30299999999999955,-0.6242500000000013,767.3292500000003,247.58899999999983,-135.13500000000005
-0.9887999999999999,-0.2827999999999997,-0.6720000000000005,775.9884000000001,239.21999999999989,-138.83840000000006
-0.9843500000000001,-0.2561000000000001,-0.7164999999999998,780.24705,228.09500000000006,-146.54579999999996
-0.9802000000000001,-0.22949999999999976,-0.7596999999999998,784.2935999999999,216.73949999999974,-154.36420000000015
-0.9891,-0.2072500000000001,-0.7463500000000001,779.1138,195.35725000000008,-167.01109999999997
-0.9980000000000001,-0.18499999999999972,-0.7329999999999998,773.934,173.9749999999997,-179.65800000000016
-0.9724000000000002,-0.1524000000000001,-0.7024000000000001,769.97205,159.57555000000002,-187.60944999999998
-0.9367999999999995,-0.1167999999999995,-0.6667999999999995,766.3630999999999,147.20009999999982,-194.1999000000001
-0.971700000000003,-0.0670999999999981,-0.6358999999999992,759.1844999999996,142.7935000000001,-204.57620000000043
-1.0696000000000014,-0.004799999999999048,-0.6091999999999995,748.8159999999998,145.50800000000004,-218.3356000000002
-1.1475,0.04125,-0.5974999999999999,733.51,145.15125,-231.225
-1.1742000000000004,0.045700000000000074,-0.6242000000000004,705.5639999999995,136.93209999999988,-241.88720000000018
-1.1998499999999999,0.0496999999999997,-0.6513500000000013,678.5095999999999,129.2853500000003,-252.00159999999983
-1.1954,0.04080000000000013,-0.6913999999999995,677.0144,138.0473999999999,-246.41240000000008
-1.19095,0.03189999999999998,-0.73145,675.5192000000001,146.80945000000003,-240.82319999999999
-1.151499999999999,0.03,-0.7294999999999997,683.0750000000003,170.17000000000053,-223.96399999999963
-1.1025499999999984,0.03,-0.7161499999999995,693.0875000000004,197.493000000001,-204.0457999999993
-1.0656000000000003,0.0252000000000001,-0.7004000000000001,708.8815999999998,236.77279999999945,-187.61240000000015
-1.0389,0.016299999999999953,-0.6825999999999999,729.6141500000001,286.26570000000027,-174.15559999999994
-1.0369000000000013,-0.01600000000000193,-0.6673999999999999,763.1803000000014,332.2785000000008,-168.33110000000028
-1.0947499999999986,-0.10499999999999772,-0.6585000000000003,827.8432499999983,369.858749999999,-181.00024999999968
-1.1502,-0.19039999999999993,-0.6517999999999997,893.6779999999992,406.7025999999998,-193.81479999999985
-1.15465,-0.19930000000000006,-0.6918500000000003,984.4135000000007,427.89795000000015,-209.7191000000001
-1.1591,-0.20820000000000022,-0.731900000000001,1075.1490000000022,449.0933000000005,-225.6234000000004
-1.1528999999999998,-0.12479999999999905,-0.7861500000000006,1150.6656500000006,489.2669500000004,-234.03365000000005
-1.1439999999999997,-0.017999999999997268,-0.8440000000000014,1222.324000000002,534.2520000000012,-240.54400000000015
-1.1081499999999975,0.08635000000000431,-0.8896000000000015,1259.7754500000003,580.643350000002,-240.70639999999977
-1.0503000000000002,0.18869999999999948,-0.9251999999999998,1269.3029,628.1826999999997,-235.68680000000003
-0.9991999999999996,0.25864999999999994,-0.9486499999999999,1269.8973999999998,673.9198000000005,-235.37600000000012
-0.963599999999999,0.25419999999999987,-0.9441999999999998,1249.9791999999995,715.5184000000012,-245.8780000000003
-0.9370000000000056,0.2502500000000002,-0.9329999999999944,1230.6434999999997,755.3120000000004,-258.2122500000019
-1.0615999999999997,0.2547,-0.8084000000000003,1221.0938,764.7815999999999,-301.3282999999999
-1.1862000000000017,0.25915000000000005,-0.6837999999999983,1211.5440999999998,774.2512,-344.4443500000006
-1.4980000000000109,0.37880000000000447,-0.501599999999994,1211.1456,726.1207999999981,-386.9448000000013
-1.8539999999999939,0.5256499999999975,-0.3058000000000033,1212.9078,664.390400000001,-429.2998999999993
-2.1449999999999996,0.8325,-0.29,1220.9825,649.87,-425.71000000000004
-2.385300000000004,1.2641500000000072,-0.4146000000000021,1233.9809500000003,672.1734000000004,-386.28299999999933
-2.5751999999999997,1.5992000000000002,-0.5560000000000003,1201.3842,711.6100000000001,-310.5427999999998
-2.6553000000000013,1.7238000000000022,-0.7340000000000032,1069.4550499999978,788.3725000000014,-155.69169999999724
-2.7200999999999995,1.8324999999999998,-0.9171000000000007,941.6016999999997,868.4680000000003,0.9159000000004767
-2.573249999999997,1.721249999999998,-1.1707500000000048,870.1302499999986,994.6700000000023,181.82175000000348
-2.4263999999999992,1.6099999999999997,-1.424400000000001,798.6587999999997,1120.8720000000005,362.7276000000007
-2.2284499999999956,1.4330499999999962,-1.6233000000000037,833.5082000000011,1271.999850000003,465.26795000000175
-2.0192999999999923,1.241699999999993,-1.810200000000007,891.6608000000022,1428.5909000000058,550.6323000000032
-1.7362000000000033,1.0631000000000017,-2.002199999999998,1008.2899999999984,1541.8166499999993,568.2355000000003
-1.3979999999999977,0.8939999999999989,-2.1980000000000013,1168.4900000000011,1622.7310000000004,535.3499999999998
-1.1438999999999981,0.7959500000000012,-2.424250000000007,1315.8430000000028,1685.6262000000006,479.44864999999754
-1.0637999999999967,0.844900000000002,-2.7135000000000113,1436.6160000000048,1711.240400000001,375.9282999999959
-0.9938499999999997,0.9148499999999976,-2.9967999999999986,1540.386350000001,1732.9171000000001,275.4582000000005
-1.0428000000000004,1.230800000000003,-3.2104000000000017,1444.9827999999993,1708.4687999999999,210.71959999999942
-1.0917500000000013,1.546750000000008,-3.4240000000000053,1349.5792499999975,1684.0204999999994,145.98099999999835
-1.0889,1.5703999999999998,-3.541400000000001,1120.4539999999974,1643.7583999999997,155.12400000000025
-1.0755500000000002,1.5348000000000002,-3.6392999999999995,864.2230000000013,1600.2908000000002,179.24299999999988
-1.0726000000000002,1.2989999999999957,-3.667,624.8633999999975,1535.9425999999992,211.78340000000046
-1.0770500000000003,0.9207499999999894,-3.6447499999999993,397.5084499999936,1456.737049999998,250.3159500000011
-1.1010000000000009,0.5604999999999958,-3.633,224.0334999999991,1360.0354999999984,283.2415000000003
-1.1633000000000018,0.23564999999999048,-3.6419,156.522549999998,1228.9251499999962,305.1399500000006
-1.2236000000000018,-0.06760000000000388,-3.6455999999999977,100.982400000003,1098.8363999999945,326.6600000000008
-1.26365,-0.1521499999999999,-3.59665,166.64659999999992,979.0913500000001,344.34875
-1.3037000000000007,-0.2367000000000013,-3.5476999999999994,232.310800000001,859.3462999999981,362.03750000000025
-1.3137500000000002,-0.11124999999999474,-3.5475000000000003,299.1900000000021,764.2987499999971,399.7362500000013
-1.3182,0.05339999999999748,-3.5564,366.29599999999897,673.8614000000014,441.17019999999934
-1.2564,0.2604500000000003,-3.5494,384.8434,614.3177499999999,495.06180000000006
-1.1495999999999982,0.49630000000000424,-3.5315999999999996,370.4075999999997,575.7584999999993,557.415200000001
-1.0613999999999981,0.7275000000000077,-3.490549999999997,330.90674999999703,545.8001999999996,621.1868500000023
-1.0080000000000007,0.9499999999999971,-3.406000000000001,244.5100000000011,531.9340000000002,687.6119999999992
-0.9676500000000002,1.1360499999999993,-3.3264,164.6850499999999,516.3091999999999,746.43125
-1.0433000000000014,0.9980999999999971,-3.2907999999999995,143.27609999999956,485.05239999999935,737.6424999999999
-1.1189500000000003,0.8601499999999993,-3.2552,121.86714999999988,453.79559999999987,728.85375
-1.1338,0.8133999999999993,-3.1967999999999988,120.59440000000005,452.8666000000001,709.1703999999995
-1.13825,0.7822499999999988,-3.1344999999999974,122.76600000000009,457.12525000000016,687.6234999999991
-1.1102999999999987,0.8024000000000012,-3.1073,129.0038000000002,454.66899999999987,659.8881999999992
-1.0613499999999996,0.8558000000000004,-3.10285,137.87710000000007,447.86049999999994,628.1418999999997
-1.0667999999999993,0.9075999999999996,-3.0840000000000005,140.24320000000006,435.67600000000016,589.9956000000003
-1.1691500000000041,0.956550000000002,-3.039499999999998,131.01834999999963,413.9154999999991,540.449299999998
-1.2474999999999972,1.0030000000000008,-3.0,124.38800000000035,392.3069999999995,493.2349999999993
-1.1362499999999989,1.0297000000000003,-3.0,138.25420000000014,371.8992999999998,464.4434999999997
-1.0250000000000006,1.0564,-3.0,152.12039999999993,351.4916000000001,435.65200000000016
-1.0177000000000005,1.117750000000003,-2.9884499999999994,145.60854999999958,330.1714499999991,403.27229999999855
-1.0266000000000002,1.1845000000000019,-2.9751,135.92089999999973,308.7090999999994,370.3333999999991
-1.02175,1.2292500000000004,-2.959,112.6839999999996,279.51649999999955,331.20424999999943
-1.0083999999999993,1.260400000000002,-2.941199999999999,81.07119999999806,245.54519999999792,288.2483999999974
-0.9934000000000003,1.2849499999999998,-2.92835,44.609050000000806,209.43055000000072,246.26935000000074
-0.9755999999999995,1.2983000000000005,-2.9238999999999997,-0.08230000000136783,169.67869999999877,205.94789999999878
-0.9743000000000017,1.2989999999999986,-2.9106499999999986,-42.99275000000047,133.35444999999982,165.96524999999946
-1.0899999999999999,1.21,-2.835,-73.275,121.33500000000001,128.385
-1.2056999999999982,1.1210000000000016,-2.7593500000000013,-103.55724999999953,109.31555000000019,90.80475000000057
-1.114699999999996,1.055399999999998,-2.781200000000001,-102.97099999999983,95.77119999999954,65.2832999999992
-0.9945499999999978,0.9930999999999989,-2.8168000000000006,-98.03149999999991,82.01179999999975,41.46244999999958
-0.8967999999999998,0.9672,-2.8412,-88.94239999999998,56.73039999999992,23.392799999999966
-0.812250000000001,0.96275,-2.859,-77.40800000000014,24.65925000000041,8.71225000000019
-0.7412999999999983,0.9327999999999974,-2.8648999999999996,-61.458699999999176,3.502099999999874,-10.891500000000988
-0.692349999999999,0.8615999999999986,-2.8515499999999996,-38.36764999999953,-5.000000007182592e-05,-38.459250000000566
-0.6536000000000002,0.7963999999999999,-2.8369999999999997,-13.706999999999823,-4.127400000000044,-64.9806000000001
-0.6803000000000015,0.7696999999999986,-2.8147499999999988,21.02525000000186,-12.266450000000438,-84.78755000000106
-0.707000000000001,0.742999999999999,-2.792499999999999,55.75750000000133,-20.405500000000313,-104.59450000000075
-0.6941999999999996,0.74,-2.7979000000000003,69.31775000000025,-17.970399999999913,-111.87995000000012
-0.6763999999999999,0.74,-2.8068,80.19800000000008,-14.196799999999971,-117.58040000000004
-0.6785500000000008,0.7685000000000025,-2.801449999999999,70.32739999999879,-3.0046499999991383,-116.77999999999975
-0.6918999999999996,0.812999999999999,-2.7881,48.80720000000049,12.352299999999648,-112.3300000000001
-0.715750000000001,0.8277499999999992,-2.767749999999999,13.426999999998543,7.477499999999075,-106.6199999999998
-0.7558000000000005,0.7965999999999996,-2.7365999999999997,-43.33720000000058,-28.61200000000037,-98.96599999999992
-0.787399999999999,0.7556999999999943,-2.71,-92.89160000000044,-65.6446500000025,-91.95484999999982
-0.7696000000000004,0.657800000000002,-2.71,-100.29639999999985,-108.19109999999912,-88.70190000000007
-0.7517999999999995,0.5598999999999973,-2.71,-107.70120000000021,-150.7375500000012,-85.44894999999991
-0.7299999999999996,0.5099999999999995,-2.7220000000000004,-79.8419999999996,-160.99200000000008,-78.0439999999999
-0.70775,0.46550000000000014,-2.73535,-48.015600000000084,-167.61359999999996,-70.17195000000002
-0.6796999999999985,0.464500000000001,-2.7516000000000007,-20.30719999999883,-154.87189999999893,-60.48159999999952
-0.6485499999999991,0.4867500000000007,-2.7694000000000005,5.200200000000782,-131.7808499999993,-49.819399999999675
-0.6408000000000004,0.5234000000000009,-2.765599999999999,21.070400000000028,-110.10459999999969,-39.56219999999985
-0.6675,0.58125,-2.73,22.7525,-90.51125,-29.90125
-0.6921000000000006,0.639800000000003,-2.7014000000000005,21.43789999999916,-74.6615000000002,-19.55779999999932
-0.7054500000000004,0.7021000000000021,-2.7103000000000006,4.069549999999424,-78.86675000000014,-5.558099999999536
-0.7188000000000002,0.7644000000000011,-2.7192000000000003,-13.298800000000309,-83.07200000000007,8.44160000000025
-0.7524000000000001,0.7456999999999999,-2.7281000000000004,-42.02335000000008,-82.7615,14.244100000000014
-0.7880000000000018,0.7189999999999986,-2.7370000000000005,-71.86950000000152,-82.00499999999997,19.237000000000258
-0.7823000000000008,0.6893500000000008,-2.7341000000000006,-77.05365000000022,-73.40150000000035,21.22679999999999
-0.7555999999999995,0.6581999999999993,-2.7252,-69.69779999999986,-60.807999999999744,21.68960000000001
-0.74555,0.6325999999999999,-2.71075,-57.063899999999904,-54.691350000000014,22.354050000000004
-0.7589000000000007,0.614799999999999,-2.688499999999999,-37.01219999999893,-57.67730000000016,23.30190000000005
-0.7744999999999993,0.5992500000000001,-2.67,-15.735000000000703,-59.14450000000015,24.54299999999993
-0.8012000000000006,0.5947999999999999,-2.67,11.588000000000626,-53.11919999999986,27.230800000000063
-0.8279000000000002,0.5903499999999999,-2.67,38.911000000000215,-47.09389999999995,29.91860000000002
-0.8054000000000002,0.6104999999999998,-2.67,55.25829999999988,-60.39599999999989,26.878700000000027
-0.778699999999999,0.6327500000000009,-2.67,70.66865000000062,-75.34800000000061,23.349849999999854
-0.7910000000000008,0.6970000000000022,-2.6639999999999997,65.1719999999996,-74.58599999999979,24.04800000000007
-0.8221500000000003,0.7815500000000009,-2.6551,49.57029999999984,-66.22889999999991,26.789200000000026
-0.8267000000000001,0.8205000000000001,-2.65,32.1028000000001,-61.99669999999999,28.846399999999996
-0.7955499999999986,0.798249999999999,-2.65,12.131199999999133,-63.30055000000006,29.98560000000005
-0.7724000000000004,0.7759999999999994,-2.6492,-5.8396000000002495,-63.0723999999998,30.48079999999993
-0.7857500000000002,0.7537499999999997,-2.64475,-14.681750000000113,-55.85449999999991,28.03774999999997
-0.7991,0.7315,-2.6403000000000003,-23.52389999999998,-48.636600000000016,25.594700000000007
-0.7958499999999998,0.7258499999999998,-2.6317,-19.03624999999975,-24.387099999998824,22.471049999999856
-0.7914000000000002,0.7214000000000002,-2.6228000000000002,-13.58500000000018,1.093599999999153,19.298200000000104
-0.7961000000000001,0.7230500000000001,-2.6077999999999997,-8.112399999999916,2.061449999999841,13.947649999999904
-0.805,0.7275,-2.59,-2.6299999999999994,-8.2225,7.5975
-0.8041499999999994,0.7319500000000002,-2.5897500000000013,3.3750000000003233,-16.35560000000026,2.6142999999998433
-0.7907999999999996,0.7364000000000002,-2.6120000000000005,10.050000000000221,-21.73120000000018,-0.6164000000001075
-0.7834000000000003,0.7365999999999997,-2.6291499999999997,15.387949999999993,-23.058249999999717,-3.0999499999999878
-0.8012,0.7187999999999999,-2.6247,15.063099999999999,-7.2384999999999575,-2.4190999999999985
-0.8189999999999997,0.7010000000000002,-2.62025,14.738250000000004,8.581249999999798,-1.7382500000000087
-0.7275999999999965,0.725200000000001,-2.6578000000000013,36.127400000000804,28.73120000000073,0.8872000000000981
-0.6296999999999979,0.7519000000000006,-2.6978500000000007,58.80905000000046,49.13890000000042,3.628400000000056
-0.6744000000000073,0.7786000000000018,-2.6851999999999974,47.01559999999815,41.62489999999864,3.3067999999998854
-0.7811999999999989,0.8052999999999997,-2.6496000000000004,20.208800000000274,21.9514500000002,1.6514000000000169
-0.827999999999999,0.8059999999999987,-2.6360000000000006,-3.318000000000744,7.655999999999705,-0.07800000000007001
-0.8012999999999993,0.7748499999999993,-2.6493500000000005,-22.826800000000446,-0.05140000000017686,-1.898050000000042
-0.7782,0.7418999999999997,-2.6618000000000004,-37.79239999999998,-4.4872999999999355,-3.4373000000000036
-0.7693000000000001,0.7018500000000003,-2.6707,-34.83760000000002,3.981049999999934,-3.868949999999997
-0.7603999999999996,0.6617999999999984,-2.6796000000000006,-31.88279999999988,12.449400000000345,-4.300600000000018
-0.7557499999999999,0.6429999999999996,-2.6715,-17.49549999999962,23.765250000000293,-6.810500000000067
-0.7513,0.6251999999999999,-2.6626,-2.570199999999847,35.21510000000012,-9.418200000000027
-0.7626,0.5979500000000002,-2.66315,23.150149999999847,45.108849999999954,-11.080899999999993
-0.7804000000000008,0.5667999999999986,-2.6676,53.32560000000131,54.3604000000004,-12.353600000000055
-0.7674499999999986,0.5848500000000021,-2.698700000000002,67.77344999999988,65.38725000000036,-13.253200000000012
-0.7184999999999995,0.660500000000001,-2.761000000000001,63.808499999999945,78.49250000000016,-13.716000000000006
-0.6933000000000038,0.7257000000000016,-2.802399999999998,59.58989999999968,85.24889999999897,-13.170849999999739
-0.7555999999999989,0.7523999999999995,-2.766800000000001,54.43680000000009,68.6148000000003,-8.912200000000077
-0.8179000000000018,0.7791000000000008,-2.731199999999999,49.28369999999984,51.980699999999494,-4.6535499999998695
-0.7898999999999995,0.7240999999999991,-2.7601000000000004,52.98860000000006,49.26999999999997,-2.123499999999962
-0.758749999999998,0.6662499999999963,-2.791250000000002,57.00250000000026,47.04499999999986,0.3462500000001578
-0.7979999999999989,0.6436000000000002,-2.7808,69.13479999999977,34.928800000000244,1.8015999999999837
-0.8647500000000022,0.6346999999999997,-2.7540999999999993,84.43835000000051,18.948849999999467,2.860700000000035
-0.8579999999999984,0.6678000000000015,-2.7568000000000006,92.5977,7.5006999999998865,5.200800000000068
-0.7689999999999998,0.7479000000000002,-2.7924,92.76235,1.1238499999999836,8.97440000000001
-0.7059999999999996,0.8139999999999998,-2.8209999999999997,83.18200000000056,-4.764999999999947,11.162000000000042
-0.7327000000000009,0.8318000000000006,-2.82545,39.98139999999846,-8.97025000000015,7.877899999999883
-0.7594000000000005,0.8496000000000004,-2.8299000000000003,-3.2192000000008836,-13.175500000000085,4.593799999999932
-0.7687,0.7760499999999997,-2.7777999999999996,-16.787600000000065,-1.7859999999999392,0.9399499999999819
-0.7776,0.7004000000000008,-2.7244000000000006,-29.674799999999866,9.96199999999988,-2.7223999999999626
-0.8027500000000012,0.6702499999999996,-2.690499999999999,-20.881249999999355,-4.86200000000094,-7.9707500000002245
-0.8339000000000008,0.6568999999999997,-2.6637999999999993,-4.082499999999614,-29.497200000000564,-13.804700000000135
-0.8392499999999998,0.65215,-2.6586,15.558550000000174,-47.409350000000074,-17.55530000000001
-0.8169999999999987,0.6566000000000003,-2.676400000000001,38.24020000000128,-58.1294000000006,-19.077200000000083
-0.8094500000000017,0.6810000000000036,-2.6878999999999995,52.71504999999951,-78.4905500000021,-19.772749999999917
-0.849500000000001,0.7700000000000022,-2.679,40.61549999999969,-130.07050000000132,-17.792499999999947
-0.8895500000000004,0.8590000000000009,-2.6700999999999997,28.515949999999876,-181.65045000000052,-15.81224999999998
-0.8944000000000003,0.8952000000000021,-2.7184000000000026,-8.003600000002166,-202.00360000000117,-17.99000000000013
-0.8988499999999999,0.9307999999999992,-2.7673499999999986,-44.80064999999925,-222.00189999999958,-20.214999999999954
-0.8768999999999991,0.9499000000000003,-2.8031000000000006,-77.63110000000088,-235.4398000000003,-30.145500000000354
-0.8457499999999996,0.9632500000000002,-2.8342500000000004,-109.0792500000004,-246.59150000000014,-42.76125000000016
-0.808,0.9985999999999998,-2.8851999999999998,-137.52219999999994,-247.83,-60.221399999999946
-0.7635000000000007,1.056449999999999,-2.9563999999999986,-162.89164999999954,-238.93000000000015,-82.6360499999996
-0.7311000000000001,1.1,-3.017700000000001,-192.18480000000127,-225.14049999999912,-106.80740000000091
