0.036575,0.09179999999999999,-1.01585,8.671975000000003,-31.83975000000001,18.502225000000003
0.07,0.13,-1.14,-115.33,10.61,3.8
0.065225,0.18730000000000002,-1.14,-152.4222,30.903750000000002,0.9158999999999997
0.06045,0.2446,-1.14,-189.5144,51.197500000000005,-1.9682000000000006
0.04269999999999999,0.10727499999999997,-1.09675,-180.272875,22.255449999999993,-18.588500000000003
0.023599999999999996,-0.050300000000000046,-1.049,-166.2105,-11.80940000000001,-36.638000000000005
0.047125000000000014,-0.083875,-1.0710000000000002,-129.37087499999998,-16.978375,-46.774750000000004
0.08054999999999998,-0.08864999999999999,-1.1092000000000002,-87.24105000000002,-15.436050000000002,-55.073699999999995
0.07972500000000002,-0.059175000000000054,-1.11315,-61.33887500000002,-17.777674999999995,-60.74225
0.06539999999999999,-0.016199999999999975,-1.1036000000000001,-41.832999999999984,-21.6502,-65.37400000000001
0.06,0.00892500000000001,-1.102975,-33.13827499999999,-25.921375000000005,-66.557725
0.06,0.02325000000000001,-1.10775,-30.98475,-30.433750000000003,-65.65525000000001
0.057475,0.017374999999999984,-1.10495,-25.99564999999999,-36.41062500000001,-64.62905
0.052700000000000004,-0.006499999999999976,-1.0954000000000002,-18.479800000000008,-43.692499999999995,-63.4926
0.04585000000000001,-0.028299999999999985,-1.0920750000000001,-10.03020000000001,-50.845724999999995,-61.914175
0.036300000000000006,-0.047399999999999984,-1.09685,-0.3656000000000086,-57.83154999999999,-59.760650000000005
0.03162499999999999,-0.058375,-1.0935000000000001,11.677999999999987,-61.944375,-56.84337500000001
0.03640000000000001,-0.053599999999999995,-1.0744,28.33320000000002,-60.488,-52.4456
0.038825000000000005,-0.04177500000000002,-1.0623500000000001,40.703175,-58.46645,-48.628275
0.03405,-0.008349999999999958,-1.0719,39.94395,-54.7133,-46.589349999999996
0.032174999999999995,0.028699999999999976,-1.0785500000000001,36.952450000000006,-50.45555,-44.077725
0.04650000000000002,0.0860000000000001,-1.069,21.490999999999975,-43.37899999999999,-38.92549999999999
0.059175000000000005,0.13615000000000002,-1.059725,6.386775000000002,-36.88765,-34.121975
0.04484999999999997,0.0692999999999999,-1.05495,-2.871950000000016,-39.972300000000004,-35.02445
0.030525,0.0024500000000000103,-1.050175,-12.130675,-43.05695,-35.926925000000004
0.03,-0.022999999999999955,-1.0408,1.0815999999999715,-42.3558,-32.284600000000005
0.03,-0.046875,-1.03125,15.148749999999998,-41.510625,-28.469375
0.02585000000000001,-0.029250000000000043,-1.0341500000000001,34.121199999999966,-42.516349999999996,-30.625999999999994
0.021075000000000017,-0.0053750000000000854,-1.038925,53.832399999999936,-43.800824999999996,-33.68199999999999
0.01630000000000001,0.05549999999999988,-1.0511,50.914400000000015,-48.98509999999999,-35.6354
0.011525000000000016,0.12712499999999974,-1.065425,41.42170000000003,-55.30242499999998,-37.268449999999994
-0.006249999999999964,0.16624999999999995,-1.0765,19.384000000000047,-61.87649999999999,-40.643499999999996
-0.030124999999999923,0.19012499999999993,-1.08605,-8.540199999999908,-68.57104999999999,-44.83594999999999
-0.028799999999999954,0.21400000000000008,-1.1096000000000001,-37.931600000000074,-73.01440000000001,-52.47800000000002
-0.009699999999999988,0.237875,-1.143025,-68.35790000000001,-75.86985,-62.553250000000006
-0.007049999999999983,0.25705,-1.17645,-93.35334999999998,-76.5022,-74.30404999999999
-0.021374999999999957,0.271375,-1.2098749999999998,-112.74462499999994,-74.8405,-87.78387499999997
-0.03950000000000006,0.28190000000000004,-1.2281,-129.86540000000005,-76.81730000000002,-103.14090000000004
-0.06337500000000001,0.286675,-1.223325,-143.55055000000002,-84.29972500000001,-121.33842500000002
-0.08579999999999999,0.29435,-1.22,-156.7572,-95.08959999999999,-140.94969999999998
-0.10489999999999995,0.308675,-1.22,-168.86659999999998,-113.46379999999995,-163.80284999999995
-0.12500000000000006,0.321,-1.221,-183.22700000000006,-132.83100000000007,-186.57800000000006
-0.14887500000000004,0.32577500000000004,-1.225775,-206.08492500000003,-155.94677500000003,-209.05870000000002
-0.17055,0.3311,-1.23055,-230.11269999999996,-179.271,-231.29739999999998
-0.17532500000000004,0.34065000000000006,-1.235325,-263.12705000000017,-204.19650000000013,-251.6771000000001
-0.17979999999999996,0.35040000000000004,-1.2396,-296.1208000000001,-229.11770000000007,-271.89520000000005
-0.17025000000000007,0.3694999999999999,-1.2205000000000001,-328.15149999999977,-253.83787499999985,-284.5584999999999
-0.1607,0.3886,-1.2014,-360.18219999999997,-278.55805,-297.2218
-0.17327499999999998,0.38115000000000004,-1.186725,-387.8365749999999,-294.77779999999996,-307.11062499999997
-0.18759999999999993,0.37160000000000004,-1.1723999999999999,-415.1447999999999,-310.32519999999994,-316.7799999999999
-0.17012500000000014,0.37,-1.173975,-436.1049499999999,-321.170175,-328.4090499999999
-0.14625000000000002,0.37,-1.17875,-455.7875,-331.06875,-340.4325
-0.150575,0.380575,-1.1659,-478.05035,-329.85652500000003,-351.10235
-0.16489999999999996,0.3949,-1.1468,-501.22819999999996,-324.70430000000005,-361.2922
-0.166925,0.41230000000000006,-1.136925,-526.7676500000001,-321.932125,-367.2816
-0.16215000000000004,0.4313999999999999,-1.13215,-553.6126999999999,-320.47575,-370.9488
-0.17312499999999997,0.442625,-1.1195,-576.696125,-318.52325,-371.22450000000003
-0.19699999999999993,0.4474,-1.1004,-596.6985999999999,-316.1644,-368.72240000000005
-0.22740000000000007,0.46957500000000013,-1.07695,-611.4876,-311.65664999999996,-363.09047499999997
-0.2655999999999997,0.5125499999999997,-1.0483000000000002,-620.0444,-304.5801000000001,-353.71715000000006
-0.33139999999999986,0.55725,-1.01275,-637.1433999999999,-295.03335000000004,-341.34405000000004
-0.4459999999999997,0.6049999999999999,-0.9650000000000002,-669.3459999999999,-281.119,-323.66700000000003
-0.528725,0.6451000000000001,-0.921075,-702.1631500000001,-276.01107500000006,-309.25649999999996
-0.52395,0.6641999999999999,-0.8876500000000003,-736.6672999999998,-295.0776499999999,-303.81300000000005
-0.51505,0.6742250000000001,-0.85835,-768.50505,-313.61705,-301.206675
-0.4864000000000001,0.6408000000000001,-0.8488,-787.5763999999999,-329.63239999999996,-312.1844
-0.45587499999999986,0.611125,-0.839625,-805.639375,-344.28499999999997,-323.05000000000007
-0.40334999999999993,0.6254500000000001,-0.83485,-811.87075,-342.948,-332.6
-0.350825,0.639775,-0.830075,-818.102125,-341.611,-342.15
-0.3828999999999999,0.6494,-0.8159000000000001,-821.6075000000001,-333.7081,-329.11650000000003
-0.41632500000000033,0.6589500000000001,-0.8015749999999999,-825.069375,-325.7004249999999,-315.7226249999999
-0.39875000000000016,0.5962500000000004,-0.7532500000000003,-815.1395000000001,-324.48425,-295.8007500000001
-0.37487499999999985,0.5246249999999995,-0.7007249999999996,-803.55535,-324.10702499999996,-275.0724749999998
-0.37,0.4453999999999996,-0.6595999999999997,-768.8177999999998,-319.7664,-262.84479999999996
-0.37,0.36422500000000096,-0.6214000000000004,-728.1395750000005,-314.4088500000001,-252.79820000000012
-0.39680000000000004,0.3031499999999999,-0.5764999999999999,-681.9070499999999,-311.37955,-259.4413
-0.435,0.250625,-0.52875,-633.311875,-309.34062500000005,-273.18375
-0.4384,0.1952000000000001,-0.49260000000000004,-603.0215000000001,-312.6232,-290.74549999999994
-0.41930000000000006,0.13790000000000022,-0.4639500000000001,-584.566125,-319.34639999999996,-310.7766249999999
-0.3904000000000002,0.07815000000000033,-0.44510000000000005,-569.9474500000001,-320.66490000000005,-325.0428999999999
-0.3522000000000003,0.016075000000000447,-0.43555000000000005,-558.9697250000002,-316.85445000000004,-333.8384499999999
-0.3360000000000001,-0.06000000000000055,-0.40399999999999964,-546.1139999999999,-305.55399999999986,-331.4379999999999
-0.35032499999999983,-0.15549999999999897,-0.34192500000000065,-530.6525500000002,-283.86117500000023,-313.5031000000002
-0.39100000000000024,-0.2649500000000003,-0.25659999999999966,-508.14014999999995,-275.2581,-298.14739999999995
-0.4865000000000001,-0.4034250000000001,-0.12289999999999991,-470.957225,-293.89015,-288.1581
-0.5611,-0.5198999999999999,-0.01340000000000003,-427.96630000000005,-312.40229999999997,-279.73850000000004
-0.565875,-0.5628749999999999,0.015249999999999916,-365.5713750000002,-330.513875,-276.563125
-0.5713,-0.5941499999999995,0.04390000000000029,-307.0686499999997,-346.46095,-273.5392
-0.5808499999999999,-0.5511750000000003,0.07254999999999981,-273.26642500000025,-348.671775,-271.4764
-0.5877999999999997,-0.5077999999999997,0.10180000000000029,-240.8666,-350.73040000000003,-268.9973999999999
-0.5352749999999997,-0.45527499999999976,0.1447750000000002,-240.546675,-349.30745,-256.9978249999999
-0.4827500000000006,-0.40275000000000066,0.1877499999999995,-240.22675,-347.8845,-244.99825000000016
-0.48905,-0.36832499999999996,0.23977500000000007,-264.93007500000004,-334.47935,-218.04807499999995
-0.4986,-0.33490000000000003,0.29229999999999995,-291.0159,-320.41220000000004,-190.27190000000002
-0.5488999999999998,-0.33,0.3448249999999998,-314.59559999999993,-311.89112500000005,-160.13630000000006
-0.6061999999999997,-0.33,0.39734999999999976,-337.7447999999999,-304.32275000000004,-129.59540000000013
-0.6055000000000001,-0.3155000000000001,0.4172499999999999,-354.19499999999994,-288.9968750000001,-98.49987500000017
-0.5864000000000001,-0.2964000000000001,0.4267999999999999,-368.51999999999987,-271.21000000000015,-67.22840000000024
-0.5482499999999997,-0.2804749999999999,0.41412499999999985,-377.812625,-244.33944999999983,-45.40572499999991
-0.5005000000000005,-0.26615000000000016,0.39025000000000026,-384.56924999999995,-212.89130000000034,-28.344650000000193
-0.49362500000000004,-0.24364999999999995,0.39362500000000006,-403.63742500000006,-183.37244999999996,-18.344049999999992
-0.5175000000000001,-0.21500000000000002,0.4175,-431.96750000000003,-155.305,-13.655
-0.54365,-0.20454999999999998,0.43909999999999993,-456.00919999999996,-132.92505000000003,-10.007900000000003
-0.5722999999999999,-0.21409999999999996,0.4581999999999999,-475.3383999999999,-116.79510000000006,-7.505800000000009
-0.5954750000000001,-0.23277500000000031,0.4626999999999998,-491.9994500000001,-109.95622500000007,-6.405300000000011
-0.6097999999999999,-0.26619999999999977,0.4436000000000001,-504.3475999999999,-118.13579999999993,-7.570399999999992
-0.61725,-0.28724999999999995,0.431375,-516.6435,-121.98137499999996,-6.8572499999999685
-0.6076999999999999,-0.27769999999999995,0.43615000000000004,-528.8102,-115.11014999999996,-1.499699999999978
-0.6046249999999996,-0.2681500000000001,0.4381500000000001,-542.2015999999998,-109.80124999999998,4.963224999999863
-0.6284999999999996,-0.25860000000000016,0.42860000000000015,-560.6903999999997,-110.99499999999998,16.02689999999984
-0.64905,-0.2542749999999999,0.42,-578.321825,-111.601175,27.238299999999985
-0.6395000000000001,-0.2972499999999999,0.42,-588.19175,-106.88825000000001,39.78699999999996
-0.6299000000000001,-0.34009999999999996,0.42017499999999985,-597.951175,-102.196475,52.28769999999999
-0.6108000000000001,-0.3591999999999999,0.4535999999999998,-586.7156000000001,-101.5232,55.66839999999998
-0.5916999999999999,-0.37830000000000014,0.4870250000000002,-575.480025,-100.849925,59.049100000000024
-0.5595499999999999,-0.38870000000000005,0.4725999999999999,-560.3163999999999,-95.75269999999998,54.386649999999975
-0.5261250000000004,-0.3982499999999999,0.45350000000000024,-544.7690000000001,-90.22325000000006,48.938375000000065
-0.5122000000000001,-0.4194999999999997,0.45,-537.0684000000001,-86.99870000000004,33.291600000000244
-0.5026499999999998,-0.44337500000000035,0.45,-531.1283,-84.29127499999997,15.356699999999744
-0.5137999999999999,-0.42930000000000007,0.44655,-525.7126,-83.72975000000001,-1.4431499999999602
-0.5328999999999999,-0.4006500000000001,0.44177500000000003,-520.4983,-83.99237500000001,-17.807074999999934
-0.5669999999999997,-0.39299999999999996,0.45799999999999985,-528.2019999999999,-87.74699999999997,-25.82799999999998
-0.6099750000000003,-0.39777500000000005,0.4866500000000002,-543.5488500000001,-93.56772500000004,-28.912650000000024
-0.6427500000000002,-0.41530000000000017,0.5102000000000001,-559.5153500000001,-104.49100000000008,-30.19445
-0.6666250000000001,-0.4439500000000001,0.5293000000000001,-576.0225250000001,-119.86650000000004,-29.903174999999997
-0.6527000000000008,-0.4830999999999993,0.5337000000000002,-585.5136,-131.9113999999999,-29.04910000000002
-0.590625000000001,-0.5356249999999992,0.5193750000000003,-586.0675,-139.71374999999986,-27.478125000000023
-0.5203000000000002,-0.5864999999999999,0.4935000000000001,-576.3287,-138.97405000000003,-24.849500000000006
-0.43435000000000035,-0.6342499999999999,0.44575000000000015,-547.0961500000001,-122.05622500000005,-20.217750000000017
-0.3843999999999997,-0.6795999999999999,0.4267999999999996,-519.1440000000001,-103.73440000000012,-14.86960000000004
-0.4416999999999996,-0.7177999999999998,0.49364999999999953,-495.0063750000002,-81.22982500000016,-7.387175000000053
-0.49900000000000033,-0.75,0.5582500000000004,-469.4789999999998,-65.50675000000012,0.5842500000000648
-0.5563000000000002,-0.75,0.6107750000000003,-436.49329999999986,-86.17772500000008,11.179975000000045
-0.6093999999999999,-0.7512000000000001,0.6612000000000001,-404.3010999999999,-106.20130000000002,21.757700000000025
-0.5998500000000001,-0.7702999999999998,0.6802999999999997,-383.94527500000027,-116.56782499999986,32.066924999999856
-0.5902999999999999,-0.7894,0.6993999999999999,-363.58945,-126.93435,42.37614999999999
-0.5483749999999995,-0.7807499999999999,0.7416250000000005,-362.418125,-140.59850000000017,40.18862499999997
-0.5054000000000002,-0.7712000000000001,0.7845999999999999,-361.869,-154.36959999999993,37.59580000000002
-0.4833000000000004,-0.7616500000000002,0.8192249999999993,-374.5754999999997,-163.4813999999998,30.473100000000166
-0.4641999999999996,-0.7520999999999998,0.8526500000000007,-389.1870000000003,-171.9236000000002,22.699399999999834
-0.463725,-0.738825,0.8823500000000002,-412.2766000000001,-176.666875,18.900274999999986
-0.4684999999999999,-0.7245000000000001,0.9109999999999997,-437.7559999999997,-180.36749999999995,16.22150000000003
-0.44707499999999994,-0.7331,0.92,-456.243275,-169.00639999999999,23.429950000000016
-0.4136499999999995,-0.7522000000000003,0.92,-471.5280500000002,-150.74679999999972,35.16690000000017
-0.39717500000000006,-0.8108499999999998,0.9284749999999999,-480.010225,-124.77495000000008,45.677799999999976
-0.39239999999999997,-0.8968000000000009,0.9428000000000001,-483.7968,-93.47959999999966,55.342400000000104
-0.392375,-0.9756249999999995,0.9666249999999997,-470.87050000000016,-71.81250000000007,59.881750000000004
-0.3971499999999999,-1.0472499999999985,1.0000499999999992,-441.05540000000065,-59.87500000000027,59.241900000000015
-0.39807500000000007,-1.091925,1.021925,-408.85715000000033,-52.44392500000001,56.499950000000055
-0.3933,-1.0967,1.0267,-373.13059999999984,-51.68469999999999,50.64579999999998
-0.39147499999999996,-1.0955750000000002,1.03,-342.3777500000003,-50.72782500000002,43.928775000000115
-0.39625,-1.08125,1.03,-322.7525,-49.32875,35.28125
-0.4061500000000004,-1.0658999999999998,1.031025,-305.22747499999986,-48.46165000000001,27.515224999999937
-0.4347999999999999,-1.0468000000000002,1.0358,-295.38620000000003,-49.5408,22.974200000000017
-0.459425,-1.029425,1.04115,-287.13020000000006,-50.75622500000002,19.63550000000005
-0.45465000000000005,-1.02465,1.0507,-290.4536,-52.967049999999986,25.07899999999996
-0.44912499999999983,-1.0210000000000004,1.060375,-293.88125,-55.16725000000001,30.51112500000003
-0.41570000000000035,-1.0591999999999997,1.0747,-301.1869999999999,-56.97219999999998,35.52009999999994
-0.3822749999999999,-1.0974000000000002,1.0890250000000001,-308.49275,-58.777150000000006,40.529075000000006
-0.37555000000000005,-1.1355999999999995,1.1211499999999994,-304.21515000000005,-61.832549999999955,38.56490000000003
-0.370775,-1.1738,1.154575,-299.091575,-64.97927499999999,36.09145
-0.3780000000000001,-1.18,1.1920000000000004,-285.9919999999998,-59.78199999999991,35.22599999999999
-0.38754999999999995,-1.18,1.2301999999999997,-271.3470750000001,-52.96807500000003,34.6721
-0.38290000000000024,-1.1977499999999994,1.23645,-256.3329500000003,-39.98425000000032,35.43879999999997
-0.37335000000000007,-1.2216249999999997,1.231675,-241.19142500000012,-24.871375000000125,36.661199999999994
-0.37310000000000004,-1.23,1.2331,-224.6145999999999,-10.800099999999935,37.353500000000004
-0.37787499999999996,-1.23,1.2378749999999998,-207.2622500000002,2.7083749999998403,37.75937499999999
-0.38,-1.2061499999999998,1.24,-197.03574999999998,6.957749999999995,42.32045000000001
-0.38,-1.1631750000000005,1.24,-192.52337500000007,3.782375000000049,50.213524999999876
-0.36900000000000005,-1.1421999999999999,1.2356,-196.31379999999996,2.3779999999999983,60.22519999999997
-0.34512499999999974,-1.1469749999999999,1.2260499999999999,-209.82227500000013,3.046500000000007,72.71660000000013
-0.3160000000000002,-1.1709999999999996,1.22175,-217.687,8.506499999999917,83.07299999999995
-0.2778000000000009,-1.2282999999999986,1.2265249999999999,-215.79610000000002,22.248949999999688,89.73889999999984
-0.2617000000000009,-1.2739000000000003,1.2287,-209.71919999999963,34.066100000000134,94.25719999999998
-0.30467500000000014,-1.2882250000000002,1.223925,-192.45279999999994,40.73677500000002,93.0348
-0.33915000000000006,-1.29915,1.2183000000000002,-176.9484500000001,46.89914999999995,90.98280000000008
-0.33437500000000003,-1.294375,1.20875,-169.580625,50.714375,85.1
-0.32959999999999995,-1.2908000000000002,1.1991999999999998,-163.09120000000004,55.25120000000017,79.33439999999993
-0.32482500000000003,-1.3003500000000001,1.1896499999999999,-166.209275,67.68052499999996,74.85067500000001
-0.32004999999999995,-1.3099,1.1801,-169.32735000000005,80.10985000000011,70.36694999999995
-0.32,-1.3289,1.175275,-177.51062499999995,83.67034999999997,67.61257500000002
-0.32,-1.3479999999999996,1.1705,-185.74749999999983,87.13699999999992,64.87650000000006
-0.3370999999999998,-1.3841999999999997,1.1870999999999998,-191.48349999999994,85.88405000000002,61.61887500000004
-0.3562,-1.4224,1.2062,-196.927,84.0791,58.30024999999999
-0.37912499999999966,-1.4414749999999998,1.21765,-198.01,71.45322500000022,53.62757500000007
-0.40299999999999997,-1.4558,1.2272,-198.01,56.139800000000015,48.61860000000001
-0.4167500000000001,-1.4701250000000001,1.23675,-196.73424999999997,45.331999999999894,44.53774999999995
-0.42629999999999996,-1.4844499999999998,1.2463,-194.9293,36.39320000000004,40.84190000000002
-0.4358499999999998,-1.5075499999999993,1.2558499999999997,-194.74772499999997,24.155000000000307,33.34647500000021
-0.4453999999999999,-1.5361999999999998,1.2653999999999999,-195.5929,9.830000000000119,23.447900000000082
-0.44009999999999994,-1.557425,1.272475,-192.31719999999996,-3.0025750000000535,16.33864999999998
-0.4210000000000002,-1.57175,1.27725,-185.21200000000007,-14.448249999999863,11.821500000000054
-0.407975,-1.582025,1.2840500000000001,-178.2445,-22.781500000000005,7.492674999999997
-0.40320000000000006,-1.5868,1.2935999999999999,-171.4640000000001,-26.887999999999938,3.4196000000000635
-0.38110000000000016,-1.60575,1.301575,-164.663025,-29.64945,-0.9905249999999892
-0.3237999999999994,-1.6535000000000004,1.3063500000000001,-157.82044999999994,-29.6781,-6.085450000000055
-0.2856249999999999,-1.6922499999999998,1.31225,-148.7683750000001,-28.84950000000002,-10.76187499999998
-0.3094999999999995,-1.7017999999999998,1.3217999999999999,-132.54770000000036,-25.23960000000008,-14.080499999999924
-0.3320249999999999,-1.707975,1.329325,-117.46777500000007,-21.10252500000007,-17.263449999999978
-0.34635000000000005,-1.6936499999999999,1.3245500000000001,-109.31684999999997,-13.763349999999974,-19.62230000000001
-0.35932500000000017,-1.6808999999999996,1.3195500000000002,-101.40330000000004,-6.737150000000009,-22.138874999999928
-0.345,-1.7,1.31,-98.28999999999999,-6.039999999999999,-27.845
-0.3306750000000003,-1.7190999999999996,1.30045,-95.17670000000005,-5.342850000000011,-33.55112499999991
-0.34364999999999996,-1.7472999999999999,1.29545,-84.51495000000004,-11.188599999999978,-42.228399999999965
-0.3579750000000001,-1.7759500000000004,1.290675,-73.4799249999999,-17.357900000000058,-51.05260000000008
-0.3681999999999999,-1.7759,1.2982,-53.89230000000015,-24.929399999999944,-52.2262
-0.37774999999999975,-1.771125,1.3077499999999997,-32.8966250000005,-32.73174999999981,-52.14025
-0.3873000000000002,-1.77,1.3136500000000002,-17.86869999999975,-40.31510000000014,-49.959199999999946
-0.39685000000000004,-1.77,1.3184250000000002,-4.680149999999969,-47.83095000000002,-47.1324
-0.4,-1.7827999999999997,1.3232,13.737199999999703,-52.78679999999995,-45.713600000000014
-0.4,-1.8019,1.3279750000000001,34.728099999999976,-56.48264999999999,-44.9878
-0.3889999999999998,-1.7879999999999996,1.33275,52.83700000000019,-60.48100000000005,-43.21974999999997
-0.36990000000000006,-1.7498000000000002,1.337525,68.82369999999992,-64.70209999999997,-40.68422500000001
-0.35309999999999986,-1.7253999999999998,1.3469000000000002,77.3055,-66.54039999999999,-40.31070000000001
-0.3387750000000001,-1.71585,1.361225,77.71137499999999,-65.81460000000001,-42.263674999999985
-0.3336999999999998,-1.7026000000000003,1.37,77.70100000000001,-66.47444999999993,-42.53500000000006
-0.3432499999999999,-1.6835000000000002,1.37,77.03250000000001,-69.32512499999997,-40.14750000000003
-0.3513999999999998,-1.6686,1.3727999999999998,75.21040000000013,-70.82760000000005,-37.008200000000144
-0.3561750000000001,-1.6638249999999999,1.3823500000000002,70.60729999999994,-69.07994999999998,-32.05652499999993
-0.35810000000000003,-1.65715,1.39285,67.95739999999999,-67.13565000000001,-27.19225000000001
-0.3485499999999999,-1.6428249999999998,1.407175,73.17170000000006,-64.39957499999997,-22.679874999999953
-0.33850000000000013,-1.6304999999999998,1.42,78.45599999999996,-60.95300000000006,-18.167500000000025
-0.3241749999999999,-1.635275,1.42,84.33880000000005,-51.431649999999934,-13.655124999999968
-0.31004999999999994,-1.63985,1.42,90.30694999999986,-41.8926500000001,-9.199449999999992
-0.31482499999999985,-1.6255250000000003,1.42,104.34067499999964,-30.685725000000293,-10.101924999999977
-0.31959999999999994,-1.6112000000000002,1.42,118.37439999999981,-19.478800000000145,-11.004399999999988
-0.32437500000000014,-1.5881249999999993,1.4156249999999997,129.98000000000033,-11.574999999999772,-13.026875000000063
-0.32915000000000005,-1.5642499999999997,1.41085,141.36360000000013,-3.9731999999999004,-15.151750000000026
-0.326075,-1.540375,1.3903750000000001,140.685675,3.361699999999974,-19.454999999999984
-0.3213,-1.5164999999999997,1.3664999999999998,137.39569999999998,10.638800000000069,-24.230000000000047
-0.31652500000000006,-1.51,1.3495750000000002,133.49065000000002,14.48607499999998,-30.82937499999995
-0.31175000000000014,-1.51,1.3352500000000005,129.3555000000001,17.050249999999938,-38.11124999999983
-0.30697500000000005,-1.519075,1.3148750000000002,131.63939999999994,23.7616999999999,-45.46269999999992
-0.30220000000000014,-1.5333999999999997,1.2910000000000006,137.63679999999985,32.87239999999975,-52.8543999999998
-0.3257499999999993,-1.5194000000000005,1.2722750000000003,144.4041249999999,38.828724999999956,-54.67380000000004
-0.3735000000000014,-1.481199999999999,1.2579499999999997,151.8292500000002,42.09005000000009,-51.73239999999991
-0.3957499999999999,-1.4578749999999998,1.2372499999999997,152.6966249999999,43.9255,-45.15087499999987
-0.38620000000000004,-1.4531,1.2086000000000001,145.38610000000003,43.982800000000005,-34.029900000000055
-0.37329999999999985,-1.4667500000000004,1.1832999999999998,143.51095000000007,43.61129999999999,-28.210300000000032
-0.3542000000000002,-1.5144999999999995,1.1642000000000001,151.69529999999992,42.44620000000001,-32.20219999999997
-0.3424499999999998,-1.5487750000000002,1.1463250000000003,166.0413999999992,43.045099999999856,-37.34314999999979
-0.35199999999999987,-1.544,1.1320000000000001,198.24399999999963,48.75599999999993,-45.8139999999999
-0.36464999999999914,-1.5299250000000018,1.1169000000000007,229.2127999999993,53.633774999999986,-52.62170000000005
-0.39330000000000037,-1.467849999999999,1.0977999999999999,253.81360000000035,54.21155000000001,-50.84539999999997
-0.42097499999999993,-1.4074,1.0796750000000002,276.969775,53.96155000000003,-48.678775000000016
-0.43530000000000013,-1.3691999999999995,1.0749,280.3457,42.377399999999874,-41.16769999999992
-0.44962499999999994,-1.3310000000000004,1.070125,283.72162499999996,30.793250000000068,-33.65662500000005
-0.4127999999999997,-1.3393000000000002,1.0467499999999998,290.7850000000001,18.24189999999991,-30.423549999999977
-0.3746000000000004,-1.34885,1.0228750000000002,297.94749999999993,5.66455000000012,-27.30547500000003
-0.3448000000000008,-1.3458,1.0242,318.9657999999994,-2.229799999999809,-32.87299999999982
-0.3161500000000004,-1.3410250000000001,1.028975,341.88102499999974,-9.483024999999904,-39.62962499999991
-0.3174999999999997,-1.3212500000000007,1.0487499999999994,363.3787499999994,-12.228749999999955,-51.804999999999595
-0.3270500000000001,-1.2973749999999997,1.0726250000000004,384.48902500000025,-13.74242500000002,-65.46150000000019
-0.3563999999999999,-1.2207000000000003,1.0866,395.77849999999995,-10.929800000000018,-68.492
-0.39460000000000034,-1.1204249999999991,1.0961500000000002,402.6783750000001,-6.183449999999954,-66.77299999999998
-0.41284999999999994,-1.0515000000000003,1.10285,387.1972000000002,2.6982499999999163,-58.937900000000084
-0.41762499999999986,-1.003750000000001,1.107625,356.59900000000073,14.373124999999721,-46.971750000000284
-0.41520000000000007,-0.9895999999999998,1.1052000000000002,333.2728000000002,21.379999999999974,-35.416000000000125
-0.4056500000000003,-1.0086999999999995,1.0956500000000005,317.14285000000046,23.767499999999934,-24.26637500000031
-0.3961000000000002,-1.0258499999999997,1.0841500000000002,307.33675000000005,28.699749999999874,-15.671250000000072
-0.3865499999999997,-1.0401750000000005,1.0698249999999996,306.692125,37.318625000000246,-10.77687499999986
-0.3619999999999993,-1.0575000000000003,1.0524999999999998,308.22550000000007,46.0380000000001,-9.79900000000009
-0.3047000000000003,-1.081375,1.0286250000000001,314.51417499999997,54.976799999999955,-17.372149999999966
-0.2705000000000004,-1.0957999999999999,1.0068499999999998,323.4152500000002,65.10630000000012,-27.159750000000145
-0.3182499999999996,-1.0767000000000002,0.9925250000000001,341.58412499999986,79.45994999999988,-44.80337499999985
-0.364799999999999,-1.050400000000002,0.9794,356.70200000000017,92.23319999999995,-60.29539999999999
-0.4029999999999995,-0.974000000000001,0.9746250000000001,350.5900000000001,94.00949999999999,-60.81587499999999
-0.44059999999999944,-0.8991000000000009,0.9694000000000005,343.9227000000007,95.49675000000022,-60.67335000000059
-0.4597000000000003,-0.8704499999999996,0.9502999999999997,320.1336499999997,88.0716249999999,-40.088324999999706
-0.47879999999999995,-0.8418,0.9312000000000001,296.34460000000007,80.64650000000002,-19.50330000000005
-0.4710500000000002,-0.8623749999999996,0.9255250000000002,284.42772500000024,70.9033250000002,2.50029999999958
-0.4614999999999998,-0.8862500000000005,0.92075,273.30674999999974,61.00474999999977,24.599000000000526
-0.4157249999999996,-0.9061000000000001,0.8998749999999999,278.55545000000006,57.80377499999999,40.5354250000001
-0.36320000000000047,-0.9251999999999999,0.8760000000000002,286.85439999999994,55.85080000000002,55.32359999999986
-0.3464250000000001,-0.9407249999999996,0.8449750000000009,312.26329999999916,58.84919999999988,59.998099999999965
-0.34165000000000023,-0.9550499999999994,0.8115500000000014,343.41539999999867,63.50959999999981,61.27779999999994
-0.36812500000000004,-0.9193749999999999,0.796875,369.74875,73.16062500000001,57.166875
-0.41110000000000185,-0.8572999999999973,0.7920999999999998,393.537800000001,85.44670000000052,50.2096999999997
-0.4407000000000005,-0.8246499999999998,0.7846499999999997,408.0606500000002,93.39392500000011,42.02737499999976
-0.45980000000000015,-0.8150999999999999,0.7750999999999999,415.30910000000006,97.93495000000004,32.88324999999991
-0.4499750000000003,-0.7988750000000002,0.7588750000000002,429.00337499999983,99.9684,28.367124999999994
-0.407000000000001,-0.7750000000000006,0.7350000000000005,450.08499999999947,99.12800000000001,29.15499999999998
-0.39242499999999864,-0.7440250000000017,0.7182250000000001,463.84829999999994,98.54497500000001,30.764699999999877
-0.42585000000000006,-0.70105,0.7134499999999999,465.2426,98.39695,33.763400000000004
-0.4539749999999998,-0.6660250000000002,0.6967500000000006,467.34975,101.81317499999983,38.532299999999864
-0.4683000000000004,-0.6516999999999996,0.6489999999999986,471.3130000000001,114.50990000000036,47.910400000000266
-0.48087500000000005,-0.6408750000000001,0.6073749999999998,476.3420000000001,127.02462500000013,57.67175000000014
-0.48564999999999997,-0.64565,0.5930500000000001,486.12119999999993,138.72814999999994,69.14129999999994
-0.4904249999999999,-0.6474500000000006,0.5783000000000004,496.4839249999996,149.96544999999986,80.47867499999978
-0.4952000000000001,-0.6187999999999994,0.5591999999999996,512.8192000000004,156.43080000000015,90.46320000000021
-0.499975,-0.5901499999999998,0.5400999999999999,529.154475,162.89615000000003,100.44772500000005
-0.4905000000000001,-0.5757500000000002,0.5067500000000004,547.0524999999998,167.44724999999994,108.29474999999991
-0.48095000000000027,-0.5614250000000005,0.47332500000000094,564.9587499999996,171.98827499999987,116.13052499999978
-0.4628000000000009,-0.5557000000000003,0.4614000000000004,581.6351999999993,176.3443999999998,116.01560000000005
-0.44370000000000004,-0.5509250000000001,0.45185000000000003,598.1758,180.6801,115.0224
-0.45154999999999973,-0.5346000000000004,0.4461500000000001,617.7886999999996,181.68555,108.91640000000014
-0.4658750000000003,-0.5154999999999995,0.4413749999999999,638.1397500000005,181.890875,101.58199999999982
-0.47680000000000006,-0.4793999999999997,0.4297999999999999,656.6854000000001,185.30920000000003,100.1126
-0.4863499999999999,-0.4364250000000004,0.4154750000000001,674.5009249999998,190.02689999999996,101.015075
-0.5253999999999985,-0.39935000000000087,0.4306499999999991,677.5163000000001,186.57605000000024,97.54565000000017
-0.5826999999999976,-0.3659250000000014,0.46407499999999857,671.3756500000003,178.07177500000037,91.37157500000026
-0.6,-0.32999999999999996,0.46749999999999997,670.355,172.51250000000002,89.285
-0.5808999999999992,-0.2917999999999984,0.443624999999999,673.9935500000003,169.63317499999988,90.91805000000006
-0.5741000000000002,-0.25359999999999905,0.45050000000000123,672.1319499999998,162.9387999999997,91.9361
-0.58365,-0.21539999999999965,0.49825000000000047,662.959175,151.1731999999999,92.13665
-0.5884,-0.17400000000000035,0.5491999999999996,659.0744,136.93080000000015,91.87960000000001
-0.5836250000000001,-0.12625000000000114,0.6064999999999987,665.6829999999999,117.77350000000045,90.71450000000003
-0.5788499999999999,-0.077349999999999,0.65,674.6905000000004,99.95479999999975,91.18355000000011
-0.5740749999999999,-0.02482499999999987,0.65,691.25975,86.35559999999997,96.80372500000001
-0.559500000000001,0.0290999999999991,0.6409000000000009,706.9448999999998,76.47059999999983,103.37589999999982
-0.48787500000000217,0.09117499999999806,0.5788250000000019,717.4833249999997,88.20754999999963,115.49007499999962
-0.41799999999999954,0.15200000000000047,0.5169999999999993,727.47,102.46400000000071,127.23075000000006
-0.3798000000000002,0.1901999999999998,0.4597000000000003,727.47,162.3233999999997,132.21107499999997
-0.34160000000000085,0.2283999999999992,0.40240000000000126,727.47,222.1827999999987,137.1913999999999
-0.2805249999999987,0.2208499999999998,0.35424999999999895,722.1447,270.915800000001,129.78262499999983
-0.2184499999999997,0.21129999999999996,0.3064999999999998,716.5866,319.1624000000003,121.83224999999996
-0.3213749999999984,0.1893750000000003,0.26700000000000046,697.6428750000002,324.2945,111.44400000000013
-0.4502999999999963,0.16550000000000067,0.22880000000000109,676.5899000000006,322.63280000000003,100.67160000000031
-0.44325000000000214,0.1820499999999987,0.13915000000000474,651.6855250000011,304.973825000001,98.41417499999999
-0.39550000000000013,0.21069999999999994,0.03410000000000025,625.6283500000001,282.52655000000004,98.70545
-0.4283749999999986,0.2651499999999987,-0.041924999999998824,586.6905250000008,268.8512750000002,108.04284999999973
-0.5000000000000018,0.33200000000000157,-0.10400000000000148,541.5619999999989,259.39199999999977,121.72800000000032
-0.5383250000000002,0.3461249999999998,-0.15220000000000028,508.7683499999998,257.73047500000007,144.2432000000002
-0.5526499999999999,0.3222500000000002,-0.19039999999999963,484.86470000000025,261.68895,173.12239999999971
-0.5367500000000013,0.28442500000000137,-0.22627499999999912,479.9981499999996,269.9719249999997,197.11444999999952
-0.4890000000000021,0.23190000000000227,-0.2596999999999986,495.1921999999994,282.81189999999947,215.95659999999918
-0.439375,0.1925,-0.293125,517.7850000000001,293.82187500000003,227.45625
-0.38685000000000086,0.17340000000000033,-0.32654999999999945,551.8211999999995,302.00144999999986,227.5995
-0.3514250000000001,0.17567500000000139,-0.34857499999999986,580.4096250000005,306.84509999999995,229.36867500000014
-0.3562,0.2282000000000005,-0.34379999999999994,596.1910000000001,303.84639999999996,234.96020000000004
-0.3736499999999995,0.27682499999999977,-0.34,605.5159250000002,297.19145000000015,241.28199999999993
-0.4404999999999984,0.31024999999999925,-0.34,589.6772500000004,276.2865000000005,250.4499999999998
-0.5010500000000002,0.3468250000000012,-0.34315000000000057,573.4416749999997,253.92204999999936,259.7340250000002
-0.5106,0.40890000000000015,-0.3718000000000001,553.9931,219.74259999999992,269.95730000000003
-0.5197000000000003,0.47014999999999985,-0.40044999999999964,534.4873750000004,186.03685000000004,280.2134249999998
-0.5006000000000006,0.4796999999999997,-0.42909999999999915,511.4002500000007,182.01630000000011,292.5281499999996
-0.48149999999999976,0.48925000000000013,-0.4577500000000004,488.31312499999973,177.99574999999996,304.84287500000016
-0.43160000000000026,0.49,-0.4863999999999999,475.7420000000001,190.18479999999994,301.35720000000003
-0.3790750000000011,0.49,-0.5150499999999995,464.06712500000026,203.7553499999997,296.5249000000001
-0.3344499999999991,0.4465499999999989,-0.5239500000000001,461.6392,214.50560000000021,283.06974999999966
-0.2914749999999998,0.39402499999999974,-0.528725,461.1426,224.66680000000005,267.81362499999994
-0.2555000000000004,0.3450000000000006,-0.5649999999999995,475.37399999999974,234.4009999999999,252.13050000000018
-0.22207500000000097,0.2972500000000014,-0.6127499999999987,494.9705999999994,243.97964999999974,236.29182500000044
-0.22219999999999912,0.27085000000000065,-0.6391499999999993,509.69329999999945,251.6611999999997,224.8604000000004
-0.24129999999999996,0.25652500000000006,-0.653475,521.65945,258.2698,215.9216
-0.27080000000000154,0.26040000000000074,-0.6652000000000005,523.9873999999998,255.54179999999957,210.4537999999999
-0.30900000000000094,0.2795000000000004,-0.6747500000000003,518.2526249999999,245.00337499999975,207.88962499999994
-0.3601000000000005,0.3093500000000003,-0.6886000000000002,501.7140999999998,235.11854999999994,210.42525000000006
-0.42694999999999933,0.3523249999999996,-0.7076999999999998,471.98495000000025,226.0317250000001,219.18737499999992
-0.45130000000000137,0.3850999999999996,-0.733599999999999,435.6020000000012,218.38650000000013,229.46419999999966
-0.3987750000000022,0.39942499999999936,-0.7717999999999984,387.1835000000021,213.34887500000022,242.48084999999946
-0.35875,0.39875,-0.8037500000000001,342.76625,212.4275,252.64625
-0.35397500000000004,0.35577500000000073,-0.8180749999999998,309.63252500000056,223.11394999999982,254.77112499999998
-0.35,0.3119999999999987,-0.8227999999999989,280.7907999999998,231.86359999999996,253.7255999999996
-0.35,0.26424999999999954,-0.7798249999999995,273.27494999999993,230.98977499999998,236.92714999999987
-0.3506999999999999,0.2189500000000001,-0.7393000000000001,267.3151999999999,229.31795000000008,219.87460000000016
-0.36024999999999974,0.20462500000000033,-0.7297500000000002,281.02899999999966,217.5571250000003,199.60950000000048
-0.3698000000000002,0.19029999999999972,-0.7201999999999998,294.7428000000002,205.79629999999977,179.3443999999996
-0.36064999999999997,0.2414250000000001,-0.72935,300.8457,191.26787499999998,160.81839999999994
-0.35110000000000013,0.29394999999999927,-0.7388999999999999,306.78579999999994,176.6802500000002,142.32960000000026
-0.3415500000000003,0.30422499999999986,-0.7188750000000007,287.40125000000074,161.26875000000047,139.40147500000003
-0.33200000000000046,0.3089999999999998,-0.6950000000000011,264.7200000000011,145.75000000000074,138.49900000000005
-0.30357500000000015,0.2873500000000001,-0.7390749999999997,231.5216000000002,151.08434999999994,127.69847500000006
-0.2701500000000007,0.2587000000000006,-0.8011499999999986,195.53720000000078,161.94269999999977,114.2759500000003
-0.26332500000000014,0.21342499999999887,-0.8133499999999998,179.31659999999985,156.92749999999975,96.9398999999996
-0.26810000000000006,0.16089999999999977,-0.8038,171.71479999999997,144.98999999999995,77.8971999999999
-0.27,0.14287499999999995,-0.8086249999999998,173.0571249999999,136.76987500000007,64.16750000000012
-0.27,0.14764999999999986,-0.8229499999999996,180.3103499999998,131.00645000000014,53.94900000000029
-0.26757500000000023,0.15242499999999978,-0.8324249999999997,176.73595000000063,120.93865000000064,45.88875000000027
-0.26280000000000003,0.15719999999999998,-0.8371999999999999,162.66880000000003,106.69960000000003,39.920000000000016
-0.24814999999999884,0.15604999999999963,-0.8419750000000001,147.82152499999935,93.50927499999952,37.539825000000114
-0.21949999999999933,0.14649999999999977,-0.8467500000000001,131.86824999999962,81.80574999999972,40.247250000000065
-0.18932499999999977,0.12932499999999977,-0.85,119.22422499999996,73.542625,43.19715000000003
-0.15590000000000032,0.09590000000000033,-0.85,113.63270000000006,72.6115,46.663799999999966
-0.13,0.06785000000000026,-0.8521499999999997,110.44057499999987,72.55864999999993,50.39812499999988
-0.13,0.058300000000000414,-0.8616999999999996,115.50684999999979,75.52869999999987,55.0537499999998
-0.12937500000000002,0.05437500000000001,-0.870625,118.519375,79.35249999999999,59.770625
-0.12460000000000009,0.08779999999999943,-0.8754,107.89500000000018,88.84519999999983,64.89419999999991
-0.12052499999999952,0.11842500000000143,-0.8801749999999998,97.34307500000028,98.35487499999967,69.832275
-0.13485000000000014,0.07544999999999959,-0.88495,88.69554999999991,108.3107500000001,69.89435
-0.1491749999999999,0.03247500000000031,-0.889725,80.04802500000005,118.26662499999993,69.956425
-0.1185000000000008,-0.005999999999999089,-0.8989999999999998,94.55749999999962,118.29100000000001,69.10950000000001
-0.08507499999999936,-0.04420000000000073,-0.9085500000000002,110.48212500000031,117.70845,68.20702499999997
-0.06784999999999997,-0.03784999999999997,-0.9707500000000002,106.18104999999998,146.36690000000007,66.90764999999999
-0.053525000000000204,-0.023525000000000205,-1.042374999999999,98.25932500000012,180.25984999999952,65.53722500000002
-0.09679999999999807,-0.03439999999999941,-1.0024000000000024,118.3059999999991,177.42560000000046,64.87240000000001
-0.15887499999999705,-0.05349999999999909,-0.9260000000000037,147.4812499999986,162.6040000000007,64.43787500000002
-0.18944999999999992,0.0029999999999995586,-0.8905500000000001,167.89634999999993,123.04545000000024,71.14439999999996
-0.20377500000000054,0.09850000000000364,-0.8762249999999995,183.7923250000006,70.72577499999801,81.53480000000039
-0.19649999999999948,0.1589000000000007,-0.8916000000000008,180.14839999999958,23.14459999999906,85.17789999999997
-0.1726249999999999,0.19232500000000016,-0.9298000000000002,161.4876999999999,-20.794950000000206,83.63557499999999
-0.16224999999999995,0.1897500000000005,-0.9455000000000001,143.7450000000002,-55.05949999999972,84.97549999999994
-0.16702499999999987,0.1467750000000012,-0.9359500000000003,127.03250000000048,-78.46654999999933,89.54994999999987
-0.1502000000000024,0.13979999999999762,-0.9174000000000015,119.1435999999997,-94.52059999999982,92.00400000000005
-0.09767500000000012,0.19232499999999988,-0.8839750000000001,125.83814999999997,-98.42177499999998,90.9535
-0.06674999999999955,0.22190000000000054,-0.8573000000000002,128.9700500000001,-101.2524,89.17130000000007
-0.09062500000000057,0.19324999999999934,-0.8477499999999998,123.06337499999985,-101.367,85.53274999999991
-0.1072999999999999,0.1636999999999998,-0.8382,118.80730000000001,-101.6139,81.83389999999997
-0.09297500000000014,0.13027500000000033,-0.82865,121.65797499999996,-102.43042499999999,77.87542500000004
-0.07640000000000101,0.09775000000000063,-0.8226999999999992,125.14539999999974,-102.05040000000031,72.5035000000005
