-0.08375000000000002,0.057800000000000004,-0.30405
0.09,0.03,-0.45
-0.04205000000000002,0.12035000000000001,-0.2832
-0.11950000000000001,0.20290000000000002,-0.17099999999999999
-0.13555,0.26235,-0.1117
-0.017399999999999954,0.19979999999999998,-0.12560000000000002
0.015249999999999996,0.05174999999999988,-0.14425000000000002
0.016800000000000002,-0.11039999999999998,-0.1481
0.044600000000000015,-0.19380000000000003,-0.09944999999999998
0.06680000000000001,-0.2212,-0.06759999999999998
0.06724999999999996,-0.22235,-0.05765000000000003
0.032499999999999946,-0.20149999999999998,-0.07850000000000003
-0.028049999999999964,-0.2,-0.08645
-0.049800000000000004,-0.17960000000000004,-0.09
-0.03,-0.1361499999999998,-0.08789999999999988
-0.03,-0.059699999999999954,-0.04619999999999998
-0.00024999999999995165,-0.008749999999999966,-0.012999999999999972
0.04840000000000006,0.024800000000000044,0.014800000000000042
0.0970500000000001,0.05260000000000005,0.042600000000000054
0.11510000000000001,0.07530000000000005,0.08570000000000011
0.10974999999999999,0.10025,0.1159
0.0749999999999999,0.13500000000000012,0.10199999999999997
0.03429999999999986,0.17570000000000016,0.08809999999999996
-0.024799999999999905,0.2,0.08579999999999999
-0.10819999999999994,0.2,0.0997
-0.1372,0.23399999999999999,0.0932
-0.15,0.24625,0.0825
-0.1591000000000005,0.23929999999999996,0.06859999999999992
-0.2494500000000001,0.23235,0.05469999999999999
-0.34900000000000014,0.2254,0.06840000000000003
-0.4470500000000001,0.2060499999999999,0.08689999999999998
-0.5235000000000002,0.14349999999999988,0.07299999999999998
-0.5945000000000003,0.0700499999999998,0.053649999999999955
-0.6832000000000004,0.012799999999999938,0.04960000000000008
-0.8083000000000004,-0.008050000000000068,0.0774000000000001
-1.0216000000000007,-0.01,0.08630000000000003
-1.253750000000001,0.012750000000000199,0.05749999999999971
-1.4970000000000012,0.06140000000000022,-0.011200000000000189
-1.7402500000000012,0.11005000000000024,-0.05290000000000021
-1.9466,0.1382,-0.11100000000000002
-2.1136500000000003,0.15105,-0.18575000000000008
-2.2040000000000006,0.15800000000000006,-0.29000000000000065
-2.2498,0.14019999999999982,-0.36950000000000044
-2.2567,0.10669999999999966,-0.4276000000000002
-2.20805,0.05804999999999989,-0.4554000000000001
-2.1071999999999997,-0.002200000000000167,-0.4658
-1.9684999999999986,-0.06750000000000057,-0.4755000000000001
-1.7878000000000003,-0.1369999999999999,-0.48939999999999995
-1.6203999999999985,-0.19985000000000058,-0.5166000000000003
-1.5112,-0.2588,-0.5444
-1.4501,-0.31384999999999996,-0.5771499999999999
-1.325,-0.3625,-0.6675
-1.030799999999996,-0.38890000000000013,-0.7267000000000005
-0.5967999999999932,-0.4014000000000001,-0.7698000000000005
0.014800000000000757,-0.40835,-0.81845
0.49920000000000075,-0.5266000000000002,-0.8035
0.7774999999999999,-0.6840000000000004,-0.7574999999999998
0.7079999999999997,-0.8508000000000004,-0.6879999999999998
0.5154999999999973,-0.8884500000000003,-0.747650000000001
0.43410000000000026,-0.8565999999999997,-0.8458000000000004
0.5123500000000012,-0.7597499999999999,-0.9706500000000003
0.8390000000000013,-0.7249999999999999,-1.0610000000000004
1.102450000000001,-0.7771500000000005,-1.0644499999999997
1.2683999999999993,-0.9133000000000013,-1.0109000000000001
1.1015999999999992,-1.1704500000000013,-1.0178500000000001
0.925199999999999,-1.3316000000000006,-1.0055999999999998
0.8127500000000006,-1.4235,-0.98825
0.9031000000000007,-1.4374,-0.9813
0.9991000000000008,-1.3947999999999996,-0.98
1.1432000000000015,-1.3678000000000001,-1.0450000000000013
1.3656000000000017,-1.3886500000000002,-1.2187500000000013
1.3084999999999993,-1.3509999999999998,-1.4315000000000018
1.0871499999999967,-1.33,-1.7194000000000031
0.7860000000000071,-1.3267999999999995,-2.086800000000004
1.5852500000000074,-1.2711999999999994,-2.5524500000000043
1.9201000000000004,-1.624100000000006,-2.6912999999999996
1.854999999999994,-2.1450000000000014,-2.2612499999999787
1.2711999999999999,-2.284,-0.1553999999999992
1.2281500000000003,-2.0006999999999997,0.8741000000000005
1.2964,-1.3114999999999983,1.1892999999999994
1.1851999999999998,-0.025749999999997886,0.7236499999999992
0.3599999999999885,0.24600000000000136,0.16799999999999302
-0.23605000000000168,0.25394999999999834,-0.2337500000000022
-0.3681000000000017,0.12189999999999827,-0.40750000000000225
0.4931000000000118,0.17480000000000076,-0.6360500000000031
0.6657999999999944,0.6940000000000125,-1.055400000000008
0.25799999999999446,1.4519999999999937,-1.5857500000000022
-0.13120000000000176,1.0071999999999979,-1.7317000000000007
-0.24139999999999986,-0.018850000000006473,-2.026450000000002
-0.20239999999999958,-1.2156000000000042,-2.266799999999999
-0.12594999999999956,-2.0218000000000047,-2.079149999999999
-0.19250000000000064,-1.8929999999999976,-1.770499999999998
-0.24529999999999974,-1.4221499999999958,-1.4642499999999985
-0.20360000000000014,-0.775800000000002,-1.2210000000000008
-0.09839999999999918,-0.3834499999999973,-0.8253499999999969
-0.09610000000000213,-0.0744999999999956,-0.3888999999999916
-0.21550000000000125,0.15524999999999892,0.06675000000000153
-0.3683999999999997,0.02320000000000022,0.25439999999999974
-0.4466000000000002,-0.2997500000000041,0.26774999999999904
-0.4678,-0.7041999999999999,0.13380000000000025
-0.45389999999999986,-0.8571000000000015,-0.15810000000000285
-0.455,-1.065,-0.44
-0.4346499999999991,-1.23,-0.6634000000000009
-0.3442999999999981,-1.23,-0.7468000000000018
-0.2656499999999991,-1.013549999999997,-0.7014999999999992
-0.23960000000000106,-0.8067999999999971,-0.6431999999999991
-0.28825000000000056,-0.6747499999999984,-0.6014999999999995
-0.10909999999999953,-0.7370000000000002,-0.5731999999999999
0.027450000000001182,-0.7334999999999992,-0.5746000000000004
0.0919999999999993,-0.6219999999999982,-0.627600000000001
-0.1165000000000029,-0.06599999999999229,-0.9473000000000045
-0.2710000000000005,0.21100000000000052,-1.208500000000001
-0.3264999999999969,0.1983499999999921,-1.3595499999999978
-0.11799999999999898,-0.33680000000000265,-1.2135999999999991
0.10655000000000356,-0.609800000000003,-0.8803999999999939
0.23009999999999764,-0.6410999999999922,-0.6430000000000018
0.13974999999999851,-0.3422499999999951,-0.7125000000000011
-0.08080000000000154,-0.39680000000000065,-0.9184000000000014
-0.1690500000000003,-0.3618000000000007,-1.1061499999999995
-0.07659999999999828,-0.16489999999999733,-1.2494999999999998
0.15970000000000426,0.1895500000000064,-1.2147499999999993
0.18799999999999897,0.24799999999999872,-1.135999999999999
0.043899999999995054,0.03209999999998925,-1.0200499999999972
-0.22020000000000237,-0.5378000000000052,-0.8740999999999987
-0.22239999999999782,-0.5838999999999964,-0.7863499999999988
-0.112999999999999,-0.3617999999999967,-0.7850000000000017
-0.008749999999997872,-0.02124999999999303,-0.9587500000000035
-0.08120000000000117,-0.17660000000000284,-0.9843
-0.16325000000000003,-0.4115500000000002,-0.9269999999999998
-0.1980000000000004,-0.5992000000000022,-0.7879999999999985
-0.06899999999999977,-0.2955999999999994,-0.7079499999999999
0.03500000000000085,-0.2000000000000017,-0.67
0.08514999999999476,-0.3669000000000131,-0.6659499999999986
-0.144200000000003,-0.9368000000000074,-0.6033999999999992
-0.3518000000000046,-1.2370000000000032,-0.606100000000001
-0.5347000000000018,-1.3174999999999977,-0.6647000000000018
-0.6667500000000032,-1.1437499999999958,-0.7967500000000032
-0.804000000000002,-1.047999999999999,-0.8924000000000012
-0.8956999999999999,-0.9462499999999991,-0.9349499999999997
-0.8817999999999998,-0.7724999999999973,-0.8862999999999992
-0.8436999999999998,-0.6108499999999991,-1.067550000000001
-0.8230000000000001,-0.37599999999999456,-1.1269999999999976
-0.82995,-0.04239999999999782,-0.981049999999999
-0.947300000000002,0.10490000000000252,-0.98
-0.9537999999999976,0.18925000000000097,-0.9337999999999976
-0.892800000000002,0.187999999999995,-0.872800000000002
-1.0040000000000031,-0.09000000000000795,-0.9840000000000032
-1.0023999999999988,-0.4949000000000088,-0.841399999999995
-0.9533999999999991,-0.8087499999999949,-0.5591499999999899
-0.9255999999999995,-0.6349999999999966,-0.2185999999999933
-0.7479499999999935,-0.7276500000000048,-0.6217500000000179
-0.5949999999999992,-1.1500000000000181,-1.0725000000000042
-0.5533000000000005,-2.039599999999991,-1.2740499999999981
-0.7484000000000002,-1.8539999999999996,-0.7459999999999996
-0.8667000000000001,-1.3414999999999913,-0.8252500000000091
-0.8778999999999999,-0.6289000000000007,-1.6053000000000006
-0.8292499999999995,-1.0667500000000054,-1.9597500000000045
-0.9990000000000008,-1.038399999999999,-1.9025999999999992
-1.2059499999999956,-0.8577500000000078,-1.7024500000000056
-0.879299999999999,-1.448500000000002,-2.140300000000001
-0.8708000000000016,-2.1857000000000113,-2.4014000000000024
-1.0500000000000085,-2.473999999999976,-2.339999999999983
-1.397500000000005,-1.514899999999986,-1.6449999999999898
-1.3968999999999985,-1.405400000000001,-1.9825000000000133
-1.3885000000000012,-1.4214499999999997,-2.230149999999998
-1.4580000000000017,-1.4005999999999994,-2.084199999999996
-1.46,-2.00750000000001,-1.9719999999999982
-1.6043000000000074,-2.4517000000000078,-1.9681000000000024
-1.85,-2.6573499999999903,-2.0324499999999968
-1.85,-2.0943999999999843,-1.8447999999999947
-1.8226999999999984,-1.781699999999993,-1.8164000000000022
-1.7915000000000003,-1.6009999999999946,-1.8990000000000054
-1.79845,-1.4203000000000001,-2.0797
-1.9350000000000014,-1.6824000000000034,-2.201000000000001
-2.1604499999999995,-1.8577500000000002,-2.1854
-2.4871000000000034,-1.6144999999999976,-1.9351999999999974
-2.36375,-1.665,-1.9849999999999999
-2.2571999999999997,-1.7196000000000002,-2.0556000000000005
-2.2274499999999975,-1.7403000000000002,-2.1072999999999973
-2.109299999999999,-1.7542000000000002,-1.9821999999999984
-2.0437999999999996,-1.7154499999999984,-1.8489999999999969
-2.02,-1.675000000000002,-1.7259999999999995
-2.02,-1.848750000000004,-1.6981999999999993
-1.970999999999999,-1.8705999999999994,-1.748800000000001
-1.8903999999999996,-1.7844999999999993,-1.8414500000000005
-1.7792000000000008,-1.5760000000000014,-1.9595999999999991
-1.6852499999999977,-1.4997499999999988,-1.9915000000000003
-1.6489000000000007,-1.442999999999999,-1.9702999999999988
-1.6975500000000021,-1.3734999999999968,-1.8938499999999965
-1.5547999999999944,-1.396400000000001,-1.9560000000000024
-1.366399999999994,-1.4597000000000024,-1.9260999999999968
-1.16,-1.5394999999999976,-1.8074999999999994
-1.16,-1.3935499999999992,-1.7727499999999998
-1.0940000000000003,-1.2916000000000003,-1.7864
-0.9897500000000014,-1.213800000000001,-1.8267499999999997
-0.8854999999999981,-1.1303999999999985,-1.8615000000000008
-0.8442499999999998,-1.0837499999999998,-1.8227499999999996
-0.8146000000000001,-1.0270000000000001,-1.7426000000000001
-0.7659499999999986,-0.922749999999997,-1.6244499999999966
-0.6806999999999982,-0.8794999999999993,-1.5306999999999982
-0.5933999999999992,-0.8416999999999996,-1.5166000000000008
-0.51,-0.8,-1.6
-0.43354999999999766,-0.6679499999999959,-1.5791499999999994
-0.4897000000000034,-0.660700000000002,-1.4802999999999966
-0.6546500000000024,-0.7425500000000003,-1.327249999999999
-0.8562000000000086,-0.7634000000000009,-1.2229999999999956
-1.0150000000000046,-0.831750000000003,-1.042749999999993
-1.1114999999999993,-0.8285999999999933,-0.8527999999999974
-1.0767499999999997,-0.5366999999999962,-0.7415999999999985
-1.0587999999999995,-0.4912000000000006,-0.8768000000000086
-1.1367000000000083,-0.6453500000000136,-1.0382500000000037
-1.3730000000000058,-1.0415000000000099,-1.1425000000000025
-1.448050000000001,-1.06355,-1.330600000000003
-1.4731999999999998,-0.9783999999999992,-1.6170000000000018
-1.4586000000000001,-0.8189500000000001,-2.0030999999999977
-1.4307999999999992,-0.7980999999999995,-2.461800000000012
-1.1734999999999933,-0.9217500000000036,-2.3254999999999915
-0.7235999999999956,-1.0039999999999965,-1.8591999999999984
-0.04945000000000219,-0.44800000000000184,-1.622900000000001
0.3289000000000075,0.09270000000001483,-1.7640000000000078
0.38674999999999193,0.3736499999999941,-1.9353999999999985
-0.0650000000000037,0.04699999999999733,-1.8519999999999994
-0.20735000000000356,-0.48790000000002237,-1.8280999999999996
-0.26,-0.805499999999999,-1.7155999999999927
-0.26,-0.7707499999999994,-1.4653999999999952
-0.1307999999999987,-0.6407999999999987,-1.2559999999999978
-0.05499999999999887,-0.46374999999999117,-1.096249999999995
-0.04330000000000411,-0.23429999999998902,-0.9956000000000017
-0.1753500000000028,0.12015000000000753,-1.0512000000000012
-0.270600000000004,0.15719999999999346,-1.0331999999999972
-0.31449999999999706,0.0010999999999887766,-0.9434999999999911
-0.24499999999999775,-0.26300000000000867,-0.7349999999999931
-0.11554999999999667,-0.3908500000000021,-0.5918999999999971
-0.02,-0.49320000000000164,-0.49799999999999955
-0.02,-0.6183000000000004,-0.4632499999999999
-0.30349999999999794,-0.6174000000000001,-0.5292999999999994
-0.4602499999999995,-0.6392500000000015,-0.5732500000000001
-0.4285999999999942,-0.7058000000000029,-0.5717999999999958
-0.032449999999998064,-0.907350000000001,-0.2868499999999986
0.0889999999999975,-0.8464999999999913,-0.0797999999999945
0.053100000000004005,-0.6998500000000104,0.073100000000004
0.20600000000000251,-1.0960000000000065,0.2260000000000025
0.10149999999999863,-1.4921500000000025,-0.3240000000000054
-0.312200000000036,-1.424699999999951,-0.9775000000000066
-1.2713000000000267,-0.12504999999996388,-1.1512500000000048
-0.19459999999997335,1.308000000000026,-1.2960000000000025
0.6642499999999956,2.0442499999999817,-1.4075000000000033
0.5738999999999964,1.6758999999999855,-1.4770000000000028
0.4635999999999967,0.8752999999999758,-1.0144999999999857
0.539600000000005,-0.0924000000000218,-0.6467999999999949
0.7661499999999976,-1.2194500000000703,-0.4050499999999968
0.717499999999998,-2.602500000000057,-0.3424999999999974
0.7044499999999999,-3.0466000000000006,-0.25770000000000093
0.8318000000000129,-2.772799999999978,-0.26540000000000896
1.4364500000000069,-1.7441999999999882,-0.6893500000000049
1.4633999999999998,-1.033599999999999,-0.9119000000000003
1.3532499999999994,-0.5389999999999918,-1.0019999999999982
1.3323999999999996,-0.2887999999999943,-0.9463999999999987
1.2500499999999988,-0.22924999999999954,-0.8415999999999986
1.2093,-0.352600000000001,-0.8203000000000004
1.229199999999996,-0.6734000000000163,-0.9097499999999988
1.1179999999999972,-1.1460000000000117,-0.8749999999999991
0.832999999999994,-1.5475000000000052,-0.705949999999996
0.49250000000000793,-1.8445999999999982,-0.4204999999999824
0.6662500000000062,-1.8028999999999986,-0.038249999999986226
1.041600000000012,-2.034800000000009,-0.18880000000001018
1.1029999999999813,-2.4505000000000097,-0.6515000000000111
-0.036800000000054095,-3.0482000000000284,-1.3326000000000322
-0.21044999999999817,-2.72494999999998,-1.635150000000008
0.0124000000000144,-1.8959999999999633,-1.6035999999999877
0.5267000000000304,-0.5754999999999222,-1.1587999999999736
0.7095000000000079,0.1990000000000361,-0.7594999999999805
0.6313000000000005,0.6044999999999998,-0.15290000000000148
0.33520000000000266,0.6527999999999912,0.6464000000000135
0.4255500000000018,0.35394999999999416,1.105100000000009
0.5632000000000016,-0.2201000000000074,1.464900000000003
0.6975,-0.97875,1.75875
0.6835999999999997,-1.8058000000000258,2.0298000000000087
0.7418000000000018,-2.292950000000008,1.8991499999999943
0.8147000000000006,-2.4071999999999942,1.6427999999999974
0.8633500000000021,-1.93459999999998,1.4203999999999906
0.7559999999999957,-1.233999999999976,1.179999999999992
0.603299999999996,-0.5887499999999881,1.1226000000000045
0.42259999999999764,-0.06749999999999318,1.3172000000000026
0.4062999999999994,0.22085000000001256,1.518650000000009
0.3011999999999938,0.2815999999999957,1.7924000000000115
0.10324999999999168,0.1549999999999966,2.094500000000001
-0.23730000000001894,0.01599999999999227,2.1362000000000023
-0.4290500000000054,0.002550000000002224,2.1313999999999984
-0.5344000000000022,0.09440000000000848,2.0539999999999914
-0.5969500000000016,0.3307000000000062,1.8107499999999936
-0.8080000000000143,0.5340000000000111,1.4629999999999785
-1.1611000000000036,0.6649000000000002,1.107299999999998
-1.7032000000000205,0.6788000000000006,0.787599999999988
-2.207200000000014,0.48314999999999403,0.4742499999999913
-2.6284000000000196,0.24129999999998406,0.24399999999999183
-2.9552500000000013,-0.02625000000000144,0.11150000000000035
-3.1012000000000057,-0.20000000000000684,0.15320000000000164
-3.193200000000002,-0.2741500000000002,0.17
-3.221299999999993,-0.2645999999999941,0.14139999999998906
-3.103149999999999,-0.16729999999999906,-0.03930000000000177
-2.8849999999999896,-0.05499999999999518,-0.2450000000000088
-2.6024999999999894,0.07290000000000474,-0.43900000000000433
-2.255000000000007,0.225799999999997,-0.5779999999999973
-1.8372999999999775,0.39040000000000874,-0.6877500000000054
-1.4315999999999995,0.5320000000000001,-0.7864000000000002
-1.063249999999988,0.6362500000000034,-0.8767500000000029
-1.1304000000000018,0.599799999999999,-0.9537000000000018
-1.4510500000000288,0.4595499999999876,-1.0228500000000034
-1.9772000000000014,0.21999999999999886,-1.0788
-2.408100000000015,-0.12750000000001194,-1.0648999999999995
-2.6185000000000023,-0.41200000000000614,-1.0509999999999997
-2.645049999999988,-0.6201500000000026,-1.0487000000000024
-2.429599999999999,-0.6688000000000003,-1.0904000000000003
-2.1552999999999893,-0.6425499999999983,-1.121400000000001
-1.9438999999999986,-0.6030999999999994,-1.114699999999998
-1.8952499999999972,-0.5822499999999987,-1.0382499999999957
-1.9892000000000005,-0.5117999999999995,-0.9121999999999991
-2.0563000000000002,-0.4227499999999961,-0.8021999999999968
-2.0698999999999996,-0.3184999999999971,-0.7198999999999998
-2.0629499999999994,-0.21424999999999386,-0.7129499999999995
-2.0399999999999983,-0.14199999999999763,-0.7019999999999993
-2.01,-0.09335000000000009,-0.69
-2.01,-0.04469999999999857,-0.69
-1.9614999999999985,0.01850000000000137,-0.6948500000000001
-1.904599999999999,0.08620000000000318,-0.7018000000000003
-1.8837499999999998,0.14875,-0.70875
-1.8628999999999993,0.19990000000000152,-0.6814999999999989
-1.8526500000000001,0.2512000000000012,-0.6308499999999984
-1.8596000000000004,0.3068000000000029,-0.554399999999996
-1.9386,0.29689999999999994,-0.41244999999999976
-2.2285000000000164,0.212999999999995,-0.08099999999998314
-2.7278000000000135,0.05199999999999366,0.4409500000000145
-3.3116000000000314,-0.22600000000001502,1.073400000000034
-3.6692000000000005,-0.721500000000002,1.4796500000000008
-3.7485999999999815,-1.0427999999999655,1.7949000000000175
-3.206499999999987,-0.04199999999997542,2.3022500000000123
-2.1027999999999283,0.6468000000000325,2.674400000000018
-0.6896999999999229,0.8242499999999666,2.8784999999999967
0.9922000000001293,0.09449999999994389,2.8089999999999944
1.6637500000000136,0.06050000000000182,2.8786500000000026
1.96,0.24700000000001948,3.0740000000000194
1.96,0.5875500000000161,3.407600000000016
1.96,0.9832999999999986,3.2513000000000005
1.7713499999999904,1.1831000000000012,3.0028999999999915
1.4716000000000002,1.1983999999999966,2.6903999999999955
1.4855000000000007,1.0107499999999907,2.4332499999999877
1.3960000000000004,0.8466000000000002,2.063300000000001
1.3411500000000065,0.7712500000000051,1.6937999999999942
1.5566000000000044,0.9450000000000034,1.499199999999996
1.4223999999999888,0.9633499999999989,1.4711000000000007
1.0425,0.8200000000000001,1.49
0.3822499999999795,0.45859999999998874,1.517800000000001
0.11239999999999499,0.14199999999999335,1.1359999999999912
0.10055000000001199,-0.0065999999999985445,0.7893499999999858
0.31549999999999556,0.029000000000008908,0.5176999999999878
0.21124999999999233,0.23750000000001537,0.23274999999997903
0.018799999999994266,0.3620000000000016,0.014999999999996017
-0.19115000000000038,0.39699999999999247,-0.13805000000000262
-0.1981000000000003,0.25799999999999385,-0.18670000000000217
-0.20505000000000054,0.023049999999979587,-0.18484999999999843
-0.2240000000000012,-0.252000000000007,-0.1639999999999995
-0.2726500000000007,-0.5369500000000041,-0.1431499999999997
-0.9644000000000369,-0.24959999999998214,-0.3701000000000124
-0.8928000000000065,-0.31069999999999653,-0.43880000000000113
0.4416000000000349,-1.0196000000000185,-0.21639999999999418
-0.21525000000001177,-1.0264999999999997,0.09375000000000513
-0.2835999999999763,-0.9570999999999944,0.07349999999998516
0.18429999999999952,-0.790200000000002,-0.20935
0.337199999999998,-0.15080000000000834,-0.2024000000000001
0.28535000000000366,0.5795999999999821,-0.15905000000000144
0.11199999999998908,1.0564999999999696,-0.11
-0.11040000000000874,0.4379499999999757,-0.11
-0.09519999999999754,-0.4182000000000272,0.008800000000004499
0.0046500000000025965,-0.9477499999999952,0.11235000000000013
0.1367000000000121,-0.7044999999999778,0.11930000000000063
0.18125,-0.505,0.007500000000000007
0.2096000000000015,-0.4,-0.143200000000013
0.2176999999999646,-0.38964999999997013,-0.31789999999999397
-0.3522000000000298,0.0899000000000251,-0.2205999999999949
-0.4441999999999894,0.26164999999999794,-0.1597499999999985
-0.17599999999998778,0.21099999999999797,-0.13800000000000182
0.19930000000000858,0.14844999999999858,-0.19360000000000127
0.18259999999999765,-0.017000000000002707,-0.1609999999999991
0.05,-0.1940500000000003,-0.11555000000000007
0.05,-0.2843999999999994,-0.13639999999999988
-0.10525000000001228,-0.15049999999998817,-0.05949999999999364
-0.190300000000002,-0.0076000000000021745,0.01889999999999873
-0.1138499999999965,0.07580000000000382,0.06755000000000223
0.035200000000005505,-0.078400000000006,0.07660000000000025
0.17390000000000327,-0.21680000000000293,0.026749999999997276
0.2709999999999957,-0.3260000000000014,-0.06649999999999921
0.006899999999976675,-0.40940000000000737,-0.017849999999995703
-0.010800000000000406,-0.3828000000000003,-0.07479999999999962
0.11025000000000715,-0.26544999999998425,-0.20375000000001195
0.21450000000000613,-0.03609999999998649,-0.3775000000000102
0.03524999999998671,-0.037750000000003746,-0.23624999999998805
-0.15660000000000082,-0.08559999999999945,-0.08100000000000138
-0.1774500000000006,-0.0716999999999996,-0.11575000000000102
0.088400000000006,0.23500000000000681,-0.6385000000000116
