0.013075000000000059,-0.34414999999999996,-0.27942500000000003
-0.57,0.26,-0.16
-0.1906499999999999,0.44265000000000004,-0.124875
0.03075000000000004,0.37419999999999987,-0.20315000000000005
0.1071,0.130975,-0.334625
0.022799999999999994,-0.05870000000000001,-0.2995
0.040999999999999946,-0.17149999999999993,-0.1875000000000001
0.0757,-0.23,-0.10074999999999999
0.06165000000000001,-0.23,-0.135875
0.022799999999999994,-0.23,-0.15860000000000002
-0.01935000000000004,-0.20742499999999997,-0.16355
-0.05850000000000008,-0.1582500000000001,-0.14900000000000005
-0.016350000000000052,-0.10907500000000006,-0.12090000000000004
0.03869999999999997,-0.03410000000000004,-0.09280000000000002
0.091325,0.04795000000000002,-0.059399999999999974
0.09834999999999999,0.09009999999999994,-0.0032000000000000743
0.08925000000000001,0.094625,0.03687499999999998
0.06319999999999999,0.0924,0.06
0.014024999999999945,0.09942500000000001,0.06
-0.04160000000000011,0.13225000000000006,0.053549999999999986
-0.07,0.1639,0.03609999999999999
-0.07,0.1895,0.007000000000000069
-0.07,0.182475,-0.03514999999999997
-0.1245999999999998,0.1527000000000001,-0.06364999999999996
-0.20732499999999987,0.1058250000000001,-0.07685000000000003
-0.2845999999999999,0.04260000000000005,-0.06280000000000001
-0.33375,-0.026250000000000002,-0.0825
-0.39710000000000006,-0.09120000000000006,-0.09204999999999999
-0.49544999999999967,-0.1473999999999998,-0.07097500000000008
-0.6205999999999997,-0.1098000000000001,-0.02980000000000011
-0.7656749999999998,-0.07510000000000006,-0.02489999999999995
-0.9332499999999998,-0.05149999999999999,-0.05674999999999994
-1.151025,-0.06555,-0.119975
-1.3688000000000002,-0.09880000000000003,-0.19760000000000005
-1.5811000000000004,-0.14642500000000008,-0.2727750000000001
-1.7778000000000005,-0.20965000000000014,-0.3219500000000001
-1.9216249999999997,-0.24937499999999993,-0.3769999999999999
-2.0232,-0.2671,-0.4361000000000002
-2.0794,-0.260075,-0.4993250000000003
-2.07305,-0.2183,-0.5139
-2.0143500000000003,-0.1721750000000002,-0.5160250000000001
-1.9040000000000006,-0.12300000000000015,-0.5040000000000001
-1.7213500000000004,-0.07382500000000011,-0.4618500000000001
-1.5235500000000002,-0.01960000000000008,-0.4399
-1.336425,0.02414999999999999,-0.44037499999999996
-1.1888999999999998,0.038200000000000005,-0.4755
-1.0842500000000004,0.015500000000000114,-0.5289999999999998
-0.9701500000000004,-0.03779999999999972,-0.5914999999999998
-0.8351000000000004,-0.12227499999999977,-0.6610499999999999
-0.6384000000000003,-0.21359999999999985,-0.7031999999999999
-0.3487500000000003,-0.288025,-0.749575
0.0025000000000000022,-0.35750000000000004,-0.8
0.3537500000000003,-0.4558500000000001,-0.8562000000000001
0.4347,-0.5436000000000001,-0.8912000000000001
0.3951249999999997,-0.6162750000000001,-0.9193000000000001
0.28975000000000073,-0.6654499999999997,-0.9473999999999998
0.2226250000000004,-0.6891249999999999,-1.0201249999999995
0.26479999999999915,-0.7271999999999997,-1.0803999999999998
0.4261499999999988,-0.7846749999999997,-1.1140500000000007
0.693099999999999,-0.8619499999999998,-1.0157000000000003
0.8392249999999998,-0.9571249999999998,-0.9531500000000002
0.8655000000000004,-1.0624999999999998,-0.9379999999999998
0.7039250000000002,-1.1678749999999998,-1.0223
0.64225,-1.16225,-0.99005
0.7461750000000001,-1.049875,-0.906225
1.0904000000000005,-0.8039999999999997,-0.7867999999999998
1.673125000000001,-0.8165,-1.197375000000001
1.7044999999999986,-1.0745500000000012,-1.826100000000002
1.2201749999999985,-1.5108000000000004,-2.633025000000003
0.8056999999999982,-1.6232000000000004,-3.4971000000000037
1.2795249999999956,-1.4521000000000015,-2.726325000000007
1.96,-1.520999999999995,-1.4170000000000023
1.96,-2.729299999999996,-0.8831000000000018
0.9391999999999905,-2.5571999999999964,0.26560000000000983
0.5813749999999984,-1.511600000000003,0.7644500000000011
1.5297500000000088,0.39920000000001776,0.10409999999999385
1.831875,1.7462499999999999,-0.28125
1.5192999999999992,1.8173999999999992,-0.4890000000000001
0.7569249999999991,0.8677249999999983,-0.5740500000000004
0.20195000000000426,-0.1368499999999923,-0.7566999999999986
-0.00477500000000021,-0.5494000000000006,-0.6308999999999992
-0.014000000000000762,-0.6280000000000009,-0.3840000000000014
0.11245000000000062,-0.4804749999999993,-0.15217499999999887
-0.03334999999999916,-0.6051999999999992,0.14014999999999866
-0.3890750000000037,-0.8353000000000019,0.20544999999999844
-0.954699999999999,-1.1401999999999999,-0.03949999999999809
-1.2848749999999993,-1.1542499999999998,-0.7068749999999986
-0.9054000000000011,-1.07285,-1.7103999999999986
-0.00492500000000029,-1.0087499999999998,-2.6671500000000004
1.0418000000000005,-1.36,-2.2316
0.5784999999999989,-0.3004999999999982,-2.3081000000000005
-0.2002499999999972,0.947999999999995,-2.2707500000000054
-0.5444750000000044,1.5662000000000078,-1.6174249999999917
-0.3406000000000017,0.7417000000000064,-1.5752
0.04937499999999706,-0.11914999999999598,-1.4669750000000015
0.5416000000000009,-0.8167999999999984,-1.199000000000002
0.37300000000000066,-1.1539999999999986,-0.7775000000000016
0.10760000000000106,-1.4119999999999995,-0.413200000000001
-0.16852499999999976,-1.581425,-0.13432500000000017
-0.25984999999999986,-1.5884500000000001,-0.05705000000000013
-0.28,-1.1848500000000004,-0.018100000000000022
-0.315,-0.605,0.08250000000000002
-0.41335000000000005,0.08345000000000057,0.3143250000000002
-0.5117000000000002,0.16275000000000006,0.30379999999999996
-0.41699999999999937,-0.08455000000000135,0.15414999999999937
-0.16840000000000033,-0.584600000000001,-0.11940000000000106
-0.2667500000000004,-0.8726250000000012,-0.46362500000000134
-0.20234999999999928,-0.8351499999999991,-0.6683500000000007
-0.061524999999999316,-0.6062999999999983,-0.7901000000000005
0.05789999999999836,-0.29720000000000424,-0.8743999999999988
-0.08030000000000143,-0.07969999999999855,-1.0445750000000014
-0.3072499999999967,-0.03149999999999778,-1.2177499999999981
-0.5812250000000024,-0.21415000000000162,-1.3652750000000013
-0.2908000000000032,-0.22,-1.4107999999999996
0.002999999999997255,-0.1243750000000017,-1.6212499999999965
0.21005000000000293,-0.02439999999999598,-1.9750499999999966
-0.12012499999999733,-0.4739999999999963,-2.347374999999997
-0.0387000000000019,-0.9235999999999966,-2.4453
0.24239999999999784,-1.082525000000004,-2.480049999999999
0.5795999999999981,-0.4713500000000035,-2.6626999999999987
-0.1467499999999956,-0.00357500000000216,-2.5585500000000008
-0.5860000000000009,0.19300000000000053,-2.191000000000003
-0.3887250000000012,0.06044999999999959,-1.535850000000004
-0.030450000000000865,0.18689999999999968,-0.36970000000000286
0.3278249999999994,0.4641249999999994,0.37672499999999925
0.6157000000000001,0.7460000000000002,0.6818000000000004
0.524375,0.465,0.24625
0.015899999999999415,0.003749999999999587,-0.08630000000000024
-0.44435,-0.33389999999999986,-0.4031000000000006
-0.45840000000000003,-0.2495999999999998,-0.768400000000001
-0.2421250000000042,-0.2711249999999994,-0.8909249999999984
-0.04499999999999943,-0.5435000000000023,-0.7872499999999987
0.08450000000000217,-1.0774249999999972,-0.4551500000000059
-0.05600000000000079,-1.2671000000000012,-0.07579999999999784
-0.14459999999999923,-1.1799750000000035,-0.02514999999999787
-0.22510000000000133,-0.891699999999997,-0.21075000000000232
-0.4077499999999978,-0.48425000000000495,-0.5268749999999962
-0.48780000000000046,-0.4224000000000004,-0.853800000000003
-0.5272749999999998,-0.515474999999998,-1.1257749999999984
-0.5483499999999999,-0.7051499999999982,-1.2873499999999984
-0.6730249999999989,-0.5969750000000011,-1.1640250000000014
-0.6525000000000014,-0.18700000000000555,-1.1179999999999997
-0.4915749999999998,0.429525000000002,-1.1679000000000002
-0.5126499999999998,0.15555000000000177,-1.1398000000000001
-0.9317499999999964,-0.47984999999999534,-1.0339250000000009
-1.4296000000000006,-1.1904000000000048,-0.9280000000000006
-1.471749999999999,-1.4994999999999925,-0.9631249999999991
-0.9206500000000022,-1.1758000000000015,-1.0038999999999998
-0.4579000000000002,-0.6579750000000014,-1.0968749999999996
-0.37359999999999843,-0.07489999999998914,-1.2725000000000033
-0.6524499999999938,0.26607499999999307,-1.145500000000003
-0.64375,0.51375,-1.3425
-0.41937500000000016,0.5118999999999987,-1.776125
-0.5950000000000003,-0.9212000000000025,-1.7409999999999999
-0.8767749999999942,-1.3941249999999994,-1.4019000000000086
-0.9294499999999977,-1.4459000000000002,-1.210950000000002
-0.2058749999999971,-1.5442500000000003,-1.8221250000000024
-0.49119999999999264,-1.7015999999999976,-1.9258999999999997
-0.8343499999999977,-1.5016500000000104,-1.8773500000000019
-0.988900000000001,-0.7850999999999954,-1.7508999999999992
-0.6621749999999976,-1.0101750000000018,-1.8406750000000005
-0.6399999999999975,-1.2499999999999971,-1.9039999999999995
-0.8271749999999994,-1.5020249999999966,-1.9277000000000009
-0.8763500000000005,-1.7900500000000028,-1.8433999999999993
-0.8595499999999996,-1.7481999999999982,-1.957025000000002
-0.9769999999999956,-1.7433999999999965,-2.1445999999999983
-1.468749999999996,-2.122749999999997,-2.3272499999999985
-1.7944500000000039,-1.7825499999999943,-1.9379499999999938
-1.6869499999999917,-1.4129999999999963,-1.8355750000000046
-1.1123999999999976,-1.159599999999996,-2.1723999999999997
-1.547949999999998,-1.8480499999999966,-2.2566999999999995
-1.838999999999999,-2.268749999999999,-2.124250000000001
-1.9885250000000014,-2.323375000000019,-1.936974999999995
-1.9253,-1.515500000000002,-2.1406999999999994
-1.9898749999999998,-1.3625999999999998,-2.28585
-2.11875,-1.6044499999999995,-2.3042000000000002
-2.2943749999999965,-2.2156249999999877,-2.107500000000004
-2.2588,-2.4684000000000004,-1.8979999999999997
-2.19575,-2.319699999999999,-1.9201500000000005
-2.1259499999999996,-1.789849999999999,-2.16865
-2.0627250000000013,-1.319175000000008,-2.1475750000000002
-1.9140000000000033,-1.3884999999999939,-2.1669999999999994
-1.7325499999999994,-1.728800000000001,-2.1633999999999993
-1.6060999999999968,-1.9536000000000058,-1.9947999999999957
-1.59115,-2.03345,-1.8596499999999991
-1.5844000000000007,-1.9846000000000026,-1.8241999999999985
-1.5422499999999997,-1.7808749999999984,-1.9436250000000008
-1.446900000000001,-1.5572000000000026,-2.0763499999999984
-1.2860749999999979,-1.347099999999998,-2.1583750000000004
-1.0886000000000002,-1.1790999999999991,-2.1851000000000003
-1.07455,-1.270425000000001,-2.1359249999999994
-1.07,-1.3379999999999994,-2.1010000000000004
-1.0469250000000025,-1.342725000000004,-2.099524999999998
-0.9556000000000006,-1.195200000000001,-2.1767999999999996
-0.8700999999999988,-1.111749999999999,-2.195825
-0.8029000000000002,-0.9873500000000011,-2.157250000000001
-0.760750000000001,-0.783625000000005,-2.0518750000000026
-0.6151000000000005,-0.78,-2.0362
-0.4636499999999973,-0.7328999999999986,-1.9475749999999974
-0.3375999999999999,-0.6732999999999999,-1.7839000000000005
-0.3937999999999988,-0.771649999999998,-1.5169500000000056
-0.45499999999999996,-0.795,-1.41
-0.4757000000000016,-0.7859500000000003,-1.3719000000000006
-0.39139999999999986,-0.7719,-1.3438
-0.5500999999999965,-0.7517750000000004,-1.0119500000000068
-0.7530000000000007,-0.7182999999999998,-0.6914999999999992
-0.9616249999999985,-0.6703749999999997,-0.4462500000000035
-1.0529500000000005,-0.6914500000000001,-0.235499999999999
-1.0065000000000022,-0.6415500000000014,-0.19592499999999888
-0.8996000000000004,-0.5900000000000012,-0.2251999999999987
-0.9557999999999992,-0.7656249999999978,-0.021475000000002645
-0.9069999999999993,-0.8362500000000003,-0.04875000000000085
-0.790850000000002,-0.7075750000000052,-0.16777499999999834
-0.6081999999999982,-0.23689999999999542,-0.31530000000000147
-0.6658999999999992,0.06299999999999725,-0.8233499999999947
-0.9411500000000055,-0.12165000000000792,-1.5019500000000092
-1.3808750000000027,-0.7927499999999981,-2.285624999999999
-1.02260000000001,-1.0315999999999934,-2.3909999999999973
-0.31917500000000587,-0.7306000000000041,-2.2176000000000022
0.41885000000000133,-0.1645999999999947,-1.9833500000000024
0.5101749999999996,0.20069999999999827,-2.1449249999999993
0.2990000000000072,0.09850000000000562,-2.49899999999999
0.0771750000000003,0.013124999999999443,-2.7196000000000002
-0.014150000000001627,0.18875000000000314,-2.607199999999998
0.1509499999999997,0.12110000000000014,-2.2055000000000007
-0.0911999999999864,-0.22599999999998743,-1.8452000000000064
-0.6612500000000001,-0.755,-1.5593750000000002
-0.4505000000000041,-0.5864000000000033,-1.4399500000000023
-0.23039999999999963,-0.113924999999999,-1.4187
-0.09059999999999774,0.30220000000000424,-1.4332000000000005
-0.2170500000000004,0.06334999999999923,-1.4050999999999998
-0.12500000000000228,-0.3882499999999919,-1.147000000000005
-0.09827499999999476,-0.7427249999999952,-0.8462250000000102
-0.24579999999999785,-0.8761999999999981,-0.5582000000000042
-0.27730000000000016,-0.716199999999999,-0.6250750000000005
-0.2630500000000006,-0.512950000000003,-0.7408499999999981
-0.22699999999999818,-0.31437499999999885,-0.862125000000002
-0.28319999999999934,-0.3494999999999996,-0.7989000000000007
-0.24582499999999924,-0.576700000000003,-0.563299999999997
-0.12565000000000226,-0.7376000000000023,-0.22690000000000404
0.10617499999999326,-0.5128000000000066,0.1805499999999881
0.4339999999999972,-0.22200000000000242,0.38999999999999857
0.48177499999999557,-0.083275000000001,0.4264749999999981
0.13465000000000493,-0.1734499999999879,0.2842999999999961
-0.6170249999999806,-2.0631749999999514,0.8884499999999843
-0.7988000000000011,-2.153000000000006,0.31180000000000685
-0.4626249999999852,-0.8889999999999736,-0.9486250000000069
0.457649999999997,0.7407999999999947,-1.3771499999999985
0.4930000000000063,1.138950000000001,-1.9609249999999854
-0.03219999999999823,0.8834000000000012,-2.2988000000000004
-1.0929750000000205,0.15982499999998595,-1.9756499999999937
-0.41,0.1925,-1.8775
0.4204249999999854,-0.18867499999998139,-1.7253750000000048
1.1225999999999994,-1.1106,-1.465999999999999
0.7151499999999908,-1.1246500000000004,-0.9039999999999873
0.9297500000000019,-0.7732999999999981,-0.7204500000000001
1.4058750000000002,-0.3374999999999977,-0.7503750000000008
1.3847999999999998,-0.4780000000000007,-0.7011999999999997
1.6946500000000104,-0.868050000000012,-0.5760749999999961
1.96,-1.2459499999999926,-0.43100000000000477
1.96,-1.463724999999997,-0.29050000000000187
1.96,-1.0834999999999966,-0.35150000000000065
1.8366250000000028,-0.7290000000000032,-0.3829500000000002
1.5775500000000129,-0.4678000000000008,-0.3793499999999963
1.163075000000004,-0.43970000000000026,-0.49877499999999886
0.8405999999999969,-0.5128000000000015,-0.5492000000000002
0.6397499999999996,-0.6912499999999971,-0.5388750000000008
0.6818999999999988,-1.0424999999999904,-0.4475500000000025
0.8545749999999986,-1.7285749999999953,-0.46404999999999974
0.7288999999999904,-2.45920000000001,-0.6250000000000051
0.07557500000000317,-3.133599999999997,-0.9762499999999983
-0.1727499999999944,-2.809000000000009,-1.7594999999999805
-0.027075000000001515,-2.1417000000000033,-2.13
0.409200000000003,-1.2711999999999923,-2.0787999999999918
0.5777999999999998,-0.8426750000000007,-1.6292000000000006
0.5960500000000011,-0.5887500000000037,-1.2475000000000074
0.573125,-0.36062500000000003,-0.7818749999999999
0.6222999999999991,0.011699999999992772,-0.0021000000000151314
0.5174249999999998,0.028524999999999922,0.6414000000000011
0.41050000000000125,-0.3008999999999873,1.1032499999999956
0.3402499999999998,-1.0174500000000024,1.3491250000000008
0.21400000000000205,-1.7689999999999877,1.4549999999999983
0.20025000000000034,-2.110125,1.6891750000000016
0.28939999999999716,-2.132650000000001,1.9616000000000007
0.4861000000000013,-2.0834749999999995,1.9053999999999995
0.7898999999999956,-2.177099999999998,1.614600000000005
1.0108749999999995,-2.141874999999996,1.2904999999999984
0.9476500000000007,-1.685250000000005,1.0938000000000023
0.581849999999996,-1.1112999999999942,1.0823500000000001
0.18719999999998838,-0.6843999999999929,1.2276000000000094
-0.18630000000000224,-0.4545999999999981,1.5301250000000035
-0.38299999999999046,-0.2860000000000082,1.8462499999999846
-0.5668749999999951,-0.2242749999999998,1.9870999999999992
-0.7424999999999988,-0.21960000000000038,1.9736000000000011
-0.9181249999999954,-0.16340000000000146,1.776900000000005
-1.0348999999999995,-0.08045000000000045,1.5160000000000013
-1.2567500000000076,0.0298750000000024,1.2088749999999941
-1.7204000000000172,0.1774000000000055,0.8505999999999866
-2.2033249999999893,0.24782499999999857,0.575850000000006
-2.553499999999991,0.28,0.3089000000000112
-2.7490500000000004,0.27667500000000106,0.043850000000004996
-2.735,0.2275,-0.195
-2.5218500000000064,0.21,-0.4338499999999954
-2.153749999999999,0.2363500000000002,-0.6665000000000003
-1.626874999999988,0.35577500000000273,-0.8772500000000049
-1.1671999999999985,0.5088000000000005,-1.0600000000000005
-0.958249999999997,0.5680000000000018,-1.214624999999998
-1.1408999999999934,0.455600000000004,-1.3340499999999957
-1.530474999999994,0.20970000000000366,-1.3800499999999993
-1.8236000000000012,0.08259999999999991,-1.481400000000001
-2.0268249999999965,0.07579999999999928,-1.6084000000000016
-2.2867500000000023,0.13200000000000045,-1.495999999999999
-2.508475000000006,0.08314999999999713,-1.4074749999999978
-2.6384000000000025,-0.06919999999999049,-1.3553999999999995
-2.554100000000001,-0.37829999999999697,-1.3764749999999997
-2.3469500000000068,-0.8219499999999863,-1.38
-2.1007500000000023,-1.1862499999999983,-1.325375000000001
-1.8337999999999965,-1.3970000000000027,-1.1918999999999982
-1.8577,-1.0883750000000019,-1.1276750000000004
-1.9371500000000017,-0.7366999999999945,-1.0762999999999994
-2.0419500000000004,-0.37587499999999124,-1.0360999999999991
-2.0559999999999996,-0.13000000000000594,-1.0080000000000007
-2.0198,0.005324999999999705,-0.9598000000000002
-1.9595000000000016,0.0843499999999989,-0.9056500000000012
-1.88925,0.13352499999999992,-0.8564750000000001
-1.8677999999999997,0.1583000000000004,-0.807299999999999
-1.82875,0.16375,-0.755
-1.7572999999999974,0.1493999999999994,-0.6983499999999984
-1.630850000000005,0.12130000000000109,-0.6210750000000029
-1.5590000000000006,0.12259999999999963,-0.59
-1.543474999999997,0.14122499999999974,-0.5728500000000036
-1.6207499999999986,0.14824999999999988,-0.4745000000000016
-2.0039750000000023,0.14472499999999996,-0.20734999999999842
-2.5876000000000206,0.11469999999999801,0.20320000000001526
-3.3744000000000054,0.0374249999999995,0.7933000000000038
-3.900850000000014,-0.166850000000006,1.4977000000000198
-3.647000000000035,-0.3306249999999966,1.9037499999999978
-2.5776000000000128,-0.4379999999999984,2.0007999999999937
-1.4817000000000338,-0.5784999999999957,2.5417249999999836
-0.3858000000000107,-0.8035499999999973,2.7711499999999996
0.6260250000000078,-1.0436000000000012,2.846875000000002
1.3214999999999943,-1.155999999999999,3.0224999999999986
1.7407250000000045,-1.0087249999999972,3.3417750000000046
1.96,-0.7425000000000165,3.5801999999999987
1.96,-0.3912500000000091,3.608299999999999
1.96,-0.18520000000000097,3.2866000000000017
1.96,0.0006249999999957401,2.9931250000000063
1.96,0.19704999999999873,2.744650000000001
1.96,0.5974750000000071,2.470674999999995
1.96,0.9085999999999996,2.3424
1.83579999999999,1.0806749999999978,2.249974999999996
1.3300000000000205,0.9612500000000048,2.046250000000008
0.81842500000001,0.5357500000000095,1.6808250000000076
0.3979999999999995,-0.034400000000001096,1.2803999999999993
0.117000000000005,-0.7228499999999878,0.8799750000000072
0.21275000000000033,-0.73315,0.6302499999999992
0.12437499999999402,-0.23012499999997793,0.4812499999999983
-0.09090000000000004,0.5699000000000004,0.37049999999999816
-0.09792499999999962,0.6471749999999958,-0.01587499999997874
-0.19404999999999545,0.5809000000000043,-0.233949999999995
-0.39269999999999533,0.4110000000000037,-0.3143250000000012
-0.7579999999999882,0.1300000000000091,-0.22300000000000295
-0.9485749999999982,-0.12689999999999715,-0.3304999999999984
-0.8813999999999964,-0.3401500000000016,-0.504550000000002
-0.5232250000000216,-0.5017250000000115,-0.7178249999999855
-0.8253000000000156,-0.6633000000000083,-0.5140999999999895
-0.9211250000000024,-0.6763750000000044,-0.3928750000000031
-0.7994999999999937,-0.6092000000000007,-0.3584000000000015
-0.3077500000000032,-0.6653999999999997,-0.4707999999999993
-0.07080000000000382,-0.7527999999999975,-0.44800000000000184
0.07227500000000475,-0.7732749999999947,-0.3532749999999948
0.20575000000000215,-0.6257499999999976,-0.2057499999999976
0.40824999999999934,-0.333900000000001,-0.2464749999999998
0.6519999999999937,-0.05450000000000557,-0.28989999999999955
0.9151250000000044,0.1806499999999994,-0.30090000000000827
0.809749999999998,0.1947000000000003,-0.10419999999999618
0.643125,0.169375,0.04000000000000001
0.43940000000000395,0.1341999999999996,0.1034000000000026
0.23567499999999142,0.15527500000000088,-0.030075000000005615
-0.0334500000000065,0.2690000000000032,-0.1254000000000019
-0.19277499999999975,0.3278249999999997,-0.22950000000000045
-0.11550000000000125,0.2365000000000015,-0.3699999999999977
-0.06432500000000176,0.23,-0.5953249999999917
-0.14294999999998878,0.1980500000000035,-0.5893000000000131
-0.32654999999999973,0.1210249999999985,-0.3746000000000004
-0.28440000000000054,-0.110799999999997,-0.4307999999999993
-0.2376250000000016,-0.2362499999999977,-0.45
-0.13564999999999205,-0.3675500000000096,-0.4648500000000019
0.1383249999999805,-0.6977249999999765,-0.5280749999999955
0.2583999999999992,-0.6517000000000013,-0.4488000000000011
0.32362499999999894,-0.5018750000000051,-0.36365000000000125
0.3587499999999983,-0.32625000000000853,-0.32150000000000206
0.22449999999999817,-0.08964999999999691,-0.4487250000000017
0.05740000000000124,0.12259999999999877,-0.5213999999999999
-0.12154999999999744,0.29164999999999963,-0.5136000000000058
-0.2199000000000035,0.30570000000000047,-0.288799999999992
-0.06962500000001684,0.08087500000002135,-0.1420000000000073
0.12379999999999995,-0.2017999999999995,-0.050500000000000114
0.1378499999999997,-0.3563499999999965,-0.015375000000000794
0.10430000000000178,-0.34430000000000177,-0.07544999999999674
