0.1647,-0.010300000000000004,-0.42869999999999997
-0.12,0.07,-0.29
-0.0835,0.22330000000000003,-0.3265
-0.02860000000000001,0.2156,-0.3446
0.023799999999999998,0.08870000000000003,-0.33099999999999996
0.0384,-0.10839999999999998,-0.258
0.033499999999999995,-0.24700000000000005,-0.22399999999999998
0.03,-0.3214,-0.22139999999999999
0.025599999999999984,-0.3345,-0.24330000000000002
-0.0035999999999999947,-0.298,-0.2652
0.007099999999999983,-0.25010000000000004,-0.2757
0.02,-0.19899999999999995,-0.28
0.020599999999999986,-0.14850000000000002,-0.27880000000000005
0.035199999999999995,-0.11200000000000002,-0.24960000000000002
0.05470000000000001,-0.06569999999999998,-0.20079999999999998
0.07220000000000001,-0.018999999999999972,-0.14899999999999997
0.0795,0.017499999999999964,-0.11250000000000003
0.0664,0.02,-0.0964
0.0559,0.03640000000000001,-0.0859
0.05139999999999999,0.06419999999999997,-0.07160000000000007
0.05869999999999999,0.08609999999999997,-0.027800000000000047
0.03000000000000002,0.10799999999999998,0.021999999999999974
0.01659999999999997,0.11670000000000001,0.03680000000000007
0.022800000000000153,0.11,0.010599999999999988
-0.0647999999999999,0.11,0.017899999999999992
-0.16279999999999994,0.11,0.00960000000000001
-0.255,0.125,-0.010000000000000002
-0.32800000000000007,0.16880000000000003,-0.03920000000000002
-0.3087,0.13449999999999995,-0.04710000000000001
-0.3,0.11559999999999998,-0.06320000000000003
-0.31530000000000014,0.10829999999999998,-0.06979999999999989
-0.3809999999999999,0.10100000000000002,-0.026000000000000086
-0.5285999999999997,0.0370000000000001,-0.02629999999999999
-0.7287999999999998,-0.06119999999999991,-0.06599999999999995
-0.9705999999999999,-0.18439999999999998,-0.13090000000000002
-1.2188,-0.3012000000000001,-0.13820000000000002
-1.4285000000000003,-0.37400000000000005,-0.14
-1.6115999999999995,-0.4072,-0.15119999999999992
-1.7711000000000001,-0.39859999999999984,-0.18030000000000004
-1.8513999999999997,-0.2964000000000002,-0.20219999999999994
-1.9317000000000002,-0.18479999999999963,-0.22410000000000008
-2.024,-0.06200000000000014,-0.25799999999999995
-2.1481,0.07669999999999993,-0.3237
-2.2194,0.13619999999999977,-0.4289999999999995
-2.2305,0.1522,-0.5268
-2.178400000000001,0.1304000000000002,-0.6012
-2.0469999999999997,0.07199999999999988,-0.6085
-1.8866000000000005,-0.0037999999999998174,-0.6042
-1.7279999999999995,-0.07790000000000022,-0.6062000000000001
-1.5776000000000003,-0.14199999999999996,-0.6224
-1.351299999999999,-0.17850000000000016,-0.6662000000000002
-1.005,-0.18,-0.7250000000000001
-0.499999999999996,-0.16309999999999988,-0.827500000000001
0.23000000000000087,-0.1412,-1.0100000000000002
0.6564000000000026,-0.3677000000000016,-1.0890000000000006
0.7669999999999997,-0.5288000000000002,-1.0569999999999997
0.7145000000000014,-0.6190000000000003,-0.998500000000001
0.8824000000000006,-0.6628000000000002,-1.1372000000000004
0.9771,-0.6517000000000001,-1.2881
0.9927999999999997,-0.7318000000000009,-1.3904000000000003
0.9371999999999999,-0.9352000000000001,-1.4258
0.9080000000000001,-1.197999999999999,-1.3820000000000003
0.9053,-1.370699999999999,-1.285200000000001
0.9152,-1.4496,-1.2229999999999999
0.9298,-1.4204,-1.2594999999999998
0.9947999999999999,-1.2544000000000002,-1.3248
1.2899999999999974,-1.1540000000000004,-1.3095000000000003
1.6146,-1.1604,-1.3212
1.5927000000000002,-1.364799999999999,-1.569399999999999
1.4875999999999998,-1.5436,-2.2848000000000006
1.6261000000000023,-2.074000000000005,-3.269400000000007
1.96,-2.751999999999999,-3.6439999999999912
1.96,-2.182600000000001,1.071799999999989
1.96,-0.7564000000000111,2.0804000000000005
1.7888999999999964,0.631200000000008,1.3371999999999853
1.3423999999999958,1.5121999999999958,-0.32020000000000154
0.335,0.49750000000000005,-0.6924999999999999
0.20119999999999863,-0.1427999999999981,-1.2135999999999973
0.4384000000000003,-0.23109999999999142,-1.6463
0.4676000000000002,0.5646000000000053,-1.6682000000000001
0.07469999999999899,0.09399999999999861,-1.6834
-0.3639999999999991,-0.5139999999999988,-1.8139999999999996
-0.6831999999999991,-1.0078999999999996,-2.0091
-0.4204000000000002,-0.8838000000000001,-2.0602
0.06069999999999731,-0.4293000000000027,-1.7868000000000017
0.3280000000000007,-0.07240000000000123,-1.4428000000000032
0.2615000000000001,0.05400000000000034,-1.1169999999999989
0.28340000000000004,0.1124000000000001,-0.9271999999999997
0.2950999999999999,-0.21679999999999383,-0.645600000000004
0.15600000000000308,-0.8427999999999938,-0.3412000000000019
-0.2819999999999993,-1.7333999999999987,-0.07110000000000041
-0.9370000000000025,-1.987000000000001,0.1360000000000008
-1.0379999999999974,-1.7531999999999948,0.15549999999999897
-0.7988000000000003,-1.1584000000000034,0.018800000000001094
-0.7476999999999999,-0.4210999999999994,-0.21480000000000019
-0.4485999999999979,-0.2169999999999993,-0.529000000000002
-0.1790000000000015,-0.32449999999999735,-0.6580000000000006
-0.01799999999999982,-0.6332,-0.5576000000000004
-0.09100000000000022,-0.6624000000000001,-0.35319999999999935
-0.1694000000000007,-0.5727999999999989,-0.15419999999999834
-0.152500000000001,-0.3874000000000015,-0.05969999999999956
0.03,-0.11,-0.14
0.0445999999999998,-0.007800000000001438,-0.4465999999999958
-0.1846000000000041,0.09900000000000118,-0.9924000000000075
-0.4789999999999998,0.15150000000000033,-1.7146999999999974
-0.5520000000000003,0.041999999999999746,-2.539600000000002
-0.04650000000000673,-0.4184999999999941,-2.545500000000001
0.2452000000000004,-0.6561999999999999,-2.252999999999994
0.2733,-0.6093000000000002,-1.8467
0.2952000000000001,-0.3391999999999988,-1.8248
0.22590000000000088,-0.19450000000000103,-2.070799999999997
-0.031000000000007577,0.008000000000005225,-2.1189999999999944
-0.48169999999999935,0.33660000000000023,-1.755199999999999
-0.036399999999996865,0.49720000000000114,-0.9083999999999941
0.37459999999999727,0.38340000000000174,-0.1890000000000046
0.5598000000000005,0.05820000000000081,0.2524000000000001
0.26049999999999884,-0.44550000000000195,0.19399999999999978
-0.26320000000000504,-0.6636000000000019,-0.1908000000000038
-0.4139000000000007,-0.4876000000000022,-0.3659
-0.22419999999999973,-0.051199999999999746,-0.353
0.11890000000000214,0.2554000000000019,-0.3164999999999998
0.02400000000000148,-0.09799999999999615,-0.12400000000000176
-0.05030000000000015,-0.6174999999999987,0.05939999999999969
0.004000000000001183,-1.1044000000000032,0.17220000000000157
-0.06900000000000062,-0.9145999999999984,0.07729999999999919
-0.1575999999999995,-0.42840000000000333,-0.24119999999999775
-0.2,0.010000000000000009,-0.59
-0.14160000000000084,0.12679999999999836,-0.8235999999999967
-0.23940000000000114,-0.20370000000000377,-0.9152000000000009
-0.42519999999999925,-0.6787999999999983,-1.0159999999999996
-0.6627000000000005,-1.2001000000000008,-1.1204000000000003
-0.8889999999999973,-1.5869999999999953,-1.2079999999999989
-0.9326000000000002,-1.5391999999999983,-1.1884999999999994
-0.8068000000000002,-1.0768000000000006,-1.08
-0.5303999999999984,-0.2915999999999974,-0.9650000000000017
-0.209200000000003,0.2631999999999948,-1.3299999999999965
-0.5315000000000083,0.2624999999999972,-1.3374999999999984
-0.9440000000000003,0.018399999999999417,-1.1999999999999997
-1.1510999999999953,-0.316099999999998,-1.0237000000000018
-0.5013999999999919,-0.031399999999996445,-1.2938000000000034
-0.3357999999999998,0.12169999999999988,-1.1832000000000005
-0.5480000000000019,0.037999999999997924,-0.8759999999999989
-1.0517000000000047,-0.4803000000000049,-0.6058999999999974
-0.8690000000000012,-1.2295999999999965,-1.0155999999999978
-0.6134999999999998,-1.4651999999999998,-1.1932
-0.425199999999998,-1.2052000000000052,-1.208799999999993
-0.5784999999999988,-0.811000000000003,-1.748999999999996
-0.6332000000000005,-1.008400000000006,-1.767199999999998
-0.5818000000000026,-1.1263000000000032,-1.9200999999999915
-0.4700000000000062,-0.9608000000000032,-2.3863999999999965
-1.1999999999999817,-1.3403999999999905,-1.9557000000000109
-1.13,-1.3599999999999999,-1.675
-0.7632999999999988,-1.3566000000000016,-1.716300000000003
-0.5516000000000019,-1.6631999999999973,-2.307599999999995
-1.0436999999999983,-1.8731999999999993,-2.1261000000000005
-1.375000000000004,-1.7583999999999924,-2.0510000000000006
-1.503500000000001,-1.4814999999999998,-2.132499999999997
-1.423199999999999,-1.4888000000000001,-2.3880000000000035
-1.4953999999999978,-1.5143999999999995,-2.4056000000000006
-1.7268000000000017,-1.727200000000002,-2.3321999999999994
-2.0784000000000007,-2.0791999999999966,-2.1849999999999965
-2.1659999999999995,-1.7580000000000011,-1.8200000000000014
-1.9355999999999993,-1.3254999999999992,-2.0592000000000006
-1.808800000000002,-1.2644000000000049,-2.3938000000000006
-2.086199999999998,-1.9505999999999952,-2.4886999999999997
-2.0828,-2.1328,-2.2812000000000006
-2.1384999999999987,-1.957000000000006,-2.2045
-2.1992000000000003,-1.6186000000000016,-2.2082
-2.1553999999999993,-1.4506999999999974,-2.2009
-2.1180000000000008,-1.4683999999999993,-2.2064
-2.025999999999999,-1.5159000000000002,-2.2692000000000005
-1.888999999999999,-1.56,-2.346999999999998
-1.8087000000000002,-1.56,-2.1791000000000005
-1.7619999999999998,-1.5319999999999998,-2.1568
-1.6849000000000016,-1.5186999999999997,-2.1468000000000007
-1.5458000000000038,-1.5370000000000028,-2.0896000000000003
-1.3925,-1.4275,-2.0749999999999997
-1.435999999999998,-1.255600000000003,-2.0747999999999998
-1.4937999999999982,-1.191900000000003,-2.0715999999999997
-1.3332000000000006,-1.476599999999999,-2.0424
-1.1592000000000031,-1.4732000000000005,-1.9395000000000018
-1.0239999999999991,-1.383999999999999,-1.8980000000000001
-0.9438999999999999,-1.2583000000000004,-1.934699999999999
-0.9658000000000003,-1.1925999999999988,-2.0734000000000026
-0.9286999999999997,-1.1032999999999995,-2.0528
-0.8712000000000006,-1.0276000000000005,-2.0263999999999998
-0.7999999999999978,-0.9810000000000002,-2.0374999999999996
-0.6539999999999998,-0.9956,-2.001
-0.553900000000001,-0.8674000000000024,-1.8982000000000017
-0.4951999999999998,-0.768800000000001,-1.8412000000000013
-0.4806,-0.8563999999999998,-1.9360999999999997
-0.34700000000000214,-0.8180000000000007,-1.7790000000000026
-0.20399999999999863,-0.6623999999999979,-1.645499999999999
-0.09159999999999996,-0.5007999999999996,-1.5408000000000004
-0.09890000000000015,-0.5957000000000019,-1.4531999999999983
-0.14340000000000033,-0.6037999999999999,-1.3717999999999995
-0.29249999999999804,-0.5790000000000003,-1.3090000000000004
-0.5352000000000023,-0.5231999999999974,-1.27
-0.6739000000000004,-0.36989999999999956,-1.27
-0.9907999999999958,-0.29220000000000057,-1.199800000000001
-1.2462000000000006,-0.2735000000000005,-1.1454000000000002
-1.29,-0.31,-1.16
-1.3995000000000026,-0.3538000000000011,-1.1746000000000003
-1.3342000000000047,-0.5631999999999915,-1.18
-1.111200000000001,-0.9134999999999985,-1.1059000000000008
-0.7315999999999917,-1.3880000000000103,-0.8211999999999938
-0.3454999999999969,-1.6350000000000016,-0.5949999999999983
-0.16759999999999992,-1.7627999999999997,-0.4558000000000004
-0.2206999999999945,-1.7197000000000109,-0.3538000000000062
-0.4908000000000013,-1.1867999999999976,-0.047199999999998576
-0.19660000000000427,-0.22070000000001017,-0.2706999999999965
0.15099999999999542,0.4649999999999974,-0.47200000000000103
0.32079999999999925,0.5537999999999993,-0.4185999999999996
-0.14640000000001235,0.15959999999998956,-0.14119999999999266
-0.07949999999999588,-0.03370000000000119,-0.0990000000000009
0.09720000000000026,-0.15719999999999967,-0.21599999999999964
-0.07799999999999727,-0.34699999999999703,-0.4349999999999966
-0.39600000000000307,-0.48240000000000127,-0.8376000000000039
-0.41700000000000104,-0.302200000000002,-1.265999999999998
-0.2050000000000034,0.12259999999999194,-1.631199999999999
-0.02249999999999886,0.5533000000000027,-1.6896000000000004
0.19000000000000683,0.46199999999999364,-1.7660000000000025
0.22420000000000417,0.07280000000001341,-1.8495999999999981
0.044599999999999786,-0.49180000000000007,-1.9438000000000004
-0.021099999999999286,-0.5136999999999998,-2.111699999999998
0.032800000000001425,-0.12479999999999225,-2.066399999999998
0.05250000000000002,0.3025,-1.93
-0.08619999999999806,0.48499999999999743,-1.784000000000002
-0.08289999999999992,0.2556999999999974,-1.5527999999999975
-0.04480000000000018,0.036800000000000666,-1.4072000000000002
-0.03739999999999724,-0.147199999999998,-1.300900000000003
-0.19800000000000126,-0.26400000000000096,-1.132999999999999
-0.19480000000000017,-0.3933999999999992,-0.9462000000000013
-0.1908000000000004,-0.45279999999999976,-0.8716000000000008
-0.21720000000000028,-0.4391,-0.9091
-0.27559999999999946,-0.4318000000000001,-0.9018
-0.2679999999999995,-0.4244999999999999,-0.7789999999999976
-0.27800000000000014,-0.4928000000000003,-0.6463999999999999
-0.34900000000000087,-0.6861999999999944,-0.5595000000000006
-0.2759999999999991,-1.1388000000000056,-0.5229999999999996
-0.26879999999999993,-1.2107000000000003,-0.4959
-0.21200000000000443,-0.8760000000000134,-0.48799999999999955
0.07270000000000267,-0.021899999999992037,-0.5172000000000003
0.17919999999999958,0.31079999999999874,-0.33520000000000094
0.1965999999999991,0.45560000000000056,-0.16199999999999704
0.20319999999999144,0.4452000000000069,-0.09399999999998926
0.46599999999999797,0.23350000000000165,-0.42249999999999743
0.23579999999999388,-0.33780000000001137,-0.6350000000000031
-0.12810000000000116,-0.9804000000000019,-0.8578000000000009
-0.504799999999995,-1.5528000000000015,-1.1543999999999932
-0.9574000000000065,-1.421399999999998,-1.7822000000000089
-0.67,-1.035,-1.9100000000000001
-0.04679999999998474,-0.4576999999999816,-1.7456999999999927
0.5663999999999828,0.2795999999999793,-1.4464000000000083
0.3516000000000008,0.8167999999999984,-1.3058000000000003
0.26520000000000093,1.3214000000000108,-1.2542000000000002
0.3615000000000023,1.5419999999999936,-1.2434999999999994
0.6607999999999981,0.724400000000005,-1.1632000000000005
0.9662000000000056,-0.7703000000000303,-0.5948999999999875
0.8239999999999968,-1.7930000000000015,-0.19239999999999952
0.2279000000000002,-1.973800000000011,-0.10489999999999954
0.20600000000000052,-0.7620000000000282,-0.1559999999999988
0.17349999999999993,0.15300000000000125,-0.29190000000000027
0.12919999999999845,0.5139999999999885,-0.4624000000000047
0.07080000000000156,0.0760000000000116,-0.6375999999999954
-0.04519999999999982,-0.2899999999999994,-0.8055999999999998
0.16649999999999354,-0.6054999999999955,-0.8744999999999998
0.6546000000000066,-0.928000000000004,-0.8908000000000004
1.3626999999999967,-1.3659999999999979,-0.9345999999999998
1.4564,-1.1640000000000055,-1.1063999999999965
1.3415999999999986,-0.6388999999999954,-1.3480000000000019
1.1850000000000103,0.013000000000000685,-1.559999999999991
1.513499999999993,0.03489999999999952,-1.2680000000000065
1.4947999999999997,-0.2736000000000013,-0.9031999999999988
1.3562000000000016,-0.6272999999999971,-0.6033000000000018
1.1957999999999978,-0.8948000000000025,-0.43499999999999744
1.042500000000006,-1.0699999999999932,-0.2525000000000071
1.0524000000000024,-1.0867999999999984,-0.1131999999999971
1.2061000000000033,-1.0568000000000006,-0.1224000000000035
1.5053999999999992,-1.1152,-0.443599999999999
1.0006999999999875,-1.7699000000000153,-0.9256000000000107
0.319999999999994,-2.3660000000000037,-1.4780000000000046
-0.2697000000000014,-2.6097000000000055,-1.9674
-0.04339999999999577,-1.653399999999982,-1.9527999999999996
0.4189000000000024,-0.7442999999999957,-1.5192999999999974
0.7899999999999983,-0.054400000000004,-0.9192000000000065
0.9644999999999985,0.3345000000000019,-0.23400000000001575
1.0302000000000002,0.25419999999999987,0.43760000000000104
1.0041000000000009,-0.07089999999999463,0.8694999999999959
0.9647999999999995,-0.5951999999999811,1.1595999999999944
0.9794000000000005,-1.3106000000000269,1.3713000000000077
0.8470000000000022,-1.9279999999999906,1.7089999999999947
0.8200999999999985,-2.1928999999999994,1.8714999999999988
0.9544000000000148,-2.158799999999992,1.8903999999999985
1.3851000000000087,-1.9251999999999951,1.8465999999999991
1.604999999999994,-1.6048000000000109,1.7036000000000053
1.608999999999994,-1.2584999999999888,1.5779999999999974
1.4047999999999945,-0.9391999999999998,1.4959999999999993
1.083599999999999,-0.9319000000000001,1.4594999999999998
0.6544000000000233,-0.9246000000000004,1.5795999999999912
0.25469999999999604,-0.8632999999999978,1.7062000000000006
-0.03,-0.71,1.75
-0.29279999999999634,-0.7464999999999995,1.5602000000000027
-0.6890000000000052,-0.6541999999999982,1.2829999999999964
-1.123599999999999,-0.446400000000001,0.958300000000001
-1.4447999999999945,-0.1252000000000055,0.6444000000000054
-1.7660000000000025,0.14400000000000207,0.2914999999999972
-1.9541999999999995,0.30039999999999967,-0.0319999999999982
-1.9858000000000031,0.35329999999999956,-0.33059999999999323
-1.825199999999993,0.375200000000001,-0.6664000000000146
-1.544900000000003,0.44269999999999926,-0.9280999999999978
-1.2310000000000074,0.5379999999999973,-1.159999999999995
-0.926999999999997,0.646999999999997,-1.373900000000004
-0.8539999999999981,0.5739999999999981,-1.4688000000000025
-1.158299999999987,0.37850000000000683,-1.5049
-1.5923999999999876,0.12960000000000946,-1.5517999999999943
-1.8990000000000071,-0.10400000000000545,-1.6905000000000032
-2.110400000000002,-0.08599999999999966,-1.6319999999999995
-2.3639999999999874,0.00789999999999394,-1.5057000000000074
-2.5943999999999994,0.12,-1.3545999999999985
-2.5652,0.12,-1.2742999999999995
-2.446000000000001,0.012000000000001024,-1.2300000000000002
-2.336999999999999,-0.16890000000000413,-1.1901999999999993
-2.2609999999999997,-0.40380000000000055,-1.1469999999999998
-2.1515000000000013,-0.5716999999999982,-1.1105000000000005
-2.1043999999999996,-0.5939999999999994,-1.0271999999999986
-2.0625,-0.5125,-0.9525
-1.982200000000001,-0.34460000000000235,-0.9306000000000003
-1.9303000000000015,-0.24770000000000267,-0.8803000000000014
-1.9583999999999997,-0.18360000000000012,-0.8556
-2.0369999999999986,-0.13810000000000086,-0.8398000000000008
-2.1099999999999977,-0.08700000000000159,-0.7960000000000014
-2.0821999999999985,-0.02959999999999809,-0.7773999999999995
-2.013200000000002,0.05759999999999764,-0.7484000000000008
-1.9147000000000043,0.16899999999999749,-0.7082000000000005
-1.7905999999999964,0.24200000000000216,-0.6935999999999996
-1.6444999999999976,0.24899999999999978,-0.6349999999999988
-1.530400000000002,0.1980000000000041,-0.5452000000000043
-1.4902000000000197,0.08799999999999615,-0.4228999999999862
-2.2348000000000092,-0.058000000000001814,0.09540000000000648
-2.965299999999999,-0.27449999999999963,0.7405999999999989
-3.618000000000011,-0.4960000000000031,1.4440000000000157
-4.085200000000004,-0.6274000000000013,2.1156000000000064
-3.265400000000004,-0.8445999999999989,2.4241999999999986
-1.9191000000000313,-0.9733999999999992,2.5266000000000006
-0.21359999999998847,-1.1312000000000046,2.4743999999999997
1.589499999999986,-1.8684999999999943,2.3795000000000006
1.96,-2.599999999999984,2.818199999999987
1.9165999999999996,-2.604599999999997,3.3112000000000013
1.8168000000000006,-1.6224000000000114,3.643200000000005
1.7584000000000015,-0.5712000000000261,3.154100000000012
1.85,-0.04999999999999999,2.635
1.96,0.12389999999999873,2.2630999999999997
1.96,0.07280000000000143,2.241200000000001
1.96,-0.13699999999999932,2.4055999999999993
1.880199999999997,-0.25940000000000113,2.3833999999999964
1.6875000000000124,-0.3209999999999968,2.209500000000006
1.2860000000000025,-0.42319999999999935,2.0124000000000013
0.8722999999999922,-0.33019999999999755,1.668899999999993
0.6398000000000008,-0.14780000000000826,1.252400000000016
0.6067000000000013,0.08959999999999807,0.8097000000000019
0.46799999999999786,0.29400000000000315,0.5979999999999968
0.20740000000001146,0.33940000000000053,0.3810000000000082
-0.10959999999999581,0.2520000000000028,0.19320000000000162
-0.4454000000000042,0.03299999999999727,0.06179999999999836
-0.6732000000000085,-0.128400000000006,-0.0768000000000052
-0.8634999999999974,-0.23499999999999885,-0.21099999999999797
-0.9827999999999997,-0.3332000000000016,-0.3712000000000023
-0.953599999999999,-0.5084000000000061,-0.6194000000000085
-0.898800000000001,-0.5939999999999986,-0.5732000000000017
-0.7552999999999986,-0.6633000000000004,-0.5337000000000001
-0.5209999999999911,-0.7250000000000011,-0.5289999999999975
-0.23630000000000623,-0.7614999999999992,-0.44870000000000176
-0.06919999999999961,-0.8988000000000005,-0.39639999999999986
0.01,-0.8607999999999902,-0.3264999999999969
0.016399999999994197,-0.5092000000000099,-0.22159999999999855
0.25,-0.115,-0.27999999999999997
0.31559999999999944,0.14480000000000476,-0.2231999999999971
0.2874000000000012,0.26320000000000165,-0.11060000000000288
0.24360000000000012,0.2048000000000002,-0.008400000000000319
0.09929999999999665,0.03249999999999602,0.10050000000000239
0.018000000000000682,-0.026000000000001362,0.13800000000000068
0.015599999999999448,0.05419999999999847,0.10180000000000063
0.10320000000000164,0.3024000000000046,-0.0004000000000019127
0.10819999999999937,0.30279999999999746,-0.008199999999999364
0.14799999999999897,0.19640000000000157,-0.038399999999999185
0.24200000000000726,0.05699999999998451,-0.1344999999999868
0.12519999999999526,0.30520000000001,-0.34620000000000856
-0.011999999999998179,0.33410000000000084,-0.29270000000000207
-0.061999999999998195,0.21559999999999718,-0.2088000000000011
0.08400000000000546,-0.010700000000008458,-0.29640000000000327
-0.08499999999999716,-0.2089999999999969,-0.3699999999999989
-0.09979999999999906,-0.25559999999999944,-0.26669999999999794
0.0024000000000035104,-0.24040000000000475,-0.05319999999999425
0.10459999999999808,-0.37909999999999744,0.11469999999999687
0.07039999999999963,-0.5054000000000007,0.09659999999999969
-0.012500000000003411,-0.5980000000000018,0.04199999999999818
-0.10760000000000047,-0.6476000000000005,-0.003600000000001269
-0.08569999999999993,-0.6256999999999999,0.05480000000000019
0.13060000000000796,-0.5335999999999967,-0.016400000000003273
