0.6528999999999998,0.3037,-0.9400999999999999
0.07,0.23,-0.25
-0.07069999999999999,0.2233,-0.055700000000000006
-0.09580000000000001,0.203,0.0366
-0.009000000000000022,0.16820000000000004,0.030099999999999995
0.05799999999999997,0.04760000000000006,0.0368
0.05850000000000003,-0.04849999999999996,0.04
-0.00039999999999999064,-0.12159999999999996,0.04059999999999998
-0.01379999999999999,-0.17519999999999997,0.06069999999999999
-0.012800000000000011,-0.2,0.055600000000000024
0.0,-0.1985,0.029699999999999997
0.0,-0.16500000000000004,0.023000000000000007
0.014800000000000039,-0.09819999999999984,0.02370000000000001
0.04,-0.006400000000000072,0.03
0.04,0.05389999999999992,0.03
0.04379999999999999,0.07620000000000002,0.03759999999999998
0.04900000000000002,0.06750000000000006,0.05199999999999996
0.03560000000000002,0.03400000000000006,0.07879999999999995
0.03779999999999997,0.02,0.1172999999999999
0.04699999999999998,0.020600000000000007,0.16
0.013499999999999979,0.027300000000000005,0.16
0.0279999999999999,0.03399999999999999,0.15600000000000003
0.05670000000000028,0.044899999999999884,0.15
-0.07060000000000004,0.09180000000000002,0.15
-0.14869999999999978,0.11819999999999993,0.13360000000000014
-0.19639999999999985,0.12360000000000014,0.10840000000000004
-0.25,0.07,0.095
-0.3245999999999998,0.020600000000000136,0.09
-0.40179999999999993,-0.019100000000000037,0.09
-0.41519999999999996,-0.01240000000000002,0.09
-0.4458,-0.040099999999999976,0.10289999999999999
-0.49599999999999966,-0.07400000000000012,0.12
-0.6032,-0.033800000000000024,0.12
-0.7015999999999997,0.006399999999999864,0.09800000000000011
-0.8019999999999999,0.043299999999999984,0.06560000000000002
-0.9359999999999995,0.06339999999999993,0.0388000000000001
-1.1284999999999998,0.06100000000000002,0.007500000000000038
-1.3676000000000006,0.04759999999999998,-0.027200000000000064
-1.6891999999999996,0.034200000000000015,-0.06739999999999995
-1.9970000000000006,0.02079999999999998,-0.15360000000000013
-2.2751,0.00870000000000001,-0.2711999999999998
-2.455999999999999,0.0020000000000000287,-0.4319999999999993
-2.51,0.05639999999999987,-0.5504999999999998
-2.4974000000000003,0.1479999999999994,-0.6369999999999999
-2.4371000000000005,0.28199999999999903,-0.6704999999999998
-2.324,0.32480000000000003,-0.68
-2.1780000000000004,0.30600000000000027,-0.68
-1.9904000000000008,0.19880000000000053,-0.68
-1.753800000000002,0.06710000000000108,-0.6408000000000005
-1.5008000000000012,-0.0543999999999997,-0.5920000000000002
-1.2529000000000006,-0.11469999999999986,-0.5585000000000001
-1.075,-0.095,-0.56
-0.9140999999999995,-0.03959999999999979,-0.5870000000000002
-0.733200000000001,0.04079999999999956,-0.6539999999999997
-0.44520000000000093,0.10589999999999981,-0.7872999999999996
-0.10920000000000413,0.11220000000000155,-0.9449999999999982
0.2660000000000008,-0.028500000000000296,-1.1125000000000003
0.6775999999999975,-0.23679999999999865,-1.2851999999999988
0.98,-0.4360999999999996,-1.4062
0.98,-0.5633999999999999,-1.3927999999999998
0.8315999999999997,-0.5635,-1.4112
0.6400000000000012,-0.5360000000000001,-1.434
0.4390000000000008,-0.5226000000000001,-1.4473999999999998
0.6591999999999996,-0.7035999999999997,-1.4931999999999999
0.9871000000000004,-0.9524000000000004,-1.5657
1.3287999999999975,-1.247199999999998,-1.679599999999999
1.2580000000000007,-1.3055,-1.6945
1.0686000000000004,-1.2506000000000004,-1.6702000000000001
0.8207000000000024,-1.0697000000000019,-1.6099000000000006
0.8415999999999995,-0.8384000000000018,-1.499200000000001
0.965899999999999,-0.613300000000001,-1.346400000000001
1.1869999999999996,-0.4190000000000004,-1.1320000000000006
1.2484999999999997,-0.27600000000000136,-0.9917000000000014
1.2243999999999997,-0.2020000000000001,-0.9004
1.0971000000000006,-0.23549999999999982,-0.8736000000000002
1.0162000000000002,-0.25739999999999996,-1.0033999999999996
0.8450000000000035,-0.31749999999999867,-1.1549999999999985
0.5099999999999991,-0.44480000000000036,-1.3024000000000004
1.2429000000000046,-1.144400000000004,-0.794899999999997
1.8241999999999996,-1.8253999999999986,-1.1631999999999945
1.9381,-2.3547,-3.052599999999999
0.8340000000000105,-2.200000000000002,-1.2520000000000189
0.4085999999999954,-0.42920000000002423,-0.6192999999999895
1.1991999999999974,3.617599999999986,-2.354599999999994
0.04390000000001537,3.3578000000000077,-2.119600000000005
-0.7120000000000006,1.9912000000000205,-1.9847999999999977
-0.6449999999999997,-0.32700000000000984,-2.259500000000001
0.1349999999999879,-1.1633999999999898,-1.6600000000000095
0.48820000000000036,-1.1466000000000014,-1.1698000000000004
0.20679999999999965,-0.16839999999999875,-0.9151999999999997
0.2340999999999997,0.853899999999993,-1.303199999999997
0.12500000000000128,1.312000000000001,-1.447000000000001
-0.1764999999999995,1.0708000000000004,-1.2393000000000003
-0.6507999999999954,-0.6103999999999828,-0.8524000000000038
-0.8603999999999996,-1.9282000000000028,-0.5655999999999994
-0.7532000000000016,-2.7455999999999876,-0.4048000000000025
-0.18449999999999506,-1.61949999999999,-0.7900000000000034
-0.07519999999999583,-0.26400000000001556,-1.2015999999999956
-0.4838999999999969,1.2769999999999884,-1.6236999999999966
-0.25240000000000123,1.2406000000000004,-1.016200000000003
-0.1695999999999998,0.7513000000000023,-0.5581000000000007
-0.25,-0.18,-0.27
-0.47780000000000056,-0.9907000000000019,-0.12259999999999964
-0.44379999999999853,-1.3117999999999992,-0.09080000000000042
-0.15620000000000347,-1.1498000000000093,-0.17129999999999884
0.0983999999999972,-0.46640000000000753,-0.258399999999999
0.20950000000000019,0.16099999999999515,-0.29650000000000004
0.18260000000000148,0.7116000000000016,-0.2898
-0.06529999999999915,0.4302000000000009,-0.2831
-0.13320000000000193,0.01920000000001154,-0.3195999999999984
-0.03919999999999957,-0.4742999999999998,-0.3972000000000003
0.202000000000001,-0.3469999999999994,-0.5580000000000007
0.16940000000000366,-0.012500000000007228,-0.863099999999994
-0.10759999999999259,0.4631999999999994,-1.2723999999999975
-0.7373999999999942,0.5167999999999995,-1.4800999999999982
-0.5426000000000056,0.5513999999999999,-1.7713999999999976
0.236999999999999,0.5824999999999992,-2.0980000000000003
0.46479999999999966,0.7499999999999997,-2.0712
0.03740000000001831,0.4573000000000127,-1.9937000000000022
-0.7301999999999982,-0.11660000000000025,-1.8984000000000003
-0.1740999999999967,-0.19030000000000044,-1.9922000000000004
-0.029999999999998278,-0.17200000000000104,-1.8900000000000028
-0.18849999999999623,-0.09650000000000035,-1.6142000000000065
-0.5569999999999972,-0.06300000000000026,-0.9844000000000048
-0.43350000000000216,0.16319999999999818,-0.49400000000000205
0.005999999999998784,0.4787999999999998,-0.14799999999999985
0.4749999999999901,0.5524999999999984,-0.21499999999999858
0.30559999999999865,0.34479999999999905,-0.2694000000000001
-0.24200000000000277,-0.0385000000000022,-0.3154000000000002
-0.7779999999999927,-0.4739999999999941,-0.35559999999999947
-1.0172999999999992,-0.8793999999999957,-0.5032999999999977
-1.0919999999999994,-1.265999999999997,-0.6839999999999998
-1.1723999999999994,-1.6411999999999978,-0.7107999999999999
-0.9756000000000011,-1.4752000000000016,-0.4692000000000013
-0.5866000000000005,-0.9317000000000009,-0.17749999999999988
0.04319999999998772,0.09339999999998,-0.34499999999999675
-0.060500000000002,0.6010000000000011,-0.6475000000000015
-0.5779999999999887,0.7788000000000026,-0.9931999999999965
-1.348499999999991,0.6046000000000021,-1.2343999999999973
-1.442800000000002,0.47640000000000104,-1.2180000000000013
-1.2388000000000012,0.4029999999999996,-1.081400000000001
-1.0780000000000007,0.4699999999999997,-0.9340000000000006
-1.0863999999999998,0.052900000000001,-1.0215999999999996
-1.096800000000005,-0.5799999999999863,-1.1448000000000025
-0.8421999999999992,-1.2500000000000022,-1.0241999999999996
-0.5827999999999984,-1.4304,-1.119600000000001
-0.3350000000000026,-1.3045000000000067,-1.2360000000000013
-0.13400000000000206,-0.7886000000000053,-1.1288000000000011
-0.18779999999999886,-0.5324000000000012,-1.496899999999996
-0.38799999999999807,-0.5091999999999979,-1.8892000000000004
-0.7564999999999991,-0.924599999999999,-1.8021000000000003
-0.9349999999999976,-0.9250000000000029,-1.8249999999999988
-0.9723999999999995,-0.8523000000000003,-1.9227000000000007
-0.784799999999999,-0.9796000000000007,-2.130400000000001
-1.066399999999994,-0.9284000000000014,-2.0321000000000025
-1.354799999999999,-0.9184000000000025,-1.8539999999999985
-1.2610000000000008,-1.1729999999999978,-1.720000000000001
-1.0060000000000018,-1.479599999999998,-2.1163999999999965
-0.8773999999999924,-1.6112000000000086,-2.4796000000000022
-1.1855999999999998,-1.2628000000000001,-2.3724000000000003
-1.4354999999999956,-0.8561000000000083,-2.2016000000000036
-1.5920000000000005,-0.7379999999999899,-2.0280000000000022
-1.5652,-1.334300000000004,-1.887299999999999
-1.7111999999999978,-1.6173999999999975,-1.9841999999999982
-1.7917000000000047,-1.7348000000000023,-2.0627000000000026
-1.637600000000001,-1.6544000000000005,-1.9756000000000005
-1.774999999999999,-1.3265000000000016,-2.278999999999998
-1.9275999999999986,-1.0524000000000013,-2.471800000000005
-1.9812,-0.9987999999999999,-2.2641
-2.1019999999999976,-1.3483999999999923,-2.134800000000002
-2.1969,-1.6093000000000008,-2.0301000000000013
-2.2170000000000005,-1.5489999999999995,-1.9429999999999992
-2.0889000000000015,-1.289200000000003,-2.0667999999999984
-2.0043999999999986,-1.1719999999999942,-2.1100000000000048
-2.0445999999999995,-1.3729999999999989,-1.9425000000000008
-1.992,-1.4579999999999997,-1.8678000000000001
-1.967499999999999,-1.4700000000000017,-1.8100000000000012
-2.0144,-1.3895999999999997,-1.7564
-1.9492000000000012,-1.2266000000000028,-1.9977999999999954
-1.8870000000000005,-1.0550000000000024,-2.203799999999999
-1.8534999999999997,-0.8874999999999983,-2.2909000000000006
-1.85,-0.9239999999999995,-2.282
-1.8338000000000012,-0.9842999999999984,-2.2727
-1.7936,-1.0445999999999998,-2.2794
-1.7595,-1.0256,-2.097
-1.656000000000004,-1.0463999999999982,-1.999599999999999
-1.4550000000000034,-1.1334999999999984,-2.046499999999999
-1.2663999999999986,-1.1089999999999998,-2.0438
-1.1628999999999998,-1.0986999999999998,-2.013900000000001
-1.1695999999999998,-1.1187999999999996,-1.9536000000000018
-1.0818000000000005,-1.0066000000000008,-1.9877999999999996
-0.9879999999999984,-0.915999999999999,-2.067000000000002
-0.8942000000000041,-0.8624000000000024,-2.1942999999999944
-0.8708000000000004,-0.764000000000002,-2.116800000000002
-0.8351999999999998,-0.6200999999999993,-2.0606999999999998
-0.7816000000000008,-0.42580000000000295,-2.0406000000000004
-0.6304999999999987,-0.44600000000000023,-2.0725000000000002
-0.5212000000000007,-0.4376000000000005,-1.9652000000000025
-0.46090000000000175,-0.3907000000000014,-1.7039000000000075
-0.5325999999999996,-0.4427999999999997,-1.5284000000000009
-0.6491999999999962,-0.48319999999999935,-1.3377000000000048
-0.81,-0.51,-1.13
-0.6961000000000022,-0.6975999999999966,-1.009400000000002
-0.7046000000000007,-0.7729999999999998,-0.8071999999999986
-0.8337999999999965,-0.7388000000000011,-0.5293000000000007
-1.0884000000000025,-0.6583999999999992,-0.48239999999999955
-1.1610000000000007,-0.4660000000000025,-0.34800000000000186
-1.0660000000000036,-0.17720000000000255,-0.14819999999999256
-0.9320000000000005,-0.08340000000000031,-0.4228999999999991
-0.9563999999999965,-0.259599999999991,-0.6111999999999975
-1.1034,-0.6686000000000007,-0.7136999999999998
-0.9560000000000025,-1.083999999999993,-0.5730000000000024
-0.723499999999998,-1.3736000000000013,-0.4618999999999994
-0.4280000000000024,-1.525200000000005,-0.3883999999999983
-0.22700000000000614,-1.1098000000000128,-0.5290999999999957
-0.36039999999999733,-0.7172000000000025,-0.7381999999999982
-0.7190000000000003,-0.3420000000000096,-1.0129999999999888
-0.7056000000000006,0.03319999999998344,-1.4551999999999805
-0.5986000000000036,0.6345999999999844,-1.8856999999999913
-0.42439999999999944,1.3510000000000009,-2.2796000000000003
-0.25020000000000264,1.5854999999999964,-2.3867999999999987
-0.06399999999999835,1.051999999999991,-2.365999999999999
0.0876000000000022,0.027400000000008085,-2.2525000000000017
-0.1267999999999938,-0.7631999999999772,-2.085000000000005
-0.27149999999999946,-1.0618,-2.0364
-0.3568000000000006,-0.9436000000000213,-2.015200000000009
-0.3300000000000011,-0.052500000000037794,-1.640000000000016
-0.12680000000000574,0.9855999999999789,-1.227000000000008
0.16430000000000092,1.9491999999999996,-0.8220999999999989
0.3451999999999975,1.8688000000000011,-0.6144000000000028
0.1906999999999965,0.9412999999999856,-0.49269999999999925
-0.135999999999998,-0.3479999999999944,-0.4509999999999988
-0.3771999999999935,-1.0045999999999822,-0.5916999999999962
-0.3412000000000006,-1.0848000000000009,-0.6312000000000001
-0.1965999999999991,-0.8307000000000093,-0.6221999999999998
-0.23679999999999837,-0.40860000000001717,-0.6355999999999995
-0.290499999999999,-0.022500000000006237,-0.680499999999999
-0.33759999999999996,0.25719999999999915,-0.7456000000000006
-0.32420000000000015,0.12990000000000151,-0.832699999999999
-0.260199999999999,-0.05260000000000248,-0.6667999999999966
-0.1990999999999997,-0.2342999999999995,-0.3971000000000015
-0.2459999999999988,-0.30799999999999816,-0.17600000000000565
-0.21300000000000296,-0.64959999999998,-0.08650000000000148
-0.15860000000000013,-0.9806000000000029,-0.055800000000000405
-0.15189999999999998,-0.8398999999999995,-0.03569999999999993
-0.07320000000000164,-0.4640000000000072,-0.10679999999999837
-0.04850000000000221,-0.03399999999999753,-0.19
-0.30979999999999736,0.26079999999999703,-0.19
-0.33100000000000196,0.30080000000000157,-0.40069999999999173
-0.2624000000000004,0.1960000000000014,-0.6967999999999983
-0.18870000000000176,-0.07199999999999364,-1.0183999999999924
-0.18999999999999886,-0.5399999999999772,-1.1199999999999988
-0.10460000000000774,-0.8482000000000067,-1.1349000000000002
0.3108000000000021,-0.48639999999999817,-1.1148
0.38450000000000045,0.5332999999999832,-0.6561000000000081
0.4050000000000017,1.5470000000000044,-0.3082000000000033
0.5724999999999986,1.9824999999999964,-0.6364999999999972
1.1403999999999814,1.0972000000000344,-0.45000000000000906
1.6907999999999992,-0.20709999999999518,-0.15490000000000065
1.9051999999999951,-1.607399999999969,0.039399999999995716
1.8281000000000063,-2.0483999999999924,0.33439999999998693
1.7100000000000006,-2.1400000000000023,0.4280000000000076
1.6764999999999997,-2.005999999999999,-0.014200000000003002
1.8211999999999977,-2.0825999999999985,-0.9099999999999882
1.95,-2.2078000000000015,-1.6693000000000027
1.95,-2.3283999999999994,-1.8903999999999985
1.5210000000000132,-1.8385000000000158,-1.8585000000000023
1.1326,-1.3496000000000004,-1.7164000000000004
1.0187000000000024,-1.1352000000000044,-1.461800000000005
0.9720000000000013,-1.4079999999999857,-1.0056000000000194
0.7775000000000076,-2.001899999999984,-0.6845999999999999
0.27499999999999575,-3.027000000000009,-0.6980000000000001
0.18860000000000013,-3.1230000000000007,-1.1388999999999947
0.46079999999997734,-2.734400000000028,-1.3524000000000094
1.2446999999999961,-1.769600000000005,-1.0241000000000016
1.5239999999999951,-0.9556000000000188,-0.4348000000000149
1.465000000000021,-0.37500000000000966,0.21249999999997127
0.9692000000000093,-0.14720000000000424,0.8891999999999873
0.8274000000000035,-0.5329999999999825,1.2649999999999875
0.7751999999999999,-1.0903999999999905,1.558399999999997
0.7886000000000002,-1.7872000000000072,1.7862000000000025
0.8319999999999996,-2.6519999999999926,1.8519999999999996
0.8438000000000011,-3.1907999999999994,1.8152000000000044
0.8036000000000002,-3.2176,1.6544000000000005
0.9585999999999962,-2.683200000000013,1.4143000000000054
1.071199999999999,-2.093600000000024,1.2028000000000065
1.0979999999999996,-1.50400000000001,1.0420000000000027
1.0379999999999996,-0.9949999999999966,1.1478000000000008
0.8057000000000053,-0.6027000000000029,1.2402999999999995
0.3567999999999947,-0.35479999999999706,1.2872000000000006
-0.15509999999999652,-0.39039999999999964,1.2522000000000002
-0.6829999999999862,-0.4739999999999969,1.179000000000003
-1.2256999999999991,-0.5945999999999998,1.0651000000000002
-1.5507999999999935,-0.5296000000000015,0.7528000000000066
-1.8687999999999874,-0.32260000000001415,0.47150000000000913
-2.1903999999999955,0.039199999999994475,0.2370000000000036
-2.655000000000004,0.3425000000000026,0.11299999999999898
-3.0087999999999977,0.5479999999999989,0.0787999999999994
-3.2366000000000033,0.6485000000000014,0.13910000000000083
-3.0948000000000007,0.6104000000000002,0.02120000000000062
-2.940800000000004,0.5768000000000006,-0.1191999999999962
-2.7800000000000065,0.5500000000000012,-0.2799999999999932
-2.337800000000027,0.55,-0.40059999999999263
-1.8649999999999975,0.49899999999999956,-0.558600000000001
-1.369000000000001,0.3955000000000041,-0.7524999999999977
-1.3019999999999994,0.09399999999999693,-0.9200000000000017
-1.399499999999998,-0.2074999999999974,-1.0244999999999995
-1.653999999999987,-0.4996000000000004,-1.0692000000000008
-2.1229999999999785,-0.4862000000000006,-1.0424000000000013
-2.5128000000000066,-0.3539999999999952,-0.9543999999999971
-2.8109999999999995,-0.12249999999999972,-0.8142999999999998
-2.6100000000000034,0.04499999999999715,-0.6870000000000022
-2.3461000000000114,0.197699999999995,-0.63
-2.0472000000000006,0.3311999999999998,-0.63
-2.0003000000000015,0.3512999999999994,-0.63
-2.052199999999994,0.2840000000000066,-0.6034000000000024
-2.1684999999999994,0.15499999999999886,-0.5620000000000005
-2.1484,0.0880000000000001,-0.5888
-2.104900000000001,0.1262999999999977,-0.5766000000000008
-2.0494,0.24619999999999292,-0.5352000000000021
-2.0427000000000004,0.42709999999998954,-0.48160000000000314
-2.0639999999999987,0.551999999999997,-0.4440000000000009
-2.1028,0.63,-0.42349999999999965
-2.1296000000000004,0.63,-0.4570000000000004
-2.1318,0.5931000000000003,-0.47
-2.1128000000000013,0.5344000000000011,-0.46360000000000123
-2.0525000000000024,0.487500000000002,-0.41000000000000225
-2.0132000000000017,0.4532000000000016,-0.36900000000000205
-1.9800999999999995,0.42099999999999965,-0.33729999999999993
-1.906400000000001,0.3540000000000009,-0.31720000000000026
-1.8240999999999992,0.2912999999999994,-0.3229000000000002
-1.753,0.2380000000000001,-0.3390000000000001
-1.7730999999999995,0.22460000000000035,-0.3323000000000002
-1.749200000000002,0.17600000000000307,-0.30360000000000187
-1.694599999999998,0.1078999999999985,-0.2711000000000002
-1.6007999999999998,0.034199999999999876,-0.27780000000000005
-1.9119999999999915,-0.11149999999999693,-0.14050000000000357
-2.6083999999999445,-0.32359999999998734,0.22079999999996214
-4.162799999999982,-0.6786999999999959,1.2860999999999874
-4.392400000000012,-0.8451999999999976,1.688999999999997
-3.952200000000005,-0.8645000000000016,1.7816999999999996
-3.2419999999999876,-0.6299999999999961,1.8420000000000012
-2.602300000000001,-0.7714999999999995,2.160799999999999
-1.7854000000000325,-1.1709999999999843,2.435600000000006
-0.1841000000000625,-1.94149999999997,2.127400000000012
0.841199999999954,-2.78399999999995,2.183999999999988
1.46,-3.4570000000000003,2.438999999999985
1.46,-3.4436,2.8811999999999953
1.7001000000000044,-2.9401999999999906,3.1862000000000035
1.8684000000000016,-2.2104000000000044,3.316000000000001
1.5267000000000082,-1.3327000000000209,3.0480000000000063
1.4449999999999996,-0.7800000000000189,2.575000000000023
1.5094999999999856,-0.3973000000000127,2.1394000000000073
1.7440000000000013,-0.18959999999999896,2.0187999999999993
1.8764999999999987,-0.1909999999999991,2.040999999999999
1.9428000000000007,-0.34439999999998744,2.014400000000009
1.9160000000000001,-0.7329999999999967,1.7330000000000023
1.7956000000000039,-0.8667999999999983,1.4308000000000083
1.676700000000002,-0.8701000000000064,1.1435000000000106
1.629799999999999,-0.729399999999997,0.9089999999999953
1.4874999999999998,-0.6310999999999998,0.7645999999999998
1.2220000000000084,-0.5400000000000017,0.6500000000000017
0.7262000000000177,-0.43950000000000355,0.5495000000000037
0.25740000000002505,-0.38760000000000217,0.4490000000000055
-0.23639999999998274,-0.41459999999999464,0.3485000000000031
-0.7991999999999961,-0.5887999999999988,0.2480000000000007
-0.6634999999999951,-0.8675000000000052,0.19699999999999934
-0.4128000000000003,-1.1007999999999998,0.11500000000000028
-0.23860000000000353,-1.194599999999998,-0.05249999999999659
-0.3947999999999914,-1.3555999999999933,-0.1079999999999987
-0.6457999999999822,-1.2952000000000292,-0.14149999999999807
-0.9539999999999895,-0.7860000000000172,-0.17499999999999885
-0.7264000000000033,-0.45350000000000307,-0.350999999999998
-0.5416000000000009,-0.1375999999999954,-0.45839999999999914
-0.6018999999999997,0.20409999999999826,-0.39810000000000034
-0.5346000000000021,0.27319999999999933,-0.2914000000000027
-0.45750000000000257,0.22750000000000709,-0.2000000000000023
-0.3972000000000037,0.060000000000010226,-0.14640000000000328
-0.3132999999999996,-0.15470000000000111,0.20810000000000198
-0.24960000000000038,-0.23540000000000189,0.3538000000000034
-0.22280000000000086,-0.09470000000000453,0.10590000000000799
-0.0400000000000017,-0.16999999999999915,0.08599999999999994
0.017900000000004163,-0.23,0.09539999999999964
-0.1361999999999864,-0.23,0.10879999999999881
0.10620000000000573,0.27020000000001115,-0.17060000000000627
0.023600000000024046,0.4472000000000139,-0.1624000000000182
-0.56599999999999,0.1055000000000058,0.28649999999999237
-0.3557999999999981,-0.12460000000000149,0.1401999999999987
-0.13330000000000838,-0.281899999999996,-0.07439999999998692
0.02079999999999529,-0.35559999999999775,-0.31559999999999266
0.40799999999999725,-0.13320000000000162,-0.4307999999999993
0.5669999999999976,0.1560000000000059,-0.3549999999999949
0.4263000000000062,0.5043999999999846,-0.0535000000000133
0.07440000000000738,0.2064000000000067,0.10719999999999687
-0.20060000000000058,-0.03200000000000047,0.19620000000000004
-0.37479999999999,-0.1659999999999923,0.20959999999999923
-0.2889999999999952,-0.2935000000000065,0.2230000000000007
-0.1568000000000018,-0.5743999999999954,0.2843999999999989
0.017400000000002365,-1.023300000000006,0.39830000000000154
0.1321999999999946,-1.0497999999999992,0.0766000000000156
