-0.8361500000000001,-0.05835000000000001,-1.05145
0.37,0.09,-0.4
-0.1976,0.30285,-9.999999999998899e-05
-0.32439999999999997,0.49829999999999997,0.1649
0.08840000000000031,0.6724500000000001,0.0423499999999999
0.1648,0.42319999999999997,-0.06280000000000001
0.1337500000000001,0.1715000000000001,-0.06925000000000009
-0.027500000000000246,0.003799999999999741,0.10490000000000027
-0.008499999999999945,-0.05060000000000003,0.15030000000000002
0.030399999999999986,-0.07160000000000001,0.1472
-0.008300000000000037,-0.07805000000000001,0.09559999999999995
-0.06050000000000002,-0.08,0.05299999999999999
-0.11189999999999997,-0.07620000000000005,0.02094999999999999
-0.12480000000000005,-0.050399999999999924,0.027400000000000018
-0.13385000000000002,-0.005349999999999855,0.04925000000000008
-0.14300000000000013,0.05210000000000008,0.0797
-0.20750000000000007,0.09725000000000004,0.07325
-0.2816,0.13920000000000002,0.060399999999999995
-0.3654500000000002,0.17790000000000009,0.041049999999999955
-0.4981000000000002,0.18,0.052200000000000024
-0.6182500000000001,0.17745,0.057449999999999994
-0.7150000000000001,0.171,0.051
-0.8008500000000002,0.11549999999999984,0.03909999999999997
-0.8960999999999999,0.05670000000000004,0.026200000000000008
-1.0186500000000003,0.011549999999999942,0.013299999999999982
-1.150800000000001,-0.019200000000000158,-0.0140000000000002
-1.2875,-0.045,-0.045
-1.4294000000000007,-0.07080000000000013,-0.07080000000000013
-1.5505499999999999,-0.06755000000000003,-0.09659999999999996
-1.6572000000000002,-0.04579999999999984,-0.12240000000000009
-1.7346000000000001,-0.0006499999999998729,-0.14820000000000008
-1.7910000000000001,0.04800000000000012,-0.1880000000000001
-1.8297,0.09960000000000009,-0.23960000000000006
-1.8684,0.11280000000000001,-0.26560000000000006
-1.9014,0.11714999999999999,-0.29995000000000005
-1.9272,0.11069999999999997,-0.3451000000000002
-1.9012499999999999,0.10425000000000001,-0.4189999999999999
-1.8491999999999995,0.08899999999999988,-0.47880000000000006
-1.7589000000000001,0.05675000000000008,-0.5045999999999999
-1.6481999999999997,0.014299999999999893,-0.5457000000000001
-1.5274499999999998,-0.02775000000000006,-0.5939500000000001
-1.392,-0.06000000000000004,-0.6520000000000001
-1.20315,-0.08335000000000001,-0.6967
-0.9506999999999974,-0.10270000000000011,-0.7462000000000006
-0.45404999999999773,-0.12205000000000009,-0.8623000000000005
0.0007999999999993568,-0.2439999999999997,-0.9289999999999999
0.4172500000000006,-0.4385000000000007,-0.9562499999999996
0.6043000000000005,-0.6578000000000006,-0.8594999999999998
0.6936999999999999,-0.8361500000000011,-0.7532999999999992
0.6808,-0.9716000000000009,-0.6371999999999992
0.7163000000000003,-1.0284000000000004,-0.6723500000000002
0.76,-1.0275,-0.75
0.8116000000000002,-0.9436499999999997,-0.8790000000000007
0.8578000000000005,-0.7193999999999976,-0.981000000000001
0.8770499999999999,-0.4863499999999994,-1.0574000000000001
0.8319000000000001,-0.2993000000000005,-1.0832
0.6964999999999997,-0.5160000000000009,-1.1422500000000002
0.5708000000000004,-0.9288000000000045,-1.1663999999999988
0.6288500000000001,-1.5673500000000007,-0.9857999999999999
0.7115000000000006,-1.9230000000000012,-0.6903999999999979
0.8143,-2.0791000000000004,-0.36055
0.9820000000000008,-1.833999999999999,-0.36700000000000005
1.0910499999999999,-1.4854000000000007,-0.4941999999999996
1.1491,-1.0467999999999986,-0.7264000000000007
1.416700000000002,-0.8240999999999983,-0.9205000000000015
1.6792000000000005,-0.7224,-1.2960000000000012
1.9307500000000017,-0.7740000000000004,-1.908750000000004
1.96,-1.7376000000000005,-2.7267
1.96,-2.769600000000005,-2.0752499999999814
1.96,-3.6984000000000092,1.5690000000000368
1.96,-2.6172999999999935,2.0317499999999984
1.843000000000001,-0.8710000000000044,1.2210000000000043
1.3398999999999985,1.2317000000000056,-0.8817000000000057
0.2955999999999902,1.6843999999999975,-0.9295999999999933
-0.8053499999999977,1.4618500000000048,-0.30660000000001575
-0.618300000000001,1.8552999999999982,-1.570799999999994
-0.31875000000000003,1.5325,-1.6350000000000002
0.04779999999999966,0.6623999999999906,-0.8571999999999995
-0.023150000000000684,-1.195200000000018,-0.7668999999999991
-0.18710000000000093,-2.463800000000002,-0.7324
-0.45155000000000217,-3.095900000000005,-0.7582000000000002
-0.47,-2.0119999999999973,-1.0420000000000007
-0.3989499999999987,-0.8728999999999929,-1.345150000000002
-0.2118999999999998,0.14620000000000088,-1.6483000000000003
-0.11045000000000045,0.5500499999999986,-1.6786
-0.06440000000000055,0.6077999999999946,-1.4979999999999938
-0.11600000000000023,0.09824999999999776,-0.9174999999999974
-0.07829999999999934,-0.5617000000000066,-0.26179999999999376
-0.046450000000000435,-1.1856500000000005,0.3391000000000007
-0.19479999999999953,-1.3855999999999993,0.5583999999999993
-0.3026500000000011,-1.2291499999999953,0.4577499999999963
-0.37199999999999933,-0.8509999999999966,0.15499999999999692
-0.2687999999999988,-0.34789999999999427,-0.2965000000000052
-0.16559999999999947,-0.028399999999999176,-0.7106000000000021
-0.06240000000000009,0.12639999999999987,-1.0911499999999998
-0.19860000000000214,-0.17240000000000463,-0.9487999999999976
-0.27725000000000005,-0.5479999999999989,-0.7912500000000003
-0.27079999999999993,-1.0124000000000064,-0.6299999999999978
-0.07789999999999836,-1.1547500000000008,-0.4574499999999987
0.05739999999999953,-1.1128999999999958,-0.4114000000000027
0.018699999999999762,-0.7839499999999979,-0.6307000000000014
-0.08,-0.36,-0.95
-0.17,0.013200000000001627,-1.2359500000000012
-0.17,0.116400000000001,-1.3069000000000008
-0.14389999999999986,0.07169999999999958,-1.29955
-0.12040000000000162,-0.08200000000000818,-1.2551999999999992
-0.2042500000000011,-0.5012500000000055,-1.2164999999999995
-0.1511999999999989,-0.6466999999999996,-1.274000000000001
0.00045000000000001636,-0.5794999999999996,-1.3983499999999998
0.019799999999999898,-0.1280000000000024,-1.3274000000000004
0.020849999999999796,0.14660000000000084,-1.1222499999999962
0.0014999999999999146,0.22400000000000034,-0.7674999999999984
0.11900000000000262,-0.02585000000000562,-0.5793499999999965
0.13999999999999774,-0.3392000000000053,-0.6068000000000051
-0.021250000000001282,-0.7133000000000029,-0.9744500000000029
-0.16660000000000025,-0.5573999999999996,-1.3262000000000007
-0.2944999999999996,-0.21125000000000238,-1.5292500000000009
-0.38480000000000103,0.3370000000000063,-1.3421999999999978
-0.13099999999999795,0.26679999999999837,-1.1086499999999986
0.1570000000000002,-0.07469999999999954,-0.8615000000000002
-0.036500000000002905,-0.5713500000000075,-0.6357499999999967
-0.21400000000000147,-0.7039999999999992,-0.6620000000000016
-0.37405000000000144,-0.6227000000000009,-0.8408000000000038
-0.4320999999999998,-0.6613999999999999,-0.9955999999999995
-0.5738999999999979,-0.8642499999999966,-1.0331500000000007
-0.7932000000000013,-1.219000000000002,-0.9621999999999995
-1.04375,-1.4675,-0.885
-1.162999999999999,-1.4965999999999957,-0.710399999999995
-1.0984999999999994,-1.2256999999999973,-0.400799999999997
-0.6419999999999981,-0.5683999999999975,-0.36560000000000004
-0.21209999999999526,0.053250000000008124,-0.4581500000000054
0.033000000000003235,0.4725000000000055,-0.7355000000000037
-0.459450000000005,0.357149999999998,-0.8247500000000002
-1.0676,0.029399999999999538,-0.9032000000000002
-1.2868999999999988,-0.4801499999999973,-1.1482999999999988
-0.9428999999999934,-0.525299999999998,-1.2084999999999997
-0.4080000000000007,-0.3014999999999978,-1.128249999999998
-0.5628000000000032,0.2016000000000102,-0.6831999999999909
-0.7869500000000039,0.3360499999999979,-0.6980500000000052
-1.0544999999999973,0.17189999999999062,-1.0583999999999993
-0.6997499999999994,-0.9955500000000022,-0.9551999999999998
-0.614999999999999,-1.7069999999999992,-0.9959999999999991
-0.8407500000000026,-1.894050000000002,-1.2024000000000024
-0.5590999999999983,-1.573699999999998,-1.4324000000000012
-0.4933499999999996,-1.2836000000000003,-1.5424000000000002
-0.8868000000000058,-1.1287999999999978,-1.4391999999999985
-1.0965000000000014,-1.0369999999999993,-1.220499999999998
-1.2642000000000042,-1.0310000000000048,-1.0536000000000014
-1.4318999999999993,-1.2244999999999993,-1.1052
-1.0522000000000058,-1.3857999999999986,-1.3959999999999964
-0.5457999999999998,-1.5467500000000014,-1.7588500000000014
-0.52,-1.7725,-1.9974999999999998
-0.7707000000000067,-2.014050000000004,-2.09395
-1.1852000000000023,-2.2263999999999964,-2.1012000000000004
-1.4303000000000008,-1.8458499999999987,-2.12055
-1.5896000000000015,-1.795300000000005,-2.1399000000000004
-1.667000000000001,-2.0597500000000033,-2.1592500000000006
-1.6638,-1.8529999999999984,-1.9615999999999987
-1.6573499999999999,-1.6882,-1.7498999999999998
-1.6508999999999998,-1.6107999999999987,-1.5305999999999964
-1.7831999999999981,-1.6332999999999995,-1.5499499999999993
-1.9480000000000008,-1.652,-1.728000000000002
-2.135050000000004,-1.6261999999999996,-2.173050000000009
-2.2045000000000003,-2.026700000000008,-2.4123000000000023
-2.2678000000000016,-2.4743000000000013,-2.4622499999999965
-2.4484000000000004,-2.5904000000000003,-2.0429999999999993
-2.5610000000000013,-2.26874999999999,-1.9085
-2.606900000000002,-1.7457000000000034,-1.9325999999999988
-2.3940499999999987,-1.4296499999999983,-2.0487000000000006
-2.274799999999999,-1.3872000000000038,-2.0387999999999975
-2.228900000000001,-1.5626499999999977,-1.9301
-2.0869999999999984,-1.904500000000003,-1.943
-1.9922999999999988,-2.072299999999999,-2.009000000000003
-1.9535999999999993,-2.033599999999999,-2.138000000000002
-1.9909500000000004,-1.661449999999995,-2.091499999999999
-1.9762999999999993,-1.3562999999999992,-2.003999999999999
-1.8537499999999973,-1.2337499999999972,-1.8749999999999971
-1.590800000000002,-1.4127999999999985,-1.7720000000000007
-1.3534999999999995,-1.652800000000002,-1.7214500000000008
-1.2889999999999984,-1.8592000000000053,-1.8053000000000021
-1.26545,-1.7653000000000005,-1.8663999999999998
-1.248999999999999,-1.554999999999998,-1.9069999999999996
-1.1780499999999994,-1.393749999999999,-1.8876499999999998
-1.1031999999999982,-1.3729000000000016,-1.8058999999999972
-1.0293,-1.4309000000000007,-1.69035
-1.0164,-1.263199999999998,-1.6968
-1.0197500000000006,-1.124749999999997,-1.7975000000000052
-1.0391,-1.0151000000000001,-1.9909999999999997
-0.972349999999999,-0.9115999999999985,-2.067650000000001
-0.8909999999999971,-0.8447999999999996,-2.0553999999999957
-0.7942499999999999,-0.8319,-1.9199499999999996
-0.7580000000000001,-0.7860000000000003,-1.7790000000000006
-0.7419500000000001,-0.7129499999999986,-1.6468499999999988
-0.7484000000000002,-0.5903999999999967,-1.537199999999997
-0.5899500000000002,-0.6327499999999999,-1.45665
-0.45770000000000277,-0.71,-1.3960999999999997
-0.6447500000000057,-0.71,-1.3767499999999995
-0.9242000000000008,-0.7856000000000003,-1.3574
-1.2115500000000003,-0.8887,-1.311400000000001
-1.127699999999999,-0.8757999999999998,-1.0275999999999965
-1.2106999999999966,-0.9232499999999985,-0.8609500000000012
-1.43,-1.02,-0.79
-1.3461499999999986,-0.9038999999999981,-0.79
-1.2941999999999996,-0.8458000000000003,-0.8886000000000069
-1.2812999999999999,-0.8587,-1.1079000000000008
-1.459800000000004,-0.9702000000000024,-1.2460000000000024
-1.5247499999999934,-1.038749999999999,-1.5820000000000256
-1.3376999999999988,-1.0064999999999997,-2.304400000000005
-1.021899999999992,-0.7733999999999935,-2.934100000000014
-0.6431999999999818,-0.36639999999996975,-3.2811999999999832
-0.172349999999995,0.41405000000000824,-2.8425999999999956
0.006000000000001365,0.26299999999998536,-2.259999999999983
0.04430000000000007,-0.3021499999999988,-1.6473000000000009
0.005599999999999456,-0.9278000000000088,-1.221599999999994
-0.01769999999999982,-1.1453500000000008,-0.9768500000000018
-0.03630000000000025,-1.063299999999999,-0.8669000000000002
-0.1717500000000024,-0.4892499999999899,-1.0152500000000027
-0.2016000000000008,0.004799999999995641,-1.0964
-0.12419999999999959,0.4176000000000022,-1.1093000000000002
-0.18710000000000152,0.41559999999999947,-0.884299999999995
-0.18920000000000076,0.24700000000000277,-0.7476499999999998
-0.0859999999999991,-0.1400000000000034,-0.7670000000000002
-0.17355000000000304,-0.5161000000000092,-0.7209499999999986
-0.2752000000000021,-0.7400999999999945,-0.6914000000000016
-0.32680000000000065,-0.6046499999999982,-0.7301000000000005
-0.32559999999999945,-0.5748000000000001,-0.7496000000000004
-0.3150000000000011,-0.6462500000000151,-0.7212499999999912
-0.3408000000000004,-0.9881000000000055,-0.5212999999999969
-0.30849999999999794,-1.064349999999998,-0.4749000000000012
-0.2596000000000004,-0.9741999999999991,-0.5178000000000003
-0.36279999999999746,-0.6968500000000069,-0.6016499999999979
-0.3925000000000003,-0.43350000000000216,-0.5525000000000014
-0.36024999999999974,-0.18194999999999822,-0.3912499999999989
-0.12319999999999452,0.1400000000000074,-0.17879999999999513
0.30924999999999647,0.5052499999999978,-0.16829999999999873
0.9865000000000073,0.9245000000000044,-0.4134000000000026
0.7782499999999917,0.48124999999998547,-0.5377500000000028
0.3764000000000009,-0.04499999999999915,-0.796999999999999
-0.19120000000000803,-0.5287500000000068,-1.3452500000000076
-0.5497000000000091,-0.7983000000000063,-1.2355999999999914
-0.5350999999999533,-0.880949999999985,-0.940949999999985
0.48400000000001797,-0.5519999999999943,-0.6119999999999942
1.0403000000000118,-0.347649999999995,-0.2874999999999892
1.308499999999989,-0.2722000000000184,-0.038800000000010215
1.0827499999999952,-0.646300000000008,-0.24520000000000436
0.99,-0.9101999999999988,-0.45159999999999856
1.0015000000000027,-1.0864999999999994,-0.6705000000000046
1.2981999999999942,-0.9962000000000018,-1.1993999999999898
1.3933000000000004,-1.0255999999999994,-1.5644999999999993
1.2771999999999986,-1.180400000000002,-1.7580000000000024
1.6088000000000102,-1.5590500000000111,-1.5884999999999945
1.7675,-1.865,-1.305
1.6062499999999975,-2.032700000000003,-0.8792999999999933
1.390999999999993,-2.114000000000002,-0.6317999999999933
1.152299999999999,-2.1211499999999996,-0.45409999999999967
0.8813999999999947,-1.9856999999999974,-0.3637999999999983
0.8575000000000024,-1.7409999999999899,-0.04549999999998594
0.9832000000000028,-1.5424000000000013,0.23319999999999824
1.376650000000009,-1.716550000000004,-0.018350000000005764
1.0484999999999713,-2.1408000000000222,-0.6471000000000328
0.3733000000000004,-2.586849999999991,-1.4266000000000008
0.41200000000000103,-1.7289999999999774,-1.504000000000002
0.4748499999999999,-0.6434500000000024,-1.3261000000000007
0.5587000000000012,0.6401000000000181,-0.9261999999999944
0.29330000000000384,0.8949499999999967,-0.2850000000000091
0.12039999999999992,0.9067999999999995,0.24800000000000066
0.0752499999999992,0.622999999999995,0.6350000000000069
-0.08959999999999807,0.17960000000000492,1.2271999999999934
-0.11539999999999848,-0.3063000000000028,1.6851500000000006
0.16840000000000602,-0.8352000000000112,1.8206000000000029
0.26535000000000164,-1.4095500000000216,1.8045499999999979
0.2954999999999998,-1.86,1.7554999999999998
0.27614999999999956,-1.86,1.7361499999999994
0.37560000000000626,-1.4155999999999738,1.6155999999999933
0.4895999999999981,-0.7811499999999936,1.4555499999999986
0.33479999999999566,-0.2586999999999852,1.345899999999997
0.23624999999999746,0.14000000000001367,1.3075000000000006
0.1753999999999976,0.43959999999999977,1.327800000000004
0.027049999999995286,0.4266999999999996,1.579350000000008
-0.08100000000000022,0.38589999999999974,1.8681000000000012
-0.14550000000000124,0.3149499999999986,2.1970500000000066
-0.2999999999999986,0.36999999999999944,2.256
-0.505350000000002,0.46635000000000104,2.2432499999999993
-0.7827000000000063,0.6147000000000034,2.146499999999998
-0.8567499999999998,0.6720999999999998,1.9748500000000009
-0.907000000000001,0.7342000000000013,1.789599999999998
-1.0037500000000026,0.8567500000000032,1.6089999999999953
-1.387199999999999,0.7255000000000005,1.3673000000000004
-1.8808500000000072,0.4721499999999947,1.1085999999999967
-2.390400000000015,0.09159999999998862,0.8763999999999931
-2.786550000000015,-0.18770000000001005,0.6846999999999923
-3.104000000000003,-0.39500000000000113,0.516999999999997
-3.284600000000006,-0.45950000000000213,0.3492999999999944
-3.4176000000000046,-0.48319999999999935,0.20879999999999427
-3.5079000000000016,-0.4702999999999997,0.09269999999999753
-3.3903000000000008,-0.4007000000000005,-0.023399999999999185
-3.2072499999999975,-0.31324999999999903,-0.1532500000000013
-2.9428000000000054,-0.2036000000000021,-0.30159999999999715
-2.8139500000000006,-0.1674000000000001,-0.4499499999999995
-2.6454999999999966,-0.1605000000000004,-0.6004000000000019
-2.355249999999992,-0.19275000000000092,-0.7552000000000044
-1.975,-0.17,-0.9400000000000001
-1.6295499999999978,-0.12259999999999878,-1.1074000000000013
-1.4940999999999955,-0.04519999999999755,-1.1848000000000025
-1.5935500000000007,0.05395000000000039,-1.1490999999999998
-1.818400000000006,0.15080000000000013,-1.0627999999999989
-2.1280000000000108,0.15725000000000022,-1.004749999999998
-2.2711,0.07119999999999889,-0.9355999999999994
-2.2835499999999938,-0.0857000000000056,-0.8606000000000006
-2.006199999999989,-0.33080000000000953,-0.886400000000001
-1.86,-0.5759000000000025,-0.8420499999999987
-1.86,-0.8210000000000065,-0.7194999999999967
-2.0027999999999997,-0.7507500000000001,-0.5553000000000003
-2.0855999999999995,-0.6347999999999978,-0.43319999999999936
-2.0469000000000004,-0.4864500000000021,-0.3880500000000006
-2.0665,-0.3486999999999998,-0.4171000000000001
-2.0812499999999994,-0.20099999999999685,-0.47100000000000136
-2.048999999999999,-0.020399999999993958,-0.5484000000000026
-1.9190999999999918,0.17415000000000985,-0.6304500000000041
-1.765700000000002,0.3663999999999965,-0.7032999999999995
-1.6818500000000005,0.5211999999999989,-0.7226499999999998
-1.7060000000000008,0.5679999999999998,-0.7019999999999996
-1.7918000000000007,0.5459499999999986,-0.6523499999999973
-1.8176000000000012,0.48789999999999767,-0.5426999999999955
-1.7998499999999968,0.4197999999999957,-0.46654999999999747
-1.7417999999999985,0.3423999999999978,-0.4213999999999987
-1.72125,0.24,-0.42
-1.685699999999999,0.15569999999999906,-0.4037999999999994
-1.6276499999999983,0.09764999999999815,-0.36509999999999876
-1.860800000000001,0.05079999999999984,-0.1695999999999992
-2.2857500000000144,0.009749999999999377,0.2813500000000184
-3.0275000000000265,-0.022500000000001137,1.2295000000000333
-3.937550000000007,-0.43590000000000373,2.326150000000008
-4.326000000000036,-0.8625999999999987,3.127600000000009
-2.649000000000009,-0.9206499999999996,2.7019000000000024
-1.8663999999999965,-0.5572999999999939,2.736300000000003
-1.507749999999986,-0.0424999999999983,3.0097500000000093
-0.9723999999999774,0.02200000000000273,3.3516000000000146
-0.418799999999967,0.03174999999999813,3.459849999999996
0.14709999999999357,0.004899999999995519,3.389300000000001
0.6050500000000008,0.3209500000000005,3.34415
1.0120000000000062,0.5020000000000004,3.244999999999997
1.3603000000000116,0.5278000000000009,3.0837499999999944
1.4549000000000034,0.28219999999998663,2.9342999999999924
1.3871999999999933,0.05594999999999686,2.7671499999999956
1.0775999999999886,-0.09240000000000549,2.5671999999999926
0.9044999999999987,0.016500000000001486,2.3987499999999984
0.7914999999999992,0.17570000000000335,2.2544999999999975
0.7592500000000001,0.3111499999999995,2.15775
0.7914000000000007,0.35,1.9413999999999967
0.8347499999999991,0.36995000000000344,1.6937499999999954
0.8024999999999985,0.49250000000000543,1.5324999999999929
0.8097499999999991,0.6308499999999959,1.4186500000000024
0.8332000000000013,0.7636000000000013,1.3364000000000007
0.7235499999999996,0.6603999999999997,1.2783499999999999
0.5346999999999948,0.5505999999999978,1.174099999999997
0.27024999999999066,0.4344999999999959,1.0257499999999948
-0.11200000000001978,0.29359999999999276,0.8587999999999915
-0.3293999999999983,0.19939999999999827,0.7016999999999904
-0.30360000000000015,0.17360000000000014,0.5598000000000007
-0.21674999999999897,0.20330000000000042,0.30134999999999706
-0.11199999999999674,0.20199999999999763,0.047999999999994714
0.010550000000005184,0.11169999999999618,-0.15195000000000847
-0.07270000000000208,-0.20890000000000558,-0.20980000000000018
-0.16434999999999633,-0.6023500000000118,-0.21324999999999905
-0.04179999999999438,-0.995800000000018,-0.18099999999999852
-0.16574999999999335,-1.0875000000000017,-0.03825000000000531
-0.3676000000000022,-1.03,0.13160000000000083
-0.1611999999999989,-1.03,0.054199999999999596
-0.023199999999998236,-0.8391999999999928,-0.06280000000000313
0.06080000000000382,-0.4970499999999859,-0.21050000000000238
0.16400000000000545,-0.11649999999997987,-0.2750000000000034
0.1993499999999969,0.13425000000000664,-0.24214999999998982
0.15420000000000014,0.23099999999999965,-0.09380000000000052
0.009599999999998096,0.36285000000000167,-0.015649999999999123
-0.08079999999999928,0.41549999999999726,0.03230000000000018
-0.05499999999999886,0.3187499999999957,0.038750000000000284
-0.029199999999998456,0.20119999999999266,0.02439999999999884
0.023000000000004073,0.13145000000000265,-0.027950000000004693
0.15200000000000047,0.2153000000000003,-0.1763000000000005
0.048949999999996135,0.044349999999994616,-0.010699999999994214
-0.08400000000000202,-0.19299999999999984,0.22100000000000108
0.14820000000000164,-0.21235000000000015,0.09844999999999915
0.2556000000000006,-0.1965999999999991,-0.02800000000000294
0.2747499999999963,-0.16,-0.148599999999999
0.17799999999999472,-0.16,-0.12279999999999859
0.1267500000000001,-0.19249999999999887,-0.12624999999999942
0.1203,-0.2569999999999999,-0.15849999999999995
0.027749999999998637,-0.15544999999999845,-0.17230000000000018
-0.00659999999999826,0.008800000000007302,-0.22940000000000366
0.05145000000000266,0.25390000000001123,-0.3519500000000056
-0.04450000000000756,0.23499999999999602,-0.34249999999999803
-0.1085499999999945,0.1646499999999935,-0.3219500000000005
-0.03759999999999963,0.08079999999999955,-0.3284
-0.08790000000000191,-0.046700000000003,-0.1941999999999962
-0.14049999999999643,-0.17560000000000286,-0.039599999999998095
-0.04374999999999915,-0.2530000000000007,0.012000000000000455
0.0614000000000027,-0.5110000000000088,0.03
0.15739999999999782,-0.837150000000006,0.012449999999985306
0.13160000000000083,-0.9080999999999977,-0.16169999999999446
