0.19045,-0.018475000000000002,-0.321525
0.09,-0.04,-0.3
-0.08220000000000001,0.053274999999999996,-0.12779999999999997
-0.0804,0.09435,-0.06435
0.023724999999999982,0.08170000000000002,-0.083725
0.08830000000000002,-0.0044000000000000115,-0.14830000000000002
0.03537499999999996,-0.04350000000000001,-0.11887499999999998
0.01744999999999998,-0.04780000000000001,-0.07780000000000001
0.080225,-0.019775,-0.050225000000000006
0.0874,-0.012599999999999998,-0.0574
0.085425,0.0037249999999999887,-0.06914999999999999
0.08175,0.023500000000000014,-0.07825
0.08892499999999998,0.03784999999999997,-0.07107500000000003
0.06560000000000002,0.08879999999999996,-0.05780000000000002
0.04017499999999999,0.13965000000000002,-0.03689999999999998
0.023150000000000004,0.18045,-0.011349999999999999
0.07337499999999994,0.187625,-0.03287499999999998
0.10920000000000002,0.20920000000000002,-0.006399999999999975
0.12407500000000002,0.23197500000000001,0.041849999999999984
0.10255000000000003,0.23914999999999997,0.08489999999999995
0.03674999999999997,0.24,0.07735
-0.07699999999999993,0.233,0.08049999999999999
-0.22742500000000027,0.21864999999999996,0.1
-0.3063499999999996,0.20430000000000006,0.1
-0.31994999999999996,0.18994999999999998,0.08994999999999997
-0.3188,0.15140000000000015,0.07560000000000003
-0.3474999999999998,0.05812500000000047,0.06125000000000007
-0.4548000000000002,0.14825000000000016,0.08620000000000005
-0.5323499999999999,0.20744999999999997,0.07765000000000008
-0.5808,0.2218,0.038200000000000005
-0.6668999999999996,0.23614999999999994,0.02385000000000005
-0.8107499999999996,0.22950000000000004,0.03049999999999997
-0.98305,0.217575,0.018175000000000024
-1.1696000000000002,0.21039999999999998,-0.04640000000000008
-1.2816249999999998,0.216775,-0.056774999999999985
-1.3932,0.18050000000000005,-0.08764999999999998
-1.5113749999999995,0.10537500000000039,-0.1378749999999998
-1.6476999999999997,0.012100000000000223,-0.18809999999999988
-1.7730749999999993,-0.042849999999999756,-0.23284999999999975
-1.87385,-0.07265,-0.2785500000000001
-1.9384249999999998,-0.07982499999999998,-0.3287749999999999
-2.0029999999999997,-0.010000000000000071,-0.3999999999999999
-2.0550499999999996,0.06592499999999966,-0.49262499999999954
-2.0981,0.1367500000000001,-0.6016000000000002
-2.1411499999999997,0.17262499999999995,-0.7163999999999998
-2.1329000000000002,0.1629000000000002,-0.825499999999999
-2.0826250000000006,0.12700000000000045,-0.9043749999999997
-1.9887999999999995,0.06934999999999966,-0.93995
-1.8166000000000009,-0.02392499999999955,-0.932775
-1.6092000000000006,-0.08639999999999987,-0.9344
-1.3229000000000006,-0.14047499999999985,-0.9746499999999997
-0.8350000000000048,-0.23374999999999907,-1.1324999999999983
-0.11602499999999882,-0.38627500000000026,-1.3259000000000003
0.5835000000000019,-0.5854000000000008,-1.4989000000000003
1.1658750000000004,-0.8246749999999994,-1.6250500000000005
1.0582500000000004,-0.9466499999999995,-1.4959000000000005
0.9506250000000003,-0.98075,-1.454625
0.9311999999999999,-0.9376,-1.4744
1.1751500000000004,-0.8084499999999999,-1.5318
1.2776499999999995,-0.7039000000000007,-1.410850000000001
1.2800999999999996,-0.7497500000000009,-1.2867749999999996
1.1940000000000004,-0.9674999999999989,-1.1995
1.1079000000000003,-1.2186249999999994,-1.1923249999999999
1.10425,-1.3194000000000001,-1.1803
1.215049999999997,-1.3602499999999993,-1.1619000000000002
1.5164000000000009,-1.4320000000000002,-1.1331999999999998
1.8177499999999982,-1.5929999999999989,-1.110875
1.7073000000000023,-2.0598499999999964,-1.7460999999999944
1.2836499999999984,-2.818874999999998,-3.0069999999999975
1.8145999999999993,-3.5004999999999993,-3.867999999999999
1.97,-3.0300999999999996,-1.780424999999999
1.891250000000002,-1.106500000000033,0.15025000000000865
1.6401249999999992,2.9545500000000144,-0.9331750000000039
0.5970000000000053,2.7520000000000024,-0.9870000000000002
0.08509999999999991,1.1474250000000084,-1.109674999999999
0.10620000000000032,-1.1003499999999957,-1.3162500000000021
0.0775,-1.480625,-1.136875
0.2449000000000004,-1.2407999999999992,-0.4751999999999988
0.4098999999999998,-0.8533750000000017,-0.04137499999999783
0.4385999999999999,-0.6022500000000013,-0.36424999999999835
0.09874999999999773,-0.5490499999999997,-0.6939500000000021
-0.13599999999999973,-0.258000000000001,-1.107999999999999
-0.23120000000000004,0.1864249999999999,-1.5616999999999999
-0.116400000000001,0.40884999999999805,-1.8773999999999973
0.042599999999998764,0.1892750000000025,-1.9886749999999995
0.1878000000000004,-0.30000000000000315,-1.8606999999999982
0.28824999999999956,-1.0174999999999972,-1.4373750000000016
0.15605000000000033,-1.3331499999999992,-0.6756500000000017
-0.08589999999999659,-1.3755000000000015,0.007574999999993337
-0.3973999999999944,-1.1662000000000092,0.5491999999999961
-0.6915750000000007,-0.6854749999999988,0.7501000000000005
-0.8707499999999976,-0.03225000000001099,0.5715000000000043
-0.9512249999999999,0.45605000000000107,0.17014999999999675
-0.924099999999997,0.6339999999999969,-0.4169000000000035
-0.5007750000000047,0.2035000000000048,-0.9119749999999945
-0.04185000000000455,-0.3604999999999938,-1.1133499999999998
0.30400000000000094,-0.9802499999999958,-1.0065000000000044
0.18920000000000073,-1.5111999999999968,-0.46120000000000344
-0.09289999999999848,-1.5462250000000004,-0.2803750000000005
-0.3550499999999994,-1.2233500000000022,-0.503499999999998
-0.5302500000000003,-0.5808250000000007,-1.1521749999999988
-0.3150000000000043,-0.15750000000000838,-1.8624999999999858
-0.10442499999999964,0.27517500000000067,-1.7733999999999992
0.02409999999999969,0.5259999999999991,-1.232749999999998
-0.07634999999999849,0.23900000000000432,-0.6228750000000092
0.182800000000002,-0.4944000000000051,-0.37879999999999886
0.231874999999998,-0.8794999999999994,-0.4217500000000024
-0.002199999999999702,-0.7637000000000049,-0.7478499999999936
-0.03089999999999975,-0.2901500000000041,-1.3720749999999946
0.02859999999999928,0.3744999999999946,-1.5896
0.07717500000000044,0.8166250000000018,-1.5373750000000015
-0.0017499999999996876,0.4937500000000013,-1.286250000000001
0.00927499999999995,-0.2724499999999981,-1.0287000000000006
-0.05919999999999989,-0.734,-0.9503999999999999
-0.2046499999999992,-0.7974500000000058,-1.0841749999999921
-0.24770000000000011,-0.49609999999999926,-1.493150000000001
-0.3522500000000005,-0.2664999999999992,-1.62025
-0.49519999999999753,-0.20129999999999684,-1.558700000000003
-0.6673999999999979,-0.4237249999999972,-1.3362750000000028
-0.8529000000000015,-0.8257000000000037,-1.1670499999999986
-1.0088499999999987,-1.1615249999999975,-1.0479250000000009
-1.104000000000001,-1.3600000000000017,-0.9610000000000011
-0.9892000000000007,-1.1447500000000015,-0.8246750000000009
-0.8316000000000008,-0.5764000000000034,-0.7365000000000004
-0.6998000000000002,-0.054250000000000714,-0.8717999999999984
-0.6424000000000001,0.16099999999999967,-1.3883999999999992
-0.70875,0.26625,-1.265625
-0.893899999999995,0.48414999999999436,-1.2202499999999994
-1.1212250000000001,0.7118249999999995,-1.2303999999999997
-1.1284,0.5467999999999992,-1.1155999999999995
-1.0854000000000008,-0.17572499999998814,-0.9673500000000022
-0.9675000000000026,-1.03899999999999,-0.9029999999999989
-0.752249999999998,-1.8713000000000077,-0.9891000000000008
-0.9416999999999983,-1.8729,-1.4088999999999963
-1.1311499999999988,-1.536550000000004,-1.421825000000002
-1.1292000000000042,-1.0407000000000015,-1.2157999999999998
-0.38300000000000295,-0.796750000000001,-1.2445
0.1717999999999988,-1.7475999999999972,-1.638599999999999
0.24092500000000044,-2.3867000000000003,-1.7147250000000003
-0.3120000000000005,-2.1739499999999996,-1.2367500000000002
-0.8859999999999901,-1.4062250000000134,-1.5596249999999943
-1.2889999999999953,-1.0525000000000018,-1.8419999999999959
-1.4463000000000046,-1.0487249999999952,-2.058424999999999
-1.1305999999999978,-1.3859500000000025,-2.1373500000000005
-1.0679500000000002,-1.7653499999999958,-1.8306750000000043
-1.213599999999997,-2.024799999999999,-1.815199999999996
-1.5610000000000048,-2.090374999999993,-2.2476250000000038
-1.9627999999999974,-1.5235500000000037,-2.584849999999998
-2.3031749999999986,-0.9803500000000025,-2.7803249999999995
-2.4635000000000056,-0.7571999999999854,-2.8794999999999993
-2.2123750000000006,-1.388599999999999,-2.915375
-2.17375,-2.08875,-2.6325
-2.094650000000003,-2.230525000000009,-2.384650000000003
-1.9494,-1.7791999999999997,-2.2334
-1.942225,-1.650050000000002,-2.154475000000001
-1.8756500000000011,-1.8376999999999954,-1.9963500000000025
-1.7887499999999994,-2.0529999999999995,-1.9152500000000017
-1.7170000000000007,-1.9956000000000005,-2.101799999999998
-1.7812249999999994,-1.6533000000000033,-2.0746750000000005
-1.6958999999999969,-1.47,-2.090150000000001
-1.47835,-1.4790749999999995,-2.1492750000000007
-1.464,-1.5579999999999998,-2.056
-1.3875500000000023,-1.5955249999999996,-2.0041250000000006
-1.2753500000000002,-1.60765,-1.9753
-1.1390250000000024,-1.6004750000000003,-1.9609500000000002
-1.0295000000000019,-1.5330000000000013,-1.9399000000000004
-0.9567499999999999,-1.4302499999999996,-1.9803750000000004
-0.9021500000000018,-1.3252499999999996,-2.071549999999999
-0.7801750000000015,-1.3611249999999997,-2.150474999999999
-0.7554000000000001,-1.2187999999999983,-2.1105999999999994
-0.7188000000000011,-1.012750000000002,-2.0059250000000013
-0.6040000000000009,-0.7975000000000018,-1.8552500000000012
-0.5792249999999997,-0.7622999999999996,-1.7599749999999987
-0.5044000000000005,-0.6967000000000004,-1.6585000000000005
-0.3832250000000005,-0.623825,-1.5521500000000004
-0.23255000000000323,-0.6453499999999995,-1.4517000000000022
-0.18875,-0.8075,-1.23875
-0.24719999999999687,-0.9411999999999995,-0.9528000000000065
-0.4193999999999971,-0.9698999999999995,-0.6012250000000058
-0.7131500000000014,-0.9413999999999999,-0.5213499999999996
-0.9554250000000013,-0.7483499999999981,-0.5246000000000003
-1.173999999999992,-0.4545000000000084,-0.5610000000000013
-1.4323000000000023,-0.1890249999999975,-0.5179499999999996
-1.544350000000001,0.3631000000000068,-0.8317500000000044
-1.6232749999999978,0.7260499999999996,-1.0720999999999994
-1.6893999999999947,0.7201999999999898,-1.1176000000000093
-1.3091249999999939,0.009874999999988754,-1.74900000000001
-0.7559500000000144,-1.478499999999957,-1.670600000000011
-0.23067500000000252,-2.9913999999999965,-1.2706750000000024
-0.10870000000000232,-3.1635999999999966,-1.1487000000000023
-0.46664999999999224,-2.4792250000000147,-1.4823499999999927
-0.7294999999999993,-1.44800000000002,-1.9244999999999925
-0.7351500000000084,-0.17415000000002068,-2.399749999999993
-0.14680000000000748,1.2751999999999817,-2.9019999999999935
0.10729999999999905,2.2518249999999917,-2.9697250000000017
0.15245000000000064,2.472150000000011,-2.7469000000000037
0.08787500000000051,1.3026250000000092,-2.330750000000003
0.18709999999999924,-0.09999999999999087,-1.8201000000000032
0.10405000000000145,-1.1353749999999971,-1.3901500000000016
-0.18949999999999934,-1.6588000000000012,-1.0964999999999998
-0.40474999999999967,-1.3144000000000005,-1.1682499999999998
-0.3800000000000051,-0.7550000000000259,-1.2199999999999982
-0.23127499999999965,-0.043349999999998556,-1.2565250000000001
-0.03754999999999938,0.8033000000000027,-1.2780500000000001
-0.01347500000000025,1.0692249999999928,-1.175600000000004
-0.06550000000000068,0.9220999999999969,-1.023799999999999
-0.16875000000000057,0.4168749999999945,-0.8564999999999997
-0.24049999999999785,-0.2647499999999795,-0.8278000000000009
-0.3122500000000008,-0.8941250000000067,-0.6371249999999972
-0.40320000000000167,-1.3672000000000026,-0.45079999999999926
-0.5323499999999968,-1.568099999999995,-0.39340000000000147
-0.35774999999999696,-1.2627499999999947,-0.2819999999999982
-0.13655000000000542,-0.792075000000013,-0.20645000000000097
0.039200000000004176,-0.2725000000000037,-0.1864999999999978
-0.16169999999999618,-0.09312500000000341,-0.29412499999999797
-0.18275000000000063,-0.06089999999999975,-0.2273500000000021
-0.12325000000000161,0.11637499999999201,-0.24449999999999594
-0.022800000000001434,0.6257999999999927,-0.5027999999999964
0.3496749999999952,0.3889000000000033,-0.6704249999999979
0.2900500000000042,0.08910000000000368,-0.6196500000000023
0.05287499999999623,-0.19987499999999897,-0.4910749999999979
0.4474999999999969,-0.30749999999999916,-0.7134999999999982
0.524325,-0.36404999999999976,-0.6635250000000008
0.5598999999999995,-0.44129999999999936,-0.5273000000000008
0.661174999999999,-0.5707499999999992,-0.36950000000000044
0.9983999999999994,-0.7859999999999996,-0.22600000000000023
1.4275,-0.961875,-0.10875000000000001
1.8347999999999958,-1.0676000000000023,-0.057899999999995094
1.9496000000000004,-1.0101999999999998,-0.1870500000000004
1.97,-0.9941,-0.7469000000000032
1.865450000000008,-1.0791749999999931,-1.221474999999992
1.6252499999999988,-1.2769999999999992,-1.4462499999999991
1.4889249999999987,-1.1908999999999992,-1.338624999999999
1.168600000000012,-1.049600000000005,-1.1804000000000054
0.7505999999999949,-0.9821250000000032,-0.9831999999999972
0.34880000000001016,-1.2332499999999937,-0.7536000000000058
-0.05912499999999027,-2.1213749999999765,-0.9343749999999941
-0.5143000000000089,-3.0461000000000147,-1.1690000000000038
-0.9382250000000162,-3.7725250000000177,-1.392799999999993
-0.15615000000001486,-2.9043500000000164,-1.7371999999999936
0.6596999999999855,-1.394450000000032,-1.888599999999999
1.2899999999999983,0.24799999999998135,-1.7580000000000098
1.3976249999999983,1.4246999999999832,-1.1409500000000088
0.8258000000000083,1.6425499999999988,-0.37150000000001004
0.4618000000000006,1.4961250000000044,0.3260999999999933
0.43589999999999746,1.0847000000000053,0.9224999999999949
0.7013749999999979,0.5178750000000044,1.4606249999999958
0.8304999999999996,-0.34184999999999377,1.8623999999999978
0.8688750000000002,-1.1201249999999985,2.1400499999999996
0.8330000000000001,-1.442999999999999,2.269199999999999
1.0929999999999995,-0.950575000000001,2.2274000000000003
1.335,-0.3425,2.0275
1.4951999999999999,0.220925,1.7187249999999996
1.3804000000000043,0.22809999999999975,1.553700000000006
1.3605500000000001,-0.11815000000000225,1.4783499999999998
1.3234499999999991,-0.5623000000000025,1.506350000000001
1.1871250000000042,-0.9497499999999877,1.6713749999999947
0.7515999999999957,-0.881599999999999,1.788800000000001
0.43472500000000597,-0.6213750000000113,1.7883250000000026
0.21400000000000774,-0.22560000000001085,1.6812500000000048
-0.0730000000000041,0.17620000000000574,1.5018749999999974
-0.3544999999999934,0.5504999999999913,1.3225000000000042
-0.6610749999999923,0.8361749999999967,1.111025000000006
-1.0126500000000067,0.9868500000000029,0.8455499999999949
-1.476624999999991,0.8916500000000019,0.5449500000000057
-1.9639999999999913,0.6862000000000048,0.2646000000000046
-2.446999999999994,0.3912500000000057,0.03487500000000125
-2.8487999999999944,0.032500000000005115,-0.04404999999999887
-3.1074749999999973,-0.2346499999999969,-0.03710000000000036
-3.219700000000001,-0.39449999999999963,-0.01710000000000008
-3.1674500000000023,-0.4305999999999994,-0.011574999999998586
-2.923500000000002,-0.48799999999999955,-0.1622499999999988
-2.719375000000001,-0.51,-0.41027499999999806
-2.484000000000002,-0.46520000000000095,-0.7155999999999987
-2.0535000000000014,-0.26430000000000065,-1.0097749999999992
-1.444500000000001,0.10914999999999936,-1.2920499999999995
-1.101875,0.45875,-1.5
-1.1755000000000009,0.7145999999999998,-1.6034
-1.785375000000002,0.5854499999999996,-1.4455499999999994
-2.2185499999999885,0.36795000000000927,-1.2458500000000077
-2.486424999999998,0.10247500000000881,-1.0453250000000045
-2.550999999999998,-0.1629999999999916,-0.9090000000000044
-2.5105999999999993,-0.3235000000000014,-0.7603249999999986
-2.3728000000000065,-0.36315000000000225,-0.616350000000004
-2.143725000000006,-0.2905249999999998,-0.49
-1.921299999999997,-0.2977000000000001,-0.49
-1.8841249999999987,-0.2658750000000012,-0.4705000000000007
-1.92,-0.18285000000000368,-0.45409999999999967
-1.92,-0.017824999999996864,-0.46845000000000026
-1.8560000000000014,0.13439999999999713,-0.5211999999999989
-1.845024999999999,0.27434999999999776,-0.5857499999999988
-1.9035000000000029,0.39225000000000054,-0.6567500000000015
-2.032649999999998,0.41377499999999967,-0.7213249999999991
-2.0954999999999995,0.3741000000000008,-0.7552999999999997
-2.1017999999999986,0.318624999999999,-0.77
-2.0444000000000004,0.2827500000000004,-0.77
-1.9605000000000006,0.22037500000000051,-0.6905000000000007
-1.9010000000000016,0.17480000000000132,-0.6120000000000033
-1.8748749999999998,0.13830000000000042,-0.5412250000000003
-1.91075,0.052200000000000274,-0.47665000000000024
-1.808175000000006,-0.05519999999999527,-0.43337500000000145
-1.7325,-0.14500000000000002,-0.3725
-1.7970750000000002,-0.18805000000000008,-0.26487499999999986
-2.6699499999999667,-0.1694500000000008,0.39759999999997486
-3.581174999999968,-0.22842499999999577,1.102499999999975
-4.267999999999997,-0.302399999999999,1.7060000000000002
-3.8375000000000137,-0.13737500000000524,1.741874999999999
-3.4292000000000122,0.10534999999999203,2.138499999999985
-2.8475499999999903,0.2318499999999989,2.624400000000005
-1.9722000000000235,0.1314000000000027,3.0835999999999877
-0.6652750000000334,-0.2874249999999893,3.097075
0.3672500000000134,-0.37074999999999764,3.1467500000000013
1.111249999999992,-0.2215000000000032,3.2684249999999935
1.4699999999999926,-0.07800000000000296,3.562599999999994
1.7883250000000064,0.030850000000002063,3.6373250000000006
1.97,0.04575000000000187,3.5261000000000053
1.9691250000000007,-0.06737499999999319,3.222625000000007
1.9188999999999987,-0.49070000000001074,2.7992999999999895
1.8194500000000016,-0.8558499999999959,2.4923250000000032
1.7101000000000004,-1.1413499999999985,2.3067
1.6670499999999986,-1.2776750000000041,2.2923499999999994
1.3180000000000032,-1.1380000000000017,2.014000000000003
0.9503000000000021,-0.8363250000000029,1.6522000000000026
0.6416000000000077,-0.3976000000000204,1.2528500000000156
0.46940000000000054,0.061599999999998545,0.9012750000000012
0.3677000000000001,0.3938999999999996,0.5920000000000005
0.21312500000001627,0.5731250000000025,0.39874999999999716
-0.19584999999998443,0.5085500000000025,0.47049999999999725
-0.536350000000001,0.4190749999999997,0.46132499999999993
-0.764399999999996,0.329200000000003,0.33780000000000826
-0.8757499999999976,0.23735000000000525,0.11482500000000215
-0.9475000000000006,0.07949999999999874,0.05024999999999949
-0.9256750000000019,-0.014324999999998055,-0.04879999999999654
-0.8632000000000016,-0.0977999999999963,-0.13
-0.8057999999999993,-0.22695000000000162,-0.13
-0.8128999999999996,-0.4205999999999949,-0.07840000000000145
-0.7946250000000011,-0.5816249999999971,-0.05362499999999983
-0.7059999999999931,-0.6803999999999985,-0.06720000000000112
-0.3113750000000082,-0.5943000000000017,-0.13177499999999867
0.22744999999998866,-0.4361000000000035,-0.2529999999999972
0.6974250000000046,-0.25652499999999634,-0.32907499999999856
0.9054999999999968,-0.09150000000000262,-0.264500000000001
0.7731500000000022,-0.10669999999999959,-0.07977500000000277
0.6075999999999954,-0.15465000000000173,-0.009250000000000966
0.4231000000000028,-0.2253749999999988,-0.04204999999999984
0.16480000000000244,-0.33299999999999896,-0.05639999999999986
-0.0773750000000075,-0.2471249999999952,0.020625000000003404
-0.23254999999999995,-0.050550000000001816,0.09764999999999986
-0.23972499999999997,0.22927499999999867,0.11917499999999989
-0.07440000000000736,0.3848999999999936,0.06480000000000245
0.03667499999999734,0.3888750000000044,-0.0007499999999970378
0.08875,0.26375,-0.06375
0.08157500000000027,0.05567500000000791,-0.08527499999999918
0.057600000000001046,-0.10199999999999476,-0.08440000000000027
0.037224999999999966,-0.19277500000000003,-0.08
0.030050000000000236,-0.19994999999999977,-0.08
0.02287500000000023,-0.09312500000000343,-0.11562499999999887
0.08020000000000095,0.005900000000000891,-0.13
0.152625000000001,0.0814749999999998,-0.12852500000000022
0.11674999999999955,0.08865000000000009,-0.1213499999999999
0.10417500000000018,0.09,-0.16077499999999872
0.06700000000000501,0.0630000000000041,-0.19899999999999862
-0.011049999999999047,-0.0027999999999974434,-0.22034999999999969
-0.05410000000000083,-0.11760000000000218,-0.23470000000000027
-0.015700000000001643,-0.20524999999999866,-0.2038000000000011
0.0908000000000038,-0.2072999999999951,-0.21950000000000558
0.26299999999999724,0.015124999999996482,-0.470624999999996
-0.006449999999981082,-0.10729999999998995,-0.14095000000002356
-0.13227500000000192,-0.1777500000000009,-0.04512499999999592
-0.016800000000013693,-0.1196000000000049,-0.3636000000000069
-0.49752499999999544,-0.29179999999999834,-0.6075499999999976
-0.5174999999999932,-0.3880000000000018,-0.4097499999999866
-0.18867500000000403,-0.4165250000000003,-0.15582499999999866
0.4498999999999717,-0.36630000000000223,-0.3638999999999908
0.5049000000000001,-0.10272500000000091,-0.6347249999999991
0.09325000000003392,-0.050049999999991435,-0.45225000000002813
-0.6268750000000001,-0.25687499999999996,0.170625
-0.24660000000001447,-0.4505999999999926,0.17779999999999974
0.10382499999997435,-0.5398499999999967,0.020800000000017443
0.2260500000000133,-0.5119500000000067,-0.11205000000000324
-0.15422500000000242,-0.31822499999999876,-0.01877499999999941
-0.2744999999999971,-0.06600000000000819,-0.06849999999999795
0.06587500000000712,0.11512500000000102,-0.44177500000000636
0.6849500000000108,0.20320000000000163,-0.9900500000000096
0.30467500000002534,0.14580000000000382,-0.6528250000000225
0.16360000000000127,-0.005199999999995264,-0.44560000000000405
-0.07662500000000994,-0.08962499999999807,-0.3685000000000014
-0.7008499999999861,0.0323499999999973,-0.4545999999999981
-0.040599999999985814,-0.027250000000001363,-0.2582499999999959
0.3233999999999992,0.14669999999999273,-0.19899999999999865
0.3535500000000025,0.4205500000000188,-0.30192499999998407
0.31050000000000066,0.09050000000000522,-0.5817499999999955
-0.05262500000001186,-0.01712500000000091,-0.24854999999998653
-0.31100000000000133,-0.029600000000000366,0.019800000000002482
-0.20337500000000547,-0.0009000000000014552,-0.17392499999999017
-0.061000000000001366,-0.25019999999999754,-0.034050000000001426
0.004124999999999659,-0.3022500000000048,-0.08549999999999044
0.01259999999999991,-0.2109000000000003,-0.24480000000000018
0.0269500000000005,-0.16067499999999824,-0.216099999999999
0.08649999999999977,-0.2742999999999995,-0.2551999999999998
