0.150225,-0.633875,-0.103375
-0.03,-0.2,-0.07
0.06344999999999999,0.06032499999999999,-0.049975000000000006
-0.023999999999999966,0.25029999999999997,0.010249999999999995
-0.28925,0.369475,0.109875
-0.08900000000000002,0.2293,0.0765
0.01674999999999999,0.13637500000000002,0.07012499999999998
0.02975000000000001,0.09,0.09034999999999999
-0.003624999999999972,0.09,0.13707499999999995
-0.016600000000000004,0.05260000000000001,0.1566
-0.010149999999999989,-0.02052499999999996,0.14985
-0.02349999999999998,-0.06724999999999992,0.1365
-0.02315000000000001,-0.07630000000000002,0.13
-0.009700000000000004,-0.04940000000000001,0.1305
0.010324999999999954,-0.009350000000000096,0.1638749999999999
0.016550000000000013,0.023799999999999957,0.19034999999999996
0.009875000000000007,0.05074999999999996,0.21
0.0032000000000000028,0.09079999999999999,0.21
-0.03127500000000001,0.12390000000000001,0.18567499999999998
-0.09029999999999998,0.15044999999999997,0.13850000000000012
-0.10364999999999998,0.17047499999999996,0.07175000000000008
-0.1274999999999999,0.18,0.022500000000000103
-0.16,0.17912499999999998,-0.008599999999999983
-0.16,0.14575000000000007,0.0447999999999999
-0.16,0.0877000000000001,0.06295000000000002
-0.16159999999999997,0.006400000000000072,0.04900000000000002
-0.215,-0.11375,0.015625
-0.2754999999999997,-0.19129999999999983,0.0
-0.3418000000000001,-0.22955,0.0006750000000000263
-0.39519999999999983,-0.21620000000000003,0.02069999999999993
-0.4414499999999999,-0.20285000000000003,0.03357499999999998
-0.48224999999999985,-0.18900000000000006,0.039000000000000055
-0.5423249999999998,-0.16230000000000003,0.01230000000000004
-0.6239999999999999,-0.12840000000000001,-0.017999999999999974
-0.7254999999999993,-0.08972500000000003,-0.050274999999999966
-0.8590000000000001,-0.08305,-0.05695
-1.0214999999999992,-0.09812499999999985,-0.06
-1.2050999999999996,-0.13209999999999983,-0.0611999999999999
-1.3185749999999996,-0.17882499999999987,-0.08789999999999992
-1.4356999999999998,-0.20365,-0.10729999999999996
-1.55585,-0.209675,-0.12097499999999996
-1.6759999999999993,-0.20300000000000004,-0.14099999999999988
-1.7924749999999998,-0.19265000000000002,-0.15735
-1.9042,-0.18,-0.17245000000000002
-1.9842999999999997,-0.18,-0.2191749999999998
-2.0385,-0.18369999999999997,-0.27699999999999975
-2.0685,-0.189625,-0.34300000000000014
-2.0418,-0.18295,-0.39639999999999986
-1.9778499999999994,-0.15764999999999985,-0.44235000000000013
-1.8844,-0.11760000000000004,-0.4804
-1.7909500000000005,-0.07755000000000023,-0.4870749999999999
-1.69,-0.05625,-0.48624999999999996
-1.5734250000000012,-0.05,-0.4838249999999997
-1.3131000000000024,-0.05,-0.5438999999999994
-0.9017750000000018,-0.08019999999999983,-0.6681499999999994
-0.3672499999999983,-0.14215000000000044,-0.8426000000000005
0.2668749999999987,-0.32237499999999963,-1.0294999999999996
0.5779999999999996,-0.5063999999999987,-1.1024000000000003
0.6324000000000012,-0.6871249999999989,-1.0885750000000003
0.5256000000000006,-0.7872499999999995,-1.06855
0.552675,-0.803225,-1.11355
0.6844999999999992,-0.7525000000000004,-1.199
0.8780749999999983,-0.6523750000000009,-1.18565
0.9676999999999999,-0.6792999999999997,-1.1530500000000001
0.9763250000000003,-0.8020749999999989,-1.1126249999999998
0.9296000000000001,-0.9555999999999998,-1.146
0.8906250000000002,-1.0819999999999994,-1.15225
0.8583500000000002,-1.1821999999999997,-1.1432999999999995
0.8383250000000001,-1.2088999999999999,-1.1833499999999997
0.8963000000000001,-1.1654,-1.1922
1.022424999999999,-1.0610250000000008,-1.1685000000000005
1.2827499999999976,-0.8407500000000019,-1.035000000000001
1.5038249999999995,-0.75,-1.0153249999999998
1.6961999999999986,-0.8351999999999931,-1.2553999999999852
1.8764249999999998,-1.7830499999999987,-3.3179749999999975
1.95,-2.9007499999999924,-3.0026500000000116
1.95,-3.7962499999999997,-0.9131250000000009
1.95,-1.4066000000000112,2.471099999999984
1.95,0.7962249999999806,2.234100000000025
1.810250000000005,2.478250000000007,-0.255249999999998
0.37512500000001153,0.5091250000000159,-0.8226249999999955
0.16799999999999216,-0.6279999999999926,-0.9220000000000028
0.7145999999999998,-1.0021749999999945,-0.7360750000000003
0.6612,0.4596499999999988,-0.7961499999999999
0.2697000000000034,0.830700000000002,-0.7354750000000008
-0.29190000000000005,0.4079999999999995,-0.6513000000000001
-0.40537499999999954,-0.6599999999999955,-1.0451249999999983
-0.312300000000002,-1.1974499999999983,-1.4348999999999965
-0.10855000000000017,-1.314900000000007,-1.8002999999999973
-0.0952000000000001,-0.8076000000000039,-1.9871999999999985
-0.2244749999999973,-0.45922500000000305,-1.9825750000000015
-0.4102499999999996,-0.22349999999999937,-1.8534999999999995
-0.323475,-0.07665000000000007,-1.70665
-0.007100000000002327,-0.11019999999999924,-1.522900000000001
0.4108499999999991,-0.2779749999999968,-1.2873000000000046
0.5042999999999996,-0.6050499999999988,-0.8334000000000018
0.2595000000000039,-0.8826249999999979,-0.3423750000000044
-0.19279999999999886,-1.1175999999999997,0.15879999999999894
-0.6333499999999922,-1.2644499999999974,0.5659749999999927
-0.9327999999999975,-1.1457000000000033,0.6453000000000014
-1.1150500000000003,-0.8422500000000028,0.46575000000000366
-1.0750000000000002,-0.375,-0.13499999999999998
-0.6174500000000108,-0.1916500000000002,-0.46854999999999736
0.0314499999999977,-0.2573499999999943,-0.6132000000000005
0.27842499999999915,-0.864774999999998,-0.5598000000000002
0.13480000000000703,-1.291599999999994,-0.3426000000000059
-0.22062499999999702,-1.5428750000000027,-0.08224999999999882
-0.45424999999999843,-1.3359500000000015,-0.17569999999999936
-0.4217000000000002,-0.8924250000000005,-0.3705499999999997
-0.2383999999999992,-0.3323999999999978,-0.6323000000000016
-0.07820000000000164,0.09479999999999564,-0.9460249999999968
0.022499999999999715,0.5177499999999982,-1.4084999999999976
0.029124999999999346,0.8503999999999996,-1.895725
-0.33799999999999497,0.6368000000000029,-2.009199999999998
-0.22632500000000286,0.1880750000000045,-1.9303000000000012
0.14939999999999198,-0.3365999999999957,-1.7529000000000028
0.49649999999999406,-0.5234999999999967,-1.6327500000000021
0.3190000000000051,-0.4094000000000031,-1.7748999999999968
-0.10534999999999914,-0.1280750000000015,-2.072649999999998
-0.27890000000000015,0.15895000000000026,-2.4331000000000005
-0.23620000000000232,0.5194999999999942,-2.4129500000000035
-0.1229999999999987,0.825000000000002,-2.1220000000000057
-0.27652499999999963,0.5913750000000007,-1.4678500000000017
-0.11685000000000587,0.2707500000000066,-0.8963500000000095
0.1845999999999981,-0.1281499999999932,-0.3926000000000045
0.34479999999999905,-0.7021999999999966,-0.018800000000002245
0.080625,-0.921875,0.131875
-0.319500000000001,-0.9111500000000037,0.11485000000000445
-0.25275000000000064,-0.6641750000000023,-0.1721749999999973
-0.4103999999999991,-0.47440000000000054,-0.2524000000000001
-0.6303250000000011,-0.3668749999999969,-0.2633249999999961
-0.5702500000000008,-0.5337499999999978,-0.4702499999999974
-0.55885,-0.8023999999999978,-0.535575
-0.6238999999999928,-1.1260999999999926,-0.4607000000000093
-0.9509750000000017,-1.4665250000000019,-0.04017499999999785
-1.06,-1.3664000000000034,0.27799999999999725
-0.9666250000000024,-1.0403750000000016,0.3987500000000026
-0.4125999999999991,-0.6865999999999994,-0.20200000000000104
-0.3060749999999985,-0.3059750000000053,-0.5789999999999964
-0.5069499999999952,0.03149999999999949,-0.780450000000001
-1.1277249999999859,0.09824999999999846,-0.6669750000000026
-0.9565000000000095,-0.13199999999999362,-0.9404999999999921
-0.4600500000000025,-0.550449999999993,-1.289450000000002
-0.23310000000000114,-1.1778999999999966,-1.115900000000001
-0.3907750000000003,-1.1899499999999996,-1.1821750000000002
-0.6999999999999976,-0.8568000000000082,-1.3527999999999982
-0.8668749999999986,-0.2827500000000049,-1.4796249999999989
-0.8062500000000005,-0.2774499999999993,-1.6837999999999993
-0.6748999999999996,-0.5340999999999957,-1.8934749999999987
-0.7015999999999997,-0.7743999999999971,-1.966899999999999
-0.7786249999999972,-0.9460749999999962,-1.6240000000000145
-0.815,-1.1025,-1.19875
-0.5747000000000037,-1.3294499999999965,-1.2454749999999992
-0.5045999999999999,-1.3034000000000012,-1.2508000000000001
-0.4883250000000004,-1.2613999999999987,-1.3394499999999983
-0.3748500000000021,-1.635199999999993,-1.8600999999999903
-0.6729999999999939,-1.7731249999999996,-1.9043750000000021
-1.0664999999999998,-1.7818000000000007,-1.7609000000000004
-1.0998749999999993,-1.688350000000002,-1.714175000000001
-0.9984000000000026,-1.752999999999998,-1.9510999999999943
-0.952149999999987,-1.8441000000000025,-2.2704749999999954
-1.3659999999999894,-1.764000000000002,-2.4239999999999964
-1.7143999999999937,-1.520275000000006,-2.1754750000000085
-1.9618999999999998,-1.298350000000001,-1.8872500000000019
-1.9218499999999994,-1.4385250000000018,-2.120875000000003
-1.863,-1.884199999999999,-2.2417
-1.8306250000000004,-2.295999999999999,-2.260124999999999
-1.9307499999999989,-2.0824000000000025,-2.066550000000002
-2.0119749999999996,-1.7790250000000016,-1.995825
-2.1092,-1.5366000000000002,-2.0178000000000003
-2.2960999999999974,-1.6634249999999982,-2.1980249999999972
-2.274000000000001,-1.7474999999999994,-2.2357500000000003
-2.1586500000000033,-1.7700750000000034,-2.205750000000002
-2.0118000000000027,-1.6299000000000026,-2.139000000000001
-1.965225,-1.771449999999997,-2.1009
-2.016549999999993,-1.898950000000009,-2.072750000000001
-2.2768749999999947,-1.571875000000007,-2.0393750000000006
-2.124400000000005,-1.4943999999999997,-2.1115999999999984
-1.798875000000011,-1.5335999999999967,-2.188200000000002
-1.4317500000000092,-1.6403999999999974,-2.1348000000000016
-1.3637750000000002,-1.7086000000000001,-1.9993749999999997
-1.4090000000000003,-1.7274999999999991,-1.8594999999999997
-1.4490499999999997,-1.6273750000000007,-1.8127750000000005
-1.43575,-1.5660500000000002,-1.87275
-1.3642499999999989,-1.4903499999999992,-1.9591500000000002
-1.1640000000000021,-1.3168000000000017,-1.9991999999999994
-0.944250000000001,-1.2407500000000002,-2.1123749999999992
-0.7963499999999978,-1.2146499999999996,-2.1936500000000025
-0.9098249999999984,-1.2346749999999997,-2.0801750000000014
-0.8910000000000005,-1.2253,-2.0549
-0.8100750000000029,-1.1627500000000046,-2.06
-0.6832500000000021,-0.9625000000000035,-2.06
-0.5810499999999991,-0.8459749999999991,-2.055075
-0.4748000000000008,-0.7672000000000003,-2.0052000000000008
-0.32795000000000296,-0.7138000000000011,-1.8183000000000038
-0.23555000000000262,-0.6851500000000007,-1.6512000000000058
-0.18,-0.6667500000000002,-1.4796250000000017
-0.18,-0.6534000000000003,-1.2727000000000048
-0.29940000000000055,-0.6002499999999998,-1.0806999999999993
-0.43319999999999936,-0.5450500000000003,-0.9581499999999991
-0.4866000000000008,-0.5250249999999997,-1.0315750000000012
-0.605,-0.55,-0.79
-0.725074999999999,-0.5816749999999998,-0.4362000000000058
-0.7851499999999982,-0.5883499999999998,-0.062400000000011474
-1.056274999999999,-0.49452500000000044,0.09029999999999971
-1.4204999999999919,-0.31160000000000654,0.06840000000000596
-1.8543749999999852,0.035499999999988166,-0.2519999999999891
-1.8640500000000009,-0.10724999999999796,-0.7642999999999961
-1.53540000000002,-0.5111249999999845,-1.2262249999999968
-0.627600000000034,-1.2119999999999735,-1.3663999999999947
-0.16132500000000333,-2.3087249999999875,-0.8366750000000074
-0.03199999999998915,-3.274749999999994,-0.31099999999999794
-0.4591999999999826,-3.52172499999999,-0.39109999999999673
-0.5294000000000005,-2.4223000000000208,-0.6598999999999955
-0.41302500000000947,-0.9940500000000345,-0.9940749999999898
-0.08595000000000055,0.19409999999999794,-1.3478499999999993
-0.22012499999999532,0.92099999999999,-1.296750000000003
-0.32279999999999637,1.4292000000000031,-1.1880000000000006
0.03764999999999814,1.7228999999999985,-1.2547499999999996
0.25389999999999646,1.1359500000000173,-1.3523999999999978
0.33619999999999894,0.31742499999999485,-1.5778250000000038
0.17600000000000138,-0.42349999999999366,-2.1184999999999956
-0.041124999999994444,-0.8228749999999928,-2.4573499999999937
-0.2692000000000007,-1.0122499999999997,-2.6155999999999997
-0.48279999999999745,-0.9121250000000012,-2.455400000000002
-0.27520000000000894,-0.2504000000000223,-2.154800000000009
0.0031249999999934663,0.41124999999998924,-1.7900000000000182
0.15664999999999765,0.664899999999996,-1.3628000000000065
-0.09737499999998872,0.641625000000003,-1.1968500000000029
-0.3410000000000031,0.42750000000002303,-1.1527999999999963
-0.27425000000000127,-0.07312499999999061,-1.2328999999999986
-0.19700000000000273,-0.3794999999999914,-1.0610000000000082
-0.1958249999999987,-0.5426750000000005,-0.8688250000000005
-0.3893999999999957,-0.4826000000000013,-0.7954000000000017
-0.39307499999999973,-0.6757250000000012,-0.7061499999999995
-0.3288000000000011,-0.8424500000000006,-0.6477999999999997
-0.22200000000000275,-0.7823750000000016,-0.6744999999999993
-0.32720000000000027,-0.7806000000000001,-0.6482
-0.4163000000000011,-0.7939499999999998,-0.5805000000000018
-0.33620000000000233,-0.8072999999999997,-0.44700000000000384
-0.19220000000000026,-0.3041250000000011,-0.42532499999999995
-0.008000000000004115,0.06000000000000455,-0.3580000000000041
0.23229999999999223,-0.20699999999999136,-0.11770000000000778
0.21580000000000044,-0.6558999999999975,0.085149999999999
0.14785000000000081,-0.9595000000000027,0.19772500000000148
0.10780000000000144,-0.8260000000000048,0.12430000000000263
0.19137499999999422,-0.6871250000000072,-0.1372499999999843
0.18185000000000687,-0.614599999999998,-0.3663999999999987
-0.10517499999998875,-0.6946999999999969,-0.4197999999999979
-0.36519999999999697,-0.6344000000000011,-0.9591999999999921
-0.4611499999999962,-0.47454999999999525,-1.4183000000000003
-0.20750000000000002,-0.16749999999999998,-1.4449999999999998
-0.28477499999999767,0.09072499999999623,-1.4608499999999998
-0.3417000000000047,0.24740000000000123,-1.4720999999999997
-0.18817500000000054,0.20735000000000015,-1.478775
0.32504999999998885,0.2,-1.4418500000000007
0.8936249999999825,0.26162499999999345,-1.2931250000000125
1.4075999999999964,0.45519999999999866,-0.9260000000000025
1.6368749999999963,0.09032500000001081,-0.5972000000000071
1.6618500000000103,-0.5775499999999607,-0.30260000000000903
1.3881750000000028,-1.6255249999999895,-0.06230000000000245
1.4774999999999958,-2.13449999999999,-0.06949999999999847
1.6682999999999901,-2.3478000000000065,-0.22744999999998528
1.9085999999999967,-2.1876000000000024,-0.5878999999999951
1.95,-1.5798750000000203,-0.6886749999999986
1.8664000000000112,-1.1451999999999953,-0.7090000000000015
1.6127500000000043,-1.2519999999999982,-0.6756250000000006
1.331349999999997,-1.0812999999999977,-0.7033000000000004
1.0821500000000008,-0.9055250000000004,-0.5653500000000025
0.9086000000000035,-0.8321000000000015,-0.0714000000000101
1.1030000000000018,-0.9816750000000014,-0.04017500000000041
1.1112500000000043,-1.472249999999991,-0.2217499999999964
0.610625000000012,-2.5469249999999746,-0.6422749999999899
-0.09720000000000245,-3.369600000000003,-1.3428000000000027
-0.42165000000000585,-3.4659500000000145,-1.812700000000001
0.07229999999998654,-2.251100000000033,-1.7326000000000021
0.8306249999999656,-1.3512500000000358,-0.9887500000000369
1.3002000000000027,-0.8183999999999992,-0.20380000000000953
1.1266500000000055,-0.8717999999999984,0.42364999999998076
0.9305000000000092,-0.6653000000000117,1.0680499999999702
0.8162749999999992,-0.5046499999999997,1.5574249999999963
0.8629999999999984,-0.5179999999999996,1.7509999999999935
0.9551249999999951,-1.03642499999997,1.9956499999999875
1.1069499999999945,-1.6626499999999853,2.239899999999995
1.3539250000000012,-2.3234750000000033,2.4668500000000013
1.4013999999999998,-2.659399999999997,2.340400000000002
1.381500000000002,-2.645250000000014,2.1440000000000055
1.3014,-2.097899999999999,1.9303999999999997
1.0724500000000035,-1.4417750000000091,1.711075000000003
0.8092000000000081,-0.935600000000006,1.6227999999999958
0.5288500000000005,-0.7286750000000003,1.7696499999999997
0.20250000000000568,-0.37800000000000633,1.7095000000000016
-0.12397499999998984,-0.0987750000000037,1.5214750000000115
-0.43769999999999837,0.014699999999999418,1.167700000000002
-0.8264999999999918,0.05887499999999932,0.7619500000000086
-1.2024999999999881,0.11184999999999688,0.38730000000001097
-1.536249999999983,0.19862499999999556,0.0802500000000157
-1.7365999999999957,0.22159999999999969,-0.22679999999999267
-1.842575000000001,0.23247499999999974,-0.5140499999999901
-1.8225500000000012,0.23914999999999964,-0.7676999999999862
-1.6976750000000038,0.24582499999999982,-0.928149999999996
-1.5725,0.2275,-1.0675
-1.4723750000000015,0.16742500000000093,-1.194324999999998
-1.3664000000000032,0.037150000000004305,-1.3094499999999965
-1.3681749999999995,-0.10049999999999953,-1.473424999999999
-1.5483999999999967,-0.2339999999999975,-1.7203999999999953
-1.8989999999999871,-0.2734999999999991,-1.697125000000002
-2.231999999999998,-0.26450000000000046,-1.593700000000001
-2.498999999999994,-0.19775000000000148,-1.4201500000000038
-2.565399999999998,-0.21949999999999875,-1.329200000000003
-2.515325000000002,-0.3043749999999983,-1.2516750000000008
-2.3217500000000046,-0.47124999999999573,-1.1782500000000018
-2.169650000000006,-0.5847999999999957,-1.0989000000000033
-2.0410000000000013,-0.6396000000000004,-1.0162000000000013
-1.9408750000000028,-0.6129000000000008,-0.9294250000000025
-1.9359499999999996,-0.508850000000005,-0.8902500000000015
-1.9504999999999995,-0.4058750000000015,-0.8621250000000004
-1.9771999999999992,-0.3191000000000028,-0.8421000000000006
-1.9919499999999994,-0.23232500000000414,-0.7922000000000026
-2.005299999999999,-0.15085000000000462,-0.7547000000000008
-2.0186499999999996,-0.07742500000000263,-0.7413500000000005
-1.9600000000000033,-0.022000000000002726,-0.686000000000003
-1.9093000000000018,0.026049999999997346,-0.6179000000000053
-1.882600000000001,0.06609999999999844,-0.5378000000000032
-1.9040999999999983,0.07602499999999963,-0.5119250000000011
-1.9605000000000015,0.08,-0.5081000000000003
-2.060625,0.08,-0.5281250000000001
-2.0578999999999996,0.09210000000000036,-0.5239499999999998
-2.0254749999999992,0.11090000000000033,-0.5254500000000002
-1.9654000000000003,0.13759999999999992,-0.5388
-1.8688750000000018,0.14607499999999987,-0.5339250000000002
-1.7714999999999992,0.14174999999999982,-0.5107499999999996
-1.6780500000000005,0.12172500000000014,-0.46402500000000035
-1.8407999999999958,0.03460000000000206,-0.22820000000000562
-2.1331500000000023,-0.10047500000000101,0.16142500000000304
-2.573699999999995,-0.29404999999999804,0.7421499999999941
-3.3388749999999794,-0.6407499999999907,1.6046249999999773
-3.8336,-0.9760000000000005,2.338400000000001
-3.9136999999999986,-1.276374999999996,2.8590499999999928
-2.7638000000000362,-1.6997499999999874,3.3058999999999874
-1.4411000000000025,-1.8737250000000003,3.54305
-0.0260000000000241,-1.6935000000000031,3.5030000000000006
1.2347249999999597,-2.019624999999988,3.327100000000006
1.95,-2.2157500000000017,3.3966999999999805
1.95,-2.182375000000001,3.810549999999991
1.95,-1.429800000000029,3.84
1.6912500000000308,-0.8952500000000089,3.6588750000000214
1.0905000000000145,-0.7217000000000041,3.23835000000001
1.1371499999999963,-0.8531749999999939,2.8676250000000145
1.2508999999999924,-0.9226000000000022,2.494700000000021
1.391074999999996,-0.8825500000000011,2.1142250000000105
1.4249999999999987,-0.7612500000000053,1.996250000000004
1.36395000000001,-0.6432000000000062,1.8756500000000085
1.1904000000000052,-0.5364000000000033,1.7288000000000046
0.8788000000000147,-0.5488249999999991,1.6949000000000012
0.6380500000000086,-0.5541000000000008,1.5944500000000117
0.4978750000000048,-0.5407500000000005,1.4008750000000065
0.5151999999999987,-0.19980000000001782,1.1506000000000125
0.37827500000002207,0.14279999999997928,0.9653750000000065
0.03784999999999826,0.4632000000000016,0.8652499999999995
-0.441724999999995,0.2586250000000024,0.391950000000005
-0.7130000000000001,0.1480000000000007,0.2310000000000042
-0.719675,0.18805000000000008,0.4779750000000004
-0.8469999999999982,-0.15924999999999498,0.5852499999999986
-0.916975,-0.44470000000000254,0.6430250000000001
-0.9103,-0.6315999999999997,0.6497
-1.0629999999999973,-1.035249999999993,0.4651250000000033
-1.1164499999999993,-1.2172999999999992,0.27459999999999807
-1.0430250000000003,-1.1238500000000007,0.08770000000000096
-0.9760000000000013,-0.6272000000000105,0.1311999999999989
-0.7893249999999977,-0.26082499999999864,0.14462499999999978
-0.46225000000000277,-0.06725000000000164,0.11125000000000028
-0.006675000000010978,-0.08569999999999936,0.11642499999999983
0.27099999999999735,-0.2022999999999914,0.2098999999999924
0.3377499999999992,-0.42257499999999737,0.40347499999999764
0.5721999999999934,-0.48159999999999853,0.4422499999999991
0.7906249999999917,-0.422500000000008,0.4100000000000046
0.9841999999999971,-0.23560000000000286,0.30320000000000163
0.737475000000008,-0.13935000000000286,0.18345000000000367
0.4141500000000181,-0.11834999999999724,0.11055000000000093
0.02032500000000738,-0.17842499999999886,0.09052500000000037
-0.18499999999999317,-0.12800000000000183,0.11599999999999909
-0.328099999999996,-0.1222249999999977,0.14587499999999837
-0.4081999999999982,-0.168949999999999,0.17924999999999924
-0.3969500000000005,-0.02645000000000551,0.16042500000000073
-0.26200000000000273,0.1331999999999982,0.02200000000000274
0.00499999999998181,0.3067499999999882,-0.24499999999998182
-0.12754999999999428,0.13315000000000737,-0.07315000000000738
-0.14517500000000155,-0.005149999999998725,0.02
-0.03170000000000812,-0.09859999999999332,0.02
0.15409999999999172,-0.2840999999999917,-0.01287499999999852
0.15575000000000327,-0.522999999999995,0.07724999999999627
-0.037824999999985495,-0.8166999999999779,0.2975249999999835
-0.05979999999999905,-0.4504000000000178,0.2604000000000019
-0.07327499999999987,-0.23052500000000123,0.29239999999999783
-0.07995000000000005,-0.1704499999999996,0.3992000000000008
-0.11975000000000137,-0.32237500000000524,0.4
-0.1301000000000005,-0.4296999999999986,0.39670000000000016
-0.11007499999999994,-0.4897750000000002,0.390025
-0.12995000000000062,-0.7094500000000067,0.3700499999999994
