-326.7462,-51.37979999999999,15.094200000000003
-242.49,-17.7,30.0
-180.94740000000002,-6.124800000000002,19.5252
-119.40480000000002,5.450399999999996,9.050400000000003
-68.01000000000002,6.402000000000003,12.176199999999994
-22.860000000000035,0.8160000000000038,23.67159999999999
9.13700000000001,-6.097999999999992,32.565
-0.9556000000000004,-17.2616,33.132
-11.0482,-28.425199999999997,33.699
23.358799999999945,-8.312000000000033,24.625200000000014
65.18240000000003,17.014000000000017,13.944599999999994
95.05199999999998,32.291999999999994,12.507999999999985
111.77220000000001,36.5172,21.239800000000002
124.256,38.772,29.5668
96.494,22.308000000000003,34.0482
68.732,5.844000000000004,38.5296
36.19700000000001,-3.8909999999999982,33.77400000000001
1.7528000000000183,-10.934399999999997,25.323600000000006
-30.001999999999924,-14.879600000000007,18.80240000000001
-56.378000000000036,-12.628399999999997,16.139599999999998
-82.75400000000003,-10.377199999999997,13.476799999999997
-48.158000000000136,3.241999999999951,10.35000000000001
-10.513399999999976,17.42960000000001,7.1999999999999975
18.05920000000001,25.0772,5.425199999999999
39.82779999999991,27.81979999999999,4.681800000000003
55.074799999999996,26.89839999999999,4.631200000000001
42.605000000000004,10.404999999999998,7.525
30.135200000000005,-6.088399999999998,10.418800000000001
7.275000000000006,-3.569000000000001,18.517999999999997
-18.029999999999987,3.423999999999997,27.841999999999995
-23.994000000000014,9.975999999999996,33.8396
-4.170000000000016,15.939999999999996,35.402
15.552600000000055,21.544399999999996,36.58259999999998
33.24719999999998,19.9568,30.12720000000001
50.94179999999998,18.369200000000003,23.671800000000008
46.95600000000009,7.718000000000089,22.970399999999987
32.130000000000024,-7.464999999999973,25.145999999999997
20.170799999999986,-19.42240000000001,29.18040000000002
15.37860000000001,-23.31579999999999,37.86179999999998
10.58639999999999,-27.209200000000006,46.54320000000001
8.279400000000006,-24.106800000000007,46.838
6.234000000000014,-20.268000000000026,46.25
3.1524000000000107,-20.31659999999999,50.906799999999976
-0.8712000000000057,-23.899200000000004,60.33160000000001
-2.0772000000000475,-29.926199999999938,69.56259999999997
13.622400000000017,-50.61960000000002,77.63080000000001
29.32199999999995,-71.31299999999993,85.69899999999997
61.68399999999971,-95.03039999999982,90.19599999999998
99.25299999999987,-119.69279999999992,93.57699999999998
131.9052,-134.3072,104.1868
156.56759999999989,-132.5936,126.5433999999999
181.23,-130.88,148.9
175.54739999999995,-126.16759999999998,167.8504000000001
169.8648,-121.4552,186.8008
161.05700000000004,-127.66539999999993,192.5302
150.32600000000002,-140.5972,190.1236
140.71700000000004,-162.06599999999975,188.91799999999998
134.6984,-210.85319999999996,191.5556
128.67979999999997,-259.64040000000017,194.1932
136.6436,-291.67679999999996,208.39759999999995
146.93779999999995,-320.92139999999984,224.5297999999999
154.878,-351.936,247.22399999999993
160.22879999999998,-384.89759999999984,277.1363999999998
164.29919999999993,-417.62720000000024,304.7124
156.20579999999998,-448.15280000000007,310.0926
148.11240000000004,-478.6783999999999,315.47279999999995
148.563,-473.1500000000001,328.2599999999999
152.4312,-453.20000000000005,344.00999999999993
153.29500000000002,-438.7478,359.4435999999999
148.15000000000006,-435.29120000000006,374.2443999999998
143.005,-431.8346,389.0452
122.12400000000007,-447.03399999999993,383.678
100.45620000000017,-463.1661999999999,377.30240000000003
95.23800000000004,-485.2264000000001,366.9595999999999
102.35699999999994,-511.7325999999998,353.6414000000001
110.70559999999995,-534.0244,344.792
124.28,-538.405,354.935
137.85440000000006,-542.7856,365.07800000000003
123.83440000000019,-539.472,400.4285999999996
103.32160000000009,-534.348,441.7103999999998
95.50599999999999,-536.3267999999999,457.8156
104.61999999999988,-547.7759999999998,440.35200000000026
111.86099999999976,-559.0252,423.8138
81.64200000000017,-566.2744,425.78360000000004
51.423000000000044,-573.5236,427.7534
97.77840000000023,-551.6611999999999,443.6728000000001
182.42099999999914,-515.2430000000004,466.5669999999998
244.61399999999995,-488.00840000000005,482.89840000000004
250.68299999999996,-483.7328,482.82280000000003
256.752,-479.4572,482.7472
259.48459999999994,-512.3455999999996,454.30840000000035
261.866,-549.1459999999997,422.88400000000024
243.1736000000001,-563.6252,415.36479999999995
205.32320000000058,-557.8124000000001,429.5775999999998
175.1552000000001,-550.8872,445.11880000000014
191.0815999999999,-537.2876000000001,468.63039999999984
207.00799999999995,-523.6880000000001,492.14199999999994
213.7664,-519.8644,490.3256
217.65979999999996,-519.0958,480.5942000000001
225.39799999999988,-527.1863999999998,470.73640000000006
239.38399999999996,-549.6731999999998,460.67320000000007
253.37,-572.16,450.61
251.39600000000002,-584.1677999999998,458.1867999999999
249.42199999999997,-596.1756000000001,465.76360000000005
243.7872,-598.7376,475.95859999999993
235.8996,-595.4868,487.7648
228.44499999999996,-593.114,496.84
222.37600000000006,-593.5508,497.176
216.30700000000002,-593.9875999999999,497.512
187.07920000000004,-611.9384,497.00919999999996
153.9915999999999,-632.8082,496.3666
142.75799999999987,-644.948,488.58000000000015
155.56379999999993,-647.4848,472.93500000000006
167.296,-649.2264,457.8652
168.82899999999998,-643.4136000000001,448.25980000000015
170.36200000000002,-637.6008,438.65439999999995
169.96,-616.6950000000002,427.2400000000001
168.78400000000002,-589.7520000000001,415.10200000000003
159.93319999999997,-571.4652,407.7688
135.73280000000028,-570.4908,410.04519999999997
111.53240000000018,-569.5164000000001,412.3216
108.356,-554.9100000000001,417.626
106.23079999999999,-539.6220000000001,423.08180000000004
138.55279999999928,-529.6308000000001,434.25919999999985
196.71019999999953,-523.6122,449.7277999999999
250.20520000000045,-519.7112000000001,460.8107999999999
283.885,-524.81,453.255
317.56480000000016,-529.9088,445.69919999999996
290.1024000000004,-539.1283999999999,435.6172000000001
248.2536000000002,-549.3176,424.9408
188.1870000000015,-556.7761999999999,417.7096
103.83000000000114,-560.5939999999999,415.072
22.299799999999813,-564.6970000000001,413.3526000000001
-2.6943999999998667,-574.504,429.9971999999999
-27.68859999999997,-584.311,446.6418
-1.2608000000007422,-600.1463999999997,446.3520000000001
50.877999999999474,-618.9959999999999,437.5950000000001
91.00359999999978,-625.5972000000006,433.0595999999998
101.09619999999998,-601.5774,439.0782
111.18880000000003,-577.5576,445.09680000000003
127.34999999999982,-532.3794000000005,444.39320000000004
144.1499999999999,-484.9740000000003,442.982
156.02639999999985,-455.73400000000026,431.1626000000004
163.4267999999999,-443.0080000000002,409.8812000000003
160.45499999999967,-432.3118,390.1621999999999
95.24999999999937,-433.7944,379.8175999999999
30.045000000000222,-435.277,369.473
-8.209599999999512,-429.42520000000013,367.61479999999995
-38.04219999999964,-421.2814000000001,368.4086
-51.8172000000001,-412.6992000000001,366.3736
-39.49859999999984,-403.4045999999999,359.7417999999999
-27.18,-394.11,353.11
21.708000000000197,-362.2487999999999,361.9426
70.5960000000004,-330.38759999999974,370.77520000000004
130.35979999999856,-318.0758,369.14540000000017
196.81639999999882,-317.7944,361.0772000000001
237.1149999999991,-317.903,352.69899999999984
193.7080000000004,-319.2596,343.3288000000001
150.30100000000022,-320.6162,333.95860000000005
100.06480000000006,-315.0176,325.2004
48.69039999999986,-308.2598,316.5442
3.8040000000010252,-300.25600000000026,305.4000000000004
-33.945600000000404,-290.8815999999999,291.51899999999983
-67.25359999999986,-283.8292000000002,278.03799999999984
-58.36640000000013,-298.8357999999998,268.35700000000014
-49.47920000000009,-313.8423999999998,258.6760000000001
-72.87799999999976,-318.751,239.52100000000016
-109.19119999999991,-319.62039999999996,216.57640000000006
-128.29559999999998,-310.0079999999999,203.31980000000001
-112.98239999999991,-279.43199999999985,209.43920000000003
-97.66919999999985,-248.8559999999997,215.55860000000004
-58.74400000000082,-232.20400000000032,209.21400000000014
-18.63820000000065,-216.24820000000025,202.2462000000001
8.646799999999782,-209.9236,195.64560000000006
26.316199999999853,-210.8224,189.32040000000003
49.54719999999982,-207.8524000000001,181.18080000000006
96.415,-188.44,165.32999999999998
143.2828000000002,-169.02759999999992,149.47919999999993
160.43799999999973,-147.95600000000056,123.46920000000074
170.60199999999978,-126.49400000000047,95.06880000000062
138.19419999999855,-113.16439999999996,73.90079999999982
49.024000000001216,-110.67800000000004,62.376000000000154
-37.3829999999997,-107.87720000000009,50.72440000000013
-68.52599999999983,-98.78840000000005,36.53680000000008
-99.66899999999995,-89.69960000000002,22.34920000000002
-97.57040000000057,-73.64160000000061,7.374800000000484
-78.85099999999987,-54.09899999999987,-7.993000000000102
-61.55719999999985,-30.69359999999965,-22.35760000000013
-47.82740000000026,2.368799999999375,-34.21419999999978
-34.097600000000206,35.43119999999951,-46.07079999999983
-58.975799999999694,48.61199999999988,-58.29979999999986
-87.91799999999981,59.69999999999993,-70.56799999999991
-109.74759999999996,74.20899999999995,-88.22839999999994
-125.11120000000003,91.82800000000003,-110.79080000000002
-134.25939999999986,108.66760000000008,-130.58720000000002
-106.11520000000068,120.8307999999997,-133.7875999999999
-77.97100000000057,132.99399999999974,-136.98799999999994
-50.566000000000436,159.3843999999995,-143.1739999999999
-23.39199999999941,190.22080000000068,-150.29300000000015
-21.44839999999968,220.05079999999978,-151.88080000000005
-60.50419999999984,248.24539999999988,-144.48040000000003
-99.56,276.44,-137.08
-141.32900000000018,287.55320000000006,-147.58000000000004
-183.09799999999893,298.66639999999967,-158.07999999999976
-189.81639999999982,307.07040000000006,-174.90580000000026
-174.96519999999975,313.8072000000001,-195.62440000000035
-166.41799999999984,317.0680000000001,-211.52599999999998
-178.0435999999999,309.20560000000006,-212.01319999999998
-189.66919999999996,301.3432000000001,-212.50039999999998
-170.38880000000003,316.6828,-217.57399999999998
-145.95739999999992,335.8894,-223.412
-128.03799999999993,348.95000000000005,-230.27400000000006
-117.28179999999988,355.25000000000006,-238.2624000000001
-104.82320000000053,361.8939999999998,-246.99239999999972
-76.19180000000043,371.80599999999987,-262.7675999999998
-47.560400000000314,381.7179999999999,-278.54279999999983
-45.67099999999994,372.5860000000001,-287.87999999999994
-54.47839999999998,355.8364000000001,-294.642
-79.47260000000007,346.5824,-304.0752
-136.8404000000003,352.31960000000004,-318.85080000000005
-194.2081999999986,358.05679999999984,-333.62639999999965
-210.4519999999997,368.1579999999998,-335.818
-224.63960000000026,378.47740000000016,-337.3804
-207.7160000000005,377.3248000000001,-339.2956
-167.45900000000034,367.5682000000001,-341.4754
-133.90840000000003,365.6995999999999,-341.8296
-128.86,397.355,-334.425
-123.81160000000014,429.0103999999991,-327.0204000000002
-144.92960000000022,445.19920000000013,-321.734
-172.20440000000033,457.7488000000002,-316.9459999999999
-211.43119999999902,472.3395999999997,-305.85800000000035
-266.59399999999926,489.65199999999976,-286.37000000000023
-316.81540000000047,506.39599999999996,-268.12699999999995
-268.2088000000003,511.772,-274.784
-219.60220000000007,517.148,-281.44100000000003
-195.95759999999996,518.0692,-278.5892
-184.79399999999993,516.763,-270.98299999999995
-178.2167999999999,521.0763999999996,-265.41920000000005
-183.1055999999999,539.4387999999997,-264.9614
-187.99439999999993,557.8011999999997,-264.5036
-190.20039999999997,536.5182000000002,-285.4739999999997
-192.124,511.0620000000002,-308.6999999999998
-177.25060000000008,488.63740000000007,-326.45459999999997
-147.10719999999995,468.9688,-339.2352
-118.01739999999987,451.6384,-351.9750000000001
-95.24920000000056,448.3372000000001,-364.4699999999997
-72.48100000000046,445.03600000000006,-376.96499999999975
-68.48399999999997,441.0884000000001,-384.2727999999999
-70.35299999999992,436.9388000000002,-389.95959999999974
-90.42680000000128,436.9748000000002,-392.768
-140.0834000000015,443.8124000000002,-390.89899999999994
-189.74,450.65,-389.03
-196.60700000000003,450.3938,-375.12379999999996
-203.47400000000005,450.1376,-361.2175999999999
-195.8953999999998,459.2180000000002,-350.4989999999999
-179.42720000000028,474.04399999999976,-341.74200000000013
-162.77600000000024,492.63899999999956,-331.20400000000024
-145.53920000000016,523.2947999999997,-314.96680000000015
-128.3024000000001,553.9505999999999,-298.7296000000001
-125.7536,549.3948000000004,-296.6512
-125.6528,538.9704000000004,-296.9326
-124.85600000000004,530.5840000000002,-297.006
-123.29359999999998,524.4394,-296.8506
-124.67520000000043,519.0752,-296.4223999999999
-154.02480000000054,521.1248,-293.40259999999995
-183.37439999999967,523.1744,-290.38280000000003
-208.64399999999983,522.425,-288.203
-232.28159999999994,520.5559999999999,-286.3592
-234.19259999999994,524.1834,-286.5384
-192.65040000000118,538.8035999999995,-290.7635999999999
-151.108200000001,553.4237999999997,-294.9887999999999
-132.03400000000036,540.8040000000003,-306.04199999999975
-114.08320000000029,526.8222000000003,-317.4365999999998
-101.3404000000004,529.4051999999994,-320.31600000000014
-92.50359999999976,544.4118000000003,-316.8089999999999
-89.6235999999999,556.7407999999999,-315.8092
-112.06,557.69,-325.46500000000003
-134.4964000000001,558.6392000000001,-335.12080000000003
-139.32760000000002,544.0571999999999,-343.8416
-140.01639999999998,525.8208000000004,-352.3423999999998
-123.46480000000068,517.9685999999999,-361.7215999999998
-83.92600000000053,523.9619999999999,-372.2719999999998
-45.466400000000164,530.0725999999999,-382.3018
-28.590800000000666,538.5271999999997,-381.9196
-11.715200000000594,546.9817999999997,-381.53740000000005
-0.1652000000002758,547.0168000000001,-379.8896000000001
8.722000000000062,542.842,-377.609
14.148399999999965,539.3475999999999,-373.2727999999999
10.922799999999953,537.5542,-363.7975999999999
7.697199999999938,535.7608,-354.32239999999985
-7.391999999999825,526.4358000000001,-363.1289999999999
-23.72999999999989,516.3180000000001,-373.85999999999996
-40.94139999999995,513.0972,-373.8176
-58.94679999999941,516.1463999999999,-363.98120000000034
-80.29599999999881,518.9903999999999,-355.37480000000005
-121.70799999999898,520.6032,-354.14840000000004
-163.11999999999915,522.216,-352.922
-180.25679999999983,494.1712000000006,-355.67319999999995
-189.8076000000002,456.85839999999916,-359.6674000000001
-203.68160000000054,433.8864,-361.98319999999995
-224.5807999999999,434.2182,-361.5716
-245.48,434.55,-361.16
-267.1940000000001,461.6694000000001,-355.7336
-288.9080000000002,488.7888000000002,-350.30719999999997
-314.4465999999994,496.8060000000001,-348.7314
-342.33880000000045,493.068,-349.52520000000004
-362.04100000000005,496.48799999999966,-351.9409999999999
-355.53520000000026,522.8135999999988,-359.5471999999997
-349.02940000000007,549.1391999999998,-367.1534
-290.5648000000024,569.7155999999993,-377.2147999999996
-223.44039999999984,589.3338000000001,-387.6854
-184.4879999999997,586.7199999999989,-396.92800000000034
-176.5247999999999,559.6509999999997,-404.8198000000001
-170.8295999999997,534.4528000000001,-407.8720000000008
-186.6804000000003,527.0271999999999,-364.9479999999992
-202.53119999999984,519.6016000000001,-322.02400000000046
-202.54200000000026,492.45400000000143,-305.37100000000027
-196.2168,457.4176000000001,-299.2264
-173.3310000000018,420.55560000000133,-302.91539999999924
-117.3239999999997,380.0423999999998,-326.27160000000015
-61.317000000001364,339.529200000001,-349.62779999999947
-21.94200000000209,372.20799999999804,-334.52000000000095
16.601399999999373,408.54639999999944,-317.48900000000026
56.30160000000089,412.9839999999996,-294.4723999999994
96.86939999999967,393.49600000000015,-266.9666000000002
128.08519999999976,372.2959999999992,-240.8951999999994
119.555,343.82000000000005,-220.92
111.02480000000025,315.34400000000085,-200.94480000000058
73.99239999999965,308.7776,-178.7493999999998
30.253600000000944,307.36640000000006,-156.0316000000005
-11.094799999998031,297.1874000000011,-150.7773999999991
-49.25599999999948,275.3180000000003,-168.80799999999977
-85.0328000000005,251.8596000000024,-186.35919999999965
-73.12160000000006,196.6212000000003,-194.32239999999996
-61.210399999999616,141.3827999999982,-202.28560000000024
-36.105599999999924,107.27879999999993,-161.19839999999982
-4.40400000000086,83.74200000000064,-95.58600000000177
37.35240000000073,73.58880000000026,-42.82319999999977
104.24579999999874,96.89459999999957,-22.18440000000039
171.13920000000127,120.20040000000044,-1.545599999999609
239.49179999999927,135.67439999999985,-0.25259999999999194
307.9979999999972,150.32399999999942,-0.9959999999999699
331.25680000000006,149.66600000000005,9.115399999999944
313.38160000000056,135.09200000000047,29.09479999999935
286.25019999999955,115.69639999999973,48.451400000000085
203.58160000000203,67.37120000000117,64.07119999999962
120.91299999999889,19.045999999999346,79.6910000000002
78.16760000000049,-10.84079999999961,64.6580000000004
47.89819999999935,-34.96560000000052,40.04599999999947
11.364800000000372,-53.83119999999991,7.454800000000375
-35.34760000000139,-64.15060000000031,-38.10260000000135
-82.06,-74.47,-83.66
-73.25260000000027,-38.25760000000108,-56.15840000000081
-64.44519999999993,-2.0451999999997064,-28.656799999999777
-21.26320000000139,29.17259999999939,-2.08600000000056
43.07239999999669,57.31679999999855,23.911999999998663
95.27199999999982,73.12000000000032,40.74400000000017
108.63639999999943,49.432000000001025,28.24480000000054
122.00079999999993,25.744000000000128,15.745600000000069
82.88439999999845,-9.406400000001206,8.801199999999806
35.021199999999865,-46.4672000000001,2.7825999999999835
10.217999999999984,-61.78200000000023,6.86199999999959
10.780800000000005,-53.17619999999991,22.049200000000162
15.65839999999912,-42.60680000000056,33.94600000000037
61.52660000000086,-13.383199999999444,14.583999999999632
107.3947999999995,15.840399999999685,-4.777999999999791
34.727000000004864,69.49899999999742,-13.840999999999799
-85.35519999999968,132.93159999999983,-18.784399999999984
-157.90740000000073,147.80100000000266,-25.86139999999963
-135.39960000000139,65.54400000000513,-37.20559999999929
-112.89179999999902,-16.71300000000356,-48.549800000000495
-129.33200000000025,-54.63000000000048,-11.505999999999474
-147.7195999999997,-90.32999999999942,27.957199999999354
-119.05759999999862,-116.38680000000039,41.95879999999989
-55.108400000000515,-135.21119999999985,36.86420000000004
8.894399999997574,-143.4108000000014,32.01840000000014
73.125,-106.45499999999998,28.23
137.3555999999981,-69.4992000000011,24.44160000000011
164.55680000000015,-38.57839999999975,28.694200000000052
183.04519999999962,-9.077600000000636,34.838799999999864
202.54339999999894,19.040799999998647,34.77160000000043
223.38799999999972,45.31599999999965,26.42200000000011
239.8792000000031,69.97660000000033,18.97359999999954
169.30240000000038,62.34520000000005,29.549199999999942
98.72559999999771,54.71379999999975,40.12480000000034
56.24679999999992,23.35239999999989,36.10399999999997
27.817000000000768,-19.87399999999883,24.785000000000306
7.151199999999986,-45.006799999999785,10.099999999999753
5.8954000000000235,-24.90560000000038,-12.99999999999956
4.639600000000061,-4.80440000000098,-36.09999999999887
3.5472000000000117,10.52779999999984,-67.77279999999965
2.4720000000000435,25.3579999999994,-100.34799999999868
19.949399999999905,36.430599999999984,-126.47059999999995
54.292799999998884,44.087199999999754,-146.72719999999936
69.99960000000601,60.396399999995765,-162.43280000000073
-26.113200000004156,128.62120000000294,-150.8323999999995
-122.2260000000013,196.8460000000009,-139.23199999999983
-86.28120000000126,111.99560000000217,-79.45560000000123
-9.068399999998334,-20.690800000002866,-4.624199999998382
-38.362799999998344,-102.03960000000002,34.14960000000016
