144.18779999999998,-47.1033,31.763999999999992
62.3,-51.66,63.47
57.5939,-14.890999999999998,37.632099999999994
52.8878,21.878000000000007,11.794199999999996
24.99734999999999,19.312249999999985,-4.255950000000002
-18.98020000000001,-10.547000000000011,-13.514600000000005
-64.62799999999996,-34.88625,-20.9815
-117.84759999999997,-34.201499999999996,-20.3258
-171.06719999999999,-33.51675,-19.6701
-155.18919999999997,-35.7216,-19.872
-118.79784999999997,-38.7843,-20.328500000000002
-77.87200000000007,-33.06600000000003,-16.522000000000016
-28.93520000000006,-11.834600000000028,-5.184200000000014
20.001599999999947,9.396799999999976,6.1535999999999875
28.93674999999999,6.106600000000005,21.729749999999985
35.84649999999999,1.5748000000000042,37.520499999999984
41.35674999999999,-0.40325000000000016,35.61275000000001
45.685199999999995,-0.22480000000000014,18.759600000000013
49.3762,-1.5995499999999936,4.0762
48.8948,-13.140700000000017,3.5947999999999993
48.4134,-24.681849999999944,3.113400000000002
30.664000000000065,-27.256,8.907999999999978
6.29520000000001,-26.3928,17.108399999999996
-13.951299999999971,-22.518800000000027,27.796999999999954
-25.160449999999997,-12.044200000000004,43.9405
-36.36959999999998,-1.5696000000000234,60.08399999999997
-14.492500000000003,-1.74875,62.4875
10.913799999999947,-3.064299999999997,63.425399999999996
48.14450000000001,-3.3179499999999997,60.611799999999995
97.4879999999999,-2.4838000000000013,53.95520000000001
142.7617,-3.271550000000005,48.557900000000004
143.849,-21.668499999999966,56.832999999999984
144.9363,-40.06544999999993,65.10809999999996
120.53520000000006,-55.74639999999998,77.13799999999998
83.84505000000013,-70.11784999999995,90.97824999999995
52.63400000000002,-82.6985,101.8408
36.61500000000005,-90.31374999999997,104.447
20.59599999999995,-97.92900000000003,107.05320000000002
8.38615000000009,-98.18865000000001,94.48670000000011
-3.179899999999889,-97.2051,79.35580000000014
2.1981999999999218,-93.55755000000002,75.59499999999997
28.641999999999868,-86.59800000000004,85.96999999999994
55.62175000000005,-80.16615000000002,96.80775000000003
96.89349999999997,-87.8063,119.98549999999997
138.1652499999999,-95.44644999999997,143.16324999999992
166.56439999999992,-113.43979999999988,155.81619999999995
187.28950000000003,-137.60525000000004,162.19475
208.14690000000002,-164.4662,171.20669999999998
229.48204999999996,-201.06089999999992,189.72814999999994
250.8171999999999,-237.65559999999985,208.2495999999999
248.8397,-246.68985,228.52980000000002
241.29500000000002,-249.1425,249.23
218.2997000000001,-259.10099999999994,259.90975
171.8944000000002,-280.4319999999999,255.407
125.48910000000029,-301.76299999999986,250.90425000000002
94.4014,-302.1717,233.1995
63.50050000000005,-302.32525,215.33375000000004
19.8844000000002,-298.17560000000003,204.82880000000003
-33.003199999999694,-290.88820000000004,199.69110000000003
-79.34720000000002,-287.7623,200.23880000000003
-93.44059999999999,-305.14664999999997,228.80739999999994
-107.53399999999996,-322.53099999999995,257.3759999999999
-74.95385000000026,-336.7086499999999,274.9605499999999
-27.556700000000358,-349.8682999999999,289.0580999999999
23.95119999999943,-358.35895,300.69644999999997
83.11359999999982,-358.1556,307.7556
142.2759999999997,-357.95225,314.81474999999995
118.3957000000002,-359.7457,319.5456
89.19215000000027,-361.66715,324.12719999999996
59.104200000000084,-379.2041999999999,327.8354
28.232350000000146,-410.58234999999985,330.76945
-6.273499999999558,-441.6494999999998,333.551
-67.30754999999945,-470.44634999999977,335.2193
-128.34160000000037,-499.2432000000002,336.8876
-127.08345000000013,-494.9263000000001,332.06295000000006
-100.48610000000018,-477.1394000000001,324.59710000000007
-64.2325,-460.60125,319.60125
-5.576400000001129,-446.9602000000002,320.33579999999995
53.079699999999754,-433.31915000000004,321.07034999999996
6.870400000000359,-467.1009999999997,334.4403999999999
-52.09279999999952,-506.6504999999997,349.3471999999999
-74.62800000000017,-527.824,365.4119999999998
-58.00309999999992,-529.2433,382.72165000000007
-43.437700000000035,-530.3073999999999,397.5688999999999
-55.30255000000001,-526.8131,380.81534999999997
-67.16739999999999,-523.3188,364.06180000000006
-34.0120000000002,-515.133,353.32800000000003
22.062799999999697,-504.5588000000001,345.65880000000004
68.65609999999987,-495.96805000000006,339.7515
87.25639999999981,-493.2332,339.046
105.85669999999978,-490.49835,338.3405
75.73349999999986,-528.8920000000002,352.9965000000001
36.56164999999995,-574.9238,370.50535
19.351599999999994,-604.6998,377.9288
30.81389999999997,-613.2529499999999,372.1852
41.12250000000017,-621.6567,366.3593
4.706250000000253,-624.0097499999999,357.20025000000004
-31.709999999999674,-626.3628,348.04120000000006
-51.96944999999989,-621.0811500000001,357.35179999999974
-62.09130000000004,-611.0091,378.2512000000001
-72.25990000000002,-605.4361,397.67415000000005
-82.61,-617.3299999999999,411.365
-92.96009999999998,-629.2239,425.05584999999996
-113.65239999999991,-635.5408,410.3139000000001
-137.00859999999986,-640.4211999999999,388.24835000000013
-114.97920000000077,-628.6792000000003,365.7044000000002
-20.61650000000097,-590.4452500000003,342.39800000000025
73.74619999999884,-552.2113000000004,319.09160000000026
129.38685000000015,-536.1268,340.68350000000004
184.07140000000004,-520.5892,363.384
205.58335,-534.55585,396.09785
201.68650000000002,-571.1214999999999,436.48149999999987
207.17889999999971,-604.85705,472.05449999999996
263.2287999999996,-623.3535999999999,481.72399999999993
319.27869999999945,-641.8501499999998,491.3934999999999
301.6478000000005,-635.3607000000002,472.1772000000003
259.06050000000056,-620.4082500000002,443.17700000000036
227.8944,-618.6522,407.8347999999999
219.1628,-642.81765,360.0351
210.43120000000005,-666.9830999999999,312.2354000000001
111.8367500000005,-726.9727999999997,312.04094999999995
6.240000000000727,-789.7539999999996,315.556
-48.621049999999926,-827.1802499999999,327.06904999999983
-56.28609999999991,-841.0204999999999,346.0220999999998
-51.35430000000139,-847.9190500000007,364.93689999999975
57.15159999999838,-797.7414000000008,383.53719999999976
165.65749999999815,-747.5637500000009,402.1374999999997
172.9650000000007,-722.9902000000003,409.22479999999996
136.65250000000015,-709.4529000000001,411.3496
93.49160000000037,-703.6124,417.47759999999994
33.4950500000005,-716.6931999999999,433.4467999999999
-26.501499999999382,-729.7739999999999,449.4159999999998
-10.096250000000335,-693.6491500000005,443.14940000000007
16.774999999999615,-650.7838000000006,433.8368000000001
54.81194999999917,-637.4297499999997,423.01295000000016
105.44609999999906,-657.3704999999997,410.48410000000024
150.80899999999951,-676.6907500000001,399.49825000000016
113.94040000000021,-686.3312,412.5831999999999
77.07180000000028,-695.97165,425.6681499999999
63.41780000000001,-679.7488000000003,420.34450000000015
62.23090000000001,-649.6364000000003,405.13475000000017
75.93999999999915,-632.6269999999996,389.79100000000017
136.57149999999905,-656.8920499999996,374.0251500000002
197.20299999999892,-681.1570999999996,358.2593000000003
211.23534999999993,-687.9237499999999,358.12539999999996
215.81280000000007,-691.14,361.1632000000001
210.90525000000014,-679.4585000000002,367.46649999999994
192.98970000000017,-647.3458000000003,378.2481999999999
175.05800000000022,-615.4852500000002,388.89509999999996
155.80200000000025,-604.3010000000002,388.4884
136.54600000000028,-593.1167500000001,388.0817
62.74750000000188,-593.1199999999999,379.73500000000024
-47.049049999997905,-600.5069999999998,366.1479000000003
-127.02640000000173,-606.4948,356.78959999999967
-82.13584999999951,-606.62345,365.1394000000001
-37.24530000000037,-606.7520999999999,373.4891999999999
-10.509249999999849,-573.2692499999997,377.20125
11.199399999999732,-530.4786000000005,379.62899999999996
32.00285000000005,-506.89245000000005,379.86505
51.28789999999968,-515.5202999999999,376.42470000000003
70.57294999999996,-524.14815,372.98435
41.56200000000063,-522.7040000000001,357.83600000000035
10.739950000000167,-520.88215,342.2486000000001
3.688400000000115,-495.2759999999996,339.71830000000006
15.756599999999883,-450.53900000000044,347.69044999999994
32.81560000000026,-402.7503999999996,353.328
79.40349999999935,-336.9065000000009,345.1525000000001
125.99140000000007,-271.0625999999999,336.977
134.47260000000009,-254.96724999999998,315.52485000000047
129.21040000000002,-256.814,289.28440000000006
102.70190000000153,-267.78134999999935,269.28365000000014
32.127000000000486,-297.6654999999998,262.22450000000003
-38.44790000000058,-327.5496500000002,255.16534999999993
-43.42720000000001,-353.4513999999997,236.1476000000002
-42.364799999999995,-378.98635000000013,216.02839999999992
-21.83960000000061,-373.85080000000056,193.77140000000037
17.684999999999995,-338.775,169.4275
49.919600000000685,-304.68520000000046,146.86680000000013
13.810450000000145,-279.8391500000001,141.02360000000002
-22.298699999999158,-254.9931000000006,135.18040000000013
-45.54864999999985,-247.07035000000002,139.10129999999992
-62.93300000000012,-246.867,147.47600000000006
-58.488050000000754,-242.3442500000002,156.37739999999988
2.902900000000173,-226.55349999999996,166.6528
64.293849999999,-210.76275000000024,176.92819999999983
113.03799999999994,-182.08760000000004,164.26080000000002
159.84999999999903,-151.44400000000064,148.08825000000033
185.97099999999998,-124.22800000000014,142.12439999999995
187.58949999999996,-101.07100000000058,148.24979999999985
187.18240000000037,-80.00199999999981,153.1068000000002
146.76969999999977,-100.1710000000001,132.9128999999999
106.35700000000055,-120.33999999999972,112.71900000000028
60.07984999999994,-144.37005000000005,95.59644999999998
10.483200000000881,-170.58559999999954,80.21240000000027
-32.25444999999995,-185.67380000000009,66.28185000000002
-51.88809999999957,-163.2804000000005,57.247300000000195
-71.52174999999986,-140.88700000000017,48.21275000000006
-70.20119999999994,-97.3047999999996,33.91159999999987
-64.25840000000007,-49.048600000000526,18.44870000000017
-48.35189999999988,-24.954500000000042,0.0634999999999053
-18.08595000000046,-35.68224999999984,-22.53324999999966
12.18,-46.41,-45.13
-6.698349999999639,-41.857450000000085,-51.633049999999876
-25.576699999999924,-37.30490000000002,-58.13609999999997
-26.78075000000026,-21.232450000000558,-62.48804999999993
-15.721000000000092,2.8333999999998056,-65.34739999999998
-3.797249999999888,29.63825000000027,-71.80600000000015
12.043299999999807,68.85989999999951,-94.58119999999971
27.883850000000045,108.0815500000001,-117.35640000000005
-29.4659999999987,120.24079999999994,-115.60360000000014
-108.54424999999989,124.3659,-106.56905
-169.27449999999942,136.33899999999946,-105.81149999999971
-197.58994999999985,162.17689999999985,-119.67664999999992
-225.9053999999993,188.01479999999935,-133.54179999999965
-195.83985000000033,185.59835000000004,-137.12509999999997
-162.81829999999982,181.7513,-140.1878
-101.19025000000116,188.7019999999998,-148.14874999999984
-15.405599999999872,204.77080000000004,-160.24600000000004
52.29615000000089,220.41334999999978,-171.10519999999997
1.6371000000001317,233.2659,-173.86079999999998
-49.021949999998895,246.1184499999997,-176.61639999999994
-77.29199999999986,270.6439999999998,-174.27200000000002
-96.9795999999995,299.6441999999993,-169.9726000000001
-130.5472999999993,321.4228999999999,-167.4243
-194.54445000000027,327.36985000000004,-168.71495000000002
-258.541599999999,333.3167999999999,-170.0056
-224.55874999999997,369.97249999999997,-171.48
-180.12470000000084,409.90379999999925,-172.97399999999996
-138.29005000000015,449.39844999999985,-172.35445
-99.11820000000091,488.4457999999991,-169.56980000000007
-62.38970000000008,525.5058499999999,-168.39234999999988
-52.18900000000028,540.9894999999996,-184.66449999999955
-41.98830000000013,556.4731499999998,-200.9366499999998
-22.87799999999994,561.8684,-220.03960000000006
0.527999999999615,562.3996,-240.50739999999968
25.685199999999966,554.8689,-261.26559999999995
55.69799999999938,524.9847500000005,-282.82899999999955
85.71079999999984,495.10060000000016,-304.3923999999999
53.531150000001055,454.43510000000106,-334.9337499999992
10.840100000000412,411.94740000000036,-366.99249999999967
-33.18109999999868,379.76050000000055,-386.58779999999985
-78.85599999999937,360.3800000000002,-390.68799999999993
-123.03089999999986,342.2294999999995,-394.81924999999984
-127.20579999999993,356.87899999999973,-399.7784999999999
-131.38069999999985,371.52849999999944,-404.7377499999998
-109.33460000000082,397.2305999999993,-404.75180000000006
-71.65674999999896,429.5217500000009,-401.8177499999999
-39.13140000000036,457.65219999999965,-397.5166000000002
-25.212300000000152,470.75789999999984,-388.2787000000001
-11.293200000000418,483.86359999999956,-379.0408000000003
-36.57579999999948,475.42210000000017,-372.90835000000004
-71.21999999999882,461.83500000000043,-367.51750000000015
-103.57894999999945,450.59090000000015,-362.0870500000001
-132.4753999999989,442.89680000000027,-356.5966000000002
-161.3718499999993,435.2027000000002,-351.1061500000001
-156.91890000000004,444.7367999999999,-336.71460000000013
-152.05925000000013,454.4809999999997,-322.21450000000044
-124.08040000000055,463.0515999999999,-317.5928
-79.24380000000141,470.76644999999974,-320.1740999999999
-49.361999999999284,478.92999999999984,-322.90939999999995
-93.18599999999844,489.3049999999996,-326.4036999999999
-137.00999999999908,499.6799999999998,-329.8979999999999
-121.29585000000137,516.0872499999992,-331.50859999999994
-86.68070000000085,534.4094999999995,-332.52119999999996
-61.516649999999814,540.5662499999996,-337.3792000000003
-53.95120000000021,524.0700000000005,-349.39759999999967
-46.3857500000001,507.5737500000002,-361.4159999999998
-60.2468999999995,496.11630000000036,-362.4715
-75.48154999999973,484.9818500000002,-362.82425
-75.87720000000047,476.04740000000027,-370.3423999999995
-63.12010000000028,469.06295000000017,-384.2116999999997
-51.17149999999983,463.45950000000016,-394.5654999999996
-45.124950000000155,467.93734999999987,-379.2561500000004
-39.078400000000066,472.4151999999999,-363.94680000000017
-53.19509999999933,470.8691500000001,-346.29810000000055
-75.51379999999966,466.87270000000007,-327.69780000000026
-108.769999999998,475.0249999999987,-313.1075000000002
-167.40119999999888,511.3623999999993,-307.82040000000006
-226.03239999999775,547.6997999999986,-302.53330000000017
-221.51570000000027,561.7446999999997,-295.25930000000017
-209.31884999999968,573.0783500000003,-287.74364999999983
-179.41600000000136,581.7059999999999,-282.77600000000007
-130.4791999999989,587.4247000000001,-280.54744999999997
-82.33770000000119,591.6893000000005,-279.4624999999996
-44.40255000000062,577.2929500000002,-293.0537499999998
-6.46740000000135,562.8966000000005,-306.6449999999995
3.7642500000000796,559.3132499999999,-323.6049999999996
-0.10769999999984625,561.2346999999999,-342.2799999999993
-10.27334999999929,564.3667999999998,-353.53360000000026
-39.020400000000706,571.0732000000002,-342.87639999999976
-67.76744999999917,577.7795999999998,-332.21920000000034
-107.09849999999943,586.4284999999999,-322.5910000000001
-148.39514999999864,595.4381499999997,-313.1539000000003
-159.5760000000005,590.2332000000004,-311.25699999999983
-131.43900000000104,566.4703000000009,-319.2042499999997
-102.87080000000101,542.9380000000003,-327.20139999999975
-56.839000000001896,528.7450000000006,-337.2194999999996
-10.807200000001195,514.5520000000004,-347.23759999999976
28.288600000000805,510.10510000000005,-357.3041500000003
63.03239999999895,511.7734,-367.4010999999997
75.30814999999858,514.8722500000002,-375.07809999999995
0.35500000000257614,523.5249999999997,-373.36000000000007
-74.59814999999857,532.1777499999998,-371.6419000000001
-159.81429999999662,553.891899999999,-378.7149999999997
-247.67394999999797,578.9703499999994,-388.0524999999998
-298.53840000000037,602.6343999999991,-390.12120000000044
-290.44175000000024,624.0442499999995,-380.6052500000003
-282.3450999999998,645.4541000000005,-371.0892999999998
-285.5074499999998,643.6210000000002,-337.8930000000022
-288.9477999999999,641.214,-304.11200000000053
-203.57695000000547,650.5734499999993,-294.33154999999965
-50.18049999999789,668.9455000000003,-302.9345000000001
76.30075000000011,684.9158,-315.8261499999998
57.854000000000454,687.9535999999999,-351.8107999999991
39.40725000000081,690.9913999999999,-387.7954499999984
0.39509999999974355,695.0491000000001,-411.1135000000001
-45.582749999999365,699.4522499999999,-430.14124999999973
-96.03359999999803,694.8912000000007,-440.2482000000002
-155.27070000000097,672.7218999999997,-432.8321499999999
-214.50779999999983,650.5526000000001,-425.41610000000003
-262.760849999999,626.2042000000006,-417.98080000000016
-310.157999999998,601.6860000000011,-410.54400000000027
-323.70554999999985,600.1470000000002,-407.3255
-305.7651000000002,619.9839999999998,-408.031
-285.0585000000013,639.5167999999994,-408.3310500000001
-241.60799999999915,656.5484000000004,-405.2974
-198.1575,673.58,-402.26375
-163.0909000000006,682.0885,-407.02529999999985
-131.63805000000121,686.9232499999998,-415.1468499999997
-123.34400000000053,678.9815999999996,-414.38599999999974
-171.9819999999996,639.6313000000004,-391.7892500000002
-220.61999999999867,600.2810000000011,-369.1925000000006
-258.5963500000008,537.8298499999985,-332.41914999999915
-295.11220000000014,472.21419999999983,-293.7037999999999
-251.48695000000222,449.43809999999957,-318.8606999999984
-117.44610000000478,474.9937999999991,-416.0785999999965
5.042999999999211,499.20375,-504.55899999999934
-52.67519999999968,502.41999999999996,-456.7344000000003
-110.39339999999858,505.6362499999999,-408.90980000000116
-168.16289999999748,515.5349999999994,-342.41470000000334
-225.9599500000003,529.0225,-265.89284999999956
-258.6350000000006,532.1380000000004,-207.25500000000002
-212.17575000000153,502.581700000001,-204.95175000000006
-165.71649999999923,473.02539999999954,-202.64849999999996
-120.60275000000011,462.50620000000004,-250.91879999999983
-75.76200000000098,455.8496000000001,-309.4503999999987
-4.45775000000441,454.5287499999998,-333.386250000001
103.13930000000089,460.5255,-309.8764999999998
209.28905000000015,466.48689999999993,-286.1000000000005
196.76020000000037,469.5495999999999,-240.45000000000135
184.23134999999976,472.61230000000006,-194.79999999999913
194.875,476.8325,-183.13
220.8124999999995,481.81664999999987,-193.8867999999998
249.99399999999838,480.08400000000114,-193.65240000000176
292.75975000000045,450.22474999999963,-147.39234999999948
335.5254999999997,420.3655000000002,-101.13230000000037
360.0002499999995,345.6010000000024,-115.07849999999915
379.4097999999991,258.40120000000405,-145.69719999999856
372.7049499999998,201.65269999999998,-156.79984999999994
322.1953000000008,195.98380000000012,-135.16590000000036
271.68565000000183,190.31490000000022,-113.53195000000078
107.32399999999771,144.64599999999936,-99.40999999999981
-61.30709999999905,97.47710000000026,-85.56975000000008
-173.19489999999837,70.40560000000028,-62.13390000000077
-239.4413499999971,59.49940000000048,-30.97985000000137
-280.1841999999994,55.5592000000002,-3.624399999999973
-170.03075000000152,92.8344999999995,1.2559999999999327
-59.87730000000362,130.10979999999878,6.136399999999839
2.683950000000749,114.47369999999944,-1.8664000000002083
48.08079999999987,79.7548000000001,-14.515599999999965
80.36374999999988,42.78950000000091,-20.81980000000015
85.44749999999979,1.1650000000017116,-13.964000000000283
90.53125000000003,-40.45950000000034,-7.108199999999944
37.64600000000064,-5.183400000000461,21.82939999999966
-20.578499999998247,37.175649999998726,52.80084999999906
-98.89579999999518,15.024800000004177,87.28349999999813
-196.8275,-70.10000000000001,125.19375
-287.73959999999954,-131.4444000000031,150.55240000000177
-312.84294999999906,30.15244999999382,58.239800000003534
-337.9463000000003,191.74930000000177,-34.07280000000101
-251.8968000000011,244.38494999999998,-54.8589500000001
-115.14600000000374,247.31899999999993,-43.019000000000325
-20.946349999999214,231.26425000000307,-36.48629999999966
-37.74970000000005,165.67349999999982,-43.79860000000002
-54.55304999999972,100.08275000000108,-51.11089999999988
-288.4327999999905,42.746800000002004,11.535599999997402
-555.4770000000036,-13.328000000000763,84.87025000000101
-674.2851000000003,-40.02310000000004,114.7823000000001
-617.5504500000013,-31.926450000000198,93.27285000000053
-553.2256000000093,-24.922399999999357,71.44640000000123
-338.99429999999876,-39.49720000000008,43.35919999999984
-124.76300000000292,-54.071999999999804,15.272000000000382
38.97254999999555,-65.4800499999997,-2.249649999999619
174.1256000000022,-75.09560000000016,-13.790800000000191
295.26044999999976,-83.84189999999998,-18.385550000000055
369.17609999999837,-89.66019999999988,0.4180999999995869
443.091749999997,-95.47849999999977,19.22174999999923
456.2426,-93.10959999999997,21.769999999999992
455.98945,-88.93470000000005,20.732500000000012
422.48260000000244,-78.68570000000057,14.501500000000412
