382.14425,-413.74815,139.180375
334.17,-573.33,193.33
328.362925,-575.0508500000001,194.93655
322.55585,-576.7717,196.5431
316.74877499999997,-578.49255,198.14964999999998
274.5403,-603.2498,226.4916
225.92787500000003,-632.05975,259.537
177.31544999999997,-660.8697000000001,292.58240000000006
149.93397500000003,-664.619475,272.55487500000004
131.6174,-657.6694,229.86700000000002
113.300825,-650.719325,187.17912500000003
73.64475000000003,-649.413,154.6605
16.612225000000052,-652.7023,130.42255000000003
-40.42030000000009,-655.9916000000001,106.18459999999997
-64.97220000000003,-655.5885000000001,110.01959999999994
-41.121600000000036,-649.683,155.6887999999999
-17.270999999999983,-643.7775,201.35800000000003
13.64840000000001,-637.2776,234.55440000000002
65.55329999999985,-629.0130750000001,230.72217500000002
117.45819999999998,-620.74855,226.88995
168.45114999999998,-616.649225,220.8877
211.44699999999997,-649.0755,195.85600000000002
254.44284999999996,-681.501775,170.82430000000005
297.4386999999999,-713.92805,145.79260000000005
294.971825,-737.5213249999999,157.88974999999994
290.2506,-760.6766000000001,171.82800000000003
285.529375,-783.831875,185.76624999999999
293.2904,-773.58725,218.1613999999999
304.1108,-755.156375,255.08029999999997
314.9312,-736.7255000000001,291.99919999999986
345.7940249999999,-730.010075,299.32445
387.28175000000005,-729.50525,290.9615
428.76947499999994,-729.000425,282.59855
396.01399999999995,-732.35,273.8644
290.17537500000026,-739.49375,264.76485
184.33675000000062,-746.6374999999999,255.66530000000006
92.36149999999984,-759.2487500000001,246.01674999999997
25.648400000000052,-781.823,235.36780000000002
-41.06469999999973,-804.3972499999999,224.71885000000003
-97.16004999999998,-822.72635,219.03265
-112.00952499999993,-824.564675,232.62482499999993
-126.85899999999995,-826.403,246.21699999999998
-135.9879000000005,-828.7461999999999,259.1048
-47.04980000000026,-839.7443999999999,259.9176
41.888299999999944,-850.7425999999999,260.73040000000003
130.82639999999967,-861.7407999999999,261.5432
202.53174999999993,-835.45025,261.444625
272.4388999999997,-805.2687000000001,261.25095
342.3460499999999,-775.0871500000001,261.057275
345.0099999999999,-756.5239999999999,257.48439999999994
325.96000000000015,-741.7126250000001,252.82032500000003
306.91,-726.90125,248.15625
316.47704999999996,-722.2904500000001,261.68342499999994
344.6265999999998,-724.3034,287.02309999999983
372.77615000000003,-726.3163499999999,312.36277500000006
370.48440000000005,-731.99925,325.50215
331.9780000000002,-742.0481249999999,324.12737500000003
293.4716000000003,-752.0969999999999,322.75260000000003
246.15412500000002,-756.783375,319.4522
178.9552500000002,-749.36975,311.80680000000007
111.7563750000004,-741.956125,304.16140000000007
48.1159999999999,-736.5025,298.08250000000004
3.5136000000000536,-741.5348749999999,300.38437500000003
-41.08879999999982,-746.56725,302.68625000000003
-84.77430000000052,-751.526925,304.92077500000005
-12.930399999999935,-747.3263999999999,298.6692
58.91349999999984,-743.1258750000001,292.417625
130.75739999999962,-738.9253500000001,286.16605
203.4324250000002,-696.6238749999999,267.3685749999999
276.24469999999917,-648.0305000000005,246.49930000000023
349.05697499999974,-599.4371250000002,225.63002500000007
317.97099999999966,-601.9480000000001,228.74125000000006
244.1713000000007,-625.4683999999997,241.71112499999987
170.37160000000014,-648.9888,254.68099999999995
123.95482500000013,-664.8039249999999,270.9630249999999
99.1358500000002,-674.5416499999999,289.85744999999986
74.316875,-684.279375,308.75187500000004
52.454100000000054,-696.6015,324.80969999999996
34.855075000000106,-712.6511249999999,336.77627499999994
17.256050000000165,-728.7007499999999,348.7428499999999
21.494775000000658,-736.5713249999999,354.5813249999999
87.93799999999969,-721.1440000000001,342.96400000000006
154.3812249999995,-705.7166750000001,331.34667500000006
205.2494500000008,-691.18325,322.55314999999985
130.4051750000002,-683.8648750000001,336.551725
55.56090000000043,-676.5465,350.55029999999994
-19.28337499999933,-669.2281250000001,364.5488749999999
-40.42019999999999,-707.0833,342.46595
-59.35589999999993,-746.7898499999999,318.9042750000001
-78.29159999999987,-786.4963999999998,295.3426000000002
-46.10325000000046,-798.8204,284.8130000000001
-2.002500000000097,-804.764,277.32000000000005
42.098249999999766,-810.7076,269.82700000000006
96.95729999999949,-786.2516000000004,265.16480000000007
157.32357499999998,-746.2339,261.9517
217.68984999999978,-706.2162000000001,258.7386
250.25074999999995,-683.161875,271.54637499999984
256.2896,-676.2879999999999,299.63560000000007
262.32845,-669.414125,327.72482499999995
245.5432500000009,-671.9518499999997,346.25064999999995
188.56787500000047,-691.0621749999998,347.93657499999995
131.5925,-710.1725,349.6225
73.75245000000086,-730.3155749999996,345.57497500000034
12.709900000000374,-754.2836499999999,320.29245000000014
-48.332650000000115,-778.2517250000001,295.00992499999995
-105.53,-799.8490000000002,269.28340000000037
-105.53,-786.1806250000001,236.95237500000013
-105.53,-772.51225,204.6213499999999
-105.53,-758.8438750000001,172.29032500000037
-121.83379999999995,-753.4318,177.81879999999998
-139.6836499999997,-748.8026500000001,186.93739999999985
-157.53349999999983,-744.1735000000001,196.05599999999993
-147.12482500000002,-730.88225,213.572375
-127.9764000000003,-714.9120000000003,233.6859999999997
-108.82797500000014,-698.9417500000001,253.79962499999985
-77.81379999999996,-672.6501499999999,278.24225
-39.34550000000051,-639.8746250000004,305.4043749999996
-0.877200000000208,-607.0991000000001,332.56649999999985
57.826625000000206,-575.4475249999999,340.12145
139.85274999999902,-545.0913500000004,325.0783000000002
221.8788749999997,-514.7351750000001,310.03515000000004
261.01499999999976,-493.982,296.88899999999995
206.86537500000054,-494.11535,287.8688250000001
152.7157500000001,-494.2487,278.84865
101.68094999999977,-493.9505,269.2131749999999
66.36860000000028,-491.47400000000005,256.4719000000001
31.056250000000002,-488.9975,243.730625
-4.441749999999303,-486.9816499999996,230.91225000000026
-51.5428749999997,-513.7564249999998,213.27512500000012
-98.64400000000009,-540.5312,195.63799999999995
-145.74512499999943,-567.3059749999996,178.0008750000002
-144.99075000000005,-540.1202500000002,176.79774999999998
-136.84052499999999,-504.59517499999987,178.134425
-128.6903000000001,-469.07010000000037,179.47109999999998
-86.31725000000014,-433.2947750000001,179.920525
-30.405499999999705,-397.4204499999998,180.01895
25.5062499999995,-361.5461250000003,180.11737499999998
76.20339999999891,-336.42860000000036,173.17960000000028
122.91717500000033,-319.52807499999983,160.86694999999992
169.63094999999967,-302.6275500000001,148.5543000000001
194.05425000000014,-294.8151999999999,138.85057500000013
187.35499999999993,-299.692,132.78949999999995
180.65575000000004,-304.56879999999995,126.72842500000003
175.58425000000003,-302.87425000000036,119.87515000000019
174.965125,-283.2051249999998,110.85497499999991
174.346,-263.53600000000006,101.83480000000003
170.6102500000005,-244.8707500000002,91.46537500000036
143.6037000000003,-233.7011000000001,71.0215500000002
116.59715000000006,-222.53145,50.57772500000004
89.59060000000044,-211.36180000000016,30.133900000000327
63.55882500000021,-193.14117500000015,26.581050000000022
37.55875,-174.69125,23.5775
11.558675000000372,-156.24132500000027,20.573950000000043
-16.27959999999983,-143.78440000000006,10.376200000000075
-44.52440000000005,-132.65284999999997,-1.4125750000000217
-72.76919999999964,-121.52130000000014,-13.201349999999854
-87.63074999999996,-109.79262500000006,-23.24124999999996
-95.87939999999985,-97.76890000000023,-32.41699999999983
-104.12804999999992,-85.74517500000013,-41.5927499999999
-103.22084999999981,-63.24889999999937,-43.96719999999992
-93.85142500000016,-31.073450000000545,-40.05560000000007
-84.48200000000008,1.1019999999997125,-36.144000000000034
-64.59397500000088,29.042749999999522,-35.2709499999999
-26.801950000000573,49.77549999999969,-39.56989999999993
10.990074999999731,70.50824999999986,-43.868849999999966
37.94890000000024,97.99809999999891,-50.75429999999965
26.604625000000155,149.3791249999993,-66.78487499999979
15.260350000000063,200.76014999999973,-82.81544999999991
1.2709750000009592,248.01152500000012,-98.54542499999977
-47.39859999999943,241.11860000000007,-110.33419999999987
-96.06817499999983,234.22567500000002,-122.12297499999995
-144.73774999999912,227.33275000000012,-133.91174999999978
-146.823775,214.27100000000013,-153.0159499999998
-144.9283,200.68200000000002,-172.74539999999996
-143.03282500000003,187.09300000000022,-192.47484999999966
-101.42775000000042,213.5394499999997,-210.06544999999986
-48.07187499999999,251.83312500000002,-227.023125
5.283999999999239,290.1267999999995,-243.98079999999973
17.30905000000008,328.84114999999974,-244.39390000000006
4.2217000000002685,367.8110999999992,-234.75460000000018
-8.865649999999835,406.7810499999995,-225.11530000000013
-22.894999999999932,430.22149999999993,-217.02100000000002
-37.97624999999972,436.3206749999999,-210.6519500000001
-53.05749999999984,442.41984999999994,-204.28290000000007
-66.06414999999998,449.16272499999997,-200.5071
-74.71919999999986,457.25579999999985,-202.17079999999999
-83.37424999999992,465.34887499999996,-203.8345
-89.8425,472.38210000000004,-204.84755
-85.87375000000006,474.35695,-202.75522500000005
-81.90500000000003,476.3318,-200.6629
-78.75937500000003,478.87462500000004,-198.26059999999998
-109.63624999999959,504.89374999999967,-183.04600000000022
-140.51312499999983,530.9128749999999,-167.8314000000001
-171.39000000000007,556.9320000000001,-152.61679999999996
-169.25547500000008,563.576075,-164.7942249999998
-162.36255000000003,567.42735,-180.92004999999995
-155.46962499999995,571.278625,-197.04587500000008
-146.89540000000008,570.4885,-205.08029999999997
-137.68155000000002,567.932625,-210.036475
-128.46770000000015,565.37675,-214.9926499999999
-125.97532500000004,566.9946500000001,-219.65865000000005
-128.455,571.7,-224.11
-130.93467499999997,576.4053499999999,-228.56134999999995
-133.9151999999999,583.9254499999997,-229.46625000000012
-137.5728,595.250675,-225.576875
-141.23039999999995,606.5758999999998,-221.68750000000006
-136.40487500000074,619.9661249999995,-218.891
-109.2808499999999,638.78435,-218.96720000000002
-82.1568250000003,657.6025749999998,-219.04340000000002
-58.955199999999905,670.7060000000006,-222.97599999999926
-62.965225000000025,644.1629999999999,-253.66237500000017
-66.97524999999996,617.6200000000002,-284.3487499999997
-70.9852749999999,591.0770000000007,-315.03512499999925
-62.62939999999993,573.6851999999999,-310.73179999999996
-53.97435000000006,556.5148000000002,-305.58195000000006
-45.31930000000018,539.3444000000004,-300.4321000000001
-51.10174999999968,536.834625,-285.6301250000006
-59.909199999999956,537.3966,-268.8058000000001
-68.71664999999983,537.958575,-251.98147500000033
-81.83914999999948,568.1217499999984,-232.05040000000074
-97.01882499999995,612.3971249999998,-210.6382000000001
-112.19849999999974,656.6724999999992,-189.2260000000004
-137.63084999999887,673.2802250000003,-169.4184500000006
-172.24469999999994,665.11095,-151.04790000000003
-206.85854999999944,656.9416750000001,-132.6773500000003
-224.95080000000027,652.8032,-119.54480000000014
-215.85125,655.29875,-115.033125
-206.7517000000001,657.7943,-110.52145000000007
-194.84060000000062,664.8435749999994,-111.75249999999942
-173.42839999999995,687.2813000000001,-132.39000000000004
-152.01620000000025,709.7190249999998,-153.02749999999975
-134.2947499999993,729.7375000000002,-173.93324999999936
-159.7550750000001,721.45075,-197.97752500000007
-185.2153999999997,713.1640000000001,-222.02179999999976
-210.67572499999935,704.8772500000001,-246.06607499999942
-214.25885,682.8493999999998,-258.9416500000001
-216.17337499999996,659.7735000000002,-270.9653749999999
-218.08789999999993,636.6976000000005,-282.9890999999997
-200.76424999999983,639.0201500000001,-283.434775
-177.99950000000015,648.5260999999999,-280.60585000000003
-155.2347500000005,658.0320499999998,-277.77692500000006
-127.67599999999973,656.5979999999998,-281.2060000000001
-97.30077500000016,648.7367,-288.31165
-66.9255500000006,640.8754000000001,-295.4172999999999
-55.072975000000085,634.88375,-301.83517500000005
-63.26129999999998,630.915,-307.5089
-71.44962499999986,626.9462500000001,-313.1826249999999
-84.40180000000029,627.3129500000001,-314.87369999999993
-106.99509999999997,636.453775,-308.50465
-129.58839999999964,645.5945999999999,-302.1356000000001
-152.9039000000004,654.4927750000002,-291.5310999999996
-179.485,662.29375,-261.775
-206.0660999999996,670.0947249999999,-232.01890000000043
-231.5783000000002,678.2212999999995,-202.9555000000002
-224.221825,696.360075,-195.19262499999996
-216.8653500000001,714.4988499999997,-187.4297500000001
-209.5088750000002,732.6376249999995,-179.6668750000002
-186.1195999999999,738.28,-168.28359999999995
-160.58307500000026,742.24875,-156.41545000000013
-135.04655000000065,746.2174999999999,-144.5473000000003
-110.16334999999987,760.4650750000001,-132.56522499999994
-85.51900000000023,778.4704999999998,-120.54150000000011
-60.87465000000058,796.4759249999996,-108.51777500000028
-62.33195000000015,802.658,-105.18165000000002
-82.48367499999986,800.372,-108.06772499999998
-102.63539999999956,798.086,-110.95379999999994
-116.33287500000004,783.6944999999997,-117.2842500000001
-121.58114999999998,753.4558000000002,-128.12369999999993
-126.8294249999999,723.2171000000005,-138.96314999999979
-138.2895000000003,703.0755,-153.15060000000022
-165.4516249999999,708.4571249999999,-175.80104999999992
-192.6137499999995,713.8387499999999,-198.45149999999958
-214.2194249999998,715.0196749999997,-216.9637249999999
-199.87160000000065,689.0196000000012,-208.6992000000004
-185.52377500000023,663.0195250000004,-200.4346750000001
-171.17594999999977,637.0194499999997,-192.17014999999986
-172.66562499999998,651.0912500000001,-193.2775
-174.40869999999998,665.8041999999998,-194.5348
-176.15177500000001,680.5171500000002,-195.79210000000003
-153.0272500000012,680.7213500000001,-206.08324999999948
-124.97612500000035,678.0511750000001,-218.16412499999984
-96.9249999999995,675.381,-230.24500000000023
-84.64044999999999,688.7166500000001,-224.64747499999996
-79.60490000000006,709.4112999999998,-210.92195000000015
-74.5693499999999,730.1059500000005,-197.19642499999972
-65.4402000000005,737.6477000000002,-196.2820999999996
-52.759250000000115,733.777375,-206.4833749999999
-40.07829999999973,729.9070499999999,-216.6846500000002
-39.23697500000013,719.4327499999998,-220.70212499999994
-57.242399999999876,698.4460000000001,-214.87600000000003
-75.24782499999961,677.4592500000005,-209.04987500000013
-91.07149999999969,666.2089999999993,-197.859000000001
-99.84084999999996,686.4400999999998,-169.32210000000015
-108.61019999999984,706.6711999999995,-140.78520000000057
-114.1634249999997,725.52565,-117.21672500000031
-85.8011500000001,729.8626999999999,-146.0425499999999
-57.43887500000051,734.1997499999999,-174.86837499999947
-29.076600000000912,738.5367999999999,-203.69419999999906
-57.24229999999994,715.298575,-218.53454999999997
-89.20819999999948,690.2065500000003,-232.43469999999976
-121.17410000000045,665.1145249999996,-246.3348500000002
-171.3675,666.5024999999999,-239.855
-226.4823249999992,675.0400749999999,-227.87255000000016
-281.5971499999984,683.5776499999997,-215.89010000000036
-296.25045,693.374775,-183.37212499999993
-287.9256000000001,703.8871999999998,-139.19200000000058
-279.60074999999983,714.3996250000001,-95.01187499999921
-269.25314999999995,716.59475,-76.57880000000003
-256.7849250000001,710.0701250000001,-85.13859999999991
-244.3167000000003,703.5455000000002,-93.6983999999998
-243.47782499999914,697.7486500000002,-118.33589999999779
-265.3567499999998,693.3735,-174.38099999999952
-287.23567500000047,688.99835,-230.4261000000012
-299.70780000000104,678.2980000000015,-275.11200000000014
-271.80907500000023,640.4520000000003,-271.048
-243.91035000000062,602.6060000000008,-266.9840000000001
-217.55062499999963,565.6058750000005,-261.88712500000105
-228.74250000000046,549.2450999999994,-231.5880999999988
-239.9343750000003,532.8843249999996,-201.28907499999923
-251.12624999999963,516.5235500000006,-170.99005000000105
-269.94562499999904,543.9700499999984,-157.79640000000055
-289.70999999999964,576.8439999999994,-146.7220000000002
-309.4743749999994,609.717949999999,-135.64760000000035
-292.5858000000014,597.7962000000012,-155.26654999999857
-262.82969999999915,570.1482999999992,-185.66082500000087
-233.0736000000009,542.5004000000008,-216.05509999999907
-224.05687499999976,521.4862500000007,-214.80312500000105
-229.41944999999993,505.07150000000024,-191.60975000000033
-234.78202499999983,488.6567500000005,-168.41637500000064
-211.0260000000026,465.92380000000134,-160.6747999999995
-150.35174999999805,435.180274999999,-172.52390000000037
-89.67750000000163,404.4367500000008,-184.37299999999968
-55.82917499999871,384.59527499999973,-192.0253750000001
-87.23309999999967,391.2722999999999,-189.46950000000004
-118.63702499999921,397.9493249999998,-186.91362500000005
-144.79395000000022,403.81185,-182.38225000000065
-139.1773749999998,404.74212500000004,-165.8881249999994
-133.56080000000014,405.6724,-149.3940000000004
-127.94422500000022,406.602675,-132.89987500000063
-82.09270000000035,416.34979999999996,-112.41155000000015
-35.921850000001,426.16689999999977,-91.89152500000044
10.248999999998347,435.98399999999964,-71.37150000000074
-11.77392500000137,419.1634499999991,-52.92192499999929
-46.543349999999315,397.3639000000004,-34.859350000000354
-81.31277499999881,375.56435000000073,-16.796775000000615
-93.25059999999999,346.6148000000001,-44.15539999999983
-95.06987499999997,314.49650000000054,-91.64387499999914
-96.88914999999994,282.378200000001,-139.13234999999847
-85.89684999999906,249.25077499999853,-145.8935749999988
-64.13540000000035,215.27510000000052,-118.42030000000045
-42.37395000000066,181.299425000001,-90.94702500000083
-22.00125,163.51999999999998,-56.48625
-3.767225000000259,170.68279999999987,-11.264725000000652
14.466799999999477,177.8455999999998,33.9567999999987
36.141825000001504,174.99927499999842,60.749599999998594
68.4728499999996,141.15695000000042,30.472800000000383
100.80387499999914,107.31462500000092,0.19600000000081508
130.74779999999973,72.87980000000165,-24.474400000001197
137.81534999999994,32.76685000000043,4.583199999999685
144.88289999999984,-7.346099999998998,33.640799999999274
151.95044999999973,-47.45904999999842,62.698399999998855
154.58999999999997,-69.31699999999981,75.75099999999989
156.97124999999994,-90.11007499999951,87.86997499999971
159.3524999999999,-110.90314999999921,99.98894999999955
119.56372500000036,-97.31582500000016,71.97052500000026
68.91930000000109,-74.87810000000047,33.61970000000082
18.27487500000181,-52.440375000000806,-4.731124999998627
-19.52014999999983,-36.65080000000007,-23.25639999999996
-50.263674999999395,-24.50960000000024,-30.90179999999985
-81.00719999999896,-12.368400000000413,-38.54719999999974
-73.61525000000017,-8.084874999999986,-24.394600000000125
-27.48250000000084,-11.783749999999934,11.901999999999354
18.650249999998508,-15.48262499999988,48.198599999998834
42.80390000000003,-19.248599999999993,72.3699
25.496975000000276,-23.141149999999936,73.66847499999999
8.190050000000525,-27.033699999999882,74.96704999999996
-18.667500000000018,-30.01875,73.28875000000001
-84.49159999999907,-29.30120000000001,59.464800000000196
-150.31569999999812,-28.58365000000002,45.6408500000004
-215.3934000000001,-28.818300000000036,31.864599999999975
-265.4186999999994,-48.255649999999754,19.05030000000016
-315.44399999999865,-67.69299999999947,6.236000000000344
-365.46930000000015,-87.13035000000008,-6.578300000000046
-352.9342500000002,-94.69744999999993,16.54304999999971
-333.26512500000047,-100.91092499999985,43.76232499999932
-313.5959999999999,-107.12440000000004,70.98160000000016
-252.88450000000066,-117.98812499999988,71.90250000000007
-178.34820000000173,-130.41824999999972,63.96500000000019
-103.81189999999947,-142.8483750000001,56.02749999999995
-46.143800000000326,-136.13790000000014,38.81040000000017
0.20484999999899856,-116.58307500000042,15.366200000000504
46.55350000000041,-97.02824999999983,-8.078000000000209
96.31502499999971,-67.78627500000022,-20.14927500000001
150.26779999999894,-26.647800000000807,-18.253800000000037
204.22057499999818,14.490674999998603,-16.358325000000065
255.45254999999986,38.65075000000006,-10.609650000000052
300.3121249999992,23.04562500000028,4.163624999999733
345.17169999999857,7.440500000000503,18.936899999999525
388.16262499999993,-8.911799999999964,31.085800000000006
420.5317499999995,-29.51119999999966,28.317200000000046
