194.049,19.588625,-28.481749999999998
216.15,19.37,-6.5
208.20000000000002,31.028675,13.037124999999996
200.25,42.68735,32.57424999999999
194.238475,37.124975000000006,46.81762499999999
190.2913,13.223300000000009,55.4235
186.344125,-10.678374999999988,64.02937499999999
156.9677,-9.43185,61.0121
126.76564999999998,-7.368824999999999,57.61745
95.90660000000001,-3.7938000000000045,52.7864
64.25367499999996,1.6082250000000071,46.21969999999999
32.600750000000026,7.010249999999995,39.653000000000006
5.715825000000024,2.3100750000000048,37.57865
-20.84909999999997,-3.068099999999994,35.805800000000005
-35.424375,-6.732750000000001,34.4852
-33.536249999999995,-8.044500000000001,33.7856
-31.648124999999997,-9.356250000000001,33.086000000000006
-27.362399999999994,-2.8487999999999953,32.7104
-22.826924999999985,4.473150000000021,32.36855
-18.255799999999986,12.229100000000024,30.24109999999998
-13.628899999999977,20.664050000000042,25.320049999999974
-9.002000000000008,29.098999999999986,20.399000000000008
-9.2262,37.426225,17.17375
-10.148399999999999,45.737949999999984,14.192500000000006
-21.001424999999998,57.414100000000005,9.022449999999997
-49.625399999999935,75.11079999999997,-0.06439999999998136
-78.249375,92.8075,-9.151250000000001
-109.12120000000007,104.67855000000003,-18.201250000000016
-140.4124,115.46272499999999,-27.244374999999998
-170.94180000000006,123.5442,-33.131099999999996
-199.90365,126.06435,-32.522925
-228.86550000000005,128.58450000000002,-31.914749999999998
-252.167475,128.6085,-36.99225
-274.1532,128.052,-43.39200000000001
-296.0096750000001,130.96997500000003,-49.61902500000002
-317.5581500000001,142.16755000000006,-55.434450000000034
-339.106625,153.365125,-61.249874999999996
-364.35650000000004,172.40880000000004,-67.48380000000002
-390.6511250000001,193.6671000000001,-73.83585000000002
-414.9108500000002,215.48820000000023,-81.1665000000001
-433.5019249999999,238.87709999999987,-91.22324999999995
-452.0929999999999,262.2659999999999,-101.27999999999997
-464.91554999999994,283.587275,-110.1051
-475.7991,304.21355,-118.51620000000001
-483.39982499999996,322.6910500000001,-126.26222500000002
-480.1761,334.0834,-131.81529999999998
-476.952375,345.47574999999995,-137.368375
-464.9535,360.4477,-140.1541
-449.49074999999993,376.83265000000006,-141.84745
-435.028,393.7679999999999,-142.5368
-424.534,412.88775,-139.241525
-414.04,432.0075,-135.94625
-409.45925,446.54652500000003,-134.062525
-407.591,458.9843000000001,-132.8263
-405.583025,471.31812499999995,-133.04739999999998
-402.89195,483.14375,-140.3932
-400.200875,494.969375,-147.739
-402.79040000000003,510.1256000000001,-157.63540000000003
-408.17255,527.0432,-168.88067499999997
-415.17115,543.7562,-179.70354999999998
-432.23582500000003,559.1951,-187.896025
-449.30050000000006,574.6340000000001,-196.08850000000004
-469.9390750000001,586.3455500000001,-201.92725000000004
-492.74365,595.7981,-206.3395
-514.1312750000001,605.478875,-210.27745
-523.6832,617.066,-210.2536
-533.235125,628.653125,-210.22975
-535.3634,642.9474500000001,-208.42694999999998
-532.3583,659.1137750000001,-205.39402499999997
-528.4822999999999,675.0809000000002,-202.46939999999998
-513.9377750000001,688.6078249999999,-200.87145
-499.39325,702.1347499999999,-199.27349999999998
-483.954275,718.901275,-194.93435
-467.81179999999995,738.2158000000001,-188.43919999999997
-451.4078749999999,756.9554499999999,-182.07424999999998
-429.32674999999983,763.2121,-178.5365
-407.2456249999998,769.46875,-174.99874999999997
-384.0388999999997,772.7139999999999,-176.38970000000006
-359.82717499999967,773.2705,-182.18127500000008
-335.53370000000035,773.8099500000001,-187.90455
-304.82284999999973,773.010975,-188.266275
-274.11200000000025,772.212,-188.62800000000001
-245.79880000000014,771.930475,-186.63157500000003
-219.9136000000001,772.1729499999999,-182.24715
-194.0284,772.4154249999999,-177.862725
-179.41419999999997,775.0798,-170.52599999999998
-165.01674999999994,777.79075,-163.1325
-161.20130000000006,778.56475,-154.67894999999996
-169.54084999999992,777.113875,-145.0077750000001
-177.88039999999995,775.663,-135.33660000000006
-190.77637499999992,764.6764750000001,-137.17539999999997
-203.91374999999996,753.18475,-139.624
-218.16547499999996,740.326825,-142.71429999999998
-233.87070000000003,725.6869,-146.64159999999998
-249.57592500000007,711.046975,-150.56889999999999
-265.6388500000001,715.5732,-148.24009999999998
-281.73362500000013,721.806,-145.35424999999998
-294.76439999999997,727.6163999999999,-141.21080000000003
-303.24704999999994,732.7998,-135.20060000000004
-311.7297,737.9832,-129.1904
-319.54612499999996,734.315325,-125.714675
-327.2775,729.5175,-122.5625
-330.988025,724.63855,-118.04447499999998
-327.88354999999996,719.6220999999999,-111.21144999999997
-324.779075,714.60565,-104.37842499999995
-323.378,718.6672000000001,-94.4105999999999
-322.265,724.264,-83.91262500000008
-319.59545,725.9606500000001,-73.07850000000006
-313.899275,720.073675,-61.590750000000035
-308.2031,714.1867,-50.10300000000001
-300.59105,712.3116,-41.27127499999999
-292.56949999999995,711.294,-33.00724999999997
-290.18662500000005,710.993025,-27.3194
-300.4620000000001,712.3008,-27.4148
-310.7373750000001,713.608575,-27.5102
-327.7757999999999,709.78815,-23.249150000000032
-346.5854999999999,704.624625,-17.84712500000002
-367.2861,700.7228,-12.115100000000009
-392.928825,700.1186,-5.520574999999996
-418.57155000000006,699.5144,1.0739500000000188
-427.48602500000004,695.5706,0.8803749999999884
-431.14700000000005,690.578,-1.445000000000017
-433.90415,683.3136499999998,-3.349175000000006
-433.88030000000003,669.0592999999998,-3.957350000000007
-433.85645,654.8049500000001,-4.565524999999997
-420.249,642.8532,0.45229999999998505
-401.60625,631.755,7.555625
-384.55044999999996,622.7189,15.467300000000023
-373.3290249999998,621.26405,26.350850000000243
-362.10759999999993,619.8092,37.23440000000007
-346.8430000000002,609.2162750000001,45.96732499999993
-329.8299999999998,594.6717499999999,53.77025000000008
-313.6565500000001,581.197325,60.282675
-301.24659999999983,572.5198999999999,61.01010000000001
-288.83665,563.842475,61.737525
-277.62184999999977,557.8812999999999,63.305000000000035
-267.004625,553.27825,65.2925
-257.9462,548.7879999999999,67.35320000000006
-257.656025,544.93225,69.82565000000002
-257.36585,541.0765,72.29809999999998
-252.9346749999999,531.6960499999998,70.27352499999995
-246.12550000000002,519.143,65.66650000000001
-239.26359999999988,506.8326749999998,61.23664999999995
-232.01319999999998,496.31084999999996,58.1123
-224.76279999999983,485.7890249999998,54.987949999999934
-233.92120000000008,484.0488,49.79719999999997
-253.84787500000047,488.0715000000001,43.250374999999835
-273.81480000000016,492.10715000000005,37.3248
-294.1985999999999,496.276925,37.8336
-314.5824000000003,500.4467000000001,38.34240000000001
-327.57245,518.66915,45.24622499999998
-335.03750000000014,547.3925000000005,56.928750000000214
-342.67265000000003,572.484125,67.812975
-353.14280000000025,537.0469999999992,65.39219999999995
-363.61295000000007,501.60987499999976,62.97142499999998
-377.2694000000005,470.53939999999926,58.84354999999985
-393.63050000000015,443.1754999999997,53.26662499999994
-409.72079999999994,416.3817,48.128199999999936
-415.3176000000001,411.67927499999996,59.98165000000018
-420.9144,406.97685,71.8351
-410.4853499999991,409.6717500000004,81.91060000000031
-384.62400000000036,419.4899999999999,90.27399999999989
-358.7626499999999,429.30825000000004,98.63740000000004
-331.2620500000003,434.20874999999995,103.81709999999995
-303.75107499999973,439.07812500000006,108.97665000000005
-280.6215000000001,440.1019,112.94489999999999
-262.27687499999973,436.92587499999996,115.61212500000003
-243.93225000000004,433.74985,118.27935
-234.42337500000016,428.1028750000001,119.77994999999997
-225.26099999999997,422.359,121.2348
-216.4447500000001,417.85940000000005,124.40962499999993
-208.05749999999995,414.902,129.71625000000003
-199.67025000000007,411.94460000000004,135.02287499999994
-188.73369999999989,400.39209999999986,134.03949999999998
-177.60767500000006,388.200775,132.588625
-166.62355000000022,378.9167500000001,128.19745000000017
-155.839375,373.729375,119.66312500000001
-145.05520000000016,368.5420000000001,111.12880000000013
-109.83232499999984,363.42255,108.76492499999999
-71.87505000000044,358.31070000000005,107.09145000000002
-33.43434999999966,351.1248499999999,100.89024999999988
5.782999999999724,340.6070000000001,87.41500000000009
45.0003500000005,330.08914999999985,73.93974999999982
52.726099999999995,319.52645,69.29995000000001
55.65964999999995,308.9569250000002,66.00467500000006
50.559999999999974,293.9144,58.51779999999997
30.685000000000283,270.64475000000033,43.32137500000022
10.809999999999885,247.37509999999986,28.124949999999913
-0.692649999999901,225.1428500000002,1.2079000000002935
-10.558600000000101,203.11339999999979,-28.000400000000294
-20.680824999999942,177.1174250000002,-52.67479999999992
-31.345750000000155,142.7217499999995,-67.74800000000022
-42.010674999999985,108.32607500000006,-82.82119999999998
-47.66119999999992,84.78160000000037,-84.33600000000004
-52.09730000000001,63.86514999999994,-82.567125
-64.69494999999958,44.4563500000002,-78.20385000000014
-97.34162500000022,28.751124999999888,-67.46737499999992
-129.98829999999973,13.045900000000135,-56.73090000000009
-140.28587500000003,-22.51767500000048,-52.519574999999975
-144.04225,-63.89344999999982,-50.218050000000005
-143.03032499999978,-94.11209999999997,-45.56004999999982
-128.29500000000002,-92.22,-34.12
-113.55967500000024,-90.32790000000003,-22.67995000000018
-120.30035000000007,-80.68319999999994,-26.314400000000038
-134.50302499999984,-68.34480000000013,-35.1865999999999
-146.39540000000005,-64.91910000000023,-40.66669999999995
-150.39424999999997,-91.9451249999998,-34.55712500000004
-154.39310000000006,-118.97115000000035,-28.44754999999992
-155.326825,-139.12394999999995,-16.981775000000034
-155.0128,-156.4788000000003,-3.335599999999765
-153.6967,-174.6133,7.498874999999999
-148.24300000000008,-195.96699999999967,6.723750000000011
-142.78929999999997,-217.3207000000001,5.948624999999995
-103.79890000000053,-229.9155999999999,9.272099999999947
-48.971724999999445,-238.37440000000007,14.531025000000053
8.25264999999959,-243.97970000000004,19.710649999999973
77.73962500000098,-234.98824999999988,24.48462500000007
147.22659999999988,-225.99680000000004,29.258599999999994
196.80625000000072,-217.99414999999988,27.69034999999991
235.5625000000001,-210.5291,22.673899999999986
270.9030999999998,-204.97504999999992,18.41292499999999
283.79800000000006,-211.97900000000004,19.116500000000006
296.6928999999999,-218.98294999999993,19.820074999999996
308.7817500000001,-236.02700000000024,18.774349999999977
320.36887499999995,-259.32049999999987,16.63977500000001
331.0608000000001,-281.7480000000002,13.910399999999875
333.75187500000004,-296.435625,5.865000000000002
336.44295000000005,-311.1232500000003,-2.1804000000001604
332.85187499999995,-324.3647250000001,-8.35650000000002
324.8025000000001,-336.57989999999984,-13.205999999999943
314.8014499999997,-348.7213750000001,-17.704874999999998
278.54150000000027,-359.8712499999999,-17.486250000000002
242.28154999999953,-371.02112500000015,-17.267625
202.0924000000001,-394.6735999999999,-22.454399999999975
158.73309999999927,-428.4134000000006,-32.00235000000016
115.57584999999995,-461.39300000000003,-41.504700000000014
77.57087499999919,-474.9875000000003,-49.84425000000018
39.565899999999786,-488.58200000000005,-58.18380000000005
22.298474999999982,-493.04442500000005,-57.1215250000001
24.019650000000016,-489.14494999999994,-47.45034999999991
25.75164999999998,-485.206425,-37.78360000000005
29.19400000000005,-475.09799999999984,-28.815999999999875
32.63634999999999,-464.989575,-19.848400000000012
33.52224999999997,-463.4182500000001,-18.977200000000142
31.753374999999995,-470.712375,-26.513800000000025
29.98449999999996,-478.0065000000002,-34.050400000000174
50.98900000000015,-519.9198750000003,-34.073375
72.58119999999982,-562.7266499999996,-33.90245
102.61037500000046,-601.5038250000003,-34.488900000000015
142.57899999999984,-635.5337999999998,-35.9676
182.54762500000064,-669.5637750000005,-37.44630000000002
206.35,-637.14375,-28.31625
229.18240000000046,-600.7367249999993,-18.549674999999805
244.324,-573.5878999999999,-13.167400000000002
249.1735000000001,-558.8287249999996,-13.652350000000013
254.0230000000002,-544.0695499999994,-14.137300000000021
256.171875,-585.4724999999996,-8.144375000000046
258.06,-632.2980000000007,-1.525999999999914
258.65347499999996,-683.3886000000019,1.2021249999998949
257.27415,-740.9783999999989,-1.9977499999999404
255.894825,-798.5682000000002,-5.197625000000005
254.21449999999996,-805.1315,-25.173000000000478
252.49332499999994,-804.769775,-47.42505000000092
249.94130000000004,-777.5294000000007,-60.62185000000003
245.94244999999995,-703.4830999999992,-58.05002499999998
241.9435999999999,-629.4367999999978,-55.47819999999992
236.8546250000001,-638.0746249999995,-52.950250000000054
231.57185,-661.41185,-50.4301
217.6354999999994,-695.8684750000011,-55.004000000000346
186.3919999999988,-752.5639000000023,-73.76600000000073
155.14850000000038,-809.2593249999993,-92.52799999999976
175.62875000000022,-848.4340000000003,-108.86875000000012
207.64737500000086,-883.700200000001,-124.66937500000043
256.8092000000042,-900.3507999999988,-134.88879999999986
345.61467499999964,-873.9528250000001,-132.20170000000002
434.4201500000014,-847.5548499999995,-129.51459999999994
494.1693750000019,-815.9381249999988,-120.0024999999996
546.0152999999992,-782.9019000000005,-108.63400000000019
588.5657000000001,-763.35585,-94.4070749999999
606.0398000000005,-780.2019000000004,-72.46904999999947
623.5139000000007,-797.0479500000007,-50.531024999999026
637.3129999999999,-834.1799999999996,-31.488000000000127
649.9177250000001,-877.9050000000005,-13.385849999999767
656.7815999999996,-913.3289000000002,0.97520000000008
645.3654000000001,-922.3203499999997,3.423799999999954
633.9491999999999,-931.3118,5.872400000000003
619.4998749999996,-891.6927499999987,4.569124999999941
603.8900499999993,-833.4748999999975,1.8303499999998862
584.7896500000003,-780.4331000000004,0.9783499999999368
552.3615999999996,-747.1543999999997,7.330400000000063
519.9335499999991,-713.875699999999,13.682450000000191
483.4272499999981,-721.7287500000014,22.69925000000051
445.10427500000003,-747.904125,32.90307499999999
404.408999999999,-772.6459000000003,42.15490000000009
352.614749999998,-790.6804750000007,46.952725000000186
300.82050000000066,-808.7150499999998,51.75054999999994
261.9097499999998,-820.4732500000001,45.00887499999991
229.6247999999991,-829.0036000000002,32.33259999999966
203.3106500000004,-835.8549499999998,17.626574999998738
212.30209999999997,-832.7783,-9.08144999999989
221.29355000000012,-829.7016499999999,-35.78947500000042
240.95750000000092,-811.197499999999,-29.192499999999065
266.9182249999996,-783.5911250000004,-2.9455750000004137
291.36650000000003,-759.5573,21.243950000000034
303.9672500000003,-763.50845,29.317175000000198
316.56800000000055,-767.4596000000001,37.390400000000355
326.2736249999999,-776.5953749999999,47.35887499999993
334.0288500000001,-789.2239500000002,58.604150000000146
342.5848750000006,-801.0913750000002,70.07140000000047
360.1345000000009,-804.4105000000002,84.03160000000074
377.68412500000005,-807.7296249999999,97.99180000000001
386.8502500000001,-805.0119999999998,106.46425000000009
389.5890250000001,-797.6661999999997,110.72942500000018
392.7875999999999,-789.5316000000003,115.01179999999995
404.6649000000001,-766.5083999999998,119.61882500000004
416.5422000000004,-743.4851999999993,124.22585000000014
427.36975000000047,-729.1808749999997,135.35025000000084
437.2834,-722.4671,152.1486
446.89794999999987,-716.0459750000001,168.8385000000002
440.95929999999976,-724.8426500000003,179.88900000000044
435.02065000000005,-733.6393249999999,190.93949999999987
433.10599999999994,-737.278,199.41799999999984
435.1650500000001,-735.8231499999999,205.35665000000037
437.2241,-734.3683,211.29530000000008
435.1697500000001,-732.9644750000001,217.42627499999975
433.06300000000005,-731.5613000000001,223.55969999999988
426.026875,-725.3993750000001,228.628125
413.4698499999997,-713.9076499999998,232.50375000000008
400.9128250000004,-702.4159250000004,236.3793749999999
393.9190000000001,-678.6730000000002,236.5044
387.18137499999995,-654.3658749999997,236.4567
369.7844999999991,-636.3622499999997,236.76075000000003
338.83515000000074,-626.3730750000002,237.512025
307.8858000000001,-616.3839,238.2633
279.77722499999953,-610.8598499999999,244.0566750000001
251.90055000000095,-605.7003000000002,250.2616499999998
230.28825000000018,-605.3832499999999,250.14537500000014
217.73519999999994,-612.0692,240.88759999999994
205.18215000000058,-618.7551499999997,231.6298250000004
215.65794999999966,-594.7939500000008,220.63965000000027
228.89072499999992,-567.1637250000002,209.44207500000005
245.55400000000031,-537.1559999999995,199.7444999999999
267.8775999999992,-503.2254000000013,192.52192500000027
290.20119999999963,-469.2948000000006,185.29935000000015
329.0024750000001,-443.08757499999996,188.74565
370.44980000000095,-418.12059999999946,193.90520000000012
408.77724999999907,-395.7290000000005,196.0727500000001
441.20529999999974,-378.20720000000017,192.58270000000002
473.63335000000035,-360.6853999999998,189.09264999999996
505.15719999999874,-338.5535000000009,180.0487000000004
536.4960999999994,-315.4786250000005,169.86872500000018
562.8050000000001,-292.08375,159.575
578.1485000000004,-267.9912749999995,149.0332999999998
593.4919999999995,-243.89880000000076,138.49160000000035
624.8057499999996,-224.2386250000002,130.1946250000001
660.1435000000004,-205.69524999999985,122.46324999999993
670.9517499999986,-185.72537499999933,120.50087500000036
619.6186000000012,-162.14170000000053,133.15329999999972
568.2854500000002,-138.55802500000007,145.80572499999997
510.403949999999,-129.2574999999999,133.53659999999965
450.5364750000021,-124.28875000000016,113.70930000000068
394.7720000000006,-121.87499999999991,90.76600000000046
351.2139499999997,-127.06237500000003,58.55259999999982
307.65589999999884,-132.24975000000015,26.33919999999917
299.5400749999999,-124.9532250000003,21.129399999999883
304.14709999999997,-113.17530000000006,25.613199999999974
309.3937500000001,-101.97837499999986,32.49275000000022
316.9064999999997,-92.83985000000034,47.86009999999943
324.41924999999986,-83.70132500000015,63.227449999999735
325.8028,-82.6744,71.91960000000002
324.61427499999996,-85.05145000000006,77.81055000000013
315.78025000000116,-83.7010000000005,77.71500000000074
274.07057500000036,-66.32230000000015,51.877500000000225
232.36089999999953,-48.9435999999998,26.039999999999704
181.18707499999823,-16.148874999998725,23.218200000000266
125.4138500000011,24.1377499999992,31.581599999999835
71.7825,55.536249999999995,39.613125000000004
29.63159999999915,39.294399999999676,45.86580000000013
-12.519299999998674,23.05255000000051,52.118474999999805
-46.19399999999967,3.1438000000002475,43.76985000000019
-75.13200000000025,-18.814100000000188,27.261674999999858
-100.26849999999997,-40.473500000000556,10.134999999999387
-98.98457500000004,-60.058324999999556,-11.29024999999951
-97.70065000000001,-79.64314999999995,-32.71549999999994
-70.17094999999924,-99.72995000000034,-52.174075000000315
-25.86560000000153,-120.13759999999931,-70.37559999999937
20.152749999999088,-140.24337499999976,-88.33262499999978
82.61590000000035,-157.4511500000001,-103.9424500000001
145.07905000000162,-174.65892500000044,-119.55227500000039
196.82649999999887,-185.19209999999984,-129.51099999999985
240.77012499999975,-190.86442499999998,-135.35424999999998
283.3202500000003,-195.41174999999984,-140.63474999999997
305.10722500000077,-183.19657499999957,-137.5302749999999
326.8941999999996,-170.9814000000002,-134.42580000000007
338.497825,-160.41052499999995,-126.62767499999998
341.6738500000001,-151.2004499999998,-114.94514999999973
344.3011250000004,-141.64512500000058,-103.42575000000018
330.0269000000001,-121.45610000000018,-96.93060000000006
315.75267499999984,-101.26707499999976,-90.43544999999993
278.4405499999981,-68.6509499999986,-82.06454999999968
