520.2382,112.34182499999999,4.547249999999991
595.12,136.17,53.64
491.8882,71.80604999999998,32.63737499999999
388.65639999999996,7.442099999999992,11.634749999999997
249.6866,-6.976325000000001,1.5497499999999995
106.00879999999997,-14.815100000000003,-7.097000000000002
-10.706249999999955,-18.1625,-16.533999999999995
-119.23949999999998,-20.147,-26.2108
-179.713575,-14.090374999999998,-26.4412
-214.39980000000003,-3.718999999999994,-21.6028
-229.148625,8.45270000000001,-13.699049999999994
-226.52625,22.19299999999999,-3.1245000000000087
-210.78987500000002,29.046475,9.002399999999994
-176.79350000000002,26.3107,23.2908
-137.87945000000002,26.060125,34.947225
-87.57709999999999,31.56475,40.50855
-39.883125000000106,37.44737499999997,45.69099999999999
-3.665999999999965,44.99320000000001,49.2064
30.910199999999968,52.275774999999996,52.3253
43.27080000000002,55.99435000000001,50.07619999999999
55.63139999999998,59.71292499999999,47.8271
42.82800000000002,58.6255,41.57300000000001
28.76640000000002,57.297775,35.11865000000001
-0.7317999999999714,57.08,28.328550000000007
-33.25869999999998,57.08,21.472575000000006
-65.9726,58.5522,15.466600000000003
-98.759375,60.598124999999996,9.791875000000001
-125.44715,66.53715,5.818599999999999
-148.122425,75.03742500000001,2.9646999999999983
-163.9667,82.70970000000001,2.721300000000002
-172.60872500000002,89.50897500000002,5.2302750000000024
-177.85750000000002,96.14899999999999,8.271249999999991
-177.33775,102.51829999999998,12.216624999999992
-175.57479999999998,108.8204,16.799200000000013
-170.15994999999998,114.92510000000001,23.253550000000015
-164.84000000000003,120.93554999999998,29.466099999999976
-160.11500000000004,126.35512499999997,34.162749999999974
-155.4754,131.78430000000003,38.7838
-154.78555,137.65747500000003,39.908350000000006
-154.0957,143.53064999999998,41.0329
-163.59744999999995,145.864125,38.86997500000001
-174.17199999999997,147.825,36.361000000000004
-188.10650000000007,153.64497500000004,32.51474999999998
-202.94299999999996,160.50095,28.30950000000001
-217.93507499999996,171.57967499999998,26.679175
-233.00309999999996,184.71989999999997,26.3059
-246.34124999999997,196.610625,25.754125000000002
-258.2955,207.50175,25.05955
-267.732775,217.923925,25.809175
-273.9556,227.7472,28.4032
-277.89245,241.10389999999984,30.085275000000003
-277.0325,261.875,29.85375
-274.66130000000004,281.40395,29.967375
-266.4776,296.1554,31.4085
-257.94667499999997,310.549425,32.416974999999994
-245.90264999999997,321.32715,29.048049999999996
-233.85862500000007,332.10487499999994,25.67912500000002
-220.94519999999997,344.8974,17.314599999999984
-208.00815000000006,357.7446749999999,8.814325000000046
-192.20774999999998,365.1852,-2.4521000000000264
-175.9301250000001,371.72459999999995,-14.179549999999942
-158.7775000000001,377.9875,-20.933499999999977
-141.31862499999994,384.15362500000003,-25.946725000000015
-125.83920000000005,389.3492,-25.077650000000016
-111.55080000000005,393.9608,-20.669225000000015
-102.57359999999998,398.5124,-17.10799999999999
-98.74162500000001,403.005875,-14.367500000000007
-99.61235000000003,407.60110000000003,-12.113549999999993
-107.79132499999997,412.35445,-10.615725000000003
-120.67239999999975,417.48869999999994,-9.713299999999993
-145.94169999999994,423.626475,-10.379524999999997
-171.35199999999975,429.38025,-10.825250000000006
-197.50959999999998,433.09882500000003,-10.102325
-222.92840000000007,436.84900000000005,-9.308799999999984
-231.63185,441.314125,-6.917950000000001
-240.33530000000005,445.77925000000005,-4.527099999999982
-240.4725,455.525,-0.7756250000000002
-239.9244,465.69319999999993,3.0846999999999722
-241.055475,471.19872499999997,8.065750000000003
-242.58165,475.60714999999993,13.310499999999966
-242.791275,478.99704999999994,19.852149999999902
-242.418,481.936,26.967999999999957
-241.01467499999998,487.8997,31.508725000000005
-238.85535,496.0834000000001,34.15945000000003
-238.31205,502.68805000000003,38.17607500000001
-239.6634,507.4414,43.79409999999997
-241.86787500000003,513.017,49.460875000000016
-245.69985,520.1611999999999,55.22064999999998
-249.34154999999996,528.6426999999998,61.125549999999926
-252.3372,541.6647999999999,67.52319999999997
-255.9539249999999,554.9273499999998,73.62002499999996
-264.53925,570.1134999999999,77.31024999999998
-273.12457500000005,585.29965,81.00047500000001
-283.9471,584.1157000000001,81.07639999999999
-294.7815250000001,582.844675,81.1331
-301.46594999999996,584.2587000000001,84.12384999999999
-307.57537499999995,586.04475,87.52112499999997
-302.5536,587.8092,93.57879999999999
-294.0533250000001,589.5669,100.46784999999994
-282.5793000000002,590.4706,104.15439999999997
-269.4721500000001,590.9053,106.08219999999999
-254.99,590.165,109.3825
-239.28409999999988,588.37895,113.90432500000003
-225.69785,585.34295,116.9539
-215.12802500000006,580.528175,117.90835
-205.4528,576.2608,120.176
-197.90225000000004,573.2935,125.56249999999996
-191.2544,569.82895,130.4934
-188.7218,564.097525,133.3473
-186.4211,558.0148,135.8844
-187.540925,546.7504,133.7487
-188.66074999999998,535.4860000000001,131.61300000000003
-183.56479999999993,523.7561999999998,128.82842499999998
-178.12159999999997,512.0003999999999,126.0076
-165.85675000000003,505.41382500000003,129.21557499999997
-152.20150000000015,499.88085000000007,133.65234999999993
-137.0207500000003,498.97837499999997,137.4917499999999
-121.22979999999993,499.92810000000003,141.09220000000002
-105.44167500000003,501.894825,144.00334999999998
-89.65545000000014,504.54555,146.45089999999996
-81.2334,508.68185,147.499325
-80.742,514.4179999999999,147.041
-85.22722500000019,520.9528250000001,148.58022500000007
-98.36745000000009,528.87665,153.59345000000005
-114.50862499999998,534.1273500000001,157.459875
-139.7164999999998,531.3018000000001,157.8615
-165.1262499999996,527.1043750000002,157.4668750000001
-191.8602999999998,513.9074500000002,151.84885000000003
-218.45080000000002,500.88707500000004,146.42612499999998
-236.14120000000014,498.8128,153.11200000000005
-253.83160000000004,496.738525,159.797875
-256.1285,502.30999999999995,175.8634999999999
-256.70495,508.73599999999993,192.97744999999978
-251.14679999999993,511.0328,204.2010000000001
-243.8892,512.1857,213.79275000000004
-239.93280000000001,512.4755,214.05105000000003
-237.62700000000004,512.33375,209.64262500000007
-237.65079999999998,511.19100000000003,201.06640000000024
-239.57859999999994,509.23012500000004,189.08380000000034
-239.0341,503.73300000000006,176.38575000000006
-235.26355000000004,493.62150000000014,162.75412500000016
-229.87300000000016,487.0755,153.89849999999996
-220.99944999999997,488.195325,155.311275
-209.56470000000004,488.38984999999997,155.9593
-187.9525500000002,484.907525,153.56845
-166.5067999999997,481.476,151.30919999999998
-146.86024999999987,478.59375,150.472875
-127.21370000000003,475.7115,149.63655000000003
-116.93675000000009,466.6667250000001,152.93144999999998
-106.96699999999986,457.41989999999987,156.36180000000004
-101.66222499999996,454.57685,161.53095000000005
-97.16875,452.84749999999997,167.0025
-106.1304749999999,454.23175,172.83892499999996
-119.9321999999998,456.73599999999993,178.80659999999992
-136.9075499999996,458.36859999999996,183.9143249999999
-155.8359,459.46479999999997,188.49285
-172.88087499999992,460.530125,193.99999999999997
-188.0622999999998,461.56489999999997,200.42599999999993
-205.00302499999958,463.23477499999996,207.25167499999986
-224.73934999999946,465.9138499999999,214.7124499999998
-244.7013499999999,469.04427499999997,221.93224999999995
-265.2739999999998,473.39599999999996,228.49999999999991
-286.22655000000026,476.87264999999996,234.50660000000002
-309.2751000000001,475.5213,237.4172
-331.31635000000006,474.26795000000004,240.309775
-327.16779999999994,475.56260000000003,242.73370000000006
-323.01924999999994,476.85725,245.15762500000002
-301.6272999999999,469.93039999999996,241.92654999999996
-278.74885000000006,462.2948,238.207975
-249.57000000000028,460.059,239.3344
-218.85750000000053,459.137625,241.64019999999996
-192.34724999999986,448.92124999999993,244.14425000000003
-167.744175,434.486375,246.738275
-155.07510000000002,423.37790000000007,246.4325
-151.35652500000006,414.7642250000001,243.95187500000003
-146.36730000000017,398.2708000000006,235.71785000000034
-139.85625000000002,372.34,220.593125
-132.91640000000007,352.48760000000004,210.5804
-125.13905000000011,344.5070750000001,210.55205
-114.87740000000042,340.3873999999998,212.92399999999978
-95.92069999999998,349.7807,223.69700000000003
-79.03999999999999,358.567,232.54050000000007
-79.70150000000001,362.22415000000007,225.07972499999988
-80.36300000000001,365.88130000000007,217.61894999999993
-113.97857500000008,369.39820000000003,217.0538
-147.94659999999982,372.9136,216.5624
-184.85574999999955,340.1867500000005,199.80200000000025
-222.1927000000004,302.1882999999996,180.6751999999998
-248.80822500000008,259.99994999999984,163.31087499999995
-271.97489999999993,216.46380000000016,146.51350000000005
-274.40822500000013,186.17412500000026,136.92772500000007
-265.1897500000002,163.3287500000004,131.3947500000001
-237.4236249999998,146.45802499999994,121.65179999999992
-192.7960000000001,135.01880000000003,108.08160000000004
-151.52365000000034,121.74890000000016,91.05987500000022
-115.1317000000006,105.81620000000026,69.01775000000038
-76.54525000000106,89.97562500000038,50.17937500000026
-32.61220000000138,74.35950000000048,39.146500000000344
8.44407499999977,57.90352500000017,27.987400000000097
35.90104999999957,37.47735000000032,16.231600000000185
62.078725000000034,17.14852499999986,4.413924999999907
67.55499999999999,-1.6050000000000004,-8.405
73.03127499999995,-20.358524999999865,-21.223924999999905
59.67514999999977,-42.48070000000035,-39.9346500000003
45.155224999999874,-64.81105000000018,-59.009475000000165
24.356299999999973,-84.11890000000002,-77.24970000000002
2.229125000000133,-102.78737499999988,-95.31337499999988
-13.36219999999983,-119.43579999999979,-106.49279999999989
-26.270900000000125,-135.25510000000014,-114.84660000000008
-38.76800000000003,-151.73800000000003,-122.10840000000002
-50.98212499999994,-168.67712499999993,-128.61944999999997
-58.76599999999997,-182.63949999999988,-129.20400000000006
-61.676599999999944,-193.3274499999998,-123.26940000000012
-61.74649999999998,-204.43020000000004,-120.269
-56.761625000000166,-216.2710499999996,-122.48974999999993
-54.518349999999934,-226.75259999999992,-127.10019999999987
-60.79787499999989,-233.00849999999988,-139.1394999999998
-64.89339999999996,-238.3896,-149.866
-53.97392500000003,-237.75645,-151.567
-42.83220000000031,-237.19704999999993,-153.39819999999986
-10.91009999999958,-243.5332750000001,-167.40310000000017
21.011999999999233,-249.86949999999985,-181.40799999999965
53.369274999999966,-255.82125,-196.56632499999998
85.7780500000007,-261.72750000000013,-211.86115000000032
122.78424999999942,-256.83292500000016,-214.67935
161.1040000000003,-248.85239999999996,-213.9328
200.05187499999883,-252.9531249999997,-214.61437499999997
239.3213499999997,-263.2394499999999,-216.02714999999998
264.7115750000002,-271.8288500000001,-212.41352499999988
278.5132999999997,-279.0013999999999,-204.60310000000015
274.867625,-282.38315,-199.11534999999998
247.95875000000095,-280.7105000000001,-196.7245000000001
213.65570000000065,-281.3771999999999,-197.48129999999992
163.0603999999995,-287.19840000000005,-205.17360000000008
116.66275000000081,-294.9028999999996,-213.05829999999978
87.50950000000014,-310.34419999999994,-221.73339999999996
60.72699999999999,-324.78425,-229.53700000000003
61.445199999999986,-327.60979999999995,-227.23120000000006
62.1634,-330.43535,-224.9254
62.271899999999995,-335.25835,-229.52649999999997
62.35695,-340.15817500000014,-234.39325000000008
67.32199999999989,-345.8579999999999,-241.87199999999984
73.17155000000002,-351.702825,-249.82417500000003
84.17540000000035,-361.31850000000026,-257.9661000000002
97.08409999999986,-372.32774999999987,-266.17814999999996
116.39310000000032,-386.2515000000002,-270.64050000000003
139.72987499999945,-402.00937499999964,-272.74312499999996
170.81929999999997,-405.747,-263.09575000000007
209.7438499999985,-397.33650000000034,-241.57337500000082
233.58800000000002,-390.0330000000001,-226.2304000000001
232.9265,-384.528375,-220.92894999999996
226.05250000000072,-383.2237499999997,-218.23499999999987
201.90775000000016,-393.59512499999994,-222.78989999999996
175.55170000000055,-404.23949999999985,-227.6345999999999
136.48067500000084,-416.4536249999997,-234.14564999999985
98.0683,-428.15205,-240.38684999999998
79.74475000000011,-424.121625,-238.397625
61.421199999999686,-420.09119999999996,-236.40839999999997
56.284575000000075,-410.8880750000002,-223.58072500000029
52.36754999999999,-401.20655,-209.75064999999998
45.2983999999998,-409.3656750000003,-209.8012500000001
37.43600000000009,-422.0144999999998,-213.34499999999997
31.37959999999994,-439.10737500000016,-220.3911000000001
26.16320000000014,-458.2672499999995,-229.06619999999978
25.43277499999999,-461.52157500000004,-231.54065000000003
28.14020000000005,-452.58659999999986,-229.26319999999996
35.486499999999765,-446.72437500000007,-228.15237499999998
48.50860000000006,-444.62175,-228.46895
59.283174999999794,-445.8801749999998,-230.8881499999998
65.56269999999994,-453.86069999999995,-237.51259999999994
70.30574999999997,-459.2038999999998,-241.69447499999978
69.50250000000003,-455.0270000000001,-237.0592500000001
68.81182500000001,-450.6097499999998,-232.84914999999998
69.12839999999998,-444.04200000000026,-232.4428
69.44497500000001,-437.4742499999999,-232.03645
70.10099999999997,-442.9546499999997,-238.89339999999962
70.76249999999999,-448.629375,-245.8675
70.399,-468.58029999999985,-258.2125999999999
69.87925000000001,-490.70747499999965,-271.3764499999998
81.20229999999967,-490.71105000000017,-274.0039
96.44514999999956,-483.3920250000002,-273.14395
113.46099999999936,-478.2690000000002,-268.9510000000002
131.4963250000003,-474.40867499999996,-262.84157499999986
147.53000000000014,-471.668,-258.67499999999995
161.70500000000004,-469.967,-256.3125
174.53669999999997,-473.1565999999999,-252.58200000000002
185.3711249999999,-483.61774999999983,-246.81750000000005
193.83359999999996,-495.0981499999997,-240.9301500000001
196.36619999999994,-509.1266749999996,-234.73567500000016
199.0996000000001,-523.4048000000004,-231.45880000000028
202.81817499999985,-538.9075249999994,-242.49639999999954
206.8810000000001,-553.055,-253.54600000000013
217.10590000000005,-542.9435,-264.8104000000001
227.33079999999995,-532.8320000000001,-276.0748
243.36129999999983,-536.911475,-277.006825
259.78539999999975,-541.95305,-277.23834999999997
283.5332499999994,-557.0347499999996,-271.70387500000015
308.8876000000007,-574.3188000000006,-264.9045999999998
341.15462499999865,-589.3551499999995,-257.0513000000003
376.3322500000005,-603.4451000000003,-248.75419999999988
399.6328749999992,-618.9225499999991,-244.55022500000007
414.5875,-635.375,-243.22250000000003
426.2713749999999,-643.8619500000001,-238.11005000000006
434.28024999999985,-643.3989,-228.74510000000012
439.418175,-639.7801500000002,-215.29650000000044
439.3284,-630.4152000000003,-194.4120000000006
433.49887499999943,-623.877375,-173.08762499999943
409.30215000000106,-626.3863499999999,-150.355650000001
383.55119999999965,-629.4806750000001,-129.82534999999993
346.5827999999999,-636.7997,-125.18539999999997
309.7098500000001,-644.125575,-120.58767499999998
290.7815000000002,-652.7392499999999,-123.92824999999996
271.85315000000037,-661.3529249999998,-127.26882499999994
278.58679999999976,-661.6673999999999,-132.02059999999986
288.52820000000025,-660.9444749999999,-136.94877500000013
294.15164999999985,-648.7642000000006,-130.3685000000004
298.50337500000006,-633.2094999999998,-120.39874999999988
299.7334,-613.3241000000013,-105.76040000000094
299.32705,-591.168575,-88.67480000000005
295.82755000000003,-582.5229499999999,-76.82945000000008
289.6897750000001,-585.4004749999999,-69.45372500000013
287.0659999999999,-592.0859999999997,-67.22599999999989
289.23004999999995,-603.9599249999997,-72.01242499999985
298.32510000000053,-610.4383999999999,-74.86889999999997
323.07465000000036,-604.7306,-73.36634999999998
347.7252000000002,-598.4801,-69.85139999999991
371.955,-589.923125,-57.78375
394.2297,-581.79945,-45.66010000000009
392.06565,-579.092025,-32.836450000000184
389.9015999999999,-576.3845999999999,-20.012799999999505
392.2670749999999,-564.4869000000003,-5.840700000000409
394.8327500000001,-552.1829999999998,8.391000000000343
395.482475,-543.3731250000004,13.027049999999878
395.77070000000003,-535.2225,15.852600000000026
404.16247499999935,-526.3594750000005,17.171149999999958
415.6300499999999,-517.22605,17.917699999999996
423.7482499999999,-502.9923750000002,23.258499999999902
429.7111999999999,-485.4768000000003,31.555599999999842
429.4943000000002,-471.1348500000003,40.41999999999975
422.8982000000002,-460.0689000000004,49.869999999999685
411.7225999999996,-448.3231249999998,58.48752500000014
392.93599999999975,-435.4474999999999,65.72150000000009
372.67082499999987,-422.6074,71.603075
348.18115000000006,-409.8688,73.62065
323.47345000000024,-399.38267499999995,74.39082500000006
297.4576000000004,-402.41139999999996,67.67660000000011
271.9028749999997,-404.8629999999993,61.2086250000001
263.31755000000027,-386.0764000000006,63.802649999999915
254.73222499999983,-367.2897999999996,66.39667500000006
253.46120000000005,-352.1754000000007,60.6487000000003
252.91310000000001,-337.4239499999999,54.07622499999995
255.5,-319.51875,52.15
258.902,-300.79357500000015,51.43180000000001
265.2479999999999,-287.00280000000015,44.39040000000015
272.9969999999998,-275.56357500000024,34.33560000000022
289.2789999999993,-266.00055000000026,24.442450000000285
312.2425000000005,-257.9066249999998,14.675874999999765
338.2257999999987,-248.67030000000045,7.981600000000124
367.9838500000003,-238.0059749999999,5.127699999999972
395.0030500000001,-224.47104999999996,4.63755000000001
416.4120249999999,-205.0560250000001,8.989274999999978
433.717,-187.7250000000001,12.821999999999978
435.73457499999995,-178.15687500000018,14.721449999999964
437.0028999999998,-168.43529999999961,16.873800000000152
431.1533500000002,-157.25595000000038,21.428699999999846
425.3037999999999,-146.0765999999998,25.983600000000084
401.1531250000012,-131.4331250000007,23.20325000000014
376.6067499999999,-116.71474999999992,20.264299999999984
348.7555500000001,-112.901075,15.736100000000011
320.3772000000003,-110.82680000000002,10.954400000000046
293.37360000000047,-109.37292500000002,8.664875000000025
266.83800000000065,-108.13025000000003,7.223750000000035
245.0177750000006,-100.37827500000036,4.494450000000109
225.9712999999996,-88.79729999999975,1.0073999999999248
212.69390000000035,-76.75800000000056,-2.8627999999998064
204.88819999999996,-64.2839999999999,-7.096400000000031
197.208125,-60.819374999999994,-10.896875000000001
189.71900000000005,-71.04899999999992,-14.038999999999978
166.21592500000094,-74.4429500000002,-16.32385
101.6204500000014,-60.2963000000003,-16.4089
37.49307500000178,-41.953025000001155,-16.01732500000008
-24.248499999997776,-2.2205000000014365,-13.196500000000102
-84.88150000000064,34.01619999999944,-10.648600000000048
-123.34300000000036,0.33639999999967785,-13.559200000000029
-161.80450000000008,-33.34340000000008,-16.46980000000001
-193.56039999999985,-43.41279999999996,-20.90719999999998
-224.82099999999963,-51.7382499999999,-25.457374999999946
-210.3744000000005,-53.938349999999986,-37.029949999999744
-185.53980000000067,-54.74632499999998,-50.198524999999655
-126.86040000000247,-50.16210000000024,-61.99759999999962
-53.56619999999859,-43.24942499999987,-73.20530000000022
29.25399999999567,-42.337249999999834,-72.30475000000047
118.91560000000044,-45.73452500000001,-62.70827499999995
194.75899999999626,-49.670799999999716,-50.69840000000092
254.7428749999994,-54.225699999999954,-35.91860000000014
314.96764999999897,-53.20525000000019,-23.915750000000116
375.6413749999985,-41.79437500000027,-17.088125000000165
423.97419999999977,-36.21899999999957,-18.000099999999172
431.6381499999997,-49.87424999999947,-44.41757499999899
438.31265,-53.81759999999902,-66.79749999999989
