343.1904,6.570300000000003,8.331300000000006
370.59,26.26,44.49
288.73519999999996,32.4219,22.177300000000002
206.8804,38.583800000000004,-0.13539999999999353
126.79169999999998,35.7093,-20.5225
47.55560000000004,28.472400000000007,-39.97999999999999
-15.674000000000035,23.4765,-57.40500000000001
-49.024800000000006,22.663800000000002,-71.036
-81.636,21.9066,-84.3586
-83.184,23.4804,-84.7284
-84.732,25.054200000000005,-85.09819999999999
-81.04799999999999,27.59700000000001,-77.63499999999998
-75.0968,30.559700000000003,-66.77749999999999
-69.1552,32.4296,-53.345600000000005
-63.22979999999999,32.4554,-35.56939999999997
-57.32139999999999,32.5422,-17.776199999999974
-51.7615,33.8795,0.36550000000000793
-46.2016,35.2168,18.507199999999997
-40.83080000000001,42.90599999999997,34.57189999999996
-35.53319999999997,53.054000000000045,49.83260000000007
-32.777100000000004,61.615900000000025,63.35080000000005
-33.908,67.75200000000001,74.20400000000004
-35.49580000000002,74.36180000000003,84.3549
-43.17560000000002,87.28760000000003,85.1418
-50.85540000000001,100.21340000000001,85.92869999999999
-56.8776,111.34400000000001,78.7764
-62.33000000000002,121.85750000000004,68.89499999999995
-66.5656,133.06220000000005,57.397199999999955
-69.11120000000001,145.22690000000003,43.65439999999996
-72.24920000000002,157.43800000000002,29.065599999999947
-81.16310000000001,170.10150000000002,6.228299999999965
-90.07700000000001,182.76500000000001,-16.60900000000002
-104.525,187.76260000000002,-36.9911
-120.65,190.43720000000002,-56.6292
-138.90679999999998,197.09799999999998,-72.1082
-159.85639999999995,208.79399999999998,-82.33359999999999
-180.86699999999985,220.23949999999994,-92.25699999999995
-202.3412000000002,229.78120000000007,-99.88520000000007
-223.81540000000018,239.3229000000001,-107.51340000000006
-246.20080000000019,245.11440000000002,-113.54700000000004
-268.8274000000002,249.91320000000002,-119.15850000000003
-294.5160000000002,254.45600000000002,-121.684
-323.7259000000002,258.7044,-120.66059999999999
-352.55480000000017,263.15020000000004,-119.57539999999999
-379.0342000000001,268.8133,-118.1091
-405.5136000000001,274.4764,-116.6428
-424.41900000000004,280.4825,-107.89649999999997
-441.5932,286.567,-97.48619999999997
-453.6707,289.8081,-87.15359999999998
-460.40880000000004,290.0704,-76.90239999999999
-465.2394,290.1402,-66.66799999999999
-460.26,289.21999999999997,-56.51999999999991
-455.2806,288.29979999999995,-46.37199999999992
-446.12879999999996,285.14399999999995,-38.57479999999995
-436.16569999999996,281.5535,-31.234699999999954
-428.2002,283.4080000000001,-22.605399999999943
-422.14149999999995,290.46000000000004,-12.74549999999995
-417.7764,296.7656,-5.427200000000017
-420.8208,299.8057,-9.228400000000015
-423.8652,302.8458,-13.029600000000013
-430.7169000000001,308.9125,-14.755100000000015
-438.18600000000004,315.46999999999997,-16.144000000000002
-445.9104000000001,319.992,-17.029200000000003
-453.8568,322.744,-17.476399999999998
-461.7474,325.17830000000004,-18.19180000000001
-469.42719999999997,326.4124,-19.920399999999997
-477.107,327.6465,-21.64900000000001
-487.918,336.2944,-21.2952
-499.1410000000001,345.91780000000006,-20.667399999999997
-504.7744,349.51000000000005,-21.400399999999994
-505.9827,348.3275,-23.21070000000001
-505.71500000000003,348.682,-23.612000000000023
-500.5765,354.1086,-19.36359999999999
-495.43799999999993,359.5352000000001,-15.115199999999957
-485.9471,370.10200000000003,-10.702999999999994
-476.00979999999987,381.1960000000002,-6.273999999999924
-461.545,390.84,-3.7775
-443.8203999999997,399.4400000000001,-2.6723999999999823
-423.86830000000003,407.99929999999995,-2.1051999999999986
-397.43619999999964,416.4402000000001,-3.1028000000000144
-371.0041000000001,424.8811,-4.100399999999997
-333.4559999999995,426.91,-3.025999999999984
-295.07420000000013,428.45799999999997,-1.796200000000005
-259.8747999999996,430.51300000000003,-0.8341999999999907
-226.75620000000015,432.8995,-0.047300000000004117
-194.9191999999997,435.5128,0.5428000000000008
-166.39299999999972,438.71200000000005,0.6245000000000008
-137.86679999999973,441.9112,0.7062000000000007
-121.93989999999987,442.38390000000004,2.157300000000013
-106.62759999999989,442.72360000000003,3.6752000000000122
-101.19460000000001,440.2634,0.900099999999961
-101.616,436.14399999999995,-4.419000000000036
-107.85490000000011,430.0121999999999,-9.439100000000026
-127.5188000000001,419.23639999999995,-13.769200000000023
-147.18270000000007,408.46059999999994,-18.09930000000002
-183.62140000000014,407.727,-14.432599999999985
-220.45950000000013,407.2325,-10.575499999999987
-265.8012000000001,415.56080000000003,-5.970799999999986
-315.6984000000001,428.61560000000003,-0.96559999999999
-361.02740000000006,438.274,0.8825999999999947
-396.8937,440.897,-3.8087000000000026
-432.76000000000005,443.51999999999987,-8.50000000000012
-437.2707,436.8335,-15.865899999999995
-441.7814000000001,430.14699999999993,-23.23180000000011
-427.706,428.608,-22.14710000000001
-404.6579999999997,429.55400000000003,-16.982799999999926
-381.0250000000001,433.27049999999997,-10.191000000000033
-356.29999999999967,442.1586000000001,-0.36119999999987584
-331.38420000000013,451.13019999999995,9.547999999999941
-298.45479999999964,463.60880000000014,22.79200000000015
-265.52540000000016,476.08739999999995,36.03599999999992
-230.17799999999963,483.57400000000007,45.98300000000008
-193.78280000000026,488.89739999999995,54.50129999999994
-157.1843999999997,495.00000000000006,65.21640000000012
-120.24309999999971,502.4175000000001,79.63860000000011
-84.01619999999984,510.04140000000007,93.91080000000008
-62.43449999999986,521.8965000000001,105.10800000000008
-40.85279999999987,533.7516,116.30520000000007
-43.73320000000007,544.1094,126.78320000000006
-56.08280000000026,553.8876000000001,136.98280000000022
-74.8499000000001,560.5769,148.89260000000007
-103.4320000000001,562.542,163.41800000000006
-131.62050000000008,564.5074,177.71450000000004
-154.56100000000043,566.4768,188.95900000000023
-177.50150000000002,568.4462000000001,200.20350000000002
-191.38920000000002,570.294,202.84640000000002
-202.16500000000002,572.1,202.5325
-205.89559999999992,575.1804000000001,201.16559999999996
-199.84120000000001,580.0308,198.33620000000002
-194.0424,584.4204,196.304
-190.73569999999995,584.3172,202.04450000000008
-187.42899999999995,584.214,207.78500000000008
-189.53760000000005,580.6887,209.38070000000002
-193.28719999999998,576.1264000000001,209.72039999999998
-197.85950000000005,570.7642,207.80289999999994
-203.47100000000006,564.3915999999999,203.03419999999994
-207.50349999999992,558.6655,199.60650000000007
-199.53560000000007,557.8528,206.37039999999996
-191.56769999999995,557.0401,213.13430000000008
-173.02239999999983,549.7606,222.2000000000001
-151.67719999999983,540.7692999999999,231.87500000000009
-134.7000000000001,532.4960000000001,238.23199999999997
-122.74599999999973,525.0483999999998,240.77330000000006
-111.56719999999996,518.307,243.0662
-105.16879999999996,515.9205,243.8273
-98.77039999999987,513.534,244.5884
-91.34649999999985,508.94949999999994,240.8239999999999
-83.68819999999998,503.8626,236.02519999999998
-83.43240000000013,499.6219999999999,232.44439999999994
-90.93160000000026,496.26799999999986,230.13959999999992
-100.63300000000035,491.7393999999998,227.27059999999992
-121.66,481.16999999999996,221.5
-142.68699999999964,470.60060000000016,215.72940000000008
-171.24520000000098,476.7604000000003,210.57439999999983
-201.26780000000045,486.17310000000015,205.53909999999993
-220.49059999999997,490.54339999999996,204.8642
-229.40450000000013,490.1005,208.35150000000004
-237.9968000000002,486.67119999999954,210.62439999999992
-245.18210000000008,470.17639999999983,207.58429999999996
-252.36739999999998,453.68160000000006,204.54420000000002
-266.68260000000015,438.54469999999986,197.3748999999999
-282.15400000000045,423.6279999999996,189.53599999999977
-288.4093,418.97620000000006,187.88180000000003
-286.6506,423.25039999999996,191.60559999999998
-282.9712999999999,428.3364000000001,196.6569000000001
-272.03639999999973,436.48920000000015,206.72320000000025
-261.10149999999993,444.64200000000005,216.78950000000006
-247.50660000000013,443.18080000000003,227.6689999999999
-233.56169999999992,440.45459999999997,238.65550000000005
-230.94000000000014,430.20679999999965,246.73080000000013
-237.28250000000003,414.0043999999999,252.50140000000002
-249.0400000000006,402.8930000000001,255.7589999999999
-278.6670000000001,408.5819,250.72369999999998
-308.29400000000055,414.2708000000001,245.68839999999992
-325.43710000000004,417.58070000000004,245.57489999999999
-341.2998000000003,420.64660000000003,245.96620000000001
-335.03,427.435,255.445
-312.82479999999964,436.90360000000015,271.46680000000026
-286.33290000000005,442.85,284.1347
-247.37059999999943,438.54999999999995,287.04580000000004
-208.4083000000001,434.25,289.9569
-189.37399999999977,413.7059999999997,275.3279999999998
-171.83430000000007,391.94370000000004,259.38360000000006
-162.82259999999997,378.04379999999986,256.1896000000001
-159.38690000000003,369.28470000000004,261.3324
-155.52639999999994,364.4628000000001,268.67600000000016
-150.56849999999986,369.8120000000002,281.7050000000003
-145.61059999999995,375.16120000000006,294.7340000000001
-135.9582000000001,362.5114000000001,280.1659000000001
-126.07679999999992,348.9835999999999,264.2515999999999
-117.0971999999998,339.2573999999998,250.7078999999997
-108.65199999999994,331.78399999999993,238.5689999999999
-99.15379999999973,323.60469999999975,230.40030000000002
-87.22559999999993,313.79639999999995,231.3936
-75.29739999999974,303.9880999999998,232.38690000000003
-94.30220000000008,280.7103999999999,214.0769999999999
-114.04350000000039,257.1119999999995,195.3074999999996
-143.6548000000001,244.97119999999998,182.26959999999997
-178.55360000000064,238.9683999999999,172.30219999999983
-207.76700000000002,233.6908,167.85080000000002
-225.2035000000003,229.91539999999992,174.82540000000014
-242.63999999999942,226.1399999999995,181.80000000000007
-225.96459999999973,211.24909999999974,183.29640000000003
-209.28920000000002,196.3582,184.7928
-177.97169999999946,174.62039999999962,170.3913999999997
-139.58559999999883,149.57719999999924,148.31519999999932
-107.87599999999975,132.07299999999995,129.47599999999983
-88.62920000000008,128.6416,116.67920000000005
-69.76109999999997,124.8899999999998,104.02449999999993
-66.79839999999992,107.68999999999953,97.33799999999982
-63.83569999999997,90.48999999999982,90.65149999999993
-51.528000000000105,81.94200000000004,78.2950000000001
-35.17079999999984,77.14319999999995,63.48149999999986
-16.216799999999413,65.89639999999943,40.57039999999908
7.119300000000187,43.76859999999982,3.9945999999997106
30.09939999999986,21.538200000000224,-31.517799999999873
45.78150000000063,-2.7955000000009633,-45.230500000000546
61.463600000000355,-27.129200000000548,-58.94320000000031
73.43810000000005,-37.98410000000003,-58.17579999999997
83.97739999999988,-43.62139999999994,-51.803200000000075
81.77689999999919,-45.83829999999989,-50.811100000000266
60.09199999999957,-42.82399999999994,-58.048000000000144
38.54989999999995,-41.48880000000006,-65.91610000000004
18.911800000000287,-62.5415999999997,-82.20019999999977
-0.7263000000006752,-83.59440000000073,-98.48430000000056
-2.060399999999915,-121.09840000000074,-116.98920000000034
2.8975,-164.2575,-136.2575
10.060400000000161,-197.95400000000032,-153.41980000000024
20.28580000000032,-218.50800000000066,-167.65710000000044
31.742800000000344,-238.47920000000022,-181.54080000000016
55.20789999999994,-252.76809999999995,-191.97689999999997
78.6730000000003,-267.0570000000002,-202.41300000000015
102.98290000000071,-270.4427,-204.29879999999997
127.54880000000028,-270.5244,-203.59359999999998
146.12589999999994,-268.0316,-202.4818
157.13820000000013,-262.2867999999999,-200.85639999999998
166.25150000000005,-260.4294999999998,-200.01749999999996
160.93239999999977,-288.11720000000116,-205.1560000000002
155.61329999999987,-315.8049000000007,-210.29450000000014
133.8483999999998,-341.7722000000002,-226.60540000000015
107.73019999999939,-367.2841000000006,-245.87370000000047
83.05399999999986,-383.26000000000005,-254.69199999999998
60.036100000000246,-388.26949999999994,-251.49280000000005
41.14080000000003,-393.1614,-246.99159999999995
47.668200000000134,-397.32810000000006,-234.46139999999974
54.19560000000024,-401.4948000000001,-221.93119999999954
59.4000000000001,-414.9050000000003,-227.5170000000002
64.30200000000002,-430.42800000000005,-237.24360000000001
65.32529999999994,-444.52930000000026,-256.4853000000005
62.285199999999996,-457.1412,-285.6952
62.24529999999976,-470.12409999999977,-311.1824999999999
77.635,-485.015,-317.525
93.02470000000075,-499.9059000000007,-323.8675000000003
111.5752000000006,-508.4572000000002,-315.5291999999996
130.74030000000027,-515.7758000000001,-304.3362999999998
143.16019999999997,-517.5790000000001,-296.4808
149.14150000000006,-514.1175,-291.8109999999999
149.98520000000008,-511.0656,-288.80999999999995
128.35190000000046,-509.80570000000006,-293.1099999999999
106.7185999999994,-508.5458,-297.4100000000001
92.37429999999944,-520.4394000000007,-295.19059999999985
79.21199999999965,-534.4660000000003,-291.9139999999999
86.35870000000023,-550.3027000000002,-291.5538
111.16540000000063,-567.7134000000004,-293.72960000000006
136.91530000000023,-578.7961999999999,-296.5201
166.22839999999974,-565.9736000000001,-301.6327999999999
195.54149999999922,-553.1510000000003,-306.7454999999998
206.3638000000002,-529.4641999999994,-309.84420000000006
214.75310000000033,-504.347899999999,-312.67790000000014
221.2992000000001,-493.76120000000003,-311.1939999999999
226.38610000000003,-494.6771,-306.292
232.09500000000014,-498.44700000000023,-300.5049999999998
239.8565,-511.6351,-291.79749999999996
247.61799999999988,-524.8231999999998,-283.0900000000001
248.76510000000002,-535.5153000000004,-281.58969999999994
249.2338,-545.9514000000003,-280.8286
247.4799999999999,-541.3874999999996,-279.74749999999995
244.12599999999995,-526.0235999999998,-278.436
239.1011,-509.47280000000006,-274.8112
229.21539999999985,-489.4691999999997,-264.4567999999998
219.3297,-469.46560000000005,-254.10240000000002
196.78800000000047,-491.7739999999995,-254.69599999999997
173.29709999999932,-517.2558000000008,-256.11070000000007
150.34439999999898,-540.488600000001,-260.9496000000003
127.74359999999938,-562.2509000000007,-268.02740000000017
108.5447999999999,-572.9947999999998,-272.48679999999996
98.13450000000006,-555.2745000000001,-270.182
87.7241999999999,-537.5541999999998,-267.87719999999996
98.2894999999999,-522.9786000000001,-268.8442
109.87800000000047,-508.5563999999994,-269.97080000000005
119.63860000000021,-508.7061000000002,-273.6678000000001
128.31600000000034,-517.4910000000003,-278.8880000000002
136.05090000000013,-529.2152000000004,-285.87490000000025
141.61080000000004,-547.7224000000001,-296.9388
147.17070000000012,-566.2296000000003,-308.00270000000023
171.4500000000001,-560.0533999999999,-300.39759999999995
196.17500000000132,-553.2894999999996,-292.3479999999996
223.82040000000202,-548.6927999999997,-276.8699999999987
253.03030000000055,-545.2570999999999,-257.4124999999996
273.5924000000001,-545.5874000000003,-241.95199999999974
276.24119999999994,-553.7186999999999,-234.7710000000001
278.89,-561.85,-227.59
250.07139999999953,-569.7147000000001,-231.83410000000006
221.252800000001,-577.5793999999997,-236.07819999999987
195.23269999999883,-587.9903000000005,-234.15399999999977
170.56359999999844,-599.6304000000008,-229.2519999999997
154.8195,-606.9265,-223.2789999999999
155.73540000000003,-606.1138,-215.30679999999978
157.00259999999966,-605.3603,-207.45300000000006
173.0243999999999,-607.0932,-204.57200000000003
189.04620000000017,-608.8261,-201.69099999999997
204.2610000000004,-616.8140000000003,-201.36900000000003
219.12610000000063,-627.5124000000005,-202.15590000000003
229.27920000000015,-636.3260000000004,-200.60999999999967
231.48080000000002,-641.9590000000001,-195.12749999999997
234.6752000000006,-647.7814000000003,-189.47199999999978
258.22200000000095,-657.4865000000004,-180.26999999999964
281.7687999999997,-667.1915999999999,-171.0680000000001
313.34770000000015,-678.859,-163.00059999999996
348.03580000000073,-691.2860000000002,-155.37239999999983
378.79520000000093,-699.9815000000001,-149.40169999999986
403.5460000000013,-702.9700000000001,-145.9659999999998
427.2357,-706.5786,-142.2945
436.77740000000017,-718.4552000000002,-135.47899999999987
446.31910000000033,-730.3318000000004,-128.66349999999977
438.6736000000002,-740.8035999999998,-121.51520000000012
425.1199999999991,-750.7925000000007,-114.25249999999951
407.44979999999964,-751.2557999999998,-105.91339999999984
384.0620999999993,-738.4890999999996,-96.07929999999969
361.4427999999993,-726.9051999999999,-86.11599999999946
346.31540000000007,-726.8535999999999,-74.89300000000003
331.1879999999998,-726.8019999999999,-63.66999999999985
306.0582999999992,-726.9913,-46.71489999999946
277.8976000000006,-727.2536,-28.022800000000395
252.03019999999862,-728.2455000000001,-16.951599999999914
229.05959999999976,-730.159,-15.506799999999984
209.36100000000013,-730.4564999999997,-16.452500000000505
214.52960000000022,-718.4723999999995,-35.566000000000805
219.69819999999996,-706.4883000000001,-54.67949999999985
249.5338000000003,-688.5133999999998,-58.4114
285.8989000000009,-668.9526999999996,-58.07169999999999
313.2400000000007,-654.4059999999997,-49.43799999999928
330.203500000001,-645.6253999999996,-31.26619999999899
340.76439999999985,-640.9164000000002,-12.194999999999872
311.8425999999994,-661.3156000000005,12.422500000000518
282.92079999999896,-681.7148000000008,37.04000000000091
252.63750000000041,-688.0474999999999,31.057000000000173
222.04299999999992,-691.165,18.079599999999964
214.1999000000003,-674.5130999999993,-0.8534000000004696
230.19160000000056,-637.1503999999987,-26.025600000000868
251.9072000000026,-597.6792999999975,-48.63230000000047
303.06,-547.365,-58.045
354.2128000000008,-497.0506999999992,-67.45770000000014
401.3084000000015,-475.6011999999995,-64.99399999999984
447.6150999999992,-459.7643000000003,-60.22100000000009
486.27239999999995,-452.3512,-48.916200000000046
517.6280000000004,-452.979,-31.37649999999977
544.0428000000002,-449.84119999999945,-18.44640000000021
548.8416000000002,-430.2288999999991,-25.683300000000326
553.6403999999999,-410.6166000000001,-32.92019999999996
544.4272999999998,-425.56970000000024,-27.70289999999992
532.9419999999997,-446.12800000000055,-20.46599999999981
522.7355000000002,-455.5773,-18.824999999999925
513.6410000000001,-455.3666,-22.049999999999976
501.9931999999984,-444.6528999999963,-23.941199999999768
480.69959999999946,-394.2611999999988,-20.793599999999927
459.40599999999915,-343.86949999999797,-17.645999999999876
448.0798000000001,-306.2876000000004,-14.452800000000035
438.0650999999999,-270.3911999999998,-11.253599999999983
435.6464000000001,-257.4268000000001,-9.475199999999987
439.2411999999999,-262.6168999999999,-8.82160000000002
440.93199999999973,-264.56399999999957,-6.8989999999996785
436.3395999999997,-255.8091999999994,-0.7886999999995803
431.7471999999999,-247.05439999999984,5.321600000000113
411.8472999999992,-220.98359999999906,12.929500000000267
390.3774000000003,-193.13680000000045,20.690999999999878
360.565,-159.20999999999998,23.207500000000003
324.7459999999994,-120.9055999999994,21.94759999999998
282.3017000000021,-95.24349999999963,24.99419999999946
220.58379999999704,-106.35900000000053,40.568800000000735
158.8658999999961,-117.4745000000007,56.14340000000099
92.19199999999913,-107.98199999999986,58.302000000000014
25.146399999998053,-96.94389999999967,59.45440000000003
-7.098200000000425,-102.74080000000075,59.43419999999996
-16.58829999999995,-119.54519999999991,58.6473
-25.30320000000007,-139.10960000000028,56.038799999999924
-32.01550000000017,-165.8040000000007,48.72449999999981
-38.727800000000286,-192.49840000000114,41.41019999999969
-21.18859999999891,-180.16489999999916,33.197999999999524
-2.466399999999851,-165.92759999999987,24.941999999999936
13.372200000000337,-144.88899999999938,18.378899999999867
27.50200000000056,-119.819999999999,12.818999999999779
49.916699999999565,-99.4375000000001,1.3220000000002656
91.45040000000022,-89.86999999999995,-23.876000000000133
132.98410000000086,-80.3024999999998,-49.07400000000053
213.670200000003,-90.76060000000041,-62.18440000000047
295.2885000000043,-101.69550000000058,-75.00700000000069
331.22200000000004,-80.0019999999999,-75.58519999999999
342.68150000000026,-40.828999999999276,-69.60389999999988
344.3143999999994,-15.126800000000076,-61.934199999999606
