637.8576,-24.745800000000003,23.9266
343.33,121.78,-29.07
257.681,56.93029999999999,-25.1955
172.03199999999998,-7.919400000000007,-21.321
76.78970000000001,-54.4542,-21.779700000000002
-25.960400000000035,-86.65560000000002,-25.629600000000003
-123.34450000000004,-111.77749999999999,-28.430999999999997
-182.09340000000003,-85.927,-23.6832
-240.84230000000005,-60.076499999999996,-18.935399999999998
-264.45680000000004,-47.68,-10.583999999999993
-271.7589,-41.529999999999994,-0.559499999999991
-274.28,-34.17899999999999,10.679000000000016
-261.98,-23.104900000000008,25.68089999999999
-249.68,-12.030800000000001,40.6828
-227.0972,10.431600000000003,52.2824
-202.02159999999998,35.65480000000001,63.05720000000001
-177.522,56.928500000000014,69.341
-154.02079999999998,71.35640000000002,67.8404
-130.51960000000003,85.78429999999999,66.33980000000001
-117.95859999999999,92.21320000000001,60.38939999999999
-106.26130000000002,98.0106,54.08770000000001
-100.11,104.20000000000002,47.15399999999998
-99.782,110.80099999999999,39.556700000000006
-99.6494,117.3458,31.950600000000005
-103.3271,122.79469999999999,24.172900000000006
-107.0048,128.24360000000001,16.395200000000003
-112.1125,132.17000000000002,9.442499999999999
-118.1354,135.12199999999999,3.017799999999998
-124.05189999999997,137.8388,-2.715299999999992
-129.4516,139.4132,-5.089200000000003
-134.85129999999998,140.9876,-7.463099999999993
-142.41100000000003,142.799,-8.574000000000002
-150.76269999999997,144.69729999999998,-9.221799999999998
-159.3556,147.6936,-9.7604
-168.53140000000002,153.3434,-10.0351
-177.7072,158.99319999999997,-10.3098
-194.43599999999998,165.476,-7.578000000000003
-212.45960000000005,172.10160000000002,-4.3307999999999875
-232.5266000000001,177.3383,-1.0716999999999866
-255.4783999999999,180.61419999999998,2.204199999999986
-278.4301999999999,183.8901,5.480099999999987
-296.2820000000001,187.41000000000003,5.680000000000001
-314.00629999999995,190.93599999999998,5.803
-330.59099999999995,196.64879999999997,5.325400000000003
-346.19149999999996,204.25019999999998,4.329100000000002
-360.84319999999997,211.8612,3.1028000000000064
-366.7185,219.56099999999998,-0.2509999999999941
-372.5938,227.2608,-3.6047999999999956
-376.82210000000003,232.52249999999998,-6.904599999999997
-380.1964,236.51999999999998,-10.176399999999997
-382.7202,238.7787,-13.1638
-382.22,234.855,-15.14
-381.7198,230.9313,-17.116200000000003
-380.6532,230.166,-18.4268
-379.4273,230.28900000000002,-19.5502
-376.86160000000007,230.132,-20.973199999999984
-371.712,229.435,-22.974000000000004
-366.56239999999997,228.738,-24.974800000000005
-359.3149,229.0955,-25.869299999999996
-351.84060000000005,229.56699999999998,-26.644199999999994
-343.8096,230.2494,-27.535000000000004
-335.13399999999996,231.17600000000002,-28.560000000000002
-326.6249,232.2385,-29.472200000000015
-324.7758,238.73699999999997,-25.872400000000017
-322.92670000000004,245.23549999999997,-22.272600000000015
-321.2216,250.53640000000004,-20.8232
-319.6185,254.98900000000003,-20.897000000000002
-318.69280000000003,259.09000000000003,-21.787400000000034
-321.7186,261.14,-27.441299999999984
-324.7444,263.19,-33.095199999999984
-327.4164,267.9805,-38.16039999999999
-329.942,273.90500000000003,-42.98199999999999
-331.2268,280.07149999999996,-45.34950000000004
-329.12760000000003,286.898,-41.023999999999965
-327.02840000000003,293.7245,-36.6985
-323.7868,295.2402,-30.632200000000005
-320.31,295.6625,-24.2075
-313.8876000000001,297.3744,-21.705999999999968
-302.8627000000002,301.1012999999999,-25.334499999999938
-291.8378000000001,304.8282,-28.962999999999973
-278.72249999999997,314.8302,-32.87230000000001
-265.4999999999999,325.1540000000001,-36.79600000000004
-252.59459999999999,336.66850000000005,-40.31020000000001
-239.99120000000008,349.31699999999995,-43.43439999999998
-227.79789999999997,361.67300000000006,-46.71610000000001
-220.79920000000004,370.32399999999996,-51.992799999999974
-213.8005000000001,378.97499999999985,-57.26949999999993
-206.24540000000005,385.5798,-54.332800000000034
-198.36929999999998,391.0041,-46.65759999999997
-191.8204,395.7556,-38.32400000000004
-190.7462,397.7318,-27.274499999999943
-189.672,399.70799999999997,-16.225000000000037
-199.03240000000005,403.2156,-5.928799999999944
-211.75879999999995,407.2172,4.124399999999972
-227.38549999999975,414.19059999999985,9.736800000000043
-249.25899999999996,427.5648,5.784400000000009
-271.13250000000016,440.9390000000001,1.8319999999999728
-289.19,451.57,-7.430399999999985
-306.71750000000014,461.82000000000005,-17.430300000000074
-320.4794,471.467,-22.984199999999998
-329.4296999999999,480.34349999999995,-22.857100000000003
-338.38,489.22,-22.73
-343.32869999999997,486.0425000000001,-7.732200000000125
-348.2774,482.865,7.265600000000011
-349.67949999999996,478.9883,20.595900000000118
-348.306,474.56440000000003,32.621200000000016
-346.67600000000004,471.7894999999999,43.210499999999996
-343.1992,480.8874,43.4606
-339.72240000000005,489.98529999999994,43.710699999999996
-331.7572000000001,498.0275999999999,40.34040000000007
-321.7080999999999,505.5798000000001,35.28919999999994
-311.49399999999997,511.272,32.20800000000001
-300.76840000000004,511.19820000000004,35.23379999999999
-290.04279999999994,511.12440000000004,38.25960000000001
-275.53540000000004,507.6087,47.403599999999955
-260.1112000000002,503.25860000000006,58.030799999999864
-246.26800000000006,499.9225,68.45549999999996
-235.16520000000014,498.344,78.52919999999989
-224.06240000000003,496.7655,88.60289999999998
-220.05419999999998,508.0766000000001,100.59940000000007
-216.6061,520.4053,112.74769999999998
-213.278,527.378,120.47000000000003
-210.07590000000002,528.7269,123.54499999999999
-206.93980000000002,529.7064,126.08220000000007
-205.0907,523.4826,118.1323
-203.24160000000003,517.2588000000001,110.18240000000007
-204.33499999999995,507.6950000000002,106.47250000000001
-207.31159999999997,495.99360000000013,105.4762
-210.7788999999999,485.58580000000006,106.20749999999985
-216.62960000000007,481.46119999999996,115.3300000000001
-222.48030000000003,477.33660000000003,124.45250000000001
-223.207,476.704,133.6140000000001
-222.0549,477.3518,142.7898
-219.48439999999994,478.41720000000004,151.17480000000006
-213.4861,480.4918,157.64870000000002
-207.48780000000005,482.5664,164.12259999999995
-202.5955,492.96750000000003,169.5535
-197.89280000000002,504.796,174.80559999999997
-195.02609999999999,515.0570999999999,181.2272999999999
-194.7514,523.1054,189.30019999999996
-194.4767,531.1537,197.37309999999988
-206.22599999999997,530.13,196.522
-218.27589999999987,528.8795,195.4478
-227.1335999999999,526.1528000000001,197.2027999999999
-233.23440000000005,522.1511999999999,201.40120000000002
-238.38879999999995,517.7107999999998,205.43640000000005
-234.789,509.21149999999994,207.96200000000002
-231.1892,500.7122,210.4876
-223.57179999999994,492.42619999999994,212.91600000000003
-213.87120000000002,484.2508,215.294
-205.30099999999996,478.545,218.97160000000008
-200.75,481.62,227.26999999999998
-196.19900000000004,484.695,235.5683999999999
-211.16160000000002,488.9028,236.19959999999998
-231.61239999999984,493.4292,234.6744
-252.98579999999924,494.44720000000024,232.00540000000015
-276.13849999999985,488.69900000000007,227.13050000000004
-299.29119999999966,482.9508000000001,222.25560000000007
-311.27359999999976,476.6587000000001,227.78139999999985
-322.0484,470.3078,234.43160000000003
-336.3438999999999,464.1545,241.30219999999997
-354.71600000000035,458.22999999999985,248.42800000000014
-372.77720000000005,452.40119999999996,255.51470000000006
-378.4024,450.4004,261.03740000000005
-384.0276,448.3996,266.5601
-384.31280000000004,448.0524,272.74279999999993
-380.81549999999993,448.8765,279.3930000000001
-379.09180000000003,447.4469999999999,283.69839999999994
-387.7141,432.8715,274.3258
-396.3363999999999,418.29600000000016,264.9532000000001
-400.78849999999994,407.20630000000017,261.3777
-403.51499999999993,397.55900000000025,260.201
-399.9902,392.8804,268.6492999999999
-379.4164000000002,401.7527999999999,303.34759999999966
-358.84259999999966,410.6252000000001,338.0459000000006
-334.80419999999975,418.94000000000005,366.87920000000025
-310.0525,427.14,394.505
-293.2624,433.28239999999994,406.32600000000014
-288.9122999999999,436.20980000000003,393.45199999999977
-284.56219999999996,439.1372,380.57799999999986
-289.13140000000004,436.9478,358.1178
-294.15799999999996,434.49600000000004,335.16600000000017
-298.40129999999994,422.0839000000003,321.00060000000013
-301.89860000000004,400.18579999999974,315.2031999999999
-304.6774,378.97709999999995,309.8426
-298.3552,366.5008,310.0148
-292.03300000000013,354.02450000000016,310.187
-287.3878000000001,346.77940000000007,308.58600000000007
-283.7101000000001,342.5523000000001,305.9620000000001
-281.5116,337.12600000000003,302.90360000000004
-285.41480000000007,326.75299999999976,298.0532999999999
-289.31800000000004,316.3799999999999,293.2029999999999
-291.0636,313.1308,299.16550000000007
-292.1132,312.1796,308.616
-297.4904999999998,314.99449999999985,323.4094999999997
-312.1890000000002,325.92100000000016,349.7110000000004
-326.8875000000001,336.8475000000001,376.0125000000002
-363.8915999999999,341.1644,386.528
-403.99369999999965,344.56329999999997,394.8509999999999
-432.43719999999973,346.6248,394.6906000000002
-445.9835999999996,346.9774,383.69030000000026
-459.53,347.33,372.69
-431.43270000000024,344.7798,366.51540000000006
-403.33540000000045,342.22960000000006,360.3408000000001
-356.5689999999994,338.6697,355.2886
-295.1919999999999,334.3196,351.1148
-235.51050000000032,329.3715000000001,345.8705000000001
-188.03659999999908,320.1177999999998,332.91859999999974
-140.56269999999947,310.8640999999999,319.9666999999999
-102.49399999999991,296.6124,306.04319999999996
-68.79200000000019,280.0402000000001,291.6686000000001
-37.21300000000035,264.4490000000002,280.29400000000004
-12.215300000000553,251.89890000000028,278.21940000000006
12.782400000000104,239.34879999999995,276.1448
18.989899999999995,234.5636,282.35979999999995
20.64219999999998,231.66080000000002,290.5843999999999
9.387000000000697,233.3779999999998,292.3620000000002
-24.24119999999902,243.1031999999997,282.96480000000025
-57.86939999999991,252.82839999999996,273.5676
-105.28020000000114,237.2075999999996,249.6619999999994
-153.77910000000074,219.58579999999972,224.61099999999962
-185.4360000000001,201.91199999999986,199.37799999999982
-199.40879999999999,184.1836,173.95390000000003
-211.18300000000028,166.45060000000018,149.2748000000001
-180.08449999999948,148.6278999999997,139.12319999999983
-148.98599999999973,130.80519999999984,128.9715999999999
-115.0975,111.4875,110.65
-79.4234000000003,91.21300000000016,87.0996000000002
-42.413000000000714,73.63560000000008,65.79480000000017
1.0879999999989138,69.15840000000011,55.397200000000254
44.589000000000055,64.68119999999999,44.99959999999999
58.125999999999976,46.24800000000016,22.710000000000186
60.67619999999996,22.697600000000357,-3.9399999999995927
65.42119999999976,-0.21559999999949753,-30.136399999999405
75.47030000000002,-21.588900000000063,-55.23660000000007
85.51939999999993,-42.96219999999988,-80.33679999999987
106.55850000000048,-55.88650000000024,-91.35300000000018
129.4816000000003,-67.36240000000015,-99.9548000000001
147.80450000000005,-86.21800000000012,-108.40020000000003
159.63299999999995,-115.49199999999988,-116.62479999999996
171.46149999999986,-144.76599999999962,-124.84939999999989
157.6739999999998,-170.11600000000033,-132.4140000000001
143.24609999999993,-195.36790000000013,-139.96210000000005
126.29920000000006,-210.18079999999998,-138.48360000000002
107.17680000000021,-215.97819999999993,-129.2094000000001
88.54680000000027,-223.09039999999965,-122.08159999999975
74.47150000000039,-242.36449999999948,-134.80799999999965
60.39620000000002,-261.6386,-147.53439999999998
65.56649999999985,-280.1890999999998,-177.57859999999962
80.71599999999974,-298.3643999999997,-216.6023999999993
102.15469999999885,-312.9127,-248.6241999999998
145.95499999999848,-314.56499999999994,-255.74999999999974
189.75529999999964,-316.21729999999997,-262.8757999999999
244.71719999999902,-312.90960000000007,-240.79200000000048
302.81829999999854,-308.20690000000013,-210.49300000000073
343.7259999999997,-309.6431999999996,-189.92540000000005
351.4750000000002,-322.9190000000004,-188.12549999999996
359.22400000000016,-336.19480000000027,-186.32559999999998
339.08609999999976,-355.33510000000024,-220.19370000000043
315.93339999999995,-375.10940000000005,-257.9178000000001
296.76879999999954,-389.9380000000003,-287.66000000000065
282.2219999999997,-399.0400000000002,-308.1600000000004
268.3001000000001,-407.99500000000006,-328.1039
279.37420000000003,-411.07000000000005,-325.8038
290.44829999999996,-414.145,-323.50370000000004
277.47919999999937,-429.4984000000005,-331.73960000000034
247.4794999999996,-453.5490000000003,-347.4385000000002
216.6199999999998,-470.7139999999998,-362.1498
180.74500000000012,-447.7130000000001,-371.1001
144.8700000000004,-424.7120000000003,-380.0503999999999
153.43169999999947,-397.2189000000006,-358.2491000000007
180.3810000000002,-367.8669999999998,-323.72299999999973
202.267,-351.22009999999995,-297.8968
210.34399999999994,-369.22319999999985,-295.7976
218.42099999999988,-387.2262999999997,-293.6984
202.56880000000055,-427.1593999999988,-317.66019999999924
181.79000000000002,-471.60749999999996,-346.9875
165.82240000000007,-490.66200000000015,-358.27480000000014
157.37230000000014,-470.0390000000003,-341.37460000000027
148.9222000000002,-449.41600000000057,-324.4744000000004
143.75590000000017,-427.05360000000076,-307.57420000000053
138.75800000000004,-404.60200000000015,-290.6740000000001
143.19539999999978,-379.5527000000004,-278.5240000000001
156.61879999999968,-352.02940000000063,-270.8980000000002
169.03810000000001,-327.98519999999934,-264.67149999999964
168.73880000000003,-348.0095999999992,-276.1719999999995
168.4395,-368.03400000000045,-287.67250000000024
151.52619999999968,-405.0546000000006,-310.2698000000004
125.0278999999999,-451.8807000000002,-339.26910000000015
101.38799999999964,-493.6332000000006,-364.5708000000003
89.53899999999973,-514.4571000000004,-374.61990000000026
77.68999999999983,-535.2810000000003,-384.66900000000015
94.62760000000014,-525.5977999999999,-362.2455999999998
120.85119999999992,-506.07360000000006,-329.3472000000001
141.5979000000002,-486.81069999999954,-298.53269999999935
150.54820000000012,-468.1105999999997,-272.2065999999996
159.49850000000006,-449.41049999999984,-245.8804999999998
155.6508,-426.01240000000007,-236.568
150.02560000000005,-401.96180000000027,-229.61850000000007
141.10819999999978,-395.9220000000003,-231.96600000000024
127.9840999999999,-412.89600000000013,-246.19300000000013
114.86,-429.87,-260.42
107.78340000000006,-461.1201999999997,-276.3197999999999
100.70680000000011,-492.37039999999945,-292.21959999999973
110.51679999999942,-504.30980000000005,-294.9496000000002
133.54240000000001,-501.1364,-287.3728
161.50399999999956,-495.1485000000002,-277.6745000000002
225.00479999999902,-468.8962000000004,-252.7014000000004
288.5055999999985,-442.6439000000006,-227.7283000000006
332.98599999999885,-448.7119999999993,-214.32760000000025
368.63549999999975,-469.7859999999999,-206.29980000000003
391.6810000000002,-497.2259999999994,-205.5959999999997
375.65410000000037,-544.4005999999989,-227.5965999999995
359.62720000000047,-591.5751999999985,-249.5971999999993
358.7736999999999,-613.9601999999993,-250.83090000000013
361.59859999999986,-630.3355999999992,-247.03020000000018
380.2935000000006,-634.1259999999997,-230.57099999999946
426.4964000000002,-616.1023999999999,-192.1703999999998
472.6992999999999,-598.0788,-153.76980000000012
512.3167999999996,-595.4642,-132.54140000000024
551.4144000000019,-594.0660999999999,-112.668699999999
564.0139999999994,-613.7280000000018,-113.64800000000095
548.7906999999994,-655.5029000000014,-136.52190000000076
532.3891999999989,-696.3058000000005,-159.15200000000044
493.0127999999993,-718.1547000000004,-177.0280000000003
453.63639999999964,-740.0036000000001,-194.90400000000014
444.825,-744.0475,-181.605
455.5751999999999,-736.6962000000001,-148.35400000000027
470.6107999999994,-729.5031000000001,-117.12250000000036
506.4611999999991,-723.0784000000001,-95.70000000000053
542.3115999999987,-716.6537000000002,-74.27750000000071
558.5330000000002,-717.8760000000001,-78.24100000000037
567.5571000000002,-721.9022000000001,-91.51270000000027
568.9275999999999,-727.9252000000001,-105.78880000000018
551.8018999999999,-738.7738,-122.49220000000004
534.6762000000001,-749.6224,-139.1955999999999
534.8159999999999,-747.3915000000001,-124.07350000000028
537.9155999999999,-742.9184,-103.49560000000045
517.2050000000016,-746.0000999999995,-84.54630000000051
462.88000000000216,-759.7473999999995,-67.89620000000065
408.55500000000256,-773.4946999999994,-51.24610000000079
369.42600000000215,-764.6380000000006,-50.404000000000025
330.6768999999998,-755.2162,-49.9571
304.02780000000007,-737.1000000000001,-54.00039999999998
287.8287000000002,-711.4750000000004,-61.921599999999906
272.7368000000001,-687.8500000000001,-69.68479999999987
267.8864999999998,-682.7249999999998,-75.98650000000026
263.03619999999984,-677.5999999999999,-82.2882000000002
265.2167000000001,-680.9854000000003,-86.54870000000008
271.04280000000006,-688.7836000000001,-89.75080000000005
278.5420000000001,-693.1302999999999,-91.13579999999996
291.99,-685.2049999999999,-86.06
305.4379999999999,-677.2797,-80.98420000000004
313.1707999999999,-668.5736000000002,-71.24600000000018
319.2961999999998,-659.6479000000002,-60.19650000000028
320.47959999999966,-644.123999999999,-45.49299999999922
312.1319999999998,-615.8749999999992,-23.7424999999994
303.7843999999999,-587.6259999999994,-1.991999999999578
276.11909999999966,-565.0379999999998,7.689100000000092
246.36539999999994,-543.0619999999999,16.06540000000002
211.82940000000022,-529.4631,16.37810000000005
171.75600000000054,-525.5640000000001,7.354000000000124
132.60210000000004,-521.4472000000003,-1.7694999999997094
130.22820000000007,-508.62240000000037,-14.868999999999598
127.8543000000001,-495.7976000000005,-27.96849999999949
151.54200000000094,-494.15200000000016,-28.631199999999815
193.69000000000057,-500.42500000000007,-20.484499999999883
233.21540000000013,-502.3815999999998,-11.279999999999916
257.44229999999993,-479.15920000000006,4.094999999999956
281.6691999999997,-455.93680000000023,19.46999999999983
316.11569999999926,-452.5880999999999,25.08649999999997
354.7909999999989,-457.46299999999985,26.664999999999957
393.95579999999853,-457.44180000000046,26.216200000000214
434.4555999999982,-444.0676000000006,20.238400000000265
474.9553999999979,-430.69340000000074,14.260600000000315
378.52020000000766,-349.7952000000058,4.7400000000006255
253.8925,-254.995,-5.51
147.22800000000066,-214.51639999999963,-8.05280000000008
68.63100000000132,-258.91529999999926,1.4468999999998413
-9.966000000003486,-303.31420000000196,10.946600000000421
-4.124099999999634,-377.65340000000276,-23.331200000001317
6.048000000000282,-453.5280000000021,-59.854000000001015
11.165400000000005,-452.31789999999853,-81.70410000000015
11.468800000000003,-377.69379999999916,-89.58020000000009
13.842500000000086,-307.2165999999999,-96.7957
42.43999999999984,-289.2668000000001,-95.6436
71.0374999999996,-271.31700000000023,-94.49150000000002
96.2133999999995,-253.66880000000037,-98.16239999999985
119.41529999999929,-236.19460000000052,-104.61579999999981
143.62680000000086,-218.12999999999937,-111.7900000000003
172.00290000000064,-197.62999999999954,-121.93750000000023
200.37900000000042,-177.1299999999997,-132.08500000000015
280.5065000000005,-172.5082,-140.74140000000006
377.32799999999975,-173.0084,-148.91679999999997
470.74999999999903,-175.9499999999999,-149.15700000000018
556.8499999999983,-184.14999999999984,-132.30600000000032
642.9499999999977,-192.34999999999977,-115.45500000000047
750.0163999999961,-229.04039999999853,-84.66840000000118
859.9947999999952,-269.6877999999982,-51.94630000000146
946.889999999997,-282.24980000000124,-9.50960000000289
