0.11,0.21015,-1.0568499999999998,248.295375,5.660749999999997,24.224649999999997
0.11,0.27,-1.13,193.25,35.22,31.4
0.04350000000000001,0.2966,-1.066825,125.170625,31.186774999999997,29.820625
-0.023000000000000007,0.3232,-1.00365,57.09124999999999,27.15355,28.241249999999997
-0.08950000000000001,0.3498,-0.940475,-10.98812500000001,23.120324999999998,26.661875
-0.06689999999999999,0.284,-0.9037,-28.1815,12.223099999999999,20.792499999999997
-0.04362499999999999,0.21749999999999997,-0.8671249999999999,-44.989375,1.2738749999999968,14.890625
-0.020349999999999993,0.15099999999999997,-0.8305499999999999,-61.797250000000005,-9.675350000000003,8.988749999999998
-0.006899999999999996,0.11069999999999998,-0.8038,-41.02122499999999,-14.074575000000001,-1.9828250000000054
0.006400000000000006,0.07079999999999997,-0.7772,-19.671399999999988,-18.373800000000003,-13.031800000000004
0.019700000000000006,0.03089999999999998,-0.7505999999999999,1.6784250000000105,-22.673025000000003,-24.080775000000003
0.02,0.016999999999999994,-0.7434999999999999,7.132500000000004,-14.921249999999997,-17.114999999999995
0.02,0.003699999999999974,-0.73685,12.21975000000001,-6.891374999999985,-9.733499999999985
0.02,-0.009600000000000008,-0.7302,17.307000000000006,1.138500000000005,-2.351999999999995
-0.0025750000000000425,-0.003549999999999987,-0.7429,21.98467500000001,8.142825000000014,13.836975000000031
-0.02585000000000002,0.0031000000000000047,-0.7562,26.64965,15.115350000000007,30.299050000000012
-0.04912500000000005,0.009750000000000014,-0.7695000000000001,31.31462500000001,22.087875000000015,46.761125000000035
-0.0468,0.029200000000000018,-0.7988000000000001,31.586,15.834799999999996,48.8808
-0.04347499999999999,0.049150000000000055,-0.828725,31.68575,9.065099999999985,50.440225000000005
-0.04015,0.06910000000000002,-0.85865,31.7855,2.2953999999999937,51.99965
-0.046350000000000016,0.09222500000000006,-0.8472999999999999,28.01492499999999,-4.979125000000019,47.59959999999999
-0.053000000000000005,0.11550000000000003,-0.834,24.061499999999995,-12.277500000000009,42.918
-0.059650000000000016,0.13877500000000006,-0.8206999999999999,20.10807499999999,-19.575875000000018,38.23639999999999
-0.044249999999999935,0.1589000000000001,-0.8073999999999999,8.33634999999995,-27.39400000000003,33.35949999999998
-0.027624999999999955,0.17885000000000006,-0.7940999999999999,-3.8697250000000327,-35.24100000000002,28.471749999999986
-0.010999999999999979,0.19880000000000003,-0.7808,-16.075800000000015,-43.088000000000015,23.583999999999993
-0.01,0.19062500000000002,-0.78625,-23.935,-41.96,23.536875
-0.01,0.18064999999999998,-0.7929,-31.51600000000003,-40.25759999999999,23.79955
-0.01,0.170675,-0.7995500000000001,-39.09700000000002,-38.55519999999999,24.062224999999998
-0.013100000000000004,0.11419999999999993,-0.8093,-30.235599999999984,-38.0432,22.833799999999997
-0.01642500000000002,0.05434999999999967,-0.8192750000000001,-20.180799999999945,-37.617599999999996,21.49714999999999
-0.019750000000000014,-0.0055000000000002556,-0.82925,-10.125999999999957,-37.19199999999999,20.160499999999992
-0.03537500000000005,-0.05305000000000014,-0.83,10.337675000000061,-40.08432500000001,28.722275000000025
-0.05200000000000003,-0.09960000000000008,-0.83,31.647600000000033,-43.24640000000001,38.08880000000001
-0.06862500000000002,-0.14615,-0.83,52.95752500000001,-46.408475,47.455325
-0.0883000000000001,-0.16220000000000007,-0.8361,81.85280000000014,-61.88340000000007,57.99305000000004
-0.10825000000000007,-0.17550000000000004,-0.84275,111.4320000000001,-78.46850000000005,68.63637500000003
-0.12820000000000004,-0.18880000000000002,-0.8494,141.01120000000006,-95.05360000000003,79.27970000000002
-0.1542,-0.22630000000000003,-0.8469749999999999,178.31927500000003,-119.20120000000001,86.53200000000001
-0.18080000000000013,-0.2662000000000002,-0.84365,216.39385000000019,-144.09880000000013,93.44800000000004
-0.20740000000000008,-0.30610000000000015,-0.840325,254.46842500000014,-168.99640000000008,100.36400000000003
-0.20099999999999996,-0.301,-0.825,269.86300000000006,-181.27000000000004,129.54000000000008
-0.19102499999999997,-0.29102500000000003,-0.808375,282.80057500000004,-192.17600000000002,161.12750000000003
-0.18104999999999993,-0.28104999999999997,-0.79175,295.7381500000001,-203.08200000000005,192.71500000000015
-0.182975,-0.28595000000000004,-0.8376000000000002,299.29257500000006,-203.685575,217.84377500000008
-0.1863,-0.2926,-0.8908000000000001,301.7431,-203.0771,242.21270000000004
-0.18962500000000002,-0.29925,-0.9440000000000001,304.19362500000005,-202.468625,266.58162500000003
-0.24310000000000032,-0.3354000000000002,-0.9765500000000001,310.3346000000001,-202.47375,289.6201000000001
-0.3029500000000009,-0.3753000000000006,-1.0064750000000005,316.9447000000001,-202.55687500000002,312.4894500000003
-0.3628000000000001,-0.41520000000000007,-1.0364000000000002,323.55480000000006,-202.64000000000001,335.3588000000001
-0.41387500000000005,-0.39074999999999993,-0.9698,301.023125,-233.16360000000006,371.1595750000001
-0.46375,-0.3575,-0.89,274.50625,-267.85,408.72875
-0.513625,-0.32425000000000004,-0.8102000000000001,247.98937500000002,-302.53639999999996,446.29792499999996
-0.45039999999999936,-0.23299999999999918,-0.8580000000000005,258.0560000000001,-332.22320000000025,475.97910000000024
-0.3705999999999995,-0.1332499999999993,-0.9245000000000004,273.4840000000001,-361.17730000000023,504.5042750000002
-0.29079999999999956,-0.03349999999999945,-0.9910000000000003,288.9120000000001,-390.13140000000016,533.0294500000001
-0.2943750000000001,-0.04300000000000012,-0.9827499999999999,292.48925,-410.1413750000001,524.196875
-0.31100000000000005,-0.06960000000000008,-0.9627999999999999,294.21160000000003,-428.75140000000005,509.51699999999994
-0.3276250000000002,-0.09620000000000034,-0.9428499999999997,295.93395000000004,-447.3614250000002,494.83712499999984
-0.3784500000000006,-0.19975000000000132,-0.9171999999999997,321.57065000000034,-457.28465000000006,491.5601
-0.43497500000000056,-0.31612500000000116,-0.8905999999999997,351.1930750000003,-465.7600750000001,490.18355
-0.4915000000000005,-0.432500000000001,-0.8639999999999998,380.8155000000002,-474.23550000000006,488.807
-0.40395000000000036,-0.3652500000000004,-0.8854249999999999,381.0664,-486.63767499999994,525.8250249999999
-0.2908999999999993,-0.2654999999999994,-0.9153500000000001,376.11879999999996,-499.73485000000005,569.6385500000002
-0.17784999999999948,-0.16574999999999954,-0.9452750000000001,371.17119999999994,-512.832025,613.4520750000003
-0.1852000000000001,-0.10519999999999982,-0.9668,354.78559999999993,-506.4496,616.1
-0.21512500000000007,-0.05199999999999989,-0.98675,336.25537499999996,-496.41474999999997,611.029375
-0.24505000000000002,0.0012000000000000448,-1.0067,317.72515,-486.3799,605.95875
-0.3221500000000009,-0.039950000000000624,-1.007225,323.6621000000001,-504.14500000000027,597.4387999999999
-0.4086000000000008,-0.09980000000000054,-1.0039,334.4484000000001,-527.4200000000002,588.2352
-0.49505000000000066,-0.15965000000000046,-1.000575,345.2347000000001,-550.6950000000002,579.0316
-0.38899999999999907,-0.18650000000000014,-1.0412500000000002,351.7612500000001,-566.4240000000001,579.2165
-0.24269999999999925,-0.2064500000000001,-1.0911250000000001,357.397125,-580.5752000000001,581.36445
-0.09639999999999944,-0.22640000000000007,-1.141,363.033,-594.7264,583.5124
-0.09452500000000008,-0.24090000000000006,-1.15,361.09065,-595.702225,565.8223499999999
-0.12445000000000003,-0.25420000000000004,-1.15,357.4797,-593.77705,543.7642999999999
-0.154375,-0.2675,-1.15,353.86875,-591.8518750000001,521.70625
-0.2734000000000013,-0.3105000000000005,-1.1581,332.23259999999976,-600.3622000000001,523.2570000000001
-0.41304999999999964,-0.3603749999999999,-1.168075,306.42395000000005,-611.28815,530.27275
-0.552700000000001,-0.41025000000000034,-1.17805,280.6152999999998,-622.2141000000001,537.2885
-0.6094250000000005,-0.516300000000002,-1.1719749999999998,260.7932999999997,-636.5025250000002,560.7127000000004
-0.6460000000000001,-0.6360000000000006,-1.162,242.42599999999993,-651.6080000000001,588.1240000000001
-0.6825750000000005,-0.7557000000000017,-1.1520249999999999,224.05869999999976,-666.7134750000001,615.5353000000003
-0.6396499999999998,-0.7906000000000001,-1.16325,253.64845000000008,-661.94395,646.5479500000001
-0.5764749999999993,-0.8039000000000002,-1.1798750000000002,295.4536750000005,-652.1119249999999,678.4779250000004
-0.5132999999999994,-0.8172,-1.1965000000000001,337.25890000000044,-642.2798999999999,710.4079000000003
-0.4579999999999995,-0.7937499999999997,-1.2183750000000002,382.3296250000004,-627.0508749999999,718.602625
-0.4047999999999996,-0.7604999999999997,-1.2416500000000001,428.2711500000004,-610.3826499999999,720.46795
-0.3515999999999997,-0.7272499999999997,-1.264925,474.2126750000003,-593.7144249999999,722.3332750000001
-0.3998000000000004,-0.6653999999999997,-1.2335999999999998,477.45959999999997,-603.3660000000001,716.0658
-0.47627500000000106,-0.595574999999999,-1.1870499999999993,468.80129999999986,-620.3567500000003,707.5305249999999
-0.5527500000000001,-0.5257499999999998,-1.1404999999999998,460.143,-637.3475,698.99525
-0.577725,-0.5022749999999999,-1.2227000000000012,436.9462499999997,-655.4223250000002,699.3463
-0.5877,-0.4923,-1.3423999999999998,409.515,-673.8129,702.2856
-0.5976750000000001,-0.4823249999999999,-1.462100000000001,382.0837499999997,-692.2034750000001,705.2249
-0.6688500000000026,-0.5361000000000021,-1.438999999999998,331.67189999999835,-700.2665500000002,703.9362999999998
-0.7586250000000015,-0.6092500000000012,-1.372499999999999,274.275749999999,-705.190875,701.3627499999999
-0.8484000000000005,-0.6824000000000003,-1.3059999999999996,216.8795999999997,-710.1152,698.7891999999999
-0.8371750000000003,-0.7580749999999994,-1.3303999999999996,185.44045000000017,-727.6367499999998,692.334725
-0.7939499999999999,-0.8345500000000002,-1.3836000000000002,162.22529999999995,-749.1495,684.6506499999999
-0.7507249999999994,-0.911025000000001,-1.4368000000000005,139.01014999999973,-770.6622500000002,676.9665749999998
-0.705,-0.9550000000000001,-1.4125,134.5625,-777.205,675.425
-0.6584499999999995,-0.9882500000000003,-1.3626249999999995,136.30812500000002,-778.8076500000001,675.91045
-0.6119000000000001,-1.0214999999999999,-1.31275,138.05375,-780.4103,676.3959
-0.5678249999999997,-1.03495,-1.3618750000000006,175.56312500000035,-769.1825499999999,678.0446
-0.5245999999999993,-1.0416,-1.4450000000000014,225.3550000000008,-753.5483999999998,680.0928
-0.4813749999999998,-1.0482500000000001,-1.5281250000000004,275.1468750000002,-737.9142499999999,682.141
-0.5092000000000008,-1.1088000000000011,-1.5818500000000006,292.92705000000007,-709.4959999999995,685.6396
-0.5624000000000001,-1.1886,-1.625075,299.274475,-676.512,689.6562
-0.6156000000000006,-1.2684000000000009,-1.6683000000000003,305.62190000000004,-643.5279999999997,693.6728
-0.7294250000000029,-1.2075499999999977,-1.6145249999999982,282.8984249999993,-641.4603250000002,680.2827499999996
-0.8657500000000011,-1.0944999999999991,-1.5247499999999992,249.38574999999972,-650.8667500000001,660.4324999999998
-1.0020750000000025,-0.9814499999999979,-1.4349749999999983,215.8730749999994,-660.2731750000002,640.5822499999996
-1.0231999999999999,-0.9836000000000003,-1.4388,202.26119999999997,-673.7620000000001,625.6207999999999
-0.9999249999999996,-1.0301500000000008,-1.4787000000000006,196.3194249999999,-688.8242500000002,612.5435749999998
-0.9766499999999994,-1.0767000000000013,-1.518600000000001,190.37764999999985,-703.8865000000004,599.4663499999997
-0.9509999999999996,-1.1565000000000012,-1.5204999999999997,170.37587499999967,-694.1727499999997,597.6561250000001
-0.9243999999999994,-1.2496000000000023,-1.5071999999999997,144.75009999999943,-674.5485999999995,600.3527000000001
-0.8977999999999997,-1.3427000000000011,-1.4938999999999998,119.12432499999974,-654.9244499999998,603.0492750000001
-0.8829499999999998,-1.3841000000000006,-1.4994000000000003,131.58500000000055,-640.2282499999998,604.3711000000001
-0.872975,-1.4040500000000002,-1.5127000000000002,159.84750000000022,-627.5766249999999,605.12255
-0.8629999999999998,-1.4240000000000004,-1.5260000000000002,188.1100000000005,-614.9249999999997,605.874
-0.9041750000000003,-1.441625,-1.53465,218.34177500000015,-600.37385,606.2418250000001
-0.9673499999999996,-1.4582499999999998,-1.5413,249.4205499999998,-585.0057,606.44465
-1.0305250000000001,-1.474875,-1.5479500000000002,280.49932500000006,-569.6375499999999,606.647475
-1.1144000000000012,-1.4155999999999989,-1.5615000000000003,300.7819000000002,-557.5100999999999,609.3182
-1.2075,-1.3225,-1.578125,316.253125,-546.826875,613.08875
-1.3006000000000009,-1.2293999999999992,-1.5947500000000003,331.72435000000013,-536.1436499999999,616.8593
-1.3482,-1.19545,-1.61365,325.77645000000007,-533.15675,611.336475
-1.3748000000000002,-1.1887999999999999,-1.6336000000000002,309.9427999999999,-533.722,601.5243999999999
-1.4014000000000004,-1.1821499999999998,-1.6535500000000003,294.1091499999998,-534.2872500000001,591.7123249999999
-1.41,-1.18225,-1.6509999999999998,251.48024999999976,-545.6930000000001,575.1074999999998
-1.41,-1.185575,-1.6377,196.04917499999925,-562.2781000000002,555.2572499999998
-1.41,-1.1888999999999998,-1.6244,140.6180999999999,-578.8632,535.407
-1.3788499999999995,-1.2678750000000012,-1.6578250000000008,105.43007499999972,-582.6679,517.0230249999998
-1.332299999999999,-1.3842500000000024,-1.7143500000000012,80.24984999999948,-580.1542,499.36394999999965
-1.2857499999999995,-1.500625000000001,-1.7708750000000004,55.06962499999978,-577.6405,481.70487499999984
-1.3272000000000015,-1.5444000000000002,-1.7459999999999989,39.3449999999998,-557.0845999999995,465.1061999999997
-1.4136500000000023,-1.5510500000000003,-1.6794999999999982,28.455624999999703,-527.3025749999991,449.04977499999956
-1.5001000000000013,-1.5577,-1.612999999999999,17.566249999999833,-497.52054999999956,432.99334999999974
-1.558275000000001,-1.5687000000000004,-1.587825,38.22960000000093,-474.83337499999953,419.6817749999997
-1.6015000000000006,-1.5820000000000003,-1.5845,75.57600000000048,-455.89749999999975,407.82149999999984
-1.6447250000000009,-1.5953000000000004,-1.581175,112.92240000000083,-436.9616249999996,395.96122499999973
-1.6578499999999998,-1.5914,-1.5843,123.98289999999997,-417.3957999999998,379.9191999999998
-1.6545249999999998,-1.5780999999999998,-1.5909500000000003,120.67784999999994,-397.4856999999996,361.59179999999964
-1.6511999999999998,-1.5648,-1.5976000000000001,117.37279999999998,-377.57559999999984,343.26439999999985
-1.6372499999999997,-1.5387499999999994,-1.6191250000000006,101.66837499999961,-361.5011249999998,325.3896249999997
-1.6173,-1.5054999999999998,-1.6490500000000001,78.96194999999989,-347.59264999999994,307.7704499999999
-1.5973499999999998,-1.4722499999999994,-1.6789750000000003,56.25552499999967,-333.6841749999998,290.15127499999977
-1.6194000000000002,-1.4726000000000001,-1.6942,48.018100000000004,-327.0102,274.2478
-1.6659500000000005,-1.4925500000000003,-1.70085,48.220925,-324.55634999999995,259.3451499999998
-1.7125,-1.5125,-1.7075,48.42375,-322.1025,244.4425
-1.7424500000000003,-1.5241500000000001,-1.6809499999999995,47.564174999999985,-312.8052999999999,231.2620999999999
-1.7624000000000004,-1.5308000000000002,-1.6343999999999992,46.06459999999997,-299.3855999999997,219.11919999999978
-1.7823500000000005,-1.5374500000000002,-1.5878499999999987,44.56502499999996,-285.96589999999964,206.97629999999964
-1.7879500000000002,-1.5297500000000002,-1.5679500000000002,48.06334999999997,-272.44370000000004,198.86985
-1.7846250000000001,-1.513125,-1.564625,54.67012500000003,-258.85774999999995,193.27387499999998
-1.7812999999999999,-1.4964999999999997,-1.5613,61.27690000000009,-245.2717999999998,187.67789999999994
-1.7718999999999998,-1.5062000000000006,-1.5518999999999998,69.0217250000002,-233.81209999999976,182.26619999999988
-1.7585999999999995,-1.5328000000000008,-1.5385999999999995,77.49715000000027,-223.71739999999969,176.97279999999984
-1.7453,-1.5594000000000001,-1.5253,85.97257499999999,-213.6227,171.6794
-1.742,-1.5599999999999998,-1.528,92.74000000000004,-196.0739999999998,164.53399999999993
-1.745325,-1.5433749999999997,-1.5413000000000003,98.3758750000001,-173.58702499999958,156.16164999999984
-1.74865,-1.5267499999999996,-1.5546000000000004,104.01175000000015,-151.10004999999938,147.78929999999977
-1.7737000000000014,-1.4864249999999979,-1.5619750000000001,106.57847500000001,-134.0838249999995,137.94754999999958
-1.8136,-1.4299,-1.5653000000000001,107.04729999999999,-120.80709999999996,127.10139999999996
-1.8535000000000006,-1.3733749999999993,-1.5686250000000002,107.516125,-107.53037499999984,116.25524999999986
-1.8524499999999995,-1.3519500000000002,-1.5758500000000002,82.52574999999905,-107.72230000000022,105.95509999999977
-1.822524999999999,-1.3552750000000002,-1.5858250000000005,39.58337499999864,-117.41135000000031,96.03994999999969
-1.7925999999999995,-1.3586000000000003,-1.5958000000000003,-3.3590000000008438,-127.10040000000019,86.12479999999981
-1.7568999999999997,-1.3869500000000003,-1.5903749999999999,-30.747375000000126,-129.19724999999997,76.81987499999994
-1.7169999999999992,-1.4335000000000009,-1.5737499999999998,-46.823750000000274,-125.77249999999994,67.95874999999985
-1.6770999999999998,-1.4800500000000003,-1.5571249999999999,-62.90012500000009,-122.34774999999998,59.09762499999995
-1.6885000000000008,-1.5475000000000012,-1.5366999999999997,-71.40120000000005,-103.82559999999957,52.97249999999994
-1.7383750000000011,-1.630625000000002,-1.5134249999999994,-74.22080000000007,-73.98039999999928,48.8993749999999
-1.7882500000000006,-1.713750000000001,-1.4901499999999996,-77.04040000000003,-44.13519999999964,44.826249999999945
-1.8325,-1.73125,-1.463125,-66.414375,-14.668749999999996,38.37375
-1.8724000000000003,-1.6979999999999997,-1.4331999999999996,-45.3903999999998,14.504800000000273,30.08119999999992
-1.9123000000000008,-1.6647499999999993,-1.4032749999999994,-24.3664249999996,43.67835000000055,21.788649999999844
-1.9133499999999992,-1.631499999999999,-1.4325500000000022,-5.157299999999495,65.72385000000045,11.375999999999657
-1.8834250000000001,-1.5982500000000002,-1.5090249999999996,12.60484999999991,82.08617499999991,-0.7269999999999364
-1.8535,-1.565,-1.5855000000000004,30.36700000000008,98.44850000000007,-12.830000000000052
-1.8582500000000004,-1.5280999999999996,-1.6254750000000002,30.778874999999818,108.92337500000008,-30.97740000000031
-1.8915000000000008,-1.488199999999999,-1.6354500000000003,16.930249999999685,114.55925000000013,-54.09280000000053
-1.924750000000001,-1.4482999999999986,-1.6454250000000004,3.081624999999551,120.19512500000019,-77.20820000000074
-1.9202,-1.4227999999999998,-1.6734,-15.299399999999977,122.5604,-94.46099999999998
-1.8836249999999997,-1.4094999999999998,-1.7166250000000003,-37.520375000000186,122.15474999999999,-106.7468750000001
-1.8470499999999994,-1.3961999999999997,-1.7598500000000008,-59.741350000000395,121.7491,-119.03275000000022
-1.8193499999999996,-1.4397000000000024,-1.7515999999999985,-63.076324999999635,131.81062500000053,-130.0619250000003
-1.7993999999999992,-1.5328000000000033,-1.6983999999999981,-49.91929999999951,151.0125000000007,-139.99370000000036
-1.77945,-1.6259000000000003,-1.6452,-36.76227499999995,170.21437500000008,-149.92547500000003
-1.7507499999999987,-1.6840000000000008,-1.6287500000000006,7.383750000002465,172.06324999999953,-170.95750000000106
-1.7141749999999991,-1.7106000000000006,-1.6453750000000005,79.4198750000016,158.2944249999997,-201.9797500000007
-1.6775999999999995,-1.7372000000000003,-1.6620000000000001,151.45600000000076,144.52559999999986,-233.00200000000032
-1.6841500000000018,-1.6809999999999945,-1.6492999999999982,179.42009999999948,146.10410000000064,-252.29425000000035
-1.7306999999999992,-1.5480000000000018,-1.6094000000000006,166.5058000000002,161.9177999999998,-260.7064999999999
-1.7772500000000009,-1.4149999999999978,-1.5694999999999995,153.59149999999977,177.73150000000027,-269.11875000000015
-1.8102000000000003,-1.333,-1.5176999999999996,100.88189999999955,196.66640000000012,-269.5189
-1.8301500000000008,-1.2997499999999989,-1.4545249999999978,10.132674999996738,218.5848000000008,-262.26042499999977
-1.8501000000000005,-1.2664999999999993,-1.3913499999999985,-80.61655000000218,240.50320000000053,-255.00194999999982
-1.806399999999999,-1.3454750000000022,-1.3516249999999999,-154.6459250000007,264.1368000000003,-247.7535249999999
-1.7000000000000002,-1.5350000000000001,-1.335,-212.20499999999998,289.46000000000004,-240.515
-1.5935999999999968,-1.7245250000000059,-1.3183749999999996,-269.76407500000175,314.7832000000008,-233.27647499999978
-1.4987499999999985,-1.82,-1.3331000000000008,-272.90284999999903,349.2012000000008,-230.61670000000004
-1.415624999999996,-1.82,-1.3796500000000023,-220.7967749999974,392.8518000000022,-232.6050500000001
-1.3325000000000005,-1.82,-1.4261999999999997,-168.69070000000028,436.5023999999998,-234.5934
-1.2997500000000006,-1.8167499999999999,-1.492250000000002,-104.70424999999803,467.32200000000046,-238.9493750000002
-1.3197000000000003,-1.8101,-1.578700000000001,-28.289099999998953,484.7184000000002,-245.78225000000012
-1.339650000000001,-1.8034499999999998,-1.665150000000004,48.126050000003396,502.11480000000074,-252.61512500000032
-1.4012000000000036,-1.7087999999999939,-1.6987999999999992,82.23719999999962,511.50960000000003,-262.49120000000045
-1.5076000000000023,-1.5192749999999962,-1.6755249999999995,70.73934999999976,512.277675,-275.6482250000003
-1.6140000000000008,-1.3297499999999984,-1.6522499999999998,59.2414999999999,513.04575,-288.8052500000001
-1.6951999999999998,-1.2095250000000002,-1.6132250000000001,9.705825000000345,508.9360500000001,-301.19525
-1.7484000000000015,-1.1662999999999988,-1.5566999999999984,-82.0941000000025,499.4065999999998,-312.73300000000035
-1.8016000000000008,-1.1230749999999994,-1.5001749999999991,-173.89402500000142,489.87714999999986,-324.2707500000002
-1.7757499999999997,-1.1728500000000006,-1.47155,-241.19775000000016,482.74865,-336.43160000000006
-1.659375000000001,-1.3291249999999988,-1.474875,-280.4493749999997,478.36962500000004,-349.30599999999987
-1.5429999999999975,-1.4854000000000036,-1.4782,-319.7010000000009,473.9905999999999,-362.18040000000025
-1.4098499999999985,-1.6279500000000013,-1.527275000000001,-292.6059749999989,489.6134750000004,-368.72147499999994
-1.2568999999999937,-1.754300000000005,-1.6303500000000042,-187.20014999999566,528.8451500000016,-367.78714999999994
-1.103950000000002,-1.8806499999999982,-1.7334249999999987,-81.79432500000144,568.0768249999994,-366.852825
-1.0785000000000022,-1.873499999999997,-1.7915,1.4040000000009627,599.1680000000003,-374.7190000000003
-1.2081750000000007,-1.703924999999999,-1.7948250000000001,57.58320000000029,620.3549000000002,-393.2924500000001
-1.3378500000000046,-1.5343499999999939,-1.7981500000000001,113.76240000000203,641.5418000000008,-411.86590000000064
-1.4542500000000023,-1.3544499999999953,-1.7719749999999985,105.69944999999791,645.8384749999997,-434.05310000000065
-1.5540000000000012,-1.1615999999999977,-1.7087999999999992,17.061599999998947,628.9507999999998,-460.7728000000003
-1.65375,-0.96875,-1.6456250000000001,-71.57624999999999,612.063125,-487.4925
-1.6418499999999951,-0.8977000000000026,-1.6012999999999995,-168.82710000000333,594.8129499999994,-507.45810000000034
-1.485574999999997,-0.9841500000000016,-1.5813499999999996,-277.2154500000021,577.0940249999996,-518.6899500000002
-1.3292999999999922,-1.0706000000000044,-1.561399999999999,-385.6038000000054,559.3750999999991,-529.9218000000005
-1.2058000000000004,-1.1712999999999996,-1.5400250000000002,-438.3288000000001,554.3329749999999,-534.3592500000001
-1.125999999999998,-1.291000000000003,-1.5167499999999994,-416.83599999999944,566.1932500000003,-529.7375
-1.046199999999999,-1.4107000000000016,-1.4934749999999997,-395.3431999999997,578.0535250000001,-525.1157499999999
-0.9831999999999982,-1.4926000000000013,-1.5108000000000033,-358.47699999999736,598.3474000000014,-521.544
-0.9432999999999987,-1.522525000000001,-1.5839500000000024,-300.4723749999981,630.237475000001,-519.4159999999999
-0.9033999999999992,-1.5524500000000006,-1.6571000000000016,-242.4677499999988,662.1275500000007,-517.2879999999999
-0.8868750000000002,-1.5342499999999992,-1.7,-190.7014999999996,684.4270000000001,-520.2653750000001
-0.9035000000000006,-1.4477999999999966,-1.7,-147.7823999999983,693.1252000000004,-530.4831000000004
-0.9201250000000005,-1.3613499999999976,-1.7,-104.86329999999883,701.8234000000002,-540.7008250000002
-0.9597000000000011,-1.2600499999999981,-1.6675999999999986,-88.45685000000034,707.4584500000001,-550.8119000000002
-1.0328500000000003,-1.1370249999999995,-1.5877999999999997,-110.83742500000008,708.6122250000001,-560.7669500000001
-1.1060000000000025,-1.0139999999999958,-1.5079999999999973,-133.21800000000076,709.7660000000001,-570.7220000000003
-1.1234999999999984,-0.9545750000000007,-1.4719250000000006,-168.66440000000122,708.0935499999999,-577.9621250000001
-1.0569999999999993,-0.9911500000000004,-1.5018500000000004,-223.8328000000006,702.1551,-581.1042500000001
-0.9904999999999973,-1.0277250000000016,-1.5317750000000012,-279.0012000000023,696.2166499999997,-584.2463750000001
-0.9240000000000008,-1.082499999999999,-1.5564999999999998,-282.69220000000104,692.6156,-587.5158999999999
-0.8574999999999988,-1.1656250000000015,-1.5731250000000003,-206.1972499999987,692.6555000000001,-590.983875
-0.7909999999999997,-1.2487500000000005,-1.5897500000000002,-129.7022999999996,692.6954000000001,-594.45185
-0.7793250000000027,-1.2489999999999952,-1.598725,-68.14142499999866,683.3283499999991,-604.0844500000007
-0.8558000000000018,-1.1159999999999968,-1.5954,-30.592199999999103,658.8363999999995,-623.6288000000005
-0.9322750000000009,-0.9829999999999984,-1.5920750000000001,6.957025000000449,634.3444499999997,-643.1731500000002
-0.9625,-0.87625,-1.58875,8.453750000000014,612.0024999999999,-664.18875
-0.9159499999999985,-0.813074999999998,-1.5854249999999999,-49.89667500000178,593.2295499999994,-687.6466250000007
-0.8693999999999991,-0.7498999999999988,-1.5821,-108.2471000000011,574.4565999999996,-711.1045000000004
-0.8179499999999971,-0.7136750000000005,-1.5603999999999973,-168.9421750000032,560.4635999999997,-729.2728250000005
-0.7581000000000003,-0.7236499999999999,-1.5072000000000003,-233.65664999999967,554.6648,-738.37335
-0.6982499999999985,-0.7336250000000002,-1.4539999999999986,-298.37112500000165,548.8659999999999,-747.4738750000002
-0.6756000000000006,-0.7412000000000001,-1.392399999999999,-351.28360000000043,544.992,-751.1467999999999
-0.7188250000000019,-0.7445250000000001,-1.3159249999999965,-383.2967000000014,544.5264999999999,-745.2083499999997
-0.7620500000000014,-0.7478500000000001,-1.2394499999999975,-415.309800000001,544.0609999999999,-739.2698999999998
-0.772374999999999,-0.7946500000000025,-1.1805999999999994,-425.5219499999994,542.233675,-734.5628499999999
-0.7224999999999996,-0.921000000000001,-1.1539999999999997,-395.84299999999973,537.9145,-732.1089999999999
-0.672624999999998,-1.0473500000000049,-1.127399999999999,-366.16404999999884,533.5953249999998,-729.6551499999998
-0.6215999999999986,-1.1207999999999991,-1.1146000000000005,-329.52069999999867,533.5116000000002,-726.1076499999998
-0.5683999999999991,-1.0941999999999996,-1.1279000000000001,-279.7055499999992,541.4384000000001,-720.4917249999999
-0.5151999999999998,-1.0675999999999999,-1.1412,-229.89039999999983,549.3652000000001,-714.8757999999999
-0.48,-1.0128749999999962,-1.1432499999999992,-193.0194999999996,558.9041250000005,-709.5141249999998
-0.48,-0.9031499999999976,-1.1232999999999995,-181.46179999999976,571.5956500000003,-704.6496499999998
-0.48,-0.7934249999999988,-1.1033499999999998,-169.9040999999999,584.2871750000002,-699.7851749999999
-0.45249999999999657,-0.6825999999999953,-1.0922000000000003,-173.88830000000144,593.0011,-696.1801999999999
-0.36937499999999757,-0.5695499999999967,-1.0988500000000003,-209.30952500000103,593.6694249999999,-695.12285
-0.28624999999999856,-0.4564999999999981,-1.1055000000000001,-244.7307500000006,594.33775,-694.0655
-0.20849999999999966,-0.3918250000000002,-1.1229000000000002,-269.715875,601.1615250000001,-694.0251000000001
-0.14199999999999763,-0.42840000000000134,-1.1628000000000014,-272.8580000000001,620.8688000000006,-696.1132000000001
-0.0754999999999984,-0.46497500000000086,-1.202700000000001,-276.0001250000001,640.5760750000004,-698.2013000000001
-0.07200000000000722,-0.507850000000003,-1.2142499999999972,-262.8798499999973,654.3288,-698.4266999999998
-0.205,-0.5643750000000001,-1.164375,-214.524375,655.18,-694.61625
-0.3380000000000041,-0.6209000000000018,-1.1144999999999985,-166.1688999999985,656.0312,-690.8057999999999
-0.44435000000000086,-0.6476999999999993,-1.0707749999999996,-129.3764499999998,650.6329749999996,-687.0640249999999
-0.4909000000000023,-0.607799999999998,-1.0408499999999985,-118.53029999999946,631.211649999999,-683.4763499999998
-0.5374500000000018,-0.5678999999999985,-1.010924999999999,-107.68414999999959,611.7903249999993,-679.8886749999998
-0.5609999999999992,-0.5099999999999975,-0.977999999999999,-107.58800000000063,592.3559999999995,-673.8919999999997
-0.5310749999999995,-0.41024999999999867,-0.9380999999999995,-132.48560000000032,572.8914499999997,-662.2943999999999
-0.5011499999999987,-0.31049999999999556,-0.8981999999999982,-157.3832000000011,553.4268999999991,-650.6967999999995
-0.471224999999999,-0.23122499999999901,-0.8729250000000003,-187.7612750000014,536.3169749999996,-636.9892999999994
-0.44129999999999936,-0.20129999999999937,-0.8829000000000002,-231.3487000000009,524.8822999999998,-618.1963999999996
-0.41137499999999977,-0.17137499999999975,-0.8928750000000001,-274.93612500000035,513.4476249999999,-599.4034999999999
-0.3890499999999999,-0.1585500000000012,-0.9,-310.78010000000063,499.5277499999992,-583.1822499999996
-0.38572499999999993,-0.1884750000000008,-0.9,-327.26545000000044,479.39487499999944,-573.3901249999998
-0.38239999999999996,-0.21840000000000045,-0.9,-343.75080000000025,459.2619999999997,-563.5979999999998
-0.37352499999999894,-0.2418500000000003,-0.9027750000000004,-363.7826000000013,439.36684999999915,-553.6023749999995
-0.35024999999999923,-0.24850000000000022,-0.9127500000000004,-393.016000000001,420.0884999999993,-543.0787499999997
-0.32697499999999946,-0.25515000000000015,-0.9227250000000002,-422.24940000000066,400.81014999999957,-532.5551249999997
-0.2946999999999994,-0.27440000000000053,-0.9263999999999999,-444.1352,388.8074000000001,-520.7750999999998
-0.2381749999999977,-0.32760000000000217,-0.9130999999999995,-446.2233000000001,396.4083500000003,-505.6097749999994
-0.18164999999999837,-0.3808000000000015,-0.8997999999999996,-448.31140000000005,404.0093000000002,-490.44444999999956
-0.14875000000000058,-0.42,-0.8864999999999997,-429.0477499999987,407.7156249999999,-478.0537499999999
-0.18200000000000016,-0.42,-0.8732,-349.99919999999963,400.51699999999994,-473.43199999999996
-0.2152500000000012,-0.42,-0.8598999999999996,-270.95064999999715,393.3183749999997,-468.8102499999998
-0.228949999999999,-0.4063999999999987,-0.8534000000000003,-204.83314999999934,385.9956499999998,-465.302
-0.18572499999999764,-0.35319999999999707,-0.8667000000000007,-176.36782499999845,378.31157499999955,-465.036
-0.14250000000000002,-0.3,-0.88,-147.9025,370.6275,-464.77
-0.12732500000000213,-0.2509249999999989,-0.8891749999999999,-119.07994999999907,367.0486250000003,-462.2509249999997
-0.19715000000000132,-0.21434999999999932,-0.8858499999999999,-89.17489999999944,375.9097500000002,-452.9043499999998
-0.26697500000000346,-0.17777499999999818,-0.8825249999999999,-59.26984999999852,384.77087500000044,-443.55777499999954
-0.32800000000000124,-0.14279999999999887,-0.8880000000000012,-26.613599999998442,382.5975999999986,-436.88000000000005
-0.3612500000000023,-0.11287499999999795,-0.9212500000000022,14.726125000002824,345.5969999999975,-438.6256250000001
-0.39450000000000185,-0.0829499999999983,-0.9545000000000019,56.06585000000233,308.5963999999979,-440.3712500000001
-0.40139999999999987,-0.04217499999999988,-0.979225,73.8153499999999,273.29227499999996,-439.928275
-0.3216000000000008,0.03429999999999922,-0.9759,13.945400000000603,243.5701000000003,-432.2841000000001
-0.24179999999999835,0.11077500000000158,-0.9725749999999999,-45.92455000000123,213.8479249999994,-424.63992499999983
-0.18900000000000033,0.1617499999999997,-0.9684999999999999,-109.92925000000068,193.02525000000009,-414.6084999999999
-0.22890000000000155,0.12517499999999857,-0.9618499999999996,-188.12992500000308,202.75752500000038,-396.38084999999927
-0.2688000000000011,0.088599999999999,-0.9551999999999998,-266.33060000000216,212.48980000000026,-378.1531999999995
-0.3014500000000004,0.041874999999995166,-0.942749999999998,-328.8190750000004,206.6164499999964,-364.023975
-0.3081000000000003,-0.04125000000000384,-0.9094999999999984,-334.9603500000003,144.77809999999712,-364.59255
-0.31475000000000025,-0.12437500000000284,-0.8762499999999989,-341.1016250000002,82.93974999999787,-365.161125
-0.29479999999999223,-0.21870000000000883,-0.8457999999999987,-346.68430000000023,31.40959999999916,-360.21089999999833
-0.17509999999999876,-0.35502500000000137,-0.8258499999999998,-350.172225,18.53519999999987,-334.5651749999997
-0.055400000000000206,-0.49134999999999973,-0.8059000000000001,-353.66015,5.660800000000021,-308.91945000000004
0.008949999999995517,-0.5966249999999995,-0.7744749999999978,-359.9344750000005,5.912450000001513,-265.4476499999967
-0.14400000000000263,-0.5799999999999997,-0.6979999999999987,-377.1480000000003,57.69600000000088,-151.99199999999806
-0.29695000000000077,-0.563375,-0.6215249999999997,-394.3615250000001,109.47955000000026,-38.53634999999942
-0.39204999999999485,-0.5200999999999946,-0.5788500000000035,-380.4263999999949,142.74524999999844,52.62949999999998
-0.24907499999999655,-0.3671499999999964,-0.6752750000000023,-238.3025999999966,99.80287499999895,52.06424999999999
-0.10609999999999219,-0.21419999999999165,-0.7717000000000053,-96.17879999999222,56.86049999999764,51.49899999999997
0.011875000000000427,-0.07562499999999672,-0.8562500000000014,15.266874999999096,22.938750000000212,45.66999999999877
0.021850000000000733,0.000850000000005624,-0.8895000000000024,-5.816950000001555,27.98610000000037,17.1015999999979
0.03182499999999976,0.07732499999999819,-0.9227499999999992,-26.900774999999495,33.03344999999988,-11.466799999999317
0.027999999999999553,0.14060000000000003,-0.9512,-54.398600000000386,36.310199999999966,-31.316599999999863
-0.03849999999999966,0.143925,-0.95785,-111.02667499999971,31.545475000000025,-11.569425000000098
-0.1050000000000017,0.14725000000000008,-0.9645000000000001,-167.65475000000146,26.780749999999877,8.177750000000508
-0.15022499999999922,0.15690000000000054,-0.9625249999999994,-216.04997500000013,18.411924999999655,23.98042499999996
-0.0936999999999975,0.19680000000000178,-0.919299999999998,-225.07070000000041,-7.193900000001136,20.918099999999864
-0.03717499999999817,0.2367000000000013,-0.8760749999999986,-234.0914250000003,-32.799725000000834,17.855774999999902
0.014400000000001675,0.26669999999999877,-0.8372499999999989,-239.10814999999906,-52.962749999999545,11.476949999998546
0.04100000000000136,0.24674999999999897,-0.8206249999999992,-223.9228749999992,-45.66437499999962,-11.635125000001182
0.06760000000000105,0.22679999999999922,-0.8039999999999994,-208.7375999999994,-38.365999999999715,-34.74720000000091
0.0847500000000005,0.189525000000002,-0.7863250000000004,-192.88032500000028,-32.28404999999999,-55.2631499999999
0.051499999999999484,0.059849999999998016,-0.7630499999999997,-173.4390499999997,-32.6897,-61.9331000000001
0.018249999999999884,-0.06982500000000043,-0.739775,-153.99777499999993,-33.095349999999996,-68.60305000000002
-0.013000000000000685,-0.18350000000000077,-0.7205000000000001,-136.2144999999997,-31.85749999999964,-68.91949999999878
-0.032950000000000444,-0.20677500000000051,-0.723825,-127.79892499999981,-21.333874999999765,-33.338674999999206
-0.05290000000000021,-0.23005000000000023,-0.72715,-119.38334999999991,-10.810249999999893,2.2421500000003682
-0.06952499999999986,-0.23147499999999466,-0.7328500000000008,-111.4546499999998,-2.2996750000001462,36.86442500000119
-0.06619999999999991,-0.10179999999999623,-0.7528000000000006,-106.44719999999985,-5.867400000000103,65.73540000000085
-0.0628749999999998,0.02787500000000777,-0.7727500000000012,-101.4397499999997,-9.435125000000212,94.60637500000172
-0.05414999999999792,0.14630000000000223,-0.7949500000000018,-95.26049999999935,-13.052350000000187,115.50379999999853
-0.010925000000000296,0.1928499999999997,-0.8315249999999997,-81.59475000000009,-16.985824999999974,85.4591000000002
0.03230000000000104,0.23940000000000114,-0.8681000000000009,-67.92899999999968,-20.919300000000096,55.414399999999276
0.06702499999999972,0.27149999999999924,-0.9012750000000002,-57.976900000000185,-23.834474999999955,27.30514999999982
0.043750000000000004,0.20500000000000002,-0.91125,-73.36500000000001,-19.801250000000003,12.4025
0.020474999999999285,0.13849999999999796,-0.9212250000000003,-88.75310000000047,-15.768024999999877,-2.500150000000458
-0.003200000000000494,0.07639999999999944,-0.9251999999999994,-102.02679999999997,-12.637200000000066,-14.049199999999754
-0.02980000000000132,0.04647499999999851,-0.8852999999999981,-99.8389499999999,-16.105175000000173,-1.0750499999993544
-0.056400000000001005,0.01654999999999887,-0.8453999999999986,-97.65109999999991,-19.57315000000013,11.89910000000049
-0.07774999999999864,-0.007374999999998397,-0.8069999999999983,-92.22962499999788,-22.675125000000016,23.16324999999985
-0.05779999999999888,0.015900000000001316,-0.7803999999999985,-61.37029999999825,-22.89790000000001,20.975399999999876
-0.037849999999999114,0.039175000000001035,-0.7537999999999988,-30.510974999998624,-23.12067500000001,18.7875499999999
-0.01580000000000041,0.062099999999999794,-0.7310499999999999,-0.4458000000002471,-22.80760000000005,16.546150000000026
0.024100000000000815,0.0820500000000004,-0.7410250000000002,22.869100000000472,-17.9397999999999,13.849574999999945
0.06400000000000033,0.10200000000000017,-0.7510000000000001,46.1840000000002,-13.071999999999958,11.152999999999977
0.09447499999999778,0.12227500000000091,-0.764875000000002,63.65279999999856,-8.170724999999795,9.181825000000186
0.03794999999999846,0.14555000000000062,-0.8147500000000014,27.157599999999,-2.9604499999998577,13.906650000000129
-0.01857500000000329,0.16882500000000136,-0.864625000000003,-9.337600000002126,2.2498250000003033,18.631475000000275
-0.0693999999999997,0.18699999999999847,-0.9075999999999989,-44.565000000001035,6.85289999999993,23.30500000000019
-0.06274999999999978,0.15374999999999886,-0.8809999999999991,-67.00875000000077,5.333374999999949,27.461250000000142
-0.056099999999999574,0.12049999999999783,-0.8543999999999983,-89.45250000000146,3.8138499999999014,31.61750000000027
-0.0488999999999993,0.08944999999999964,-0.8288999999999993,-110.84657500000053,1.30652499999929,35.43
-0.03560000000000002,0.08280000000000001,-0.8156,-120.59879999999998,-12.156399999999977,35.43
-0.022299999999999612,0.07614999999999982,-0.8022999999999997,-130.35102500000028,-25.61932500000039,35.43
-0.008999999999999772,0.07075000000000017,-0.7907500000000002,-137.89124999999967,-38.129500000000014,34.5747499999998
0.004300000000000637,0.08072500000000049,-0.8007250000000005,-118.22387499999905,-38.92085000000004,23.199924999999453
0.017600000000000476,0.09070000000000036,-0.8107000000000003,-98.55649999999929,-39.71220000000003,11.825099999999592
0.028874999999999606,0.10045000000000016,-0.8215750000000005,-80.90872500000025,-39.74079999999975,1.3613000000000497
0.012249999999999091,0.10710000000000036,-0.8448500000000012,-91.08655000000056,-29.26039999999943,3.4494000000001144
-0.00437500000000071,0.11375000000000028,-0.868125000000001,-101.26437500000043,-18.779999999999553,5.537500000000089
-0.020800000000000984,0.11679999999999607,-0.89,-111.79960000000119,-8.679999999999694,7.780400000000343
-0.034100000000000824,0.06359999999999671,-0.89,-127.91920000000098,-4.523749999999744,12.442050000000286
-0.047400000000000095,0.010399999999999639,-0.89,-144.03880000000012,-0.36749999999997174,17.103700000000032
-0.05807500000000018,-0.038950000000000096,-0.8915749999999999,-160.83162499999986,3.6053499999999965,21.476250000000004
-0.02149999999999906,-0.018999999999999486,-0.9215000000000008,-189.74250000000075,4.277000000000017,20.64499999999998
0.015075000000000505,0.0009500000000002735,-0.9514250000000004,-218.65337500000038,4.948650000000009,19.813749999999988
0.050600000000000596,0.020600000000000597,-0.9787999999999988,-246.5855000000003,6.708550000001111,18.66419999999965
0.063900000000001,0.033900000000001,-0.9521999999999979,-253.80075000000053,31.503075000001864,10.777299999999407
0.07720000000000027,0.04720000000000027,-0.9255999999999994,-261.01600000000013,56.29760000000051,2.890399999999838
0.08774999999999691,0.0591249999999988,-0.8976249999999968,-266.78774999999837,79.83374999999955,-4.647374999999928
0.02789999999999508,0.035849999999998085,-0.8344499999999948,-235.60589999999743,71.15549999999928,-3.247549999999885
-0.03195000000000164,0.01257499999999936,-0.7712749999999983,-204.42404999999914,62.47724999999976,-1.8477249999999616
-0.09019999999999981,-0.010399999999999639,-0.7095000000000005,-171.8630000000021,53.42590000000058,-0.31250000000015987
-0.09685000000000002,-0.023700000000000047,-0.6928749999999999,-94.82274999999973,32.34207499999993,5.589375000000022
-0.10350000000000023,-0.037000000000000456,-0.6762499999999995,-17.782499999997363,11.25824999999928,11.491250000000203
-0.10887499999999675,-0.05067500000000194,-0.6596999999999992,59.15995000000473,-9.793625000001278,17.13422499999964
-0.05899999999999949,-0.08060000000000031,-0.6463999999999999,131.86440000000076,-29.461000000000205,11.558199999999944
-0.009124999999997954,-0.11052500000000123,-0.6330999999999994,204.568850000003,-49.12837500000081,5.982174999999772
0.03964999999999834,-0.1391999999999962,-0.6205500000000026,276.7410000000027,-68.61675000000056,0.5717000000003871
0.016374999999999605,-0.08599999999999909,-0.6571250000000006,314.04750000000064,-76.38062500000014,6.004750000000092
-0.00690000000000111,-0.032799999999997456,-0.6937000000000018,351.3540000000018,-84.14450000000036,11.437800000000259
-0.02964999999999636,0.02017500000000183,-0.7304500000000047,388.30604999999923,-91.754574999999,16.812474999999814
0.01690000000000111,0.04345000000000056,-0.7903000000000014,378.47069999999974,-79.06304999999969,14.481649999999943
