-0.10560000000000008,0.1142,-0.0985,-17.166799999999995,-41.18460000000001,70.66929999999999
0.37,0.27,-0.16,-197.37,46.99,33.47
0.16499999999999992,0.15929999999999997,-0.04109999999999997,-214.3932,10.614799999999988,1.8466999999999913
-0.040000000000000036,0.048599999999999983,0.07780000000000001,-231.41639999999998,-25.760400000000004,-29.776600000000002
-0.08630000000000002,-0.08050000000000002,0.1277,-227.2911,-43.413599999999995,-34.938399999999994
-0.008399999999999977,-0.22400000000000003,0.1236,-206.6148,-46.4148,-19.391199999999994
0.05849999999999999,-0.36000000000000004,0.12700000000000003,-176.99049999999994,-44.702499999999965,-2.766999999999989
0.0462,-0.442,0.1844,-82.94060000000002,-9.052999999999997,21.611599999999996
0.03389999999999999,-0.524,0.24180000000000001,11.109300000000022,26.59650000000001,45.9902
0.01879999999999999,-0.46319999999999995,0.23479999999999998,88.95560000000005,33.616,54.742
0.0023999999999999837,-0.3360999999999999,0.19789999999999996,159.27880000000005,27.342999999999996,56.2385
5.551115123125783e-17,-0.20099999999999982,0.1529999999999999,207.15699999999995,22.795,57.559
0.04099999999999998,-0.04110000000000011,0.08330000000000004,185.4557,23.5945,58.3339
0.08199999999999999,0.11879999999999996,0.013600000000000013,163.7544,24.394000000000002,59.108799999999995
0.06029999999999999,0.1698,0.02310000000000001,111.5512,21.9562,52.280499999999996
0.02339999999999998,0.19440000000000002,0.05180000000000002,51.953599999999966,18.7336,43.608999999999995
0.004500000000000011,0.1784999999999999,0.08500000000000005,1.8029999999999688,11.52099999999999,32.255499999999984
0.016800000000000016,0.0923999999999999,0.12600000000000006,-31.972800000000042,-2.6076000000000157,16.25319999999998
0.02909999999999999,0.006300000000000052,0.16699999999999998,-65.74859999999998,-16.73619999999999,0.2509000000000098
0.022399999999999982,-0.06840000000000014,0.18140000000000003,-63.16979999999999,-23.770200000000013,-10.25660000000002
0.014200000000000016,-0.14219999999999983,0.19369999999999998,-57.720900000000015,-30.24409999999999,-20.33029999999998
0.01200000000000001,-0.20400000000000013,0.1819999999999999,-40.00199999999992,-24.205999999999953,-16.31999999999995
0.016099999999999996,-0.2531999999999999,0.14510000000000006,-9.399600000000042,-5.030300000000025,2.4784999999999755
0.01840000000000004,-0.3,0.11,20.506199999999986,13.487999999999994,21.268599999999978
-0.014399999999999975,-0.3,0.11,36.82829999999999,19.186999999999998,39.89489999999999
-0.047199999999999985,-0.3,0.11,53.1504,24.886,58.5212
-0.03500000000000001,-0.245,0.1075,66.61,17.339999999999996,61.050000000000004
0.006000000000000012,-0.15479999999999997,0.1034,78.2376,1.3171999999999926,53.276399999999995
0.044899999999999884,-0.06810000000000024,0.0958000000000001,83.00100000000009,-11.940600000000002,44.06360000000006
0.07360000000000003,0.0016000000000000736,0.07119999999999999,54.423999999999964,-11.7684,27.86039999999998
0.10229999999999992,0.0712999999999998,0.04660000000000007,25.847000000000083,-11.596200000000001,11.657200000000046
0.06799999999999991,0.04499999999999989,0.08500000000000012,-6.642000000000053,-12.336000000000002,4.639999999999994
0.010600000000000137,-0.016499999999999862,0.14649999999999985,-40.565399999999926,-13.410199999999998,0.9910000000000083
-0.015599999999999878,-0.07680000000000013,0.19240000000000002,-56.92799999999994,-14.593600000000004,-1.2971999999999975
0.03360000000000014,-0.13420000000000015,0.20060000000000003,-30.85199999999993,-16.040900000000004,-0.2967999999999972
0.08279999999999994,-0.19159999999999994,0.20879999999999999,-4.776000000000032,-17.4882,0.7035999999999988
0.06550000000000002,-0.214,0.2135,18.24449999999998,-8.803000000000008,2.750499999999998
0.03679999999999989,-0.23040000000000005,0.21760000000000002,40.741200000000084,1.6192000000000402,4.976800000000009
0.014899999999999946,-0.2229999999999998,0.20299999999999985,50.707199999999965,8.612500000000008,12.07360000000006
0.00260000000000005,-0.18200000000000016,0.16200000000000017,42.98280000000003,10.764999999999992,26.04639999999994
-0.009699999999999953,-0.14100000000000018,0.12100000000000015,35.25840000000003,12.917499999999992,40.01919999999995
-0.02600000000000009,-0.12399999999999993,0.09199999999999985,10.925999999999874,9.969999999999985,45.068000000000026
-0.04239999999999995,-0.10760000000000006,0.06330000000000009,-13.821599999999922,6.895000000000009,49.89369999999999
-0.04120000000000005,-0.09560000000000003,0.05659999999999997,-30.85819999999997,-4.44539999999995,48.227200000000025
-0.02480000000000004,-0.08740000000000002,0.06889999999999998,-41.235299999999974,-22.924099999999957,40.953800000000015
-0.00680000000000007,-0.07920000000000002,0.08239999999999995,-50.6388,-40.28279999999999,33.81920000000001
0.025999999999999947,-0.07100000000000001,0.10699999999999996,-51.036500000000004,-47.28149999999999,27.968500000000013
0.05879999999999996,-0.06280000000000001,0.13159999999999997,-51.4342,-54.280199999999994,22.11780000000001
0.05650000000000002,-0.07889999999999997,0.1427,-50.5818,-50.54640000000001,17.717000000000006
0.03600000000000002,-0.10759999999999999,0.14679999999999999,-49.081199999999995,-41.247600000000006,14.068000000000003
0.0209,-0.14079999999999998,0.1464,-45.3972,-33.407700000000006,13.0857
0.025,-0.19,0.13,-33.949999999999996,-30.755000000000003,21.585
0.0291,-0.23920000000000002,0.11359999999999999,-22.502799999999993,-28.1023,30.084300000000002
0.02039999999999999,-0.266,0.11,-9.00439999999999,-22.799999999999997,42.69880000000001
0.008099999999999987,-0.28650000000000003,0.11,5.070900000000014,-16.752499999999994,56.47070000000002
-0.011199999999999766,-0.2804000000000004,0.11,17.908599999999925,-15.51819999999994,65.24180000000001
-0.04400000000000006,-0.2229999999999999,0.11,28.35950000000002,-23.566500000000012,64.3685
-0.07680000000000006,-0.1655999999999999,0.11,38.81040000000002,-31.614800000000017,63.4952
-0.06890000000000007,-0.15630000000000002,0.0952000000000001,42.89729999999997,-45.53129999999991,61.42310000000001
-0.056600000000000074,-0.15220000000000003,0.0788000000000001,46.29619999999998,-60.082199999999915,59.22140000000001
-0.05380000000000003,-0.17660000000000017,0.0681,50.86550000000002,-74.30820000000004,60.287700000000015
-0.062000000000000034,-0.23400000000000018,0.06399999999999999,56.79000000000002,-88.15800000000004,65.13800000000002
-0.07029999999999995,-0.2909999999999998,0.06019999999999996,63.253599999999864,-101.88639999999995,70.17249999999994
-0.08259999999999995,-0.3319999999999998,0.06839999999999996,91.28119999999987,-110.75879999999997,82.57499999999995
-0.09489999999999996,-0.37299999999999983,0.07659999999999997,119.30879999999989,-119.63119999999996,94.97749999999995
-0.08559999999999988,-0.37079999999999985,0.08960000000000008,141.55480000000009,-123.29560000000001,111.9136000000001
-0.060999999999999874,-0.33799999999999986,0.10600000000000008,159.7055000000001,-123.271,132.0610000000001
-0.03939999999999998,-0.2997999999999996,0.11639999999999986,174.29999999999995,-123.83920000000002,149.3992
-0.03530000000000001,-0.2301000000000002,0.09180000000000006,168.15,-127.86539999999998,150.3504
-0.03120000000000001,-0.16040000000000018,0.06720000000000005,162.0,-131.89159999999998,151.3016
-0.08219999999999986,-0.15739999999999996,0.05420000000000001,156.34300000000002,-145.64149999999995,148.6278
-0.15599999999999986,-0.18199999999999997,0.04600000000000001,150.89000000000001,-163.41499999999996,144.454
-0.20890000000000003,-0.2186999999999993,0.029000000000000414,147.95379999999997,-182.85939999999974,145.21589999999986
-0.20479999999999998,-0.28840000000000054,-0.012000000000000309,151.88160000000002,-206.86080000000018,159.43880000000013
-0.20070000000000002,-0.3581,-0.05299999999999997,155.80939999999998,-230.8622,173.6617
-0.2136,-0.3972,-0.043000000000000003,148.6634,-244.8914,194.97699999999998
-0.22999999999999998,-0.43,-0.0225,139.2375,-256.8675,217.7525
-0.2447999999999999,-0.4547999999999999,-0.022799999999999723,147.7827999999997,-276.95079999999973,235.3183999999999
-0.2570999999999998,-0.4670999999999998,-0.05559999999999945,184.4080999999994,-309.7015999999995,244.74429999999984
-0.2693999999999999,-0.4793999999999999,-0.08839999999999974,221.03339999999972,-342.4523999999998,254.17019999999994
-0.2505,-0.39029999999999987,0.023100000000000148,198.01599999999996,-355.4887,272.5622
-0.2299999999999998,-0.29599999999999904,0.14200000000000124,171.9399999999997,-367.5140000000001,291.4140000000002
-0.22840000000000005,-0.23739999999999994,0.1705999999999999,159.0268,-390.4992000000001,302.3509
-0.2447999999999999,-0.21280000000000016,0.11320000000000036,158.64960000000002,-423.92239999999975,305.7498
-0.26120000000000004,-0.19660000000000025,0.059399999999999974,156.99949999999995,-454.94379999999995,309.3554
-0.2775999999999999,-0.2867999999999995,0.051200000000000044,139.2260000000001,-455.5424,315.57919999999996
-0.29399999999999976,-0.3769999999999987,0.043000000000000115,121.45250000000026,-456.141,321.8029999999999
-0.2740000000000002,-0.42819999999999986,0.008800000000000238,127.3649999999999,-461.75239999999997,334.89339999999993
-0.23299999999999982,-0.4569000000000001,-0.04040000000000021,146.94250000000008,-470.2558000000001,351.9453000000001
-0.1960000000000001,-0.4696000000000002,-0.07920000000000002,159.48000000000008,-478.2752,367.27
-0.1754999999999999,-0.4162999999999997,-0.07509999999999999,142.9774999999999,-484.29810000000003,375.47
-0.15500000000000005,-0.36300000000000016,-0.07100000000000002,126.47500000000005,-490.321,383.66999999999996
-0.20890000000000045,-0.2848999999999995,-0.07930000000000008,88.06789999999975,-498.04580000000004,380.4899
-0.2867999999999998,-0.19880000000000025,-0.09159999999999997,42.59480000000012,-506.3196,373.6388
-0.35299999999999954,-0.15039999999999965,-0.10779999999999973,-6.359699999999378,-520.6981999999997,367.17640000000006
-0.3939999999999999,-0.18319999999999995,-0.13239999999999996,-62.81259999999989,-548.2256,361.5512
-0.4350000000000003,-0.21600000000000022,-0.15700000000000017,-119.2655000000004,-575.7530000000002,355.926
-0.4328,-0.4251999999999997,-0.16,-102.17760000000004,-598.2728,370.53999999999996
-0.4245999999999999,-0.6589000000000018,-0.16,-74.8756999999998,-620.0971000000002,387.96500000000015
-0.43079999999999996,-0.8044,-0.15280000000000002,-23.822800000000058,-634.8312,408.8478
-0.45539999999999975,-0.8371999999999997,-0.13640000000000013,57.578599999999255,-640.5056,434.1488999999998
-0.48,-0.87,-0.12,138.98,-646.18,459.45
-0.33240000000000125,-0.7962000000000006,-0.22249999999999914,194.30129999999954,-617.5046000000002,479.22429999999986
-0.1847999999999999,-0.7223999999999999,-0.32500000000000007,249.62260000000006,-588.8292,498.9986
-0.15450000000000058,-0.5864999999999982,-0.37920000000000015,271.4145,-563.1000999999998,499.34939999999983
-0.21600000000000008,-0.4019999999999997,-0.3956,266.966,-539.6768,484.4992
-0.2769999999999996,-0.24199999999999988,-0.4109999999999999,256.2675000000004,-522.2559999999999,470.20400000000006
-0.33440000000000014,-0.2584,-0.4192,200.5689999999999,-548.0532000000001,459.90479999999997
-0.39179999999999965,-0.27479999999999993,-0.42739999999999995,144.87050000000033,-573.8503999999998,449.60560000000004
-0.42119999999999974,-0.37239999999999807,-0.4523999999999995,90.0064000000008,-598.0459999999996,441.50720000000007
-0.4376000000000002,-0.5077000000000016,-0.4852000000000004,35.529699999999366,-621.4980000000003,434.4305999999999
-0.452,-0.6310000000000002,-0.4949999999999998,-3.299999999999965,-642.8270000000001,427.42199999999997
-0.46019999999999994,-0.7170999999999995,-0.43350000000000033,6.375999999999953,-657.5747,420.62420000000003
-0.4684,-0.8032000000000004,-0.3719999999999997,16.052000000000042,-672.3224000000001,413.8264
-0.4831999999999999,-0.8002,-0.4325999999999996,36.8555999999999,-663.2507,413.68469999999996
-0.4995999999999998,-0.7756000000000003,-0.5227999999999988,60.35679999999971,-648.4046000000002,415.15659999999997
-0.5369999999999997,-0.763,-0.5889999999999999,63.51500000000012,-638.9615,418.54099999999994
-0.6107999999999991,-0.7711999999999999,-0.6135999999999997,31.412000000000383,-638.8836,425.2403999999999
-0.6845999999999998,-0.7794,-0.6382,-0.6909999999999106,-638.8057,431.9398
-0.6976,-0.8674000000000006,-0.6476000000000001,29.655200000000214,-647.8820000000001,423.4429999999999
-0.7058,-0.9616999999999998,-0.6558,64.93159999999992,-657.681,413.7465
-0.708,-1.014,-0.6159999999999994,103.64600000000029,-655.8599999999999,414.31600000000003
-0.7039,-1.0222,-0.5258000000000002,145.97029999999995,-641.8380000000001,425.66479999999996
-0.6986000000000002,-1.025800000000001,-0.444999999999999,188.05439999999965,-627.5828000000001,436.7915999999999
-0.6698999999999999,-0.9397000000000001,-0.5474999999999999,225.45459999999997,-608.7802,443.5894
-0.6412000000000002,-0.8536000000000007,-0.649999999999999,262.85479999999967,-589.9776000000002,450.38719999999995
-0.5750000000000015,-0.8075000000000003,-0.7299999999999989,273.5325000000001,-581.025,453.4825
-0.48480000000000073,-0.7870000000000001,-0.7955999999999994,267.10780000000005,-578.3764,454.2082
-0.4232999999999987,-0.7706999999999999,-0.8479000000000002,256.2017000000005,-576.0218,451.5361000000003
-0.5012000000000008,-0.7748,-0.8355999999999999,223.52879999999968,-575.0952,432.3603999999998
-0.5791000000000001,-0.7789,-0.8232999999999999,190.85589999999996,-574.1686,413.1847
-0.7170000000000016,-0.8220000000000006,-0.82,162.47899999999973,-588.5360000000002,390.9939999999998
-0.8769000000000003,-0.8794000000000002,-0.82,135.67729999999995,-608.5112,367.6978
-0.9960000000000002,-0.9404000000000008,-0.8115999999999997,111.67879999999981,-622.2596,351.3004
-1.0165000000000002,-1.0101000000000002,-0.7828999999999999,94.45469999999995,-620.9599,351.5751
-1.037,-1.0797999999999996,-0.7542000000000002,77.2306000000001,-619.6602,351.84979999999996
-1.026,-1.1320000000000001,-0.7535000000000001,76.2885,-603.23,366.65650000000005
-1.0096,-1.1811999999999998,-0.7575999999999999,78.13759999999999,-584.2060000000001,383.9543999999999
-0.9966000000000002,-1.1964000000000004,-0.76,94.4893999999995,-567.7626000000002,396.8373999999999
-0.9884000000000001,-1.1636,-0.76,131.31559999999985,-554.9624000000001,403.4876
-0.9802000000000001,-1.1308000000000002,-0.76,168.14179999999953,-542.1622000000002,410.1377999999999
-1.0319999999999998,-1.1699999999999997,-0.7919999999999999,200.7439999999999,-541.266,411.64
-1.0852999999999995,-1.2109999999999994,-0.8247999999999996,233.24059999999963,-540.6674,413.01349999999996
-1.1187999999999998,-1.1926000000000014,-0.8004000000000014,252.67359999999985,-531.8320000000003,418.5075999999998
-1.1352,-1.1228999999999996,-0.7265999999999996,260.8244000000001,-515.8829999999999,427.5604000000001
-1.1503999999999999,-1.0507999999999986,-0.6604000000000001,265.4607999999996,-502.2384000000001,438.1496000000004
-1.1544999999999999,-0.9564999999999994,-0.6645000000000001,237.5889999999998,-509.9095000000001,462.9505000000002
-1.1585999999999999,-0.8622000000000001,-0.6686000000000001,209.71720000000002,-517.5806,487.7514
-1.16,-0.9056000000000008,-0.7375000000000008,178.69719999999975,-532.7955000000002,502.3112000000001
-1.16,-1.0204,-0.84,146.0448,-551.922,511.5608
-1.1645,-1.1145000000000003,-0.9281000000000004,117.45949999999988,-568.2936000000001,515.9476999999998
-1.185,-1.135,-0.9650000000000001,103.33500000000001,-574.87,503.04499999999996
-1.2054999999999998,-1.1554999999999997,-1.0018999999999998,89.21050000000012,-581.4463999999999,490.1423000000001
-1.2067999999999999,-1.1312,-1.0036,85.9148,-559.4372,469.8668
-1.2026999999999999,-1.0943000000000003,-0.9954000000000001,85.6647,-529.3883000000003,447.51770000000016
-1.2223999999999977,-1.1161999999999956,-0.9941999999999995,73.83940000000113,-512.2109999999998,432.9106
-1.2879999999999996,-1.251499999999999,-1.0065,39.69050000000024,-519.8575,433.23449999999997
-1.353599999999999,-1.3867999999999978,-1.0188,5.541600000000521,-527.5039999999999,433.55839999999995
-1.4154999999999986,-1.4036999999999997,-1.0052000000000003,19.241099999999555,-534.1181999999999,413.6470000000005
-1.4770000000000003,-1.4078,-0.9887999999999999,38.113400000000055,-540.6208,391.54799999999994
-1.5346999999999997,-1.4081,-0.9591000000000003,64.53059999999981,-540.5304000000001,379.8876
-1.588000000000001,-1.404,-0.913999999999999,99.68400000000074,-532.8059999999998,380.314
-1.6392999999999995,-1.3991999999999996,-0.8708000000000005,134.3751000000002,-524.6113999999997,380.6251
-1.6105999999999998,-1.3663999999999998,-0.9036000000000001,150.57420000000008,-497.60879999999986,376.3242
-1.5819,-1.3336000000000001,-0.9363999999999998,166.77329999999995,-470.6062000000001,372.0233
-1.5748,-1.3367999999999998,-0.9547999999999999,167.00760000000014,-452.8244000000002,372.47919999999993
-1.5830000000000002,-1.3655000000000004,-0.9630000000000001,155.93349999999984,-441.57399999999984,376.3045000000001
-1.59,-1.3833999999999997,-0.9730000000000001,148.81040000000007,-430.6896,375.94419999999985
-1.59,-1.3383,-0.9934999999999999,164.73479999999995,-421.94020000000006,351.16790000000003
-1.59,-1.2932000000000006,-1.0139999999999998,180.65919999999983,-413.1908000000001,326.39160000000027
-1.6189999999999993,-1.2336000000000014,-0.9939000000000008,168.43330000000046,-406.5816000000001,315.2511000000001
-1.6599999999999988,-1.168000000000002,-0.9570000000000011,144.55900000000065,-400.8580000000002,309.75300000000016
-1.6955,-1.1266,-0.9245000000000001,113.86250000000007,-401.34499999999997,304.85110000000003
-1.7159999999999997,-1.1511999999999998,-0.9040000000000002,64.56000000000049,-418.76999999999987,301.57520000000005
-1.7365000000000004,-1.1758000000000004,-0.8834999999999996,15.25749999999918,-436.1950000000003,298.29929999999996
-1.7366,-1.2548000000000008,-0.8834000000000001,-2.0952000000000908,-437.6162,302.03080000000006
-1.7325,-1.345,-0.8875,-12.870000000000001,-435.7425,307.20500000000004
-1.7252,-1.4207999999999994,-0.8868,-13.547200000000124,-426.8912000000002,310.0192
-1.7128999999999996,-1.4741000000000009,-0.8785999999999998,1.5531000000002742,-407.1373999999997,309.1459
-1.7006,-1.5274000000000005,-0.8704,16.653400000000147,-387.38359999999983,308.2726
-1.7039,-1.5105,-0.8739,52.08440000000005,-350.13439999999997,308.20660000000004
-1.708,-1.4900000000000002,-0.878,88.55799999999974,-311.9880000000003,308.182
-1.7267999999999994,-1.4695000000000003,-0.8946999999999996,117.44009999999966,-292.81510000000003,303.98260000000016
-1.7596000000000003,-1.4489999999999996,-0.9234000000000003,139.09220000000025,-291.7122,295.8071999999999
-1.7933000000000001,-1.4272999999999998,-0.9509,158.11179999999996,-289.67479999999995,287.6756
-1.8383999999999998,-1.3904000000000003,-0.9632,143.78640000000007,-275.8004000000001,280.09880000000004
-1.8834999999999993,-1.3535000000000006,-0.9754999999999998,129.46100000000018,-261.9260000000002,272.5220000000001
-1.9363999999999986,-1.3452,-0.9825999999999999,107.52540000000059,-251.4446000000002,266.8822000000001
-1.9937999999999982,-1.3534,-0.9866999999999999,81.1993000000008,-242.92070000000027,262.35990000000015
-2.0456,-1.3472000000000004,-0.9804000000000002,55.1172000000001,-234.99120000000002,255.4416000000001
-2.0743000000000005,-1.2815999999999985,-0.9311999999999989,30.041599999999445,-229.51359999999988,238.63979999999964
-2.103,-1.215999999999999,-0.8819999999999993,4.965999999999653,-224.03599999999992,221.83799999999977
-2.11,-1.2496000000000003,-0.9165000000000003,10.344800000000085,-212.2498999999999,205.15089999999992
-2.11,-1.3152,-0.9779999999999999,25.54759999999996,-198.42880000000005,188.50080000000005
-2.1061,-1.3703999999999996,-1.0109000000000004,33.98000000000007,-186.3900000000001,172.46170000000015
-2.0938,-1.4032000000000004,-0.9821999999999995,27.829999999999906,-178.18999999999988,157.73859999999976
-2.0815,-1.4360000000000002,-0.9534999999999998,21.679999999999957,-169.98999999999995,143.0154999999999
-2.0944000000000003,-1.4472,-0.95,38.27119999999997,-161.28240000000002,128.86120000000003
-2.1108,-1.4553999999999998,-0.95,58.020899999999806,-152.5043000000001,114.78590000000014
-2.1343999999999994,-1.4582,-0.9356000000000005,67.66180000000006,-137.8780000000004,100.77540000000025
-2.1671999999999993,-1.4541000000000002,-0.9028000000000008,64.38590000000008,-115.7790000000006,86.84770000000037
-2.2,-1.45,-0.87,61.11,-93.68,72.92
-2.1754000000000002,-1.4008000000000005,-0.8659,50.40900000000009,-81.9294000000001,51.91980000000017
-2.1508000000000007,-1.3516000000000008,-0.8618,39.708000000000176,-70.1788000000002,30.91960000000035
-2.1239,-1.3438000000000003,-0.8945000000000006,34.00029999999998,-53.6740999999998,14.142199999999868
-2.0951999999999997,-1.3684,-0.9560000000000001,32.200399999999995,-33.44879999999997,0.6695999999999813
-2.0754999999999995,-1.3895,-1.0020000000000004,26.54700000000024,-15.184000000000028,-12.760999999999914
-2.120600000000001,-1.3853999999999997,-0.9363999999999987,-6.851600000000644,-11.034799999999919,-25.88920000000026
-2.1657000000000006,-1.3812999999999998,-0.8707999999999992,-40.250200000000376,-6.885599999999954,-39.017400000000144
-2.1576,-1.3491999999999997,-0.8388,-60.502800000000036,8.701600000000056,-55.33480000000005
-2.1248000000000005,-1.3041000000000003,-0.8224000000000001,-74.65189999999993,29.599299999999882,-73.1328999999999
-2.0920000000000005,-1.2949999999999986,-0.828999999999999,-91.77099999999963,50.20499999999973,-86.633
-2.0592000000000006,-1.3974999999999977,-0.9068999999999983,-118.09709999999941,69.90549999999956,-86.8093
-2.0263999999999998,-1.5000000000000004,-0.9848000000000003,-144.42320000000012,89.60600000000008,-86.98559999999999
-2.0233,-1.5035,-0.9670000000000002,-137.48860000000008,119.10749999999987,-91.64659999999998
-2.0273999999999996,-1.4830000000000003,-0.9260000000000005,-122.49080000000019,150.9849999999996,-97.39479999999993
-2.0315,-1.4640000000000004,-0.9,-107.46450000000031,178.46149999999957,-105.68699999999974
-2.0355999999999996,-1.4476000000000004,-0.9,-92.38880000000043,198.30959999999942,-118.38879999999963
-2.0397,-1.4312,-0.9,-77.31310000000003,218.15769999999995,-131.09059999999997
-2.0209999999999995,-1.3995999999999993,-0.9608000000000015,-92.15100000000041,226.16880000000018,-138.02020000000016
-2.0004999999999997,-1.3667999999999996,-1.026400000000001,-109.35050000000025,233.2454000000001,-144.49410000000012
-1.994,-1.356,-1.0439999999999998,-122.09800000000006,247.12600000000015,-155.10200000000012
-2.0021999999999998,-1.3682999999999998,-1.0112,-130.1709,268.15079999999995,-170.05059999999997
-2.0084,-1.3807999999999998,-0.9817999999999997,-136.8256000000002,288.40599999999995,-184.63219999999993
-1.9755999999999994,-1.3972000000000002,-1.0187000000000006,-115.82539999999965,293.65400000000005,-192.05730000000014
-1.9427999999999996,-1.4136,-1.0556000000000003,-94.82519999999982,298.90200000000004,-199.48240000000007
-1.9324999999999999,-1.38,-1.065,-83.29249999999999,317.85749999999996,-212.685
-1.9365999999999999,-1.3144000000000005,-1.0568000000000002,-77.81900000000005,345.5857999999998,-229.58519999999984
-1.9386,-1.2655999999999994,-1.0465000000000004,-76.74989999999966,367.03860000000014,-247.06149999999965
-1.9304000000000001,-1.298399999999999,-1.0260000000000005,-97.07359999999949,358.01040000000023,-267.3359999999995
-1.9222,-1.3312000000000002,-1.0055,-117.39730000000003,348.9822,-287.61050000000006
-1.8780000000000003,-1.343,-1.003,-131.8319999999999,355.67099999999994,-299.08599999999996
-1.8206000000000009,-1.3471,-1.0070999999999999,-144.1073999999998,368.12269999999984,-307.3351999999999
-1.7823999999999998,-1.340400000000001,-0.9836000000000021,-149.60040000000026,392.22999999999877,-320.05559999999946
-1.7906,-1.3075999999999999,-0.8933999999999997,-138.70259999999996,444.50500000000017,-343.5814000000001
-1.7988,-1.2748000000000002,-0.8032000000000006,-127.80480000000006,496.77999999999975,-367.10719999999986
-1.7369999999999985,-1.3050000000000008,-0.9020000000000028,-159.3935000000008,460.1899999999989,-359.92399999999975
-1.6631999999999991,-1.3460000000000005,-1.0332000000000017,-198.2656000000005,408.36599999999936,-347.47639999999984
-1.6132,-1.3819000000000001,-1.0776999999999997,-220.1921,393.22630000000015,-338.7076
-1.5968000000000002,-1.4105999999999999,-0.9998000000000004,-218.1954,429.87619999999987,-335.1324
-1.5804000000000002,-1.4392999999999996,-0.921900000000001,-216.19870000000003,466.52609999999953,-331.5572000000001
-1.6080000000000003,-1.4319999999999997,-0.9480000000000004,-181.68599999999952,474.98000000000013,-332.85800000000006
-1.6367,-1.4238,-0.9767000000000001,-146.3603999999998,482.72900000000004,-334.2807
-1.6456,-1.3738000000000001,-0.9987999999999999,-120.03500000000005,504.1355999999999,-335.7452
-1.6374,-1.287700000000001,-1.0151999999999999,-101.4825000000002,537.3373999999995,-337.2458
-1.6331999999999993,-1.2068000000000005,-1.026000000000001,-87.14519999999952,565.8656000000002,-339.25119999999987
-1.665999999999999,-1.1740000000000008,-0.9850000000000012,-111.79849999999931,551.1630000000005,-345.9259999999998
-1.6987999999999999,-1.1412,-0.9440000000000001,-136.45179999999996,536.4604,-352.6008
-1.6290000000000011,-1.1704999999999994,-0.9650999999999995,-138.0849000000001,531.0782,-362.28879999999987
-1.5060000000000022,-1.2319999999999989,-1.018399999999999,-127.78160000000018,530.5288,-373.53919999999977
-1.3965000000000016,-1.2737000000000007,-1.0635999999999997,-118.9066000000001,533.0357999999997,-385.2179999999996
-1.3350000000000022,-1.245000000000001,-1.0799999999999994,-115.11000000000013,546.4099999999995,-398.4199999999995
-1.2735000000000005,-1.2163000000000002,-1.0964,-111.31340000000003,559.7841999999999,-411.6219999999999
-1.307999999999999,-1.1876000000000004,-1.0712000000000006,-106.1280000000001,557.3728000000001,-417.95359999999994
-1.3694999999999984,-1.1589000000000007,-1.0343000000000009,-100.55200000000013,550.5217000000001,-422.35289999999986
-1.4113999999999998,-1.1316000000000008,-0.9890000000000021,-101.54899999999954,541.0596000000005,-427.2043999999998
-1.4155,-1.1069999999999993,-0.9274999999999983,-115.22250000000037,526.5619999999996,-432.92800000000017
-1.4196,-1.0823999999999996,-0.8659999999999988,-128.89600000000024,512.0643999999998,-438.6516000000001
-1.349699999999999,-1.1022000000000003,-0.9081000000000006,-130.2522,518.3201,-433.88569999999993
-1.2717999999999998,-1.1268,-0.9614000000000001,-130.27679999999998,526.8194,-427.9858
-1.214799999999999,-1.1323999999999994,-0.9861999999999997,-138.4011000000005,537.9027000000004,-421.5766999999998
-1.1819999999999993,-1.1159999999999997,-0.9779999999999998,-155.90400000000037,551.9780000000003,-414.57799999999986
-1.1486999999999992,-1.0989999999999995,-0.9689999999999994,-172.9525,565.7124,-407.8378
-1.0953999999999997,-1.0579999999999998,-0.9279999999999998,-171.825,565.8108000000001,-411.4376
-1.0421000000000002,-1.0170000000000001,-0.8870000000000001,-170.6975,565.9092,-415.03739999999993
-1.0512000000000012,-1.0144000000000006,-0.8579999999999995,-167.8299999999999,563.2571999999999,-417.54040000000003
-1.1045000000000007,-1.0390000000000004,-0.8374999999999997,-163.72999999999993,558.6569999999999,-419.2665
-1.1487999999999998,-1.06,-0.8139999999999997,-166.37640000000022,555.8130000000001,-419.0419999999999
-1.1405999999999998,-1.06,-0.7730000000000001,-208.3767999999999,563.2135,-407.439
-1.1324,-1.06,-0.7320000000000004,-250.37719999999956,570.6139999999999,-395.8360000000001
-1.0720000000000016,-1.0397000000000005,-0.7431999999999993,-284.5272999999994,589.1185999999996,-377.1976000000004
-0.9899999999999994,-1.011,-0.7760000000000002,-315.42900000000026,612.2180000000002,-355.64799999999985
-0.919,-0.9856,-0.822,-327.77040000000005,631.2199,-335.57460000000003
-0.8780000000000004,-0.9692000000000002,-0.9039999999999992,-289.4928000000004,639.0468,-319.52720000000016
-0.8370000000000007,-0.9528000000000002,-0.9859999999999985,-251.2152000000007,646.8736999999999,-303.4798000000003
-0.7824000000000014,-0.9228000000000008,-1.033999999999999,-204.83540000000127,663.8839999999996,-297.4828000000001
-0.725,-0.89,-1.0750000000000002,-156.7875,682.785,-293.555
-0.7155999999999993,-0.8747999999999999,-1.1,-115.12840000000025,691.7148,-301.0143999999998
-0.7811999999999989,-0.8870999999999998,-1.1,-83.45180000000052,685.0646000000002,-326.2662999999996
-0.8467999999999983,-0.8993999999999998,-1.1,-51.77520000000079,678.4144000000002,-351.51819999999935
-0.9045999999999981,-0.8805000000000007,-0.9908000000000039,-73.62999999999917,687.0794999999997,-372.5112999999993
-0.9619999999999996,-0.8600000000000001,-0.8760000000000008,-98.22999999999983,696.53,-393.2859999999999
-0.9501000000000012,-0.8311000000000005,-0.8661999999999985,-118.41369999999975,693.1369000000002,-406.22349999999994
-0.8722000000000019,-0.7942000000000009,-0.9563999999999979,-134.3913999999996,677.5118000000003,-411.6969999999999
-0.8,-0.757600000000001,-1.0385000000000006,-147.3670000000008,662.0676000000004,-418.5078999999992
-0.8,-0.7248000000000013,-1.018000000000001,-122.316000000001,648.9148000000006,-442.25919999999905
-0.8,-0.6919999999999994,-0.9974999999999996,-97.26499999999947,635.7619999999997,-466.0105000000005
-0.7661999999999993,-0.7398000000000012,-0.9613999999999995,-61.98819999999948,624.7359999999999,-485.56020000000024
-0.7128999999999999,-0.8341000000000004,-0.9162999999999998,-20.81189999999983,614.9369999999999,-502.68590000000006
-0.6419999999999957,-0.8955999999999977,-0.8575999999999965,18.925200000001027,610.2988000000005,-516.0604
-0.49849999999999683,-0.8217999999999983,-0.7427999999999975,52.725600000000746,626.9489000000003,-513.9612
-0.35499999999999804,-0.747999999999999,-0.6279999999999983,86.52600000000047,643.5990000000002,-511.86199999999997
-0.38820000000000054,-0.7144999999999999,-0.5472999999999996,116.03600000000016,636.9618999999999,-527.6808000000001
-0.47839999999999977,-0.6940000000000001,-0.4776000000000002,144.16199999999992,622.8128,-549.2796
-0.5491000000000007,-0.6734999999999995,-0.403999999999998,139.2328999999982,610.7319999999997,-559.7022999999997
-0.5778000000000004,-0.6529999999999997,-0.32199999999999873,63.108199999998845,603.1059999999999,-546.0533999999998
-0.6065000000000002,-0.6324999999999998,-0.23999999999999944,-13.016500000000528,595.4799999999999,-532.4044999999999
-0.5056000000000002,-0.5688000000000001,-0.2588,-83.98599999999992,621.154,-498.49120000000005
-0.38670000000000115,-0.4991000000000007,-0.2915999999999997,-154.23949999999934,651.4529999999997,-461.7634000000004
-0.3434000000000009,-0.4888000000000011,-0.2883999999999992,-190.13639999999987,668.7146,-427.5843999999995
-0.39670000000000044,-0.5544000000000006,-0.23919999999999958,-182.13319999999993,669.3173,-396.66219999999976
-0.45,-0.62,-0.19,-174.13,669.92,-365.74
-0.4131000000000003,-0.5954000000000003,-0.22279999999999972,-155.83170000000015,657.0952000000001,-358.68800000000005
-0.3762000000000006,-0.5708000000000004,-0.2555999999999995,-137.5334000000003,644.2704000000002,-351.63600000000014
-0.3645999999999998,-0.5416000000000009,-0.292999999999999,-135.20859999999973,637.1818000000001,-349.83029999999997
-0.3728,-0.5087999999999999,-0.3340000000000001,-145.3848,634.5824,-352.1304
-0.37900000000000006,-0.4814999999999999,-0.36500000000000027,-154.2225,630.4855,-354.52799999999996
-0.37080000000000013,-0.4937999999999998,-0.3240000000000006,-153.423,615.6066000000002,-357.6275999999999
-0.3626000000000002,-0.5060999999999997,-0.283000000000001,-152.62350000000004,600.7277000000004,-360.7271999999999
-0.35440000000000027,-0.47920000000000146,-0.2644000000000003,-158.6699999999997,586.4004000000004,-364.3559999999999
-0.34620000000000006,-0.43410000000000026,-0.25620000000000004,-167.89499999999995,572.3292000000001,-368.2305
-0.34499999999999975,-0.36900000000000177,-0.23300000000000093,-187.46099999999927,559.2810000000002,-370.56300000000005
-0.36549999999999955,-0.24190000000000283,-0.16330000000000156,-239.08409999999884,549.4041000000003,-368.11530000000005
-0.3859999999999994,-0.11480000000000387,-0.09360000000000213,-290.7071999999984,539.5272000000003,-365.66760000000005
-0.39329999999999987,-0.17909999999999568,-0.11629999999999825,-329.2127999999986,525.1260000000007,-367.4009999999999
-0.3973999999999998,-0.2897999999999948,-0.16139999999999788,-364.5383999999983,509.6280000000007,-370.14799999999985
-0.36849999999999883,-0.37500000000000056,-0.1869999999999999,-388.69650000000007,499.689,-368.69799999999987
-0.28239999999999954,-0.41600000000000026,-0.17879999999999996,-393.49760000000003,499.3856,-359.97319999999996
-0.19630000000000025,-0.4569999999999999,-0.17060000000000003,-398.29869999999994,499.0822,-351.24840000000006
-0.2659999999999991,-0.4524000000000001,-0.15100000000000025,-371.2596000000003,493.8008000000001,-354.1554
-0.3480000000000041,-0.4441999999999996,-0.13049999999999898,-341.7067999999985,488.12639999999976,-357.9807000000002
-0.3479999999999964,-0.41799999999999815,-0.16200000000000359,-343.31400000000144,490.0500000000004,-366.31800000000055
-0.26189999999999714,-0.3728999999999985,-0.24810000000000287,-377.63920000000115,499.95150000000035,-379.3929000000004
-0.18340000000000173,-0.33060000000000034,-0.3253999999999977,-409.58759999999967,506.6259999999986,-390.2837999999992
-0.25310000000000116,-0.3429000000000002,-0.23109999999999845,-395.1883999999998,450.37399999999906,-358.58669999999944
-0.32280000000000053,-0.35520000000000007,-0.13679999999999923,-380.7891999999999,394.12199999999956,-326.88959999999975
-0.32499999999999996,-0.3125,-0.0675,-363.0675,386.53000000000003,-325.755
-0.28400000000000036,-0.23460000000000064,-0.014200000000000448,-343.2194000000002,410.0803999999998,-344.18039999999985
-0.25139999999999985,-0.18329999999999871,0.015300000000001424,-319.7425000000007,427.7067000000002,-351.62770000000074
-0.25959999999999983,-0.26119999999999804,-0.07079999999999785,-278.640000000001,416.5588000000003,-305.7528000000011
-0.26779999999999976,-0.3390999999999974,-0.15689999999999713,-237.53750000000136,405.41090000000037,-259.87790000000155
-0.18899999999999695,-0.3660000000000002,-0.18,-216.59499999999963,394.2239999999997,-265.22200000000066
-0.07829999999999786,-0.37420000000000014,-0.18,-203.04449999999974,383.0227999999998,-289.3464000000005
-0.04920000000000185,-0.37759999999999994,-0.1619999999999993,-186.34879999999973,370.51959999999985,-307.21400000000006
-0.21730000000000047,-0.36939999999999995,-0.10049999999999983,-162.05219999999994,354.8699,-309.961
-0.385399999999999,-0.3612,-0.03900000000000034,-137.75560000000013,339.2202000000001,-312.708
-0.3855000000000004,-0.44049999999999867,-0.047499999999999716,-123.14350000000017,301.3105000000006,-280.14000000000055
-0.35680000000000067,-0.5347999999999978,-0.06799999999999955,-110.19160000000028,259.58480000000094,-241.51800000000085
-0.3043000000000027,-0.617199999999998,-0.05620000000000176,-75.564700000002,231.52200000000028,-200.19980000000137
-0.21820000000000334,-0.6827999999999974,0.0011999999999977654,-10.337800000002538,222.74800000000033,-155.07520000000176
-0.13210000000000408,-0.748399999999997,0.05859999999999729,54.88909999999692,213.97400000000042,-109.95060000000213
-0.10600000000000137,-0.6060000000000082,0.11599999999999681,157.37999999999425,191.27200000000127,-67.79800000000233
-0.08139999999999988,-0.4583999999999992,0.17340000000000033,260.8025000000006,168.22179999999986,-25.719699999999765
-0.06560000000000003,-0.3174000000000004,0.19340000000000004,329.5639999999999,163.75059999999996,-5.8328000000000015
-0.0574000000000001,-0.1821000000000015,0.18110000000000015,368.39099999999956,175.32489999999987,-5.111200000000008
-0.04360000000000126,-0.05680000000000063,0.16280000000000144,406.05919999999946,184.8652000000002,-6.408799999999616
0.022000000000002726,-0.023999999999998637,0.08899999999999694,433.00850000000116,175.5909999999996,-26.38400000000083
0.08760000000000218,0.008800000000001092,0.015199999999997547,459.95780000000093,166.3167999999997,-46.35920000000066
0.08569999999999908,-0.01510000000000132,-0.012700000000000104,453.5674999999994,162.59109999999998,-55.16990000000008
0.048799999999999386,-0.06840000000000088,-0.01680000000000007,429.88999999999965,161.7424,-58.19160000000005
0.022700000000000102,-0.10639999999999986,-0.007399999999999518,404.10649999999976,159.50499999999994,-59.628399999999964
0.035,-0.09,0.05,370.83500000000004,152.33,-55.43
0.0472999999999999,-0.07360000000000014,0.10739999999999952,337.56350000000026,145.1550000000001,-51.231600000000036
0.0595999999999998,-0.00920000000000129,0.12,312.0136000000004,149.0039999999999,-55.538799999999895
0.0718999999999997,0.06869999999999805,0.12,288.6354000000006,155.95349999999982,-62.238199999999836
0.04219999999999602,0.11159999999999912,0.1143999999999994,261.9209999999988,162.1778000000002,-66.12919999999995
-0.06850000000000306,0.08699999999999931,0.09799999999999955,228.77249999999907,167.00350000000014,-64.60399999999996
-0.17920000000000216,0.06239999999999952,0.08159999999999969,195.62399999999934,171.8292000000001,-63.07879999999997
-0.13819999999999938,-0.010300000000000864,0.15770000000000095,195.50170000000003,131.32619999999952,-46.5278999999998
-0.08079999999999984,-0.08820000000000022,0.24380000000000024,198.9498,85.92279999999988,-28.352599999999953
-0.044300000000000075,-0.15469999999999973,0.26150000000000034,199.89750000000004,60.10080000000002,-22.99089999999995
-0.032000000000000174,-0.20799999999999927,0.20000000000000084,197.95000000000005,56.95200000000005,-32.465999999999866
-0.02129999999999882,-0.2599000000000001,0.1398000000000002,195.11340000000087,53.171500000000634,-41.26120000000041
-0.07459999999999836,-0.25580000000000014,0.13160000000000024,156.71280000000118,24.123000000000886,-22.86040000000056
-0.12789999999999793,-0.25170000000000015,0.12340000000000031,118.3122000000015,-4.925499999998872,-4.459600000000715
-0.1211999999999989,-0.2548000000000002,0.12240000000000009,106.67880000000017,-19.516400000000097,18.827600000000594
-0.07199999999999931,-0.2630000000000001,0.12650000000000006,114.00550000000011,-23.86650000000006,45.57600000000037
-0.025799999999999844,-0.2603999999999997,0.12819999999999993,122.28320000000008,-25.337199999999907,70.40380000000007
0.0028999999999999165,-0.1948000000000002,0.11590000000000003,136.10839999999996,-10.011400000000041,84.02809999999997
0.031599999999999684,-0.12920000000000073,0.10360000000000014,149.93359999999984,5.314399999999831,97.65239999999984
0.06609999999999928,-0.06940000000000113,0.09710000000000009,157.92109999999988,7.021800000000076,89.47450000000033
0.10299999999999898,-0.0120000000000016,0.09300000000000011,163.49299999999982,3.094000000000109,72.27500000000047
0.12010000000000132,0.047599999999997644,0.08670000000000044,158.8107000000012,-5.789299999999194,52.70830000000094
0.08320000000000163,0.1131999999999971,0.07440000000000055,126.16240000000144,-28.187599999999005,26.685600000001152
0.046300000000001944,0.17879999999999655,0.06210000000000065,93.51410000000172,-50.585899999998816,0.6629000000013714
0.060399999999998503,0.07440000000000849,0.073599999999999,61.38260000000195,-53.91360000000004,-12.259599999999377
0.085,-0.065,0.09,29.3575,-53.315,-22.485
0.11759999999999962,-0.1819999999999993,0.09840000000000004,-1.3011999999997599,-27.945200000000526,-33.79359999999989
0.16269999999999923,-0.2639999999999986,0.09430000000000006,-29.824899999999523,36.12959999999893,-46.794699999999786
0.20780000000000198,-0.34600000000000364,0.09019999999999981,-58.34860000000127,100.20440000000283,-59.795800000000575
0.01499999999999263,-0.2524999999999963,0.07049999999999926,-120.68920000000232,69.80169999999873,-11.800899999998151
-0.19000000000000566,-0.14999999999999716,0.049999999999999434,-184.76400000000177,34.55399999999902,39.322000000001424
-0.27529999999999943,-0.11470000000000057,0.05680000000000064,-244.01300000000106,-5.752600000000882,58.575299999999785
-0.24659999999999968,-0.14340000000000033,0.08960000000000036,-298.6660000000006,-50.8772000000005,47.47659999999988
-0.21159999999999973,-0.17360000000000014,0.11789999999999992,-349.2852,-95.59050000000012,35.871199999999945
-0.09680000000000066,-0.22279999999999972,0.08920000000000017,-348.8096,-135.0939999999998,17.847600000000096
0.0179999999999984,-0.2719999999999993,0.0605000000000004,-348.334,-174.59749999999946,-0.17599999999975058
0.07819999999999935,-0.20940000000000283,0.17739999999999556,-297.03100000000177,-172.2124000000006,0.8401999999997329
0.10689999999999913,-0.08230000000000387,0.37829999999999386,-216.40450000000246,-145.66080000000082,12.840899999999634
0.13720000000000113,0.012799999999998882,0.5351999999999992,-132.461199999997,-114.81159999999852,21.74319999999988
0.1741000000000008,-0.024100000000000822,0.5105999999999995,-34.83609999999783,-66.23479999999893,17.864599999999914
0.21100000000000052,-0.06100000000000052,0.48599999999999965,62.78900000000135,-17.657999999999326,13.985999999999946
0.19519999999999982,-0.04519999999999982,0.4582999999999998,122.92890000000025,-7.852900000000015,28.788000000000117
0.1624000000000001,-0.01240000000000009,0.42960000000000004,170.97679999999986,-10.554799999999993,49.61599999999994
0.168599999999999,0.016499999999999772,0.3684000000000014,209.6477999999998,2.0507999999994837,51.38600000000044
0.25879999999999825,0.0369999999999996,0.23720000000000252,228.12239999999963,47.626399999999116,12.108000000000764
0.3489999999999975,0.05749999999999943,0.10600000000000363,246.59699999999947,93.20199999999875,-27.16999999999891
0.33120000000000116,-0.1055999999999932,0.08640000000000014,265.9499999999993,129.92879999999872,-75.13479999999822
0.2984000000000015,-0.29419999999999163,0.08230000000000018,285.42499999999916,165.42659999999842,-124.30609999999781
0.08740000000002313,-0.34780000000000627,0.06380000000000195,286.5940000000012,121.72620000000762,-102.19380000000594
