0.023,-0.0241,0.04,-151.5783,75.99969999999999,91.9682
0.06,-0.05,0.04,-382.24,60.16,113.11
0.019299999999999984,-0.20540000000000003,0.08070000000000001,-298.7643,23.43009999999999,57.428699999999985
-0.021400000000000002,-0.36079999999999995,0.1214,-215.2886,-13.299800000000001,1.747399999999999
-0.0489,-0.46009999999999995,0.13569999999999996,-140.59969999999996,-35.29959999999999,-34.08659999999999
-0.045200000000000004,-0.4268,0.08760000000000001,-86.67960000000001,-22.4828,-23.0088
-0.0415,-0.3935,0.03950000000000005,-32.75950000000005,-9.666000000000011,-11.931000000000012
-0.0422,-0.34259999999999996,0.035400000000000015,6.002600000000015,-7.864600000000001,-2.892599999999998
-0.0459,-0.2797,0.06129999999999999,34.42969999999999,-13.573699999999995,4.7552999999999965
-0.049600000000000005,-0.2168,0.0872,62.85680000000001,-19.282799999999998,12.4032
-0.023599999999999996,-0.2067,0.0867,65.2865,-9.577599999999999,18.7641
0.005999999999999943,-0.203,0.083,64.565,1.9959999999999773,24.968999999999987
0.024399999999999977,-0.1965,0.07719999999999999,60.659199999999984,11.1966,30.695100000000004
-0.005200000000000031,-0.178,0.06239999999999998,43.10639999999998,10.2272,34.369200000000006
-0.03480000000000004,-0.15949999999999998,0.04759999999999998,25.553599999999975,9.2578,38.0433
-0.04280000000000001,-0.14100000000000001,0.029200000000000014,5.333200000000019,5.039400000000008,38.043600000000005
-0.02800000000000001,-0.12250000000000001,0.00700000000000001,-17.70299999999999,-2.608499999999996,34.166000000000004
-0.013200000000000003,-0.10400000000000001,-0.015199999999999997,-40.7392,-10.2564,30.2884
-0.01,-0.1087,-0.0171,-54.7042,-11.2923,28.3538
-0.01,-0.11980000000000003,-0.01339999999999999,-66.16680000000004,-10.504199999999997,26.955199999999998
-0.01,-0.13210000000000008,-0.008499999999999945,-75.92059999999998,-10.06350000000001,25.315099999999987
-0.01,-0.15799999999999992,0.009999999999999929,-66.30800000000004,-13.559999999999986,20.938000000000017
-0.01,-0.18389999999999998,0.028499999999999977,-56.695400000000014,-17.056499999999996,16.560900000000004
-0.008599999999999995,-0.20980000000000004,0.041400000000000006,-40.45099999999995,-17.761399999999995,15.025800000000004
-0.004899999999999984,-0.23570000000000013,0.045100000000000015,-13.311499999999885,-13.880099999999985,18.15970000000001
-0.0011999999999999923,-0.26160000000000005,0.04880000000000001,13.828000000000056,-9.998799999999992,21.293600000000005
-0.020000000000000004,-0.275,0.04,33.254999999999995,-8.695,26.5475
-0.04960000000000008,-0.28240000000000004,0.02519999999999996,48.98000000000004,-8.628400000000001,32.81900000000002
-0.07920000000000002,-0.2898,0.010399999999999993,64.705,-8.5618,39.0905
-0.10159999999999997,-0.2864,0.01,72.72599999999998,-18.042399999999986,50.52079999999998
-0.12380000000000004,-0.2827,0.01,80.53300000000002,-27.78820000000001,62.09440000000002
-0.14200000000000002,-0.288,0.009000000000000005,89.645,-40.29599999999998,73.26599999999999
-0.14940000000000003,-0.31760000000000005,0.005299999999999994,102.28050000000002,-60.26120000000003,83.35220000000002
-0.1568,-0.34719999999999995,0.0016000000000000014,114.916,-80.22639999999998,93.4384
-0.16210000000000002,-0.37050000000000005,-0.002100000000000008,129.38060000000004,-99.95010000000005,104.43390000000002
-0.1658,-0.389,-0.0058000000000000005,145.2388,-119.4898,116.12219999999999
-0.1695,-0.40750000000000003,-0.00950000000000001,161.09700000000007,-139.02950000000004,127.81050000000002
-0.1860000000000001,-0.40359999999999996,-0.01320000000000002,167.43520000000004,-153.67000000000007,136.41400000000004
-0.2045,-0.3962,-0.016899999999999995,172.2859,-167.54499999999996,144.53549999999998
-0.21339999999999995,-0.38399999999999995,-0.018199999999999987,173.66139999999996,-180.121,153.64460000000003
-0.17269999999999985,-0.34699999999999986,-0.007099999999999955,157.08169999999993,-185.98550000000003,167.85630000000006
-0.13200000000000012,-0.3100000000000001,0.003999999999999969,140.50200000000004,-191.85,182.06799999999996
-0.10319999999999993,-0.2695999999999998,0.011700000000000018,120.97619999999989,-195.20700000000002,193.66850000000005
-0.08840000000000003,-0.2252000000000001,0.015399999999999992,97.98440000000005,-195.614,202.19699999999997
-0.07359999999999986,-0.18079999999999957,0.019100000000000037,74.99259999999977,-196.02100000000002,210.7255000000001
-0.0924000000000001,-0.1924000000000001,-0.008000000000000118,60.011599999999966,-208.15720000000005,201.39559999999994
-0.12200000000000016,-0.22200000000000017,-0.04500000000000021,47.60549999999993,-224.0635000000001,186.32549999999992
-0.15220000000000034,-0.2536000000000006,-0.08020000000000004,35.52119999999994,-240.12100000000018,172.7956000000001
-0.19290000000000007,-0.3202000000000001,-0.0839,29.06839999999999,-258.82450000000006,186.2192
-0.23360000000000017,-0.38680000000000025,-0.08760000000000001,22.615599999999972,-277.5280000000001,199.64280000000005
-0.28340000000000043,-0.44950000000000034,-0.09520000000000009,24.98460000000013,-294.1775000000001,213.3992000000001
-0.35,-0.505,-0.11,43.64,-307.035,227.76999999999998
-0.4166000000000002,-0.5605000000000001,-0.12480000000000005,62.29540000000004,-319.89250000000004,242.14080000000004
-0.42799999999999994,-0.5728,-0.14680000000000015,92.89560000000019,-341.54600000000016,260.8868000000001
-0.40950000000000003,-0.5617,-0.17269999999999996,129.96589999999992,-367.96399999999994,282.00269999999995
-0.391,-0.5506,-0.19860000000000005,167.03620000000004,-394.382,303.1186
-0.36899999999999994,-0.5219999999999999,-0.15799999999999984,189.99450000000007,-414.0590000000001,305.583
-0.3468000000000001,-0.49240000000000006,-0.11360000000000015,212.14639999999991,-433.35079999999994,306.9816
-0.3246,-0.45740000000000003,-0.07730000000000001,227.5546,-452.68039999999996,307.17870000000005
-0.30239999999999995,-0.40559999999999985,-0.06619999999999998,221.98239999999998,-472.12760000000003,303.6378
-0.2801999999999999,-0.3537999999999997,-0.05509999999999995,216.41019999999997,-491.5748000000001,300.0969
-0.268,-0.326,-0.06599999999999995,215.95999999999998,-498.388,299.946
-0.26430000000000003,-0.3186,-0.09560000000000002,219.86350000000002,-494.46229999999997,302.6766
-0.2606,-0.3112,-0.12520000000000012,223.76700000000002,-490.53659999999996,305.40720000000005
-0.27549999999999997,-0.32239999999999996,-0.15479999999999988,214.25060000000005,-493.53009999999995,313.1071
-0.294,-0.33719999999999994,-0.18439999999999998,202.1368,-497.8628,321.7688
-0.3085,-0.35250000000000004,-0.21150000000000002,187.12649999999994,-502.4605,330.95550000000003
-0.29739999999999994,-0.3710000000000001,-0.22260000000000005,153.57859999999982,-508.7542,343.5022000000001
-0.28630000000000005,-0.38949999999999996,-0.23369999999999996,120.03070000000008,-515.0479,356.0489
-0.2832,-0.4,-0.2224,86.57079999999998,-522.844,365.3748
-0.2906,-0.4,-0.18169999999999986,53.22639999999989,-532.6120000000001,370.4734
-0.29800000000000004,-0.4,-0.14099999999999976,19.881999999999806,-542.38,375.572
-0.2811,-0.44049999999999995,-0.16239999999999993,26.724399999999974,-551.0464,370.7751
-0.2551999999999997,-0.49600000000000066,-0.20680000000000048,48.45080000000024,-559.3048000000001,362.3131999999999
-0.2319000000000003,-0.5524000000000004,-0.25100000000000017,70.07840000000007,-567.326,353.83789999999993
-0.3021999999999998,-0.6411999999999998,-0.2879999999999999,88.14919999999995,-566.808,344.8802
-0.37250000000000066,-0.7300000000000009,-0.32500000000000034,106.22000000000018,-566.2900000000001,335.9224999999999
-0.42360000000000003,-0.7827999999999999,-0.3415999999999999,123.85880000000006,-563.4812000000001,337.7804000000001
-0.4347,-0.7606,-0.3157000000000001,140.59759999999991,-555.8999000000001,362.17079999999993
-0.4458000000000001,-0.7383999999999998,-0.28979999999999984,157.33640000000014,-548.3186,386.5612000000002
-0.42239999999999994,-0.6816999999999999,-0.2892,176.29240000000001,-542.6578000000001,407.73850000000004
-0.3780000000000003,-0.6040000000000004,-0.30399999999999994,196.5979999999999,-538.166,426.9599999999999
-0.33359999999999973,-0.5262999999999995,-0.3188000000000001,216.90360000000015,-533.6741999999999,446.18150000000014
-0.3266,-0.5472,-0.35059999999999997,216.0612,-542.6192,440.5864
-0.32289999999999996,-0.5768000000000003,-0.38390000000000035,213.35279999999997,-552.7498000000002,432.8015999999999
-0.33599999999999963,-0.6055999999999999,-0.4076,214.6443999999999,-563.2268,425.4664
-0.4100000000000006,-0.6315000000000002,-0.3964999999999999,230.43600000000012,-574.9595000000002,419.7609999999999
-0.4840000000000015,-0.6574000000000005,-0.3853999999999998,246.2276000000003,-586.6922000000002,414.05559999999986
-0.5827000000000016,-0.6871000000000005,-0.40850000000000075,250.6666999999999,-600.8930000000003,409.61179999999996
-0.7048000000000008,-0.7204000000000003,-0.46400000000000036,244.35079999999996,-617.4320000000001,406.36319999999995
-0.8269000000000022,-0.7537000000000006,-0.5195000000000011,238.03489999999988,-633.9710000000003,403.11459999999994
-0.85,-0.7870000000000004,-0.5480000000000003,222.6649999999998,-634.904,413.47400000000016
-0.85,-0.8203000000000001,-0.5702,205.18249999999992,-632.1956,427.00860000000006
-0.8395999999999983,-0.8491999999999998,-0.5891999999999998,188.75799999999987,-630.2896000000001,439.9900000000001
-0.743399999999999,-0.8417999999999999,-0.5817999999999999,181.06199999999993,-635.0034,448.4075000000001
-0.6471999999999997,-0.8343999999999999,-0.5743999999999999,173.36599999999999,-639.7172,456.825
-0.5975000000000003,-0.858500000000001,-0.5760000000000002,172.39450000000014,-645.5845000000002,458.1519999999999
-0.6160000000000001,-0.9288000000000006,-0.5908000000000001,181.28560000000007,-653.1436000000001,449.0795999999999
-0.6345000000000001,-0.9991000000000001,-0.6056,190.1767,-660.7027,440.0072
-0.6738000000000006,-1.0330000000000004,-0.5917999999999997,208.7372000000003,-660.1602,439.1664
-0.7219000000000003,-1.0515,-0.5658999999999998,231.38860000000014,-656.1901,441.8082
-0.77,-1.07,-0.54,254.04,-652.22,444.45
-0.7440999999999997,-0.9441999999999985,-0.5288999999999999,252.3935,-644.1650999999999,453.4743000000001
-0.7181999999999998,-0.8183999999999994,-0.5177999999999999,250.74699999999999,-636.1102,462.4986
-0.6934,-0.7563999999999999,-0.5440999999999998,254.45199999999997,-628.2764000000001,468.8796
-0.6711999999999998,-0.845200000000001,-0.6588000000000012,270.8060000000002,-620.9652,469.01279999999997
-0.6489999999999999,-0.9340000000000003,-0.7735000000000004,287.1600000000001,-613.654,469.146
-0.6949999999999997,-0.9897999999999999,-0.8156,279.8266000000001,-615.7214,466.5842
-0.7875000000000009,-1.0231000000000003,-0.8081999999999999,256.3426999999998,-624.1833,462.18489999999997
-0.8800000000000002,-1.0564000000000002,-0.8008000000000001,232.85879999999995,-632.6451999999999,457.7856
-0.9361999999999998,-1.0402000000000002,-0.7670000000000001,197.33980000000017,-643.1992999999999,457.9139
-0.9880000000000004,-1.0179999999999998,-0.7299999999999996,160.3619999999997,-654.0070000000001,458.591
-1.0370000000000001,-0.9972,-0.6937,127.97269999999999,-664.4639999999999,459.6356
-1.0739999999999998,-0.9824,-0.6604000000000002,115.24840000000007,-673.4179999999999,462.2552
-1.1110000000000002,-0.9675999999999999,-0.6270999999999998,102.52409999999992,-682.3720000000001,464.87480000000005
-1.0724,-0.9762,-0.6154,93.4988,-690.2514,468.9848
-0.9540000000000008,-1.0094999999999998,-0.6265,88.37800000000004,-696.9965,474.66799999999995
-0.8355999999999995,-1.0428000000000002,-0.6376000000000001,83.25719999999998,-703.7416000000001,480.3512
-0.8274,-1.1630999999999996,-0.7153999999999998,105.06579999999994,-695.7953,475.0202
-0.8496000000000002,-1.3074000000000014,-0.811600000000001,134.3032000000003,-683.7961999999999,466.6507999999999
-0.8787000000000003,-1.4390999999999998,-0.8982,161.7079,-671.4361999999999,459.6551
-0.9859999999999995,-1.428,-0.8760000000000001,168.34199999999996,-654.986,468.22799999999995
-1.0933000000000008,-1.4168999999999998,-0.8537999999999998,174.97610000000006,-638.5357999999998,476.80090000000007
-1.174,-1.3651999999999997,-0.833,178.10039999999998,-622.7198,482.7362
-1.2109999999999999,-1.2468000000000006,-0.8145000000000001,175.45860000000002,-607.9457000000001,484.3383
-1.2480000000000002,-1.1283999999999992,-0.7959999999999999,172.8168,-593.1715999999999,485.9404
-1.2349999999999999,-1.105,-0.78,145.2075,-584.1575,495.575
-1.1980000000000002,-1.1271999999999998,-0.7652000000000001,105.61380000000028,-577.9082000000001,509.0651999999999
-1.1609999999999998,-1.1494,-0.7504,66.02009999999979,-571.6589,522.5554000000001
-1.1672,-1.2291999999999998,-0.8148,73.16159999999999,-566.2628,521.4295999999999
-1.1745999999999999,-1.3105999999999993,-0.8813999999999995,81.60129999999994,-560.8904000000001,519.8978
-1.2020000000000002,-1.3780000000000001,-0.933,98.55800000000016,-555.08,516.645
-1.2833999999999997,-1.4076,-0.9440999999999999,138.5105999999999,-548.0870000000001,508.7455
-1.3648000000000007,-1.4372000000000003,-0.9552,178.46320000000037,-541.0939999999999,500.84599999999995
-1.4294,-1.3995999999999997,-0.9621,205.08920000000003,-537.8012,490.7982
-1.4811999999999999,-1.3108000000000004,-0.9658,221.5615999999999,-537.3276,479.1136000000001
-1.5330000000000004,-1.2219999999999993,-0.9695,238.0340000000001,-536.8539999999999,467.4289999999999
-1.5912000000000002,-1.21,-0.9476,218.01359999999997,-540.2428,463.13640000000004
-1.6504000000000008,-1.21,-0.9216999999999996,192.29119999999966,-544.2351000000001,459.99879999999996
-1.7078000000000002,-1.2039999999999997,-0.8963999999999999,162.5559999999997,-549.0548000000001,456.6422
-1.7559,-1.167,-0.8742,112.08800000000005,-558.1494,452.1541
-1.8040000000000007,-1.1299999999999997,-0.8519999999999998,61.61999999999942,-567.2440000000001,447.66599999999994
-1.7755999999999994,-1.1321000000000003,-0.8655000000000003,25.103899999999907,-574.5638,437.6834999999999
-1.6572000000000002,-1.1802,-0.9209999999999998,5.0018000000000455,-579.7955999999999,421.2370000000001
-1.5387999999999988,-1.2283000000000004,-0.9765000000000006,-15.1003000000002,-585.0274000000001,404.79049999999984
-1.5296000000000005,-1.343600000000003,-0.9703999999999995,-26.973200000000205,-566.8707999999993,408.2324000000002
-1.5554999999999999,-1.4804999999999995,-0.9445000000000001,-36.200999999999965,-541.1965,418.06699999999995
-1.5840000000000007,-1.6094,-0.9187999999999998,-43.045799999999716,-516.2831999999999,426.9065999999999
-1.6580000000000017,-1.5982999999999998,-0.8965999999999995,-8.188099999999281,-504.68739999999974,418.3336999999998
-1.7319999999999995,-1.5872000000000002,-0.8744000000000001,26.66959999999981,-493.0916,409.7608
-1.8008000000000004,-1.5709,-0.8613000000000001,62.87410000000027,-478.7137999999999,402.07579999999996
-1.8600000000000012,-1.5449999999999995,-0.8650000000000001,101.56500000000074,-459.1999999999996,396.02999999999986
-1.9191999999999996,-1.5191000000000001,-0.8686999999999999,140.2558999999997,-439.6862000000001,389.98420000000004
-1.94,-1.4523999999999995,-0.8868000000000001,148.09959999999995,-424.75159999999994,380.24959999999993
-1.94,-1.3635999999999984,-0.9127000000000004,139.23439999999982,-412.2973999999998,368.5168999999998
-1.94,-1.2748000000000008,-0.9385999999999998,130.36920000000006,-399.84320000000014,356.78420000000006
-1.9224999999999999,-1.263,-0.9575,86.16099999999982,-390.69649999999996,352.05499999999995
-1.9039999999999997,-1.2555999999999998,-0.9760000000000003,39.93319999999925,-381.73879999999986,347.72599999999994
-1.8944999999999996,-1.2607999999999995,-0.9971999999999996,0.7515000000001777,-374.95459999999997,341.4206000000001
-1.913,-1.3052000000000001,-1.0268000000000002,-16.50900000000004,-374.9324,328.96639999999996
-1.9315000000000002,-1.3496000000000008,-1.0564000000000004,-33.76950000000026,-374.9102,316.51219999999984
-1.9639999999999995,-1.421999999999999,-1.074,-31.334000000000223,-360.0820000000003,302.7780000000002
-2.0084,-1.5182,-1.0814000000000001,-12.156899999999988,-332.66869999999994,287.9558
-2.052800000000001,-1.6144000000000012,-1.0888000000000002,7.020200000000251,-305.25539999999967,273.13359999999983
-2.0755,-1.5897000000000006,-1.034200000000001,23.1375999999998,-286.54070000000024,257.74410000000023
-2.094,-1.5416,-0.9676000000000001,38.66279999999999,-269.50960000000003,242.24480000000003
-2.112,-1.487999999999999,-0.9089999999999999,55.5835000000003,-253.7189999999999,227.26349999999988
-2.1268000000000002,-1.3991999999999978,-0.9015999999999998,81.43540000000061,-245.8675999999998,215.59739999999974
-2.1416,-1.3104000000000002,-0.8942,107.28729999999993,-238.01620000000003,203.93130000000002
-2.1660000000000004,-1.26,-0.9076000000000004,117.15039999999988,-234.38880000000003,195.16439999999994
-2.2030000000000007,-1.26,-0.9483000000000009,106.02819999999976,-236.30540000000005,190.20269999999988
-2.2399999999999998,-1.26,-0.9889999999999999,94.90600000000005,-238.222,185.241
-2.2283999999999993,-1.2545999999999997,-0.9837999999999993,73.87209999999932,-232.23839999999976,174.31769999999963
-2.198799999999999,-1.2471999999999996,-0.9615999999999991,49.16719999999901,-223.32879999999966,161.18639999999948
-2.1688999999999994,-1.241600000000001,-0.9392999999999996,24.24709999999955,-214.21359999999976,148.35569999999996
-2.1281999999999988,-1.3008000000000015,-0.9133999999999993,-8.420200000000854,-197.69679999999957,146.34659999999994
-2.0874999999999986,-1.360000000000002,-0.887499999999999,-41.087500000001256,-181.17999999999938,144.33749999999992
-2.0648000000000004,-1.4276000000000009,-0.87,-59.354799999999855,-163.20039999999975,139.67279999999988
-2.0796000000000006,-1.512700000000002,-0.87,-47.622099999999705,-142.17329999999947,129.47559999999976
-2.0944000000000007,-1.597800000000003,-0.87,-35.88939999999957,-121.14619999999923,119.27839999999962
-2.1023,-1.6115999999999997,-0.8723000000000001,-10.455599999999635,-94.21499999999968,106.62709999999984
-2.106,-1.5819999999999994,-0.8760000000000001,23.31800000000078,-63.6899999999993,92.48199999999967
-2.1097,-1.552399999999999,-0.8797000000000001,57.09160000000119,-33.164999999998926,78.3368999999995
-2.1576000000000004,-1.4921999999999995,-0.9038000000000003,70.05040000000011,-16.280799999999857,67.3027999999999
-2.209400000000001,-1.4292999999999987,-0.9297000000000005,81.17260000000024,-0.6001999999996634,56.54319999999977
-2.262800000000002,-1.3735999999999988,-0.943599999999999,85.12919999999926,15.153200000000538,45.27559999999956
-2.3220000000000005,-1.3439999999999996,-0.9139999999999997,63.11049999999983,31.17050000000012,32.1664999999999
-2.381200000000001,-1.3143999999999993,-0.8843999999999994,41.09179999999956,47.187800000000315,19.05739999999974
-2.3985999999999996,-1.3038000000000003,-0.8795000000000006,23.38229999999956,60.37790000000034,4.789299999999507
-2.3764,-1.3112000000000001,-0.8980000000000001,9.755199999999917,70.88960000000006,-10.576800000000095
-2.3541999999999996,-1.3186000000000002,-0.9165000000000004,-3.8719000000002515,81.40130000000019,-25.942900000000286
-2.3560000000000003,-1.289999999999999,-0.9230000000000002,-23.48100000000065,95.35400000000045,-44.15900000000058
-2.3634,-1.253,-0.9267000000000001,-44.4859000000001,110.10960000000007,-63.04010000000008
-2.3676,-1.225600000000001,-0.9348000000000007,-63.944400000000115,123.75800000000007,-82.36560000000038
-2.3453999999999993,-1.2774000000000014,-0.9792000000000014,-70.6451000000002,128.27200000000013,-105.35740000000067
-2.3232,-1.3292000000000002,-1.0236000000000003,-77.34580000000003,132.786,-128.34920000000008
-2.2949999999999995,-1.3660000000000003,-1.0710000000000008,-71.33249999999963,133.10899999999992,-150.47100000000034
-2.257999999999999,-1.3808000000000005,-1.1228000000000014,-46.67199999999932,127.28519999999985,-171.3168000000006
-2.221,-1.3956,-1.1746,-22.011499999999963,121.4614,-192.16260000000005
-2.2047999999999996,-1.3895999999999997,-1.1717999999999997,0.046400000000289765,123.37780000000006,-214.4358000000003
-2.1973999999999996,-1.3747999999999996,-1.1458999999999995,21.003200000000547,128.56890000000013,-237.3129000000006
-2.19,-1.36,-1.12,41.96,133.76,-260.19
-2.1529999999999996,-1.3229999999999995,-1.020099999999999,4.937799999999548,134.2336,-281.59820000000025
-2.1159999999999988,-1.2859999999999991,-0.9201999999999976,-32.08440000000091,134.7072,-303.00640000000055
-2.0713,-1.2841999999999998,-0.8478,-69.24739999999994,141.27149999999995,-315.52880000000005
-2.008399999999999,-1.3656000000000008,-0.8403999999999999,-106.7432000000004,162.23200000000023,-307.0483999999999
-1.9454999999999985,-1.4470000000000018,-0.8329999999999997,-144.23900000000086,183.19250000000048,-298.5679999999998
-1.8760000000000001,-1.5042,-0.808,-157.64260000000002,214.1321999999999,-297.34319999999997
-1.8019999999999992,-1.5449000000000004,-0.7709999999999997,-154.61969999999997,251.87590000000034,-301.0654
-1.7279999999999984,-1.585600000000001,-0.7339999999999992,-151.59679999999994,289.6196000000008,-304.78760000000005
-1.7167,-1.6032,-0.7201000000000001,-145.47520000000003,312.5132999999999,-295.34940000000006
-1.7129999999999999,-1.618,-0.7089999999999999,-138.97799999999995,333.60700000000014,-284.3159999999999
-1.7163000000000006,-1.6173999999999986,-0.7056000000000006,-133.83810000000003,356.32680000000056,-272.61269999999973
-1.7495999999999998,-1.5508000000000004,-0.7351999999999999,-134.5152,386.0155999999998,-258.0384000000001
-1.7829000000000002,-1.4841999999999995,-0.7648000000000001,-135.1923,415.7044000000002,-243.46409999999992
-1.8,-1.4409999999999996,-0.8106000000000012,-139.39200000000014,446.0538000000006,-231.2603999999998
-1.8,-1.4225,-0.8734999999999995,-147.30999999999995,477.1004999999998,-221.55900000000005
-1.8,-1.404,-0.9364000000000002,-155.22800000000004,508.14720000000017,-211.85759999999993
-1.8319000000000007,-1.3738999999999995,-0.9703000000000004,-149.35359999999983,530.0473000000003,-216.65620000000013
-1.8725999999999996,-1.3406000000000002,-0.9961999999999998,-139.67440000000008,549.4241999999998,-225.45479999999992
-1.9097,-1.3075999999999999,-1.02,-130.4893,566.6393,-235.21190000000007
-1.906,-1.2779999999999996,-1.02,-126.90399999999994,559.3539999999999,-255.8320000000003
-1.9022999999999999,-1.2484000000000004,-1.02,-123.31870000000004,552.0687,-276.45209999999975
-1.9083999999999999,-1.2272,-1.0298,-118.90459999999999,535.2298,-294.8532
-1.9306000000000003,-1.2197999999999998,-1.0557000000000003,-113.12889999999993,502.69569999999953,-309.6088000000002
-1.9527999999999996,-1.2124000000000001,-1.0815999999999997,-107.35320000000007,470.1616000000004,-324.3643999999998
-1.9024999999999999,-1.23,-1.115,-113.74000000000001,460.38750000000005,-335.11
-1.817399999999999,-1.2596000000000003,-1.1520000000000004,-125.96480000000015,461.5382,-343.9308000000001
-1.732300000000001,-1.2891999999999997,-1.1889999999999994,-138.18959999999984,462.6889,-352.7515999999999
-1.6904000000000001,-1.254,-1.0748000000000002,-176.84919999999994,472.9044,-362.8468
-1.6496999999999997,-1.2169999999999996,-0.9563999999999987,-216.24310000000042,483.3717000000001,-372.9774000000001
-1.6359999999999992,-1.1999999999999993,-0.852000000000001,-246.08699999999993,485.9010000000003,-381.4069999999999
-1.6951999999999998,-1.2369999999999999,-0.7854000000000002,-250.14589999999998,466.99770000000007,-385.2439
-1.7544000000000006,-1.2740000000000005,-0.7187999999999993,-254.20480000000003,448.09439999999984,-389.08080000000007
-1.7757999999999998,-1.315200000000001,-0.7299000000000014,-228.95609999999897,447.5262000000003,-387.4870999999999
-1.7684,-1.3595999999999997,-0.8001999999999997,-181.37780000000024,460.9275999999999,-381.7558
-1.761,-1.4040000000000004,-0.8705000000000005,-133.79949999999963,474.32900000000006,-376.02449999999993
-1.6543999999999977,-1.3491999999999986,-0.9888000000000026,-108.40359999999956,491.9256000000004,-380.3796000000001
-1.5323000000000007,-1.2789000000000004,-1.1145999999999991,-86.47370000000014,510.1776999999999,-386.31069999999994
-1.4318,-1.2182,-1.2242000000000002,-64.78139999999988,524.771,-393.23420000000004
-1.4429,-1.2070999999999998,-1.2501000000000004,-44.31669999999962,520.4604999999999,-405.2851000000002
-1.454,-1.196,-1.2759999999999998,-23.852000000000153,516.1500000000001,-417.3359999999999
-1.4327999999999996,-1.1746999999999999,-1.2695999999999998,-24.846400000000123,513.4052,-431.1260000000001
-1.373599999999999,-1.1413999999999995,-1.2251999999999992,-51.086800000000444,512.5024,-446.9620000000003
-1.3144000000000007,-1.1081000000000003,-1.1808000000000003,-77.32719999999975,511.5996,-462.79799999999983
-1.2691999999999999,-1.0748,-1.0607999999999995,-132.8808000000002,513.5136,-463.6456
-1.2284999999999993,-1.0414999999999994,-0.9164999999999978,-197.85650000000098,516.3330000000001,-459.67549999999994
-1.1896,-1.014199999999999,-0.775600000000001,-260.5893999999997,518.594,-455.4176000000001
-1.1822,-1.0919,-0.6941999999999999,-284.0733,511.08299999999997,-446.1232
-1.1747999999999998,-1.169600000000001,-0.6127999999999989,-307.55720000000036,503.5719999999999,-436.8287999999999
-1.1544000000000005,-1.2251999999999998,-0.5859999999999992,-308.9424000000005,502.86909999999983,-422.1992000000003
-1.1099999999999999,-1.24,-0.66,-269.53000000000003,514.735,-397.72
-1.0655999999999994,-1.2548000000000001,-0.7340000000000009,-230.11759999999953,526.6009000000001,-373.2407999999997
-1.0380000000000003,-1.221600000000001,-0.8439999999999983,-173.44920000000093,552.2979999999995,-357.3512000000001
-1.0195,-1.1624,-0.9734999999999998,-107.4338000000001,585.487,-346.1143
-1.001,-1.1031999999999995,-1.1030000000000015,-41.418399999999295,618.6760000000004,-334.87739999999985
-1.052499999999999,-1.1,-1.0785000000000007,-48.15749999999983,622.6015,-333.5875
-1.1079999999999997,-1.1,-1.0452000000000001,-59.05399999999997,624.8548,-332.866
-1.1509,-1.0819999999999994,-0.994799999999999,-68.22250000000003,625.8742,-333.47290000000004
-1.1545999999999998,-1.0080000000000013,-0.8912000000000018,-72.01499999999993,623.0548,-338.2125999999999
-1.1582999999999999,-0.9340000000000004,-0.7876000000000005,-75.80749999999998,620.2354,-342.9523
-1.1279999999999994,-0.9180000000000003,-0.7600000000000002,-100.64800000000032,606.6119999999999,-350.09200000000004
-1.068800000000001,-0.9512999999999994,-0.7969999999999993,-143.3792999999992,583.8052000000005,-359.27169999999984
-1.0096000000000003,-0.9845999999999998,-0.8339999999999997,-186.11059999999972,560.9984000000001,-368.4513999999999
-1.0,-0.9651999999999998,-0.8369,-189.16499999999996,549.3019999999999,-380.5823000000001
-1.0,-0.9355999999999994,-0.8331999999999999,-184.5399999999999,539.7559999999999,-393.28440000000023
-0.9955000000000003,-0.9184999999999995,-0.8255000000000002,-178.5370000000001,531.0825,-404.1205
-0.9621999999999998,-0.9814000000000004,-0.7921999999999998,-163.7147999999999,527.9929999999999,-403.01419999999996
-0.9288999999999995,-1.0443000000000011,-0.7588999999999995,-148.89259999999973,524.9034999999999,-401.9079
-0.8844000000000005,-1.0624000000000005,-0.7495999999999998,-135.7872000000001,527.3451999999999,-398.8416
-0.8251999999999998,-1.0216999999999998,-0.7718,-124.93509999999996,537.0466,-393.20279999999997
-0.7659999999999991,-0.9809999999999993,-0.7940000000000004,-114.08299999999984,546.7480000000002,-387.5639999999999
-0.7310999999999993,-0.9348999999999986,-0.7945999999999999,-136.58400000000097,567.6436000000007,-376.77089999999964
-0.7051999999999999,-0.8867999999999999,-0.7872,-171.43800000000005,592.6852,-364.06879999999995
-0.6806000000000003,-0.8401000000000001,-0.7781999999999991,-206.3220000000005,617.0317,-351.5666999999999
-0.7028000000000006,-0.8438000000000001,-0.7115999999999982,-242.28600000000094,616.3546,-346.26459999999986
-0.725,-0.8474999999999999,-0.645,-278.25,615.6775,-340.9625
-0.7363999999999998,-0.8608000000000003,-0.6060000000000002,-297.5015999999998,614.02,-335.4119999999999
-0.7252999999999997,-0.8941000000000008,-0.6245000000000005,-281.93569999999966,610.3199999999999,-329.3439999999999
-0.7142,-0.9273999999999999,-0.643,-266.36980000000005,606.62,-323.276
-0.6409999999999988,-0.9169999999999996,-0.6684000000000003,-242.5422999999997,613.5644000000002,-316.9549999999999
-0.5299999999999974,-0.8799999999999991,-0.6980000000000007,-213.68599999999935,626.9880000000003,-310.47999999999985
-0.41899999999999604,-0.8429999999999986,-0.727600000000001,-184.82969999999898,640.4116000000005,-304.00499999999977
-0.505200000000001,-0.8059999999999996,-0.7163999999999998,-159.7881999999998,651.0982000000001,-307.56340000000006
-0.6088000000000022,-0.7689999999999992,-0.7015999999999997,-135.08329999999947,661.5433000000003,-312.0071000000001
-0.6979999999999997,-0.7304000000000002,-0.6939999999999998,-120.88079999999988,665.2620000000002,-316.1972
-0.7350000000000003,-0.6859999999999996,-0.7125000000000001,-144.74950000000018,644.5974999999999,-319.468
-0.7720000000000008,-0.6415999999999991,-0.7310000000000003,-168.61820000000046,623.9329999999995,-322.7388
-0.7785999999999993,-0.6180999999999999,-0.7438000000000002,-193.41410000000081,610.1616999999998,-327.16860000000014
-0.7563999999999991,-0.6143999999999998,-0.7512000000000003,-219.08840000000114,602.9207999999996,-332.6964000000002
-0.7341999999999996,-0.6106999999999999,-0.7586000000000002,-244.76270000000048,595.6798999999999,-338.2242000000001
-0.6880000000000004,-0.613,-0.7270000000000003,-246.80300000000003,586.2610000000001,-341.154
-0.6361999999999998,-0.6167,-0.6862999999999998,-243.32869999999997,576.3339,-343.4776
-0.5904,-0.6236000000000006,-0.6443999999999992,-236.21799999999936,565.2211999999996,-346.8356000000002
-0.5941000000000001,-0.6569000000000009,-0.5925999999999985,-199.10699999999892,544.3272999999994,-358.72740000000033
-0.5978000000000001,-0.6902000000000014,-0.5407999999999978,-161.99599999999847,523.4333999999991,-370.6192000000005
-0.577499999999997,-0.7190000000000012,-0.49349999999999783,-125.66049999999811,505.89799999999934,-383.22350000000074
-0.5220000000000006,-0.7411999999999997,-0.4528000000000004,-90.46240000000037,493.28840000000014,-396.87279999999987
-0.4664999999999999,-0.7634000000000001,-0.41209999999999997,-55.26429999999994,480.67879999999997,-410.5221
-0.44219999999999987,-0.7257999999999991,-0.40780000000000016,-34.29079999999979,482.4004000000001,-413.28
-0.4310999999999997,-0.6628999999999984,-0.41890000000000027,-19.335399999999606,490.18520000000024,-411.42999999999995
-0.4200000000000018,-0.5999999999999995,-0.43,-4.3800000000010755,497.96999999999997,-409.57999999999953
-0.46810000000000246,-0.5888999999999994,-0.43,-32.400100000001416,497.2226,-397.6215999999994
-0.5161999999999993,-0.5778000000000001,-0.43,-60.42019999999961,496.47520000000003,-385.66320000000013
-0.5225000000000002,-0.5381000000000001,-0.41680000000000006,-102.8744999999999,499.43809999999996,-370.34430000000003
-0.42999999999999905,-0.43079999999999885,-0.3723999999999995,-179.44600000000082,511.1708000000001,-347.0823999999997
-0.33749999999999786,-0.32349999999999757,-0.32799999999999896,-256.01750000000175,522.9035000000002,-323.82049999999947
-0.27579999999999855,-0.31080000000000185,-0.30779999999999985,-304.594000000001,523.8099999999997,-311.68179999999984
-0.23509999999999806,-0.3626000000000025,-0.3040999999999998,-334.0830000000014,517.3349999999997,-307.12709999999976
-0.19440000000000068,-0.4143999999999991,-0.30040000000000006,-363.5719999999995,510.8600000000001,-302.5724000000001
-0.2130999999999999,-0.4760999999999997,-0.2967,-347.68270000000007,519.8587,-302.3605
-0.2390000000000002,-0.5390000000000005,-0.2929999999999999,-326.29299999999984,530.7330000000001,-302.675
-0.2592999999999999,-0.5843999999999994,-0.2928000000000003,-309.279,542.2520000000003,-303.6426000000001
-0.2555999999999999,-0.5547999999999991,-0.3076000000000005,-311.01800000000003,556.5340000000004,-307.4092000000001
-0.25189999999999985,-0.5251999999999987,-0.3224000000000007,-312.75700000000006,570.8160000000006,-311.1758000000002
-0.2571999999999997,-0.47760000000000136,-0.33179999999999993,-312.80400000000003,576.9638,-312.7806
-0.27199999999999985,-0.41100000000000053,-0.33549999999999996,-311.065,574.5255,-312.1035
-0.28680000000000005,-0.3443999999999997,-0.33920000000000006,-309.32599999999996,572.0871999999999,-311.4264
-0.30160000000000026,-0.31259999999999966,-0.3545000000000003,-315.5272000000001,570.8727,-300.83129999999977
-0.31640000000000046,-0.2903999999999994,-0.37300000000000055,-323.91880000000026,569.9958,-287.5001999999996
-0.3351000000000026,-0.27720000000000367,-0.39570000000000294,-330.12099999999924,569.3967000000001,-276.19560000000047
-0.3979999999999986,-0.365999999999998,-0.46599999999999836,-311.51000000000045,571.946,-287.8579999999997
-0.4608999999999993,-0.45479999999999904,-0.5362999999999992,-292.89900000000017,574.4953,-299.5203999999999
-0.4845999999999999,-0.46659999999999985,-0.5197999999999997,-274.91939999999994,561.1741999999999,-306.6076
-0.44389999999999946,-0.35189999999999844,-0.3606999999999978,-257.9770999999998,521.7802999999994,-306.1784
-0.40319999999999895,-0.23719999999999702,-0.20159999999999584,-241.03479999999954,482.386399999999,-305.7492
-0.3674999999999987,-0.24250000000000244,-0.11499999999999799,-214.3199999999988,450.4324999999989,-313.61500000000046
-0.3342000000000009,-0.30539999999999834,-0.06320000000000135,-182.91440000000082,422.04980000000074,-325.4623999999997
-0.30090000000000044,-0.36829999999999913,-0.011400000000000717,-151.50880000000043,393.66710000000035,-337.3097999999998
-0.34319999999999995,-0.37,-0.07479999999999991,-178.95599999999996,367.9196,-332.2516
-0.38760000000000044,-0.37,-0.14140000000000072,-208.0380000000003,342.2452999999997,-326.7237999999999
-0.3809999999999967,-0.3359999999999971,-0.18199999999999933,-238.76600000000082,326.8340000000003,-316.7259999999995
-0.23669999999999491,-0.21019999999999553,-0.15239999999999895,-273.93820000000125,339.13280000000043,-294.6591999999992
-0.09239999999999313,-0.08439999999999401,-0.12279999999999859,-309.1104000000017,351.43160000000057,-272.592399999999
-0.04889999999999943,-0.053099999999999314,-0.03860000000000216,-340.83859999999953,365.29069999999973,-241.98700000000065
-0.08219999999999984,-0.09379999999999983,0.08719999999999942,-369.94279999999986,380.33859999999993,-204.87600000000018
-0.11550000000000026,-0.1345000000000003,0.21300000000000097,-399.04700000000025,395.3865000000001,-167.7649999999997
-0.09759999999999948,-0.17200000000000076,0.15959999999999838,-355.64239999999893,406.66800000000023,-179.31640000000039
-0.07169999999999917,-0.20900000000000118,0.07819999999999737,-300.90829999999823,417.36100000000033,-198.4713000000006
-0.062000000000003275,-0.2448000000000013,0.003999999999998352,-242.17939999999646,422.47879999999896,-216.03800000000044
-0.1359999999999985,-0.2743999999999994,-0.03299999999999926,-162.8107000000016,398.79140000000046,-225.39899999999983
-0.20999999999999944,-0.30399999999999977,-0.06999999999999972,-83.4420000000006,375.1040000000002,-234.75999999999993
-0.25170000000000003,-0.2859999999999997,-0.09170000000000002,-34.47609999999994,350.3880999999999,-239.4579
-0.25540000000000007,-0.21199999999999875,-0.09540000000000007,-21.278199999999778,324.4621999999996,-238.66979999999998
-0.2591000000000001,-0.13799999999999785,-0.09910000000000012,-8.080299999999616,298.53629999999924,-237.88169999999997
-0.1731999999999908,-0.10319999999999822,-0.09159999999999913,-22.02840000000181,278.26639999999855,-236.13599999999983
-0.058500000000007046,-0.08100000000000136,-0.08050000000000068,-44.701999999998606,259.81450000000115,-234.08250000000012
0.04839999999999918,-0.05899999999999948,-0.06499999999999745,-68.4744000000012,241.72939999999969,-231.3923999999996
0.018799999999998818,-0.04049999999999926,0.027500000000003688,-111.47580000000173,230.06329999999954,-217.56179999999944
-0.010800000000001544,-0.021999999999999034,0.12000000000000483,-154.47720000000226,218.3971999999994,-203.73119999999926
-0.027399999999999522,-0.05160000000000764,0.17219999999999858,-173.42859999999837,217.72650000000127,-186.44519999999847
-0.019999999999999428,-0.17000000000000912,0.1499999999999983,-147.97999999999806,237.3550000000015,-162.77999999999818
-0.01259999999999991,-0.2884000000000015,0.12779999999999972,-122.53139999999969,256.9835000000002,-139.11479999999972
-0.029200000000000725,-0.3516000000000008,0.11039999999999964,-44.51559999999739,266.6304000000001,-126.67199999999985
-0.05880000000000109,-0.38490000000000124,0.09559999999999945,61.97410000000393,270.87060000000014,-120.30799999999977
-0.08840000000000145,-0.4182000000000016,0.08079999999999928,168.46380000000522,275.1108000000002,-113.94399999999968
-0.12150000000000205,-0.36049999999999616,0.013499999999995682,196.79850000000147,259.22949999999895,-113.42849999999999
-0.15480000000000244,-0.29759999999999537,-0.05680000000000519,220.66720000000174,242.19839999999874,-113.24719999999998
-0.18990000000000037,-0.24819999999999992,-0.10369999999999976,226.18489999999952,219.69529999999963,-107.49669999999978
-0.23060000000000086,-0.24079999999999985,-0.07779999999999945,174.6105999999989,180.16819999999916,-84.4197999999995
-0.2713000000000014,-0.23339999999999975,-0.05189999999999913,123.03629999999825,140.64109999999866,-61.34289999999922
-0.2479999999999964,-0.17199999999999507,-0.02399999999999864,79.43799999999831,102.94399999999834,-40.225999999999104
-0.17029999999999546,-0.06469999999999375,0.005600000000001729,42.61929999999785,66.80239999999789,-20.775099999998865
-0.0925999999999945,0.042600000000007576,0.03520000000000209,5.800599999997399,30.660799999997447,-1.3241999999986254
-0.005599999999999439,0.0879000000000002,0.036899999999999974,-4.252700000000029,34.49680000000007,0.35439999999998895
0.08320000000000165,0.12120000000000061,0.03319999999999993,-9.125600000000091,46.07040000000021,-1.4068000000000327
0.15099999999999797,0.14099999999999796,0.03250000000000057,-11.696999999999626,56.69250000000014,-4.710500000000401
0.08439999999999713,0.07439999999999714,0.051000000000000795,0.46120000000052386,61.22500000000019,-17.886200000000567
0.017799999999996315,0.007799999999996317,0.06950000000000102,12.619400000000672,65.75750000000025,-31.061900000000726
-0.0232000000000005,-0.07480000000000697,0.09440000000000226,36.788800000002695,62.32039999999906,-39.935200000000215
-0.030600000000000023,-0.1784000000000003,0.12770000000000012,76.72290000000012,48.42319999999996,-43.16160000000001
-0.03800000000000012,-0.2820000000000016,0.16100000000000053,116.65700000000062,34.52599999999978,-46.38800000000005
-0.05620000000000062,-0.25329999999999786,0.17540000000000022,153.01900000000097,21.946399999999667,-31.076199999999382
-0.07840000000000089,-0.1755999999999969,0.1828000000000003,188.0580000000014,9.854799999999516,-8.898399999999114
-0.09769999999999557,-0.09829999999999672,0.18899999999999806,221.19569999999817,-1.6026999999994054,12.769000000000172
-0.012599999999994504,-0.03539999999999595,0.1519999999999976,185.8865999999977,9.767400000000734,16.06200000000021
0.07250000000000001,0.027500000000000004,0.11499999999999999,150.5775,21.1375,19.354999999999997
0.13,0.07960000000000036,0.07199999999999931,91.04159999999862,41.22920000000046,22.246000000000024
0.13,0.10920000000000073,0.01649999999999864,-18.966800000002706,79.49090000000093,24.299500000000048
0.13,0.1388000000000011,-0.03900000000000205,-128.97520000000407,117.7526000000014,26.353000000000076
0.08399999999999636,0.1131999999999971,-0.05309999999999945,-223.8358000000042,124.98039999999942,23.413199999999705
0.009999999999995457,0.05399999999999636,-0.041999999999999316,-309.47600000000523,113.31799999999927,17.43399999999963
-0.06399999999999978,-0.0051999999999998185,-0.03090000000000003,-395.11619999999976,101.65560000000004,11.454800000000018
-0.11420000000000045,0.02400000000000034,0.031200000000000616,-403.07660000000004,70.6709999999997,1.704999999999906
-0.16230000000000105,0.06100000000000079,0.09780000000000143,-404.1829,37.98149999999929,-8.377500000000218
-0.1759999999999963,0.07559999999999775,0.16040000000000162,-370.04999999999455,10.325599999999682,-26.656000000001626
-0.0649999999999949,0.008999999999996927,0.20850000000000224,-208.17499999999256,0.9164999999995658,-74.64500000000221
0.04600000000000648,-0.057600000000003884,0.2566000000000028,-46.29999999999055,-8.49260000000055,-122.6340000000028
0.08100000000000024,-0.05960000000000035,0.2838,76.54329999999945,-10.938200000000025,-125.26620000000023
0.043999999999999775,-0.00039999999999963676,0.29120000000000007,162.4092000000005,-6.786799999999975,-84.92879999999974
0.006999999999999318,0.0588000000000011,0.29860000000000014,248.27510000000157,-2.6353999999999234,-44.591399999999254
0.012000000000000455,0.04599999999999909,0.28799999999999953,255.17499999999964,-9.551000000000293,2.6280000000014923
0.026800000000000636,0.016399999999998728,0.2731999999999994,243.6494999999995,-19.04890000000041,51.4532000000021
0.04640000000000327,-0.01480000000000245,0.26320000000000165,232.22839999999943,-25.917599999999183,93.6191999999993
0.10559999999999946,-0.059199999999999586,0.2927999999999997,221.6686000000001,-11.09540000000014,80.84680000000012
0.1648000000000002,-0.10360000000000014,0.32240000000000013,211.10879999999997,3.7268000000000434,68.07439999999995
0.19099999999999967,-0.11199999999999932,0.3369999999999999,225.7475000000008,14.607000000000077,57.9374999999999
0.1687999999999994,-0.06759999999999877,0.3295999999999998,277.3440000000014,19.70560000000014,51.665999999999826
0.14659999999999912,-0.02319999999999823,0.3221999999999997,328.94050000000203,24.804200000000204,45.39449999999975
0.09319999999999654,-0.0021999999999994177,0.24719999999999462,317.47139999999797,46.24900000000147,46.76440000000024
