0.04525,-0.15025000000000005,-0.406125,652.5611250000001,-148.855875,9.661875000000002
-0.02,0.06,-0.33,558.38,-163.2,43.9
0.04525000000000001,0.252125,-0.25025000000000003,371.20675,-135.70437499999997,34.04
0.11050000000000001,0.44425000000000003,-0.17049999999999998,184.03349999999995,-108.20874999999998,24.179999999999996
0.16175,0.59,-0.09600000000000002,12.326750000000061,-81.10775,14.58775
0.169,0.59,-0.037999999999999964,-110.77100000000007,-55.246999999999986,5.836999999999995
0.17625,0.59,0.020000000000000004,-233.86875,-29.38625,-2.9137500000000003
0.15900000000000003,0.46750000000000014,0.04825,-297.90225000000004,-10.215750000000003,-14.695499999999988
0.11550000000000005,0.21375000000000022,0.044625000000000005,-298.652625,1.7866249999999901,-29.724749999999982
0.07200000000000001,-0.03999999999999994,0.041,-299.403,13.788999999999998,-44.754
0.010125000000000134,-0.31212499999999943,0.037375000000000005,-242.30887500000017,15.724500000000004,-54.05549999999999
-0.05875,-0.59125,0.03375,-163.17875,13.825,-61.175000000000004
-0.1276249999999998,-0.8703749999999992,0.03012500000000001,-84.04862500000023,11.925500000000005,-68.29449999999999
-0.14049999999999999,-0.9045,0.07199999999999995,-17.03900000000006,-9.482999999999976,-52.17050000000002
-0.15137499999999998,-0.9298749999999999,0.11549999999999994,49.5377499999999,-31.588249999999967,-35.21637500000003
-0.1397500000000002,-0.9192500000000002,0.1380000000000001,112.38699999999992,-49.4905,-15.170750000000055
-0.04187500000000026,-0.7706250000000003,0.08000000000000015,160.94749999999988,-51.28124999999999,16.725624999999923
0.055999999999999946,-0.6220000000000001,0.022000000000000026,209.50799999999998,-53.072,48.621999999999986
0.09050000000000004,-0.4408750000000003,0.012749999999999942,214.52175000000005,-54.524750000000004,64.6145
0.04700000000000017,-0.2197500000000009,0.06349999999999979,165.93950000000018,-55.561499999999995,61.033000000000015
0.0035000000000000846,0.0013749999999995571,0.11424999999999991,117.35725000000009,-56.59825,57.45150000000001
-0.004999999999999999,0.15000000000000002,0.1225,97.57,-59.97,38.6725
0.002250000000000014,0.26600000000000024,0.11162499999999999,90.74049999999998,-64.39250000000001,13.05462499999995
0.009499999999999958,0.38199999999999934,0.10075000000000008,83.91100000000004,-68.81499999999998,-12.563249999999849
0.04374999999999986,0.23812500000000064,0.01562500000000036,59.156875000000106,-42.491250000000115,-10.583750000000016
0.07999999999999993,0.07500000000000032,-0.07499999999999982,33.07500000000005,-13.89000000000006,-6.560000000000008
0.09499999999999997,-0.08374999999999999,-0.13999999999999999,5.049374999999998,7.268750000000004,-5.284374999999997
0.008000000000000257,-0.22149999999999959,-0.08200000000000018,-32.30624999999989,-7.296499999999956,-17.199749999999963
-0.07899999999999993,-0.35924999999999985,-0.024000000000000056,-69.66187499999997,-21.861749999999986,-29.11512499999999
-0.12400000000000005,-0.4415,0.020499999999999893,-87.86550000000004,-41.411499999999904,-34.15150000000002
-0.10950000000000003,-0.445125,0.04587499999999995,-78.93712500000002,-68.02262499999995,-29.44262500000001
-0.09500000000000007,-0.44875,0.07124999999999987,-70.00875000000005,-94.63374999999988,-24.733750000000022
-0.05200000000000017,-0.4286250000000001,0.08474999999999998,-67.8135,-100.04562500000002,-6.96237500000008
0.00599999999999995,-0.396,0.092,-69.162,-94.3,17.683999999999976
0.06400000000000006,-0.36337499999999995,0.09925000000000002,-70.51050000000001,-88.554375,42.330375000000025
0.05700000000000004,-0.32750000000000007,0.07725000000000005,-56.242750000000036,-75.55475000000003,43.628750000000004
0.04250000000000007,-0.2912500000000002,0.05187500000000013,-40.173125000000084,-61.718125000000065,42.23312500000001
0.023000000000000423,-0.25300000000000045,0.03199999999999988,-22.6460000000002,-51.5309999999999,38.43850000000015
-0.02774999999999994,-0.20225000000000004,0.046499999999999986,3.990499999999976,-64.15324999999999,19.650125000000017
-0.07849999999999979,-0.1515000000000002,0.06099999999999995,30.626999999999896,-76.77549999999995,0.8617500000000717
-0.08250000000000016,-0.13787499999999991,0.048000000000000126,50.06949999999998,-86.50474999999999,-11.277124999999998
-0.01000000000000037,-0.18499999999999978,-0.009999999999999717,57.73999999999996,-91.49999999999997,-12.534999999999993
0.06249999999999943,-0.23212499999999964,-0.06799999999999953,65.41049999999993,-96.49524999999996,-13.79287499999999
0.0742499999999999,-0.2702500000000001,-0.07649999999999992,48.01374999999987,-87.31774999999993,-5.339749999999942
0.0488750000000001,-0.3028749999999999,-0.05475000000000008,15.298125000000127,-69.47912500000007,9.047874999999948
0.0235000000000003,-0.33549999999999963,-0.03300000000000025,-17.417499999999613,-51.64050000000021,23.435499999999834
-0.014374999999999999,-0.343125,-0.045625,-9.639375000000001,-53.583125,36.166875000000005
-0.05424999999999968,-0.34674999999999995,-0.06374999999999986,4.617749999999887,-58.690749999999966,48.633249999999904
-0.0952499999999997,-0.3485000000000001,-0.07587500000000023,20.811749999999805,-65.95874999999985,59.023625000000045
-0.1459999999999998,-0.334,-0.03600000000000016,53.791999999999874,-91.9499999999999,51.42200000000003
-0.1967499999999999,-0.3195,0.00387499999999992,86.77224999999993,-117.94124999999995,43.82037500000002
-0.20750000000000002,-0.30874999999999997,0.025,120.9325,-140.78625,36.63
-0.14225000000000051,-0.30512500000000004,0.010500000000000115,157.3347499999997,-157.65337499999987,30.221000000000053
-0.07700000000000039,-0.3015,-0.003999999999999915,193.7369999999998,-174.5204999999999,23.81200000000004
-0.05,-0.32974999999999977,-0.020624999999999928,221.20149999999992,-182.717625,32.56062499999992
-0.05,-0.3804999999999999,-0.038749999999999965,242.35699999999997,-184.79475,52.008749999999964
-0.05,-0.4312499999999995,-0.05687499999999982,263.5124999999998,-186.87187499999996,71.45687499999981
-0.1219999999999993,-0.46699999999999975,-0.07199999999999988,268.843,-200.94899999999987,91.03699999999985
-0.20899999999999946,-0.4996249999999998,-0.08649999999999991,270.876625,-217.5261249999999,110.64462499999989
-0.2877500000000001,-0.5237500000000004,-0.1,272.99399999999997,-235.0057499999999,129.028
-0.25512500000000005,-0.4331250000000002,-0.1,276.24199999999996,-264.66912499999995,130.88400000000001
-0.2225000000000003,-0.3425000000000009,-0.1,279.48999999999995,-294.33249999999975,132.73999999999998
-0.17975000000000052,-0.24625000000000088,-0.09887500000000003,268.50450000000035,-320.1337499999999,132.48325000000006
-0.1145000000000004,-0.13750000000000068,-0.09525000000000003,225.88900000000024,-337.3524999999999,127.53150000000004
-0.049250000000000904,-0.0287500000000015,-0.09162500000000005,183.27350000000058,-354.5712499999998,122.57975000000008
-0.0859999999999998,-0.02799999999999983,-0.13799999999999982,162.23,-375.61999999999995,124.18999999999998
-0.20562499999999884,-0.11499999999999916,-0.22499999999999915,158.71375000000003,-399.78062499999976,131.13187499999992
-0.3252500000000002,-0.20200000000000018,-0.31200000000000017,155.1975,-423.94125,138.07375000000002
-0.4477499999999992,-0.3407499999999991,-0.23512500000000072,104.50825000000037,-452.8858749999998,169.73199999999977
-0.5709999999999995,-0.49299999999999944,-0.11550000000000048,41.51300000000025,-483.0784999999999,207.83799999999985
-0.6852500000000001,-0.6385000000000001,-0.0009999999999999454,-17.512750000000096,-514.176625,243.82975000000005
-0.5475000000000013,-0.5950000000000004,-0.029999999999999714,34.60749999999949,-570.6287499999995,220.62250000000023
-0.40975000000000106,-0.5515000000000003,-0.058999999999999775,86.72774999999959,-627.0808749999995,197.41525000000019
-0.274000000000002,-0.5120000000000005,-0.08799999999999955,135.0249999999994,-661.5090000000004,186.2989999999997
-0.14350000000000052,-0.4830000000000001,-0.11699999999999988,173.28687499999984,-638.1241250000002,206.92162499999992
-0.013000000000000247,-0.45400000000000007,-0.14599999999999994,211.54874999999993,-614.7392500000001,227.54424999999998
-0.0287499999999985,-0.4175000000000004,-0.17687499999999967,181.9225000000009,-597.6525000000001,246.47374999999982
-0.1809999999999988,-0.37400000000000033,-0.20949999999999974,88.93400000000072,-586.4440000000001,263.82299999999987
-0.3332499999999976,-0.3305000000000007,-0.24212499999999948,-4.054499999998544,-575.2355000000001,281.17224999999974
-0.31775000000000025,-0.25400000000000034,-0.28574999999999984,-71.84199999999977,-598.7732499999998,283.06375
-0.24887500000000012,-0.16700000000000015,-0.3328749999999999,-131.61099999999988,-633.3666249999999,280.036875
-0.18000000000000066,-0.08000000000000085,-0.37999999999999956,-191.3799999999994,-667.9599999999997,277.01000000000005
-0.20899999999999977,-0.1452499999999995,-0.3691250000000001,-140.6082500000004,-662.566,246.77387500000023
-0.23799999999999955,-0.210499999999999,-0.3582500000000002,-89.8365000000008,-657.1720000000001,216.53775000000047
-0.2687499999999995,-0.2993749999999978,-0.3762499999999985,-40.44637500000063,-653.64,193.90362499999998
-0.30499999999999994,-0.4624999999999997,-0.48499999999999976,4.601499999999902,-655.96,195.1615
-0.34125,-0.625625,-0.59375,49.649375,-658.28,196.419375
-0.36874999999999986,-0.7030000000000001,-0.6272500000000004,60.30450000000021,-670.5994999999998,188.8222500000001
-0.3868749999999997,-0.6885000000000002,-0.5801250000000008,34.11025000000041,-693.6327499999996,171.73762500000026
-0.4049999999999995,-0.6740000000000004,-0.5330000000000011,7.916000000000617,-716.6659999999995,154.6530000000004
-0.39949999999999986,-0.7120000000000005,-0.5305000000000002,37.489875000000396,-716.2501249999999,162.90487500000015
-0.385,-0.77,-0.545,88.30875,-706.90125,180.80875
-0.3705000000000001,-0.8279999999999995,-0.5594999999999999,139.1276249999996,-697.5523750000001,198.71262499999986
-0.5414999999999972,-0.8125000000000002,-0.38500000000000284,133.9850000000001,-705.8084999999999,241.24249999999932
-0.7191249999999993,-0.794375,-0.2037500000000007,126.84375000000003,-714.693375,284.6518749999998
-0.7977500000000035,-0.7365000000000026,-0.0989999999999977,130.87524999999945,-722.2935,328.2719999999995
-0.49687499999999996,-0.5262500000000001,-0.2875,177.735625,-724.96875,372.7
-0.19600000000000234,-0.31600000000000167,-0.4759999999999985,224.59599999999963,-727.644,417.12799999999964
-0.06737499999999869,-0.19350000000000023,-0.5994999999999993,252.9167499999999,-726.5232500000001,423.3197500000006
-0.15074999999999966,-0.17900000000000008,-0.6429999999999998,258.41949999999997,-720.7305,382.4515000000001
-0.23412499999999903,-0.16450000000000017,-0.6864999999999994,263.9222499999999,-714.93775,341.5832500000005
-0.2725,-0.25750000000000006,-0.6925,206.59,-719.1625,314.61749999999995
-0.29062499999999986,-0.3988749999999989,-0.6816250000000001,120.98200000000067,-727.8951249999999,293.90787500000016
-0.3087499999999997,-0.5402499999999978,-0.6707500000000002,35.37400000000134,-736.6277499999999,273.1982500000003
-0.5192499999999991,-0.7356249999999993,-0.7577499999999997,-9.484249999999832,-739.676875,267.919125
-0.7439999999999973,-0.9349999999999977,-0.851999999999999,-51.32399999999951,-742.305,263.7830000000001
-0.925625,-1.07,-0.9,-81.9375,-747.479375,266.6025
-0.9002500000000002,-0.8960000000000015,-0.7260000000000014,-58.665000000000184,-764.8757499999999,302.80899999999974
-0.8748750000000004,-0.7220000000000028,-0.5520000000000027,-35.39250000000037,-782.2721249999997,339.01549999999946
-0.7070000000000014,-0.5720000000000005,-0.5474999999999991,22.207499999999584,-785.1995000000001,370.5209999999999
-0.3372500000000044,-0.45600000000000135,-0.7831249999999972,128.43812499999876,-767.6291250000003,395.3667499999997
0.03249999999999276,-0.34000000000000224,-1.0187499999999954,234.66874999999794,-750.0587500000004,420.21249999999947
0.06262500000000121,-0.4994999999999976,-1.0501250000000006,278.5841249999999,-743.071375,400.2063750000003
-0.08599999999999766,-0.8039999999999952,-0.9740000000000012,289.7019999999998,-741.654,356.5940000000007
-0.23462499999999942,-1.1084999999999987,-0.8978750000000003,300.81987499999997,-740.236625,312.9816250000002
-0.5294999999999964,-1.1205000000000003,-0.8607500000000003,308.6909999999999,-765.6154999999997,281.28050000000036
-0.841249999999994,-1.0987500000000003,-0.8281250000000007,316.18749999999983,-794.0862499999995,250.9537500000006
-1.1254999999999993,-1.0540000000000016,-0.7855000000000009,325.37249999999983,-817.075,233.22799999999953
-1.2378749999999983,-0.865500000000003,-0.6803750000000017,345.1106249999997,-805.8012500000002,294.25849999999906
-1.3502499999999995,-0.6770000000000008,-0.5752500000000005,364.84874999999994,-794.5275,355.28899999999976
-1.2976250000000036,-0.5709999999999997,-0.6309999999999962,371.5491250000002,-782.2981250000001,411.2457499999995
-0.9750000000000063,-0.5999999999999994,-0.9499999999999937,356.9150000000003,-768.5050000000002,458.89999999999907
-0.6523750000000026,-0.6289999999999998,-1.2689999999999975,342.28087500000015,-754.7118750000001,506.5542499999996
-0.52775,-0.5905000000000012,-1.345000000000001,213.15775000000318,-754.1172499999999,506.79425000000043
-0.5241250000000001,-0.5107500000000003,-1.2725000000000002,14.06912500000081,-761.588375,478.0588750000001
-0.5205000000000001,-0.43100000000000094,-1.2000000000000008,-185.01949999999763,-769.0595,449.32350000000037
-0.5949999999999983,-0.551249999999997,-1.1118750000000017,-148.28312500000146,-785.8868749999997,404.05062500000093
-0.6819999999999976,-0.7034999999999958,-1.0212500000000024,-73.81475000000204,-804.2112499999995,356.1317500000013
-0.7570000000000005,-0.8534999999999979,-0.9591249999999971,11.718374999997138,-820.2308750000001,311.5031250000003
-0.7280000000000001,-0.9839999999999994,-1.1439999999999992,193.14599999999928,-816.2760000000001,295.3900000000001
-0.6990000000000004,-1.1144999999999985,-1.3288749999999978,374.57362499999783,-812.321125,279.2768750000002
-0.787499999999994,-1.2037499999999997,-1.380000000000004,477.9362500000009,-817.7787499999996,267.3325000000001
-1.0992499999999976,-1.2146249999999998,-1.1770000000000016,432.9753750000004,-841.1201249999998,263.30875000000003
-1.4110000000000014,-1.2255,-0.9739999999999992,388.0144999999998,-864.4615000000001,259.28499999999997
-1.5017500000000004,-1.0982500000000008,-0.8305000000000005,369.39725000000004,-871.995,296.46499999999975
-1.4365000000000008,-0.8735000000000026,-0.7290000000000012,369.37550000000005,-868.37,362.7299999999992
-1.3712500000000014,-0.6487500000000044,-0.627500000000002,369.35375000000005,-864.7450000000001,428.9949999999987
-1.159000000000002,-0.7329999999999988,-0.9069999999999973,373.943,-829.3650000000004,460.6159999999998
-0.9161250000000039,-0.8816249999999977,-1.2658749999999945,379.4928749999999,-787.3693750000007,485.01949999999965
-0.7012499999999993,-1.02125,-1.5905000000000007,375.62325000000055,-750.1097499999998,504.99150000000014
-0.864374999999998,-1.0393749999999997,-1.4527500000000018,244.59037500000156,-776.7861249999996,465.1382500000005
-1.0274999999999967,-1.0574999999999997,-1.3150000000000026,113.55750000000258,-803.4624999999995,425.28500000000076
-1.136625,-1.0655000000000001,-1.2042500000000005,5.69850000000045,-821.2435,401.9231249999999
-1.1257500000000003,-1.0510000000000004,-1.1535000000000009,-50.662999999999116,-819.2570000000001,415.2087499999998
-1.1148750000000003,-1.0365000000000004,-1.1027500000000012,-107.02449999999867,-817.2705000000001,428.4943749999997
-1.2079999999999944,-1.1499999999999932,-1.1559999999999957,-74.20600000000329,-799.758000000001,437.8639999999998
-1.3856249999999966,-1.3674999999999957,-1.2937499999999973,31.071249999997946,-769.6306250000006,444.0518749999999
-1.5632499999999987,-1.5849999999999982,-1.4314999999999989,136.34849999999918,-739.5032500000002,450.23974999999996
-1.6,-1.5897499999999998,-1.4427499999999998,174.2242500000001,-733.776,442.0727499999999
-1.6,-1.5390000000000001,-1.421,194.51699999999994,-734.414,430.16100000000006
-1.5998750000000002,-1.484125000000002,-1.3952500000000017,212.40262500000063,-734.88975,419.1279999999999
-1.5962500000000002,-1.3137500000000033,-1.2575000000000027,162.88875000000098,-730.8225,432.69999999999976
-1.5926250000000002,-1.1433750000000014,-1.1197500000000011,113.3748750000004,-726.7552499999999,446.27199999999993
-1.5820000000000005,-1.0249999999999997,-1.0469999999999984,105.62399999999838,-720.1950000000002,456.587
-1.5530000000000008,-1.0431249999999996,-1.1448749999999976,207.5009999999976,-707.0906250000003,458.352375
-1.524000000000001,-1.0612499999999996,-1.242749999999997,309.3779999999968,-693.9862500000004,460.11774999999994
-1.5343749999999992,-0.9612500000000042,-1.346249999999998,351.00187500000027,-696.1199999999997,450.47562500000043
-1.5814999999999997,-0.7510000000000017,-1.4549999999999992,336.3895000000001,-712.4759999999999,430.1865000000002
-1.628625,-0.5407499999999992,-1.5637500000000004,321.77712499999996,-728.832,409.8973749999999
-1.6949999999999996,-0.6962499999999989,-1.6834999999999996,235.29900000000043,-755.0467499999999,367.8062500000002
-1.7674999999999992,-0.9681249999999968,-1.8067499999999985,125.95450000000127,-784.3983749999996,318.77812500000056
-1.8399999999999987,-1.2399999999999947,-1.9299999999999975,16.61000000000214,-813.7499999999994,269.75000000000097
-1.945124999999999,-1.1856250000000004,-1.4913750000000032,-88.69262499999917,-794.9181250000001,274.59299999999996
-2.0502499999999984,-1.131250000000001,-1.0527500000000067,-193.99524999999835,-776.0862500000003,279.4359999999999
-2.0923750000000036,-1.1267499999999964,-0.7488749999999972,-247.54425000000256,-756.2297500000005,293.673874999999
-1.9365000000000048,-1.2789999999999953,-0.8684999999999963,-138.43900000000343,-733.1530000000007,337.4384999999986
-1.780625000000003,-1.431249999999997,-0.9881249999999977,-29.33375000000214,-710.0762500000004,381.20312499999915
-1.7227499999999987,-1.5589999999999973,-1.1094999999999966,66.53799999999777,-678.1427500000011,393.0302500000006
-1.7698750000000003,-1.6605000000000003,-1.2327500000000005,148.23100000000034,-636.7198749999998,370.6386249999999
-1.817,-1.7619999999999996,-1.3559999999999994,229.9239999999997,-595.2970000000001,348.24700000000007
-1.7958750000000006,-1.6640000000000021,-1.447749999999999,252.0925,-574.8426250000001,329.8742500000002
-1.74875,-1.49,-1.5275,251.585,-562.37625,313.0325
-1.7016250000000004,-1.3160000000000014,-1.6072499999999994,251.07750000000001,-549.9098750000002,296.19075000000015
-1.8084999999999982,-1.1665000000000023,-1.4735000000000023,164.07100000000142,-548.2655,316.9074999999997
-1.9208749999999972,-1.0178750000000036,-1.3321250000000033,73.9752500000021,-547.0076250000001,338.9656249999995
-2.0317499999999966,-0.8775000000000035,-1.2147500000000007,10.852499999998727,-545.1362500000001,357.88724999999977
-2.136875,-0.76875,-1.1893749999999998,51.12625,-540.913125,364.785625
-2.2419999999999947,-0.6600000000000051,-1.164000000000001,91.3999999999981,-536.6900000000002,371.6839999999997
-2.3324999999999987,-0.7462499999999949,-1.2507499999999965,122.10249999999971,-538.0064999999998,356.61400000000066
-2.405000000000001,-1.0725000000000051,-1.4755000000000034,141.0250000000003,-546.1410000000001,314.50599999999935
-2.4775000000000005,-1.3987500000000026,-1.7002500000000018,159.94750000000013,-554.2755000000001,272.3979999999997
-2.4525,-1.4849999999999999,-1.6724999999999999,116.155,-538.0649999999999,241.25
-2.3836250000000008,-1.4632500000000002,-1.531125000000001,44.140750000000565,-510.8992500000002,215.0340000000002
-2.314750000000001,-1.4415000000000002,-1.389750000000002,-27.873499999998874,-483.73350000000045,188.8180000000004
-2.2492500000000017,-1.2611250000000045,-1.2011250000000044,-37.490749999999885,-449.15962500000086,201.16812499999963
-2.184000000000002,-1.069000000000006,-1.009000000000006,-42.48599999999984,-414.0370000000011,216.37499999999952
-2.141874999999997,-0.9568749999999894,-0.8899999999999909,-30.35875000000371,-384.37937500000015,225.43875000000082
-2.210749999999999,-1.2287499999999978,-1.121999999999998,63.95649999999927,-380.95375,205.01550000000017
-2.279624999999999,-1.5006249999999957,-1.3539999999999963,158.27174999999852,-377.52812500000005,184.59225000000032
-2.3559999999999977,-1.6315000000000015,-1.4660000000000013,204.3125000000005,-361.72750000000076,165.6870000000004
-2.4430000000000005,-1.5626249999999995,-1.4079999999999995,181.96437499999982,-328.3956249999997,148.93224999999987
-2.5300000000000002,-1.49375,-1.35,159.61625,-295.06374999999997,132.1775
-2.5315000000000003,-1.375000000000001,-1.2065000000000015,138.60287500000015,-260.16675000000026,153.76949999999965
-2.488000000000001,-1.2300000000000022,-1.018000000000003,118.29200000000031,-224.44600000000057,195.54399999999933
-2.444500000000001,-1.0850000000000035,-0.8295000000000045,97.98112500000047,-188.72525000000084,237.318499999999
-2.4887499999999982,-1.125249999999998,-0.9074999999999966,127.94449999999887,-181.44525000000013,227.80800000000048
-2.5431249999999976,-1.1868749999999977,-1.0162499999999959,163.7087499999986,-177.44687500000015,212.38000000000062
-2.5964999999999994,-1.2360000000000002,-1.1339999999999988,187.64350000000042,-174.0,192.93100000000038
-2.6436249999999992,-1.2070000000000005,-1.3079999999999974,137.64387500000078,-174.0,148.3507500000007
-2.690749999999999,-1.1780000000000006,-1.481999999999996,87.64425000000118,-174.0,103.77050000000105
-2.666374999999999,-1.1379999999999995,-1.540499999999999,39.46374999999965,-145.4769999999994,77.80087500000003
-2.5250000000000004,-1.08,-1.4100000000000001,-5.740000000000002,-70.28,82.285
-2.383625000000001,-1.0220000000000005,-1.279500000000001,-50.94374999999965,4.916999999999408,86.76912499999996
-2.3592499999999994,-1.0202499999999994,-1.1805000000000012,-71.03974999999993,46.44724999999967,80.5275000000002
-2.406374999999999,-1.0528749999999993,-1.100750000000002,-75.79212499999988,67.4033749999995,67.7312500000003
-2.4534999999999987,-1.085499999999999,-1.0210000000000026,-80.54449999999986,88.35949999999934,54.9350000000004
-2.503749999999998,-1.2524999999999926,-1.1693749999999927,-61.34375000000091,76.93750000000065,26.720000000001207
-2.5544999999999995,-1.4409999999999985,-1.3542499999999986,-38.31050000000018,60.335000000000136,-3.961999999999758
-2.6018749999999997,-1.5950000000000024,-1.5008750000000028,-14.925125000000413,48.47512499999955,-31.32337500000002
-2.6199999999999997,-1.4500000000000035,-1.3160000000000043,11.511999999999375,77.71799999999931,-29.90600000000003
-2.638124999999999,-1.3050000000000046,-1.1311250000000057,37.94912499999917,106.96087499999909,-28.48862500000004
-2.635,-1.21125,-1.03625,66.36000000000001,135.945,-37.59125
-2.5915000000000004,-1.214875,-1.1123749999999994,98.52099999999976,164.43749999999977,-66.68187499999978
-2.5480000000000005,-1.2185,-1.1884999999999988,130.6819999999995,192.92999999999955,-95.77249999999955
-2.508750000000001,-1.1860000000000013,-1.1838750000000013,102.05950000000168,207.2997499999999,-103.30075000000018
-2.472500000000001,-1.128000000000002,-1.122250000000002,30.531000000002237,211.70049999999986,-95.60850000000025
-2.4362500000000002,-1.07,-1.060625,-40.9975,216.10125000000002,-87.91625
-2.415,-1.1409999999999993,-1.0799999999999996,-38.075000000000145,222.76699999999997,-86.17
-2.396875,-1.2388749999999986,-1.1162499999999993,-19.64187500000029,229.9046249999999,-85.66250000000001
-2.382249999999999,-1.3280000000000007,-1.1519999999999992,-4.691749999999246,239.2329999999991,-86.99024999999938
-2.414874999999999,-1.299000000000001,-1.180999999999999,-36.762124999998996,278.1364999999988,-113.09387499999917
-2.447499999999999,-1.2700000000000011,-1.2099999999999989,-68.83249999999875,317.0399999999985,-139.19749999999897
-2.4565000000000006,-1.2601249999999997,-1.2434999999999996,-106.68649999999963,351.6279999999998,-153.74962500000007
-2.4130000000000007,-1.2927499999999996,-1.2869999999999993,-157.39299999999923,376.6259999999996,-142.63175000000018
-2.3695000000000013,-1.3253749999999993,-1.3304999999999991,-208.0994999999988,401.6239999999994,-131.51387500000027
-2.318000000000002,-1.3559999999999992,-1.3420000000000005,-229.98800000000006,429.329999999999,-129.78599999999983
-2.26,-1.385,-1.3275000000000001,-228.46187500000002,459.23625,-135.6875
-2.2020000000000004,-1.4139999999999997,-1.3130000000000002,-226.93575,489.14249999999976,-141.58899999999994
-2.17275,-1.4372499999999997,-1.2266250000000016,-212.56125000000029,505.0589999999998,-142.404625
-2.1510000000000002,-1.4589999999999994,-1.1215000000000026,-194.8350000000004,517.3259999999997,-141.89350000000002
-2.1304999999999996,-1.476625000000003,-1.018875000000001,-176.01650000000154,529.0115000000001,-141.0875000000003
-2.144999999999999,-1.3787500000000037,-0.9862500000000013,-126.61500000000194,524.4150000000002,-132.02500000000038
-2.159499999999999,-1.2808750000000046,-0.9536250000000016,-77.21350000000231,519.8185000000002,-122.96250000000043
-2.1570000000000005,-1.2419999999999982,-0.9989999999999961,-31.385000000000574,519.3559999999999,-118.38199999999989
-2.109875000000001,-1.3579999999999972,-1.2491249999999943,5.064374999999146,529.7452499999997,-125.56674999999983
-2.0627500000000016,-1.4739999999999964,-1.4992499999999922,41.51374999999886,540.1344999999997,-132.75149999999977
-2.025,-1.4775,-1.5281250000000002,34.232500000000016,561.933125,-129.62375
-1.9960000000000002,-1.3760000000000008,-1.3505000000000014,-13.863999999999614,594.3804999999998,-116.87100000000011
-1.9670000000000005,-1.2745000000000015,-1.1728750000000028,-61.960499999999236,626.8278749999995,-104.1182500000002
-1.9545000000000001,-1.189500000000002,-1.1684999999999988,-56.770250000000516,649.7519999999995,-89.11875000000038
-1.9472500000000001,-1.1097500000000025,-1.2192499999999984,-34.62512500000069,669.6459999999994,-73.4043750000005
-1.9400000000000002,-1.0300000000000031,-1.269999999999998,-12.480000000000869,689.5399999999992,-57.690000000000616
-2.037874999999995,-1.051749999999999,-1.3678749999999955,-24.90287499999942,664.2991250000011,-95.39724999999822
-2.1357499999999985,-1.0734999999999997,-1.4657499999999986,-37.32574999999981,639.0582500000004,-133.1044999999994
-2.191625000000002,-1.0611250000000028,-1.5216250000000018,-54.827124999999214,616.4896250000003,-169.14224999999928
-2.115500000000002,-0.9415000000000038,-1.4455000000000024,-88.28949999999895,602.3195000000004,-199.93299999999903
-2.039375,-0.821875,-1.369375,-121.751875,588.1493750000001,-230.72375
-1.99825,-0.8054999999999992,-1.3772499999999992,-143.89349999999993,583.28575,-251.17374999999993
-1.994625,-0.8997499999999985,-1.4751249999999985,-153.90574999999984,588.3933749999999,-260.54437499999983
-1.991,-0.9939999999999978,-1.5729999999999977,-163.91799999999978,593.5009999999999,-269.9149999999998
-1.9375000000000022,-1.0173750000000001,-1.5973750000000002,-175.5656249999996,601.1994999999997,-293.58137499999907
-1.8650000000000029,-1.0137500000000002,-1.5937500000000002,-187.83624999999952,609.8849999999996,-322.6937499999989
-1.7925000000000035,-1.0101250000000002,-1.5901250000000002,-200.10687499999943,618.5704999999996,-351.80612499999864
-1.6780000000000064,-1.0344999999999986,-1.576000000000001,-208.06199999999959,617.6730000000001,-384.11749999999824
-1.5620000000000027,-1.0598749999999995,-1.5615000000000003,-215.86299999999983,616.43325,-416.54312499999924
-1.4662500000000005,-1.101749999999997,-1.5185000000000048,-227.21299999999923,618.6877499999996,-441.26325000000014
-1.4481249999999999,-1.2068750000000001,-1.36625,-252.16750000000002,634.3368750000001,-436.445625
-1.4300000000000002,-1.3119999999999994,-1.214000000000001,-277.1219999999998,649.9859999999999,-431.62800000000004
-1.445999999999999,-1.3813749999999996,-1.1462499999999993,-279.8920000000004,675.1884999999994,-417.2180000000004
-1.5039999999999987,-1.4067499999999995,-1.182499999999999,-255.35800000000057,712.1489999999992,-391.00200000000063
-1.5619999999999983,-1.4321249999999992,-1.218749999999999,-230.82400000000078,749.1094999999989,-364.7860000000008
-1.614999999999998,-1.3925000000000027,-1.2250000000000003,-219.99250000000018,772.6974999999993,-352.5650000000002
-1.6657499999999976,-1.3236250000000032,-1.2177500000000003,-215.32712500000022,790.2678749999992,-346.6417500000003
-1.7164999999999992,-1.2547500000000011,-1.2105000000000001,-210.66175000000007,807.8382499999997,-340.7185000000001
-1.6660000000000013,-1.135250000000003,-1.2572499999999989,-193.61012500000044,809.0904999999999,-347.0194999999998
-1.6079999999999997,-1.0119999999999991,-1.3080000000000005,-175.64099999999988,809.134,-354.22600000000006
-1.53875,-0.8968750000000001,-1.36,-169.626875,809.3037499999999,-361.55
-1.415500000000001,-0.8207500000000005,-1.4179999999999997,-220.99674999999962,810.0794999999999,-369.43799999999993
-1.292250000000002,-0.7446250000000012,-1.475999999999999,-272.3666249999992,810.85525,-377.32599999999985
-1.2229999999999999,-0.7584999999999966,-1.5144999999999997,-312.42199999999946,815.0689999999997,-387.2284999999997
-1.2302499999999998,-0.8998749999999955,-1.5253749999999997,-336.4484999999992,824.1532499999997,-399.9848749999996
-1.2374999999999996,-1.0412499999999945,-1.5362499999999997,-360.47499999999906,833.2374999999996,-412.74124999999947
-1.2471249999999996,-1.061500000000002,-1.4592500000000057,-371.97337499999975,848.8387499999991,-413.66300000000024
-1.2579999999999998,-1.0180000000000007,-1.3360000000000019,-376.87799999999993,867.8699999999997,-408.35600000000005
-1.2688749999999998,-0.974500000000001,-1.2127500000000029,-381.7826249999999,886.9012499999995,-403.04900000000015
-1.2342500000000012,-1.0479999999999972,-1.2487499999999983,-338.13875000000155,899.6502499999996,-391.99925000000036
-1.194375,-1.135,-1.303125,-288.893125,911.6743749999999,-380.286875
-1.1560000000000001,-1.2000000000000006,-1.3440000000000005,-239.5985000000004,924.0369999999998,-369.29050000000007
-1.1270000000000004,-1.127500000000001,-1.3005000000000007,-189.99762500000077,938.5152499999998,-362.7691250000001
-1.0980000000000008,-1.0550000000000017,-1.257000000000001,-140.39675000000116,952.9934999999997,-356.24775000000017
-1.0497500000000026,-0.986625000000002,-1.2519999999999982,-94.06562500000129,964.5292499999998,-360.4912499999993
-0.9700000000000032,-0.9250000000000024,-1.3099999999999976,-53.08500000000161,971.2499999999998,-382.3499999999991
-0.8902500000000038,-0.8633750000000029,-1.3679999999999972,-12.104375000001928,977.9707499999997,-404.208749999999
-0.821750000000001,-0.7860000000000014,-1.347250000000001,-29.58324999999917,982.9477499999999,-424.3687499999997
-0.7601250000000014,-0.6990000000000021,-1.2783750000000016,-82.78737499999875,986.8591249999998,-443.49062499999957
-0.6985000000000019,-0.6120000000000027,-1.209500000000002,-135.99149999999835,990.7704999999999,-462.6124999999994
-0.6775000000000005,-0.6531249999999975,-1.1406250000000027,-198.76124999999746,1012.784999999999,-469.8406249999998
-0.6630000000000007,-0.7147499999999971,-1.0717500000000033,-263.06149999999695,1037.6959999999988,-475.1657499999998
-0.6578749999999959,-0.7748749999999974,-1.008125000000001,-323.0469999999987,1060.1968749999999,-477.2580000000014
-0.7339999999999952,-0.8219999999999971,-0.9900000000000011,-345.63799999999856,1061.81,-451.33200000000164
-0.8101249999999947,-0.8691249999999967,-0.9718750000000013,-368.2289999999984,1063.4231249999998,-425.4060000000018
-0.8612499999999998,-0.8975000000000003,-0.9662499999999993,-360.4375000000025,1064.90625,-404.1812500000005
-0.864875,-0.8902500000000001,-0.9843749999999999,-294.9192500000005,1066.1423750000001,-391.8888750000001
-0.8684999999999999,-0.8830000000000001,-1.0024999999999997,-229.401000000001,1067.3785,-379.59650000000016
-0.8126249999999985,-0.8289999999999986,-0.9568749999999986,-181.79224999999946,1061.2685,-377.6975000000001
-0.7147499999999992,-0.7419999999999993,-0.8662499999999993,-146.82549999999972,1049.973,-383.13500000000005
-0.616875,-0.655,-0.775625,-111.85875,1038.6775,-388.5725
-0.5520000000000005,-0.5980000000000004,-0.7899999999999997,-53.7320000000005,1013.2250000000003,-422.32699999999966
-0.4940000000000009,-0.5472500000000008,-0.8262499999999994,9.21974999999901,984.8231250000005,-461.98087499999934
-0.4482499999999972,-0.49725000000000097,-0.8585000000000005,66.95650000000029,957.8922500000001,-499.61649999999975
-0.5678749999999962,-0.45737500000000125,-0.8367500000000007,54.2907500000004,950.8198750000003,-510.00574999999964
-0.6874999999999953,-0.4175000000000016,-0.8150000000000008,41.6250000000005,943.7475000000003,-520.3949999999995
-0.7520000000000028,-0.40349999999999797,-0.7966250000000006,11.37775000000326,930.9950000000013,-529.7413749999996
-0.694000000000001,-0.44699999999999934,-0.7857500000000002,-57.939499999998915,905.6200000000003,-536.7702499999999
-0.6360000000000013,-0.490499999999999,-0.7748750000000003,-127.25674999999838,880.2450000000006,-543.7991249999999
-0.5880000000000012,-0.4960000000000008,-0.702000000000004,-173.95199999999912,865.9920000000002,-547.17
-0.5481250000000015,-0.470625000000001,-0.5787500000000049,-202.2668749999989,860.7756250000002,-547.56875
-0.5082500000000019,-0.4452500000000012,-0.4555000000000058,-230.58174999999866,855.5592500000002,-547.9675
-0.37637500000000856,-0.4342500000000004,-0.48749999999999605,-218.27862500000126,867.2593749999991,-526.6456250000015
-0.22050000000000977,-0.42700000000000043,-0.5599999999999955,-195.37950000000143,883.3724999999989,-499.6575000000017
-0.07174999999999843,-0.42574999999999474,-0.6286250000000012,-173.33249999999995,899.964999999999,-473.9132499999997
-0.12249999999999801,-0.5924999999999935,-0.5887500000000015,-175.14499999999992,929.9799999999988,-482.99749999999966
-0.1732499999999976,-0.7592499999999922,-0.5488750000000019,-176.95749999999992,959.9949999999986,-492.0817499999996
-0.27499999999999625,-0.8560000000000014,-0.47600000000000253,-190.21499999999935,980.359,-491.36100000000044
-0.5106250000000037,-0.7689999999999987,-0.3164999999999975,-233.51562500000068,975.3891249999999,-464.9021249999996
-0.7462500000000019,-0.6819999999999993,-0.15699999999999875,-276.81625000000037,970.4192499999999,-438.4432499999998
-0.7550000000000001,-0.521875,-0.12312500000000001,-298.84125,954.334375,-383.1975
-0.5520000000000016,-0.2935000000000018,-0.20649999999999935,-301.009,927.8755000000002,-301.08400000000063
-0.3490000000000032,-0.06512500000000358,-0.2898749999999987,-303.17674999999997,901.4166250000004,-218.9705000000013
-0.31099999999999967,-0.10624999999999701,-0.39799999999999724,-184.94675000000365,906.4809999999997,-239.32749999999876
-0.32549999999999957,-0.233124999999996,-0.5139999999999963,-28.408375000004895,921.5754999999995,-292.28874999999834
-0.33999999999999947,-0.359999999999995,-0.6299999999999955,128.12999999999386,936.6699999999994,-345.2499999999979
-0.5792499999999982,-0.3926249999999997,-0.4415000000000015,102.0046250000002,886.8733750000004,-405.2147499999995
-0.8184999999999962,-0.4252499999999995,-0.25300000000000294,75.87925000000041,837.0767500000007,-465.17949999999905
-0.9632500000000036,-0.4438750000000006,-0.12137499999999887,59.181124999999696,785.4435000000013,-494.74412500000153
-0.8110000000000047,-0.4185000000000008,-0.1684999999999985,72.1114999999996,728.0380000000018,-428.7655000000021
-0.6587500000000059,-0.393125000000001,-0.21562499999999815,85.0418749999995,670.6325000000023,-362.7868750000026
-0.49075000000000873,-0.3432500000000036,-0.2120000000000027,87.69625000000039,628.2962500000012,-311.1915000000017
-0.30587500000001017,-0.26712500000000416,-0.1540000000000032,79.34062500000047,602.1056250000015,-275.006750000002
-0.1210000000000116,-0.19100000000000478,-0.09600000000000364,70.98500000000053,575.9150000000017,-238.82200000000228
0.0034999999999967835,-0.23562499999999717,-0.06425000000000068,50.62525000000078,578.8539999999996,-252.48074999999898
0.104999999999996,-0.32624999999999643,-0.04250000000000086,25.692500000000976,592.8899999999994,-285.1274999999987
0.20649999999999522,-0.4168749999999957,-0.020750000000001025,0.759750000001173,606.9259999999994,-317.77424999999846
0.003500000000011716,-0.5214999999999942,-0.03749999999999901,48.19649999999726,667.6344999999966,-248.049500000004
-0.2103749999999866,-0.6266249999999933,-0.05562499999999887,98.21787499999685,730.0098749999961,-174.6686250000046
-0.3935000000000005,-0.6904999999999992,-0.08275000000000049,142.83775000000017,760.9264999999994,-106.19799999999962
-0.45875,-0.59625,-0.144375,166.75187499999998,671.25125,-56.55000000000001
-0.5239999999999996,-0.5020000000000008,-0.20599999999999952,190.66599999999983,581.5760000000007,-6.902000000000392
-0.5210000000000015,-0.36225000000000307,-0.27249999999999885,203.62275000000002,492.27775000000145,9.401000000000387
-0.43400000000000205,-0.16650000000000462,-0.3449999999999983,203.09350000000003,403.44350000000213,-15.335999999999423
-0.34700000000000275,0.02924999999999385,-0.4174999999999977,202.56425000000002,314.6092500000028,-40.072999999999226
-0.27,0.0575,-0.3925,182.85750000000002,252.01000000000002,-74.35
-0.19750000000000056,0.01037500000000037,-0.32362500000000055,154.52087500000022,201.2165000000004,-112.9199999999997
-0.12500000000000114,-0.03674999999999926,-0.2547500000000011,126.18425000000045,150.4230000000008,-151.4899999999994
-0.0997500000000005,-0.12099999999999797,-0.16562500000000213,89.53500000000088,155.95487499999976,-156.22899999999996
-0.07800000000000068,-0.2079999999999973,-0.07500000000000284,52.270000000001176,165.65899999999968,-158.46199999999993
-0.06937499999999786,-0.3137499999999923,0.008124999999998148,23.941249999999428,173.2362500000001,-152.76000000000172
-0.12374999999999743,-0.5094999999999907,0.05524999999999779,38.50649999999931,170.60450000000012,-108.97000000000207
-0.178124999999997,-0.7052499999999893,0.10237499999999741,53.0717499999992,167.97275000000016,-65.18000000000241
-0.18750000000000341,-0.7975000000000034,0.13449999999999931,62.32249999999989,147.19550000000294,-17.559000000003337
-0.13312500000000171,-0.7431250000000017,0.14537499999999967,64.04437499999995,100.71212500000146,35.489249999998336
-0.07875000000000212,-0.6887500000000022,0.15624999999999958,65.76624999999993,54.228750000001824,88.53749999999792
-0.052875000000000505,-0.48237500000001354,0.11725000000000306,26.05862500000289,19.18575000000137,105.83012500000007
-0.04200000000000102,-0.19600000000002699,0.05200000000000614,-35.45399999999421,-9.83599999999727,104.30400000000014
-0.03112500000000068,0.09037499999998203,-0.013249999999995907,-96.96662499999614,-38.85774999999818,102.7778750000001
0.005749999999998756,0.11350000000000023,-0.0459999999999991,-58.64250000000156,-29.396250000000435,77.84850000000085
0.045625,0.10625,-0.07500000000000001,-8.798749999999998,-15.494375,50.21875
0.0654999999999967,0.08649999999999694,-0.09099999999999796,36.21550000000047,0.426000000000883,27.199000000000183
-0.039624999999998356,-0.01137499999999847,-0.025750000000001022,51.045374999999765,28.96199999999955,32.99174999999991
-0.14475000000000166,-0.10925000000000154,0.03950000000000103,65.87525000000024,57.498000000000445,38.784500000000094
-0.16187500000000393,-0.18374999999999886,0.07450000000000045,84.57987499999922,55.70012500000159,27.8668750000012
-0.034999999999999976,-0.22000000000000003,0.06,109.625,4.264999999999986,-10.394999999999996
0.09187499999999404,-0.2562499999999983,0.045500000000000686,134.67012499999882,-47.17012499999759,-48.6568749999982
0.08150000000000149,-0.24975000000000053,0.04449999999999989,133.37225000000026,-59.36750000000019,-53.22500000000025
-0.012749999999994086,-0.21712500000000207,0.051749999999999546,115.97587500000108,-47.586250000000746,-37.20250000000101
-0.10699999999999704,-0.18450000000000102,0.05899999999999977,98.57950000000055,-35.80500000000037,-21.1800000000005
-0.07,-0.301875,0.03812499999999999,2.9643749999999898,-36.258125,27.258125000000007
-0.01200000000000273,-0.4432499999999933,0.012750000000001193,-105.16574999999492,-38.66874999999988,80.88274999999749
0.04712499999999892,-0.5546250000000023,-0.005875000000000616,-209.70599999999885,-37.85287500000045,124.54025000000068
0.11599999999999569,-0.40600000000000924,0.033999999999997504,-283.1339999999954,-9.074000000001803,81.81600000000269
0.18487499999999785,-0.25737500000000463,0.07387499999999875,-356.56199999999774,19.7048749999991,39.09175000000134
0.21125000000000427,-0.12250000000000855,0.09000000000000227,-414.16749999999786,50.321249999997335,-10.66124999999505
0.15687500000000257,-0.01375000000000512,0.06100000000000136,-441.7102499999987,84.4288749999984,-73.76887499999704
0.10250000000000085,0.09499999999999831,0.03200000000000046,-469.25299999999953,118.53649999999948,-136.87649999999903
0.07575000000000046,0.09112500000000523,-0.03099999999999456,-471.7866250000009,158.8236249999972,-175.37662499999868
0.06850000000000023,0.007750000000002616,-0.11799999999999727,-456.66675000000043,203.4727499999986,-196.50674999999933
0.06125000000000057,-0.07562499999999346,-0.2049999999999932,-441.5468750000012,248.1218749999965,-217.63687499999835
-0.03299999999999473,-0.1979999999999939,-0.07900000000000801,-495.17199999999684,201.0880000000031,-155.20800000000375
-0.14537499999999826,-0.32849999999999796,0.09137499999999735,-563.1189999999989,134.95350000000104,-75.37100000000126
-0.24824999999999958,-0.4437499999999986,0.2540000000000009,-621.667999999999,67.51424999999867,0.4020000000003279
-0.2228750000000008,-0.35312500000000285,0.31199999999999817,-553.3440000000021,-17.53912499999734,21.310999999999346
-0.1975,-0.2625,0.37,-485.02,-102.5925,42.22
-0.13950000000000612,-0.18762500000000187,0.4043750000000008,-425.1481250000019,-165.2223749999994,62.33362499999914
-0.009000000000002034,-0.14775000000000063,0.38625000000000026,-384.05875000000066,-178.02224999999981,80.67974999999971
0.12149999999999181,-0.1078750000000025,0.36812500000000115,-342.9693750000026,-190.8221249999992,99.02587499999885
0.1959999999999991,-0.11199999999999875,0.37999999999999884,-296.5980000000016,-182.95000000000078,125.37199999999898
0.225,-0.151875,0.41625,-245.935,-158.28187499999999,158.21812500000001
0.25399999999999867,-0.19174999999999814,0.4524999999999983,-195.27200000000238,-133.61375000000115,191.06424999999848
0.22837500000000063,-0.28624999999999834,0.3795000000000016,-68.6515000000023,-84.64900000000087,168.3740000000006
0.1885000000000025,-0.3949999999999932,0.27800000000000635,77.78399999999081,-29.346000000003468,131.19600000000233
0.1481250000000017,-0.49975000000000025,0.178875000000001,222.39787499999701,23.423500000000573,94.15675000000104
0.09375000000000426,-0.49250000000000055,0.14625000000000254,316.00624999999263,5.255000000001427,61.0025000000026
0.039375000000002554,-0.48525000000000035,0.11362500000000153,409.61462499999556,-12.913499999999145,27.848250000001556
0.0009999999999999436,-0.5029999999999987,0.10299999999999926,488.3699999999994,-33.00899999999961,3.230000000000034
0.0046249999999997725,-0.5863749999999948,0.15012499999999704,528.1362499999975,-58.16287499999842,1.0187500000001388
0.008249999999999886,-0.6697499999999974,0.19724999999999854,567.9024999999988,-83.3167499999992,-1.1924999999999304
-0.07624999999998694,-0.6050000000000159,0.1956250000000037,577.9068750000014,-117.29624999999669,17.804374999996952
-0.24299999999999217,-0.40200000000000957,0.1485000000000022,560.1335000000008,-159.512999999998,56.595499999998175
-0.4097499999999843,-0.1990000000000191,0.10137500000000443,542.3601250000017,-201.72974999999602,95.38662499999634
-0.28224999999999656,-0.25175000000000214,-0.0832500000000036,615.1030000000017,-187.64024999999947,62.04249999999912
