-0.01142499999999999,0.26,-0.436025,412.511825,-26.15445,60.849849999999996
-0.14,0.26,-0.37,587.28,4.78,103.78
-0.10524999999999998,0.41637500000000005,-0.30745,428.3404499999999,-6.7674250000000065,100.642075
-0.0705,0.57275,-0.24489999999999998,269.4009,-18.31485,97.50415
-0.037875,0.696825,-0.1866,117.48192500000002,-28.2919,91.97985
-0.020499999999999997,0.5891,-0.1588,15.945899999999966,-26.9992,69.3298
-0.003124999999999987,0.48137499999999994,-0.13099999999999998,-85.59012500000007,-25.7065,46.679749999999984
0.0006499999999999978,0.36260000000000003,-0.1049,-170.73305,-26.549,23.718600000000002
-0.03757500000000002,0.20969999999999994,-0.08404999999999999,-205.250225,-33.9855,-0.2033000000000058
-0.07580000000000003,0.056799999999999885,-0.06319999999999999,-239.76740000000004,-41.42200000000001,-24.12520000000002
-0.09234999999999999,-0.07315000000000008,-0.048725,-249.33664999999996,-51.80502500000002,-38.9589
-0.07149999999999998,-0.16350000000000012,-0.04525,-215.85849999999994,-67.27225000000003,-38.111
-0.050650000000000014,-0.2538499999999999,-0.04177500000000001,-182.38035000000002,-82.739475,-37.2631
-0.0332,-0.3221,-0.0553,-131.55030000000002,-79.90110000000001,-31.502200000000002
-0.019299999999999963,-0.36727500000000013,-0.0865750000000001,-62.602824999999804,-57.94952499999994,-20.61154999999997
-0.005399999999999992,-0.41245000000000004,-0.11785000000000002,6.344650000000044,-35.99794999999999,-9.720899999999993
-0.004250000000000007,-0.41724999999999995,-0.11725,46.45162500000002,-32.912125,0.6767500000000091
-0.01120000000000001,-0.3964,-0.09639999999999997,68.23640000000003,-41.81160000000001,10.761200000000015
-0.018150000000000013,-0.37554999999999994,-0.07554999999999996,90.02117500000003,-50.711075000000015,20.84565000000002
0.0029500000000000637,-0.2807499999999997,-0.06745,93.95339999999999,-50.60904999999999,30.886750000000024
0.034225000000000005,-0.15912499999999996,-0.063975,91.4097,-47.241775,40.912125
0.0655000000000001,-0.03749999999999963,-0.060499999999999984,88.86599999999999,-43.87449999999999,50.937500000000036
0.04322499999999989,0.012725000000000125,-0.11652500000000024,79.24774999999997,-28.369224999999936,54.01030000000001
0.01195000000000004,0.05094999999999995,-0.18254999999999993,68.44050000000001,-10.823950000000023,55.9146
-0.019324999999999974,0.08917499999999996,-0.24857499999999993,57.633250000000004,6.721324999999985,57.8189
-0.07439999999999997,0.04240000000000002,-0.2534,40.42040000000001,-7.992599999999992,44.613600000000005
-0.13,-0.006249999999999999,-0.256875,23.06625,-23.418125,31.075
-0.17404999999999968,-0.05105000000000006,-0.2575499999999999,6.1198499999999285,-38.94620000000009,17.931199999999947
-0.11497499999999994,-0.061475000000000016,-0.233225,-7.185925000000008,-55.38990000000001,8.312399999999991
-0.05589999999999992,-0.07190000000000002,-0.20889999999999997,-20.491700000000016,-71.83360000000002,-1.3064000000000116
-0.0076749999999999804,-0.07612499999999997,-0.18147499999999994,-33.32007500000002,-81.95872499999999,-7.929824999999994
0.0027500000000000233,-0.05874999999999997,-0.14324999999999993,-44.48525000000002,-70.07074999999998,-4.117749999999992
0.013175000000000027,-0.041374999999999953,-0.10502499999999991,-55.65042500000003,-58.18277499999997,-0.3056749999999906
0.013999999999999957,-0.05520000000000019,-0.08840000000000006,-51.99919999999992,-46.19279999999996,4.320000000000018
-0.003375000000000055,-0.12817500000000023,-0.11272500000000008,-20.258549999999897,-34.00944999999996,10.488125000000021
-0.02075000000000006,-0.20115000000000027,-0.1370500000000001,11.482100000000116,-21.826099999999954,16.656250000000025
-0.04625000000000014,-0.2627500000000002,-0.15650000000000006,42.75637500000012,-19.63975000000004,24.665500000000044
-0.08100000000000016,-0.31140000000000023,-0.17040000000000005,73.49970000000013,-28.834600000000037,34.77080000000005
-0.11575000000000017,-0.36005000000000026,-0.18430000000000007,104.24302500000015,-38.02945000000004,44.87610000000005
-0.13615,-0.3595,-0.2023,129.8757,-50.6888,51.771100000000004
-0.146575,-0.32475,-0.22315000000000002,151.95585,-65.75640000000001,56.43455
-0.15700000000000006,-0.2899999999999998,-0.24400000000000013,174.03600000000012,-80.82400000000008,61.09800000000003
-0.16,-0.22059999999999946,-0.23019999999999982,167.90857499999987,-94.65162500000008,63.05875
-0.16,-0.13719999999999943,-0.2023999999999998,150.38414999999986,-107.97825000000009,63.9275
-0.16,-0.05379999999999981,-0.17459999999999995,132.85972499999997,-121.30487500000004,64.79625
-0.14840000000000003,-0.03130000000000002,-0.18159999999999998,115.24830000000006,-138.94669999999996,64.6732
-0.1344999999999999,-0.020874999999999914,-0.19550000000000012,97.61962499999986,-157.44412500000016,64.3535
-0.12060000000000001,-0.010450000000000017,-0.20939999999999998,79.99095000000003,-175.94154999999998,64.0338
-0.12,-0.0632000000000005,-0.2000249999999999,63.67897499999985,-183.93862500000006,70.44722500000006
-0.12,-0.11879999999999996,-0.1896,47.426400000000015,-191.462,77.16439999999999
-0.12329999999999998,-0.17495,-0.18164999999999998,34.76065,-199.25515,83.87992499999999
-0.16499999999999998,-0.2375,-0.20249999999999999,63.83250000000001,-210.1875,90.57625
-0.20670000000000044,-0.30005000000000065,-0.22335000000000022,92.9043500000003,-221.1198500000001,97.27257500000007
-0.24630000000000035,-0.3528000000000001,-0.2308999999999995,121.66470000000031,-235.5396000000003,105.91490000000019
-0.277575,-0.3667,-0.18572499999999995,149.19017500000004,-263.7844,122.27172500000002
-0.30885000000000007,-0.38060000000000005,-0.14054999999999992,176.71565000000007,-292.02920000000006,138.62855000000002
-0.3255,-0.38099999999999995,-0.13025000000000012,204.26137500000007,-320.83650000000006,158.82050000000004
-0.3116,-0.35319999999999996,-0.19280000000000014,231.8494000000001,-350.81880000000007,187.02360000000007
-0.2976999999999998,-0.32539999999999963,-0.2553500000000008,259.43742500000036,-380.8011000000004,215.22670000000036
-0.31015000000000015,-0.34255000000000024,-0.30085000000000006,299.9075000000002,-405.1414000000001,234.40415000000002
-0.35532500000000017,-0.41552500000000026,-0.3251750000000001,356.37625000000025,-422.4747000000001,242.37232500000002
-0.4005000000000002,-0.4885000000000003,-0.3495000000000001,412.84500000000025,-439.8080000000001,250.34050000000002
-0.41605,-0.5022249999999999,-0.34222499999999983,430.198875,-463.7891500000002,259.01770000000005
-0.40909999999999996,-0.47094999999999987,-0.31094999999999984,417.84524999999996,-492.81930000000017,268.2334000000001
-0.40215,-0.4396749999999998,-0.27967499999999984,405.49162499999994,-521.8494500000002,277.44910000000004
-0.34479999999999955,-0.3387999999999992,-0.27240000000000003,384.1235999999999,-538.9060000000001,282.2608
-0.2648749999999995,-0.2067499999999992,-0.27587500000000004,358.7178749999999,-550.5993750000001,285.09987500000005
-0.1849499999999995,-0.07469999999999914,-0.27935000000000004,333.31214999999986,-562.2927500000001,287.93895000000003
-0.22367500000000046,-0.10085000000000044,-0.32802500000000046,307.3555499999998,-572.9917250000001,282.3567
-0.2897000000000005,-0.1634000000000005,-0.38710000000000044,281.2721999999998,-583.4619000000001,274.8367999999999
-0.3557250000000005,-0.22595000000000048,-0.4461750000000005,255.1888499999998,-593.932075,267.3168999999999
-0.44775000000000076,-0.2527500000000002,-0.42399999999999977,183.62499999999937,-616.1900000000002,289.4792500000002
-0.5415750000000008,-0.2770750000000002,-0.3961999999999998,108.91249999999935,-639.2640000000002,313.6965250000002
-0.6225999999999988,-0.29519999999999924,-0.3687999999999998,37.9047999999999,-661.7710000000001,337.62620000000015
-0.4940249999999988,-0.2117999999999992,-0.3479499999999998,27.563199999999902,-674.9933750000001,356.8464250000002
-0.3654499999999987,-0.12839999999999918,-0.3270999999999998,17.221599999999896,-688.2157500000001,376.06665000000015
-0.23999999999999888,-0.06250000000000014,-0.30812499999999987,10.84375000000012,-698.1831249999999,386.63562499999966
-0.12879999999999997,-0.07640000000000001,-0.2977,22.540600000000005,-693.3077,357.7549
-0.017599999999999907,-0.09030000000000002,-0.287275,34.23745000000001,-688.432275,328.874175
0.0621,-0.1231000000000001,-0.29680000000000006,48.931000000000026,-684.42835,298.94345
0.06905000000000001,-0.19955000000000012,-0.3524000000000001,70.54550000000003,-682.4371749999999,266.587725
0.07600000000000008,-0.27600000000000097,-0.4080000000000007,92.16000000000025,-680.4459999999999,234.23199999999963
0.009199999999997877,-0.3790000000000018,-0.47540000000000104,124.7544000000006,-681.242575,209.44007499999984
-0.15760000000000218,-0.5180000000000018,-0.5588000000000011,172.23680000000064,-685.81915,194.90414999999982
-0.32440000000000224,-0.6570000000000018,-0.6422000000000012,219.71920000000065,-690.3957250000001,180.3682249999998
-0.43610000000000093,-0.7295000000000003,-0.6895000000000002,257.3330000000004,-685.1131999999998,191.16880000000043
-0.5021250000000009,-0.7468750000000003,-0.7068750000000003,286.7662500000004,-671.6579999999998,222.97200000000046
-0.5681500000000003,-0.7642500000000001,-0.7242500000000001,316.1995000000001,-658.2027999999999,254.77520000000015
-0.5620999999999998,-0.7025749999999995,-0.6765249999999996,293.03427499999975,-648.6187249999999,294.5043250000002
-0.5203999999999998,-0.6017999999999994,-0.5965999999999996,243.85259999999974,-640.9494,338.1538000000003
-0.47869999999999974,-0.5010249999999994,-0.5166749999999996,194.67092499999973,-633.2800749999999,381.80327500000027
-0.42599999999999905,-0.5102500000000006,-0.5550000000000012,180.2189999999999,-630.45625,389.10049999999995
-0.3703999999999996,-0.5484750000000003,-0.6245000000000004,174.92309999999995,-628.9098749999999,386.81395
-0.3148000000000002,-0.5866999999999999,-0.6939999999999997,169.62720000000002,-627.3635,384.5274
-0.430650000000001,-0.6693750000000006,-0.7317500000000002,211.64515000000034,-632.7862500000001,364.44497499999983
-0.5627000000000023,-0.7562500000000015,-0.7665000000000006,258.13370000000083,-638.8675000000002,342.6810499999996
-0.694375000000001,-0.8386249999999996,-0.7991249999999999,302.81125,-645.9403750000002,322.2000000000001
-0.8159999999999998,-0.8004,-0.7748,298.954,-679.5888,336.09999999999997
-0.9376250000000012,-0.7621749999999996,-0.7504749999999998,295.09675,-713.2372250000003,350.0000000000001
-1.0196500000000002,-0.7107500000000001,-0.7404499999999999,290.55585,-740.1415499999999,366.7578
-0.8910749999999987,-0.5891249999999988,-0.8064750000000006,282.3791749999999,-731.1795249999999,398.7139000000003
-0.7625000000000001,-0.4675,-0.8725,274.2025,-722.2175,430.67
-0.6475749999999991,-0.3643999999999994,-0.9287750000000004,252.5825249999994,-718.1295000000001,448.4934749999998
-0.5676499999999983,-0.30879999999999885,-0.9600500000000007,196.4925499999988,-726.5390000000002,430.0794499999996
-0.4877249999999991,-0.25319999999999937,-0.9913250000000003,140.40257499999936,-734.9485000000001,411.6654249999998
-0.4470000000000004,-0.25640000000000196,-1.0142000000000002,103.75999999999982,-747.3886000000005,383.04959999999903
-0.4643750000000002,-0.3467500000000011,-1.0246250000000001,95.9412499999999,-765.8026250000003,339.31324999999947
-0.48175,-0.4371000000000002,-1.03505,88.12249999999997,-784.2166500000001,295.5768999999999
-0.5356250000000011,-0.5548250000000019,-1.0454750000000002,89.79740000000012,-795.6299750000001,262.9255999999997
-0.6225000000000003,-0.6973000000000005,-1.0559,100.05560000000004,-800.7139000000001,240.29639999999992
-0.7093750000000012,-0.8397750000000019,-1.0663250000000002,110.31380000000014,-805.7978250000001,217.6671999999997
-0.7512500000000001,-0.89675,-1.0407499999999998,98.38474999999991,-798.15125,215.47925000000004
-0.7686250000000002,-0.9071750000000002,-0.9955749999999993,74.37597499999966,-783.5736249999998,224.42042500000014
-0.7860000000000001,-0.9176000000000001,-0.9503999999999997,50.36719999999988,-768.9959999999999,233.36160000000004
-0.8114000000000005,-0.9092999999999998,-0.988150000000001,73.64440000000059,-750.1463999999996,240.3473500000001
-0.8392000000000007,-0.8953999999999996,-1.0507000000000017,111.06320000000099,-730.0191999999995,246.74830000000017
-0.8670000000000004,-0.8814999999999997,-1.1132500000000012,148.48200000000062,-709.8919999999997,253.1492500000001
-0.9165000000000003,-0.8644999999999998,-1.1510000000000002,132.93729999999985,-713.1047000000001,256.3913
-0.9686249999999998,-0.847125,-1.1857499999999999,110.98572500000007,-719.140775,259.251225
-1.0205000000000002,-0.8303500000000001,-1.2192499999999995,89.99910000000034,-725.1434,261.9303499999999
-1.0552500000000007,-0.8546750000000004,-1.167124999999999,135.11155000000082,-728.8547000000001,252.22467499999982
-1.0900000000000003,-0.8790000000000002,-1.1149999999999995,180.22400000000036,-732.566,242.51899999999992
-1.105274999999998,-0.8947749999999993,-1.0752250000000008,221.24385000000026,-737.1251750000001,234.2388
-0.997549999999999,-0.8565499999999997,-1.1134500000000003,236.41570000000013,-747.03935,234.9616
-0.889824999999998,-0.8183249999999993,-1.1516750000000007,251.58755000000028,-756.9535250000001,235.6844
-0.8027999999999997,-0.7945000000000002,-1.1872000000000003,246.77759999999938,-758.8837999999997,235.28129999999996
-0.7749999999999995,-0.8118750000000003,-1.2150000000000005,184.7974999999987,-737.9712499999996,231.65687499999993
-0.7471999999999998,-0.8292500000000002,-1.2428000000000003,122.81739999999934,-717.0586999999998,228.03244999999995
-0.7737250000000001,-0.82675,-1.224225,62.33322499999994,-705.2422750000001,225.839025
-0.8884000000000013,-0.7919999999999996,-1.130399999999999,4.276399999999342,-708.1856,225.9676
-1.0030750000000002,-0.75725,-1.0365749999999998,-53.78042500000009,-711.128925,226.096175
-1.0249999999999992,-0.7680000000000007,-1.0547500000000016,-76.57124999999985,-711.8445,229.69150000000008
-0.9554999999999985,-0.8236000000000012,-1.183325000000003,-64.59987499999973,-710.36415,236.70405000000017
-0.8859999999999991,-0.8792000000000008,-1.3119000000000018,-52.62849999999984,-708.8838000000001,243.71660000000008
-0.9361250000000029,-0.9652500000000025,-1.331724999999999,-42.47324999999978,-698.5294499999997,252.63880000000023
-1.0577500000000017,-1.0695000000000014,-1.2865499999999994,-33.40349999999987,-682.8710999999998,262.7024000000001
-1.179375000000003,-1.1737500000000025,-1.2413749999999988,-24.333749999999778,-667.2127499999996,272.76600000000025
-1.2256000000000002,-1.1817999999999995,-1.1571999999999985,11.828000000000657,-664.2034,285.52580000000023
-1.24645,-1.1574749999999998,-1.0598999999999994,57.10725000000022,-665.450925,299.19297500000005
-1.2673000000000003,-1.1331499999999994,-0.9625999999999985,102.38650000000071,-666.69845,312.8601500000002
-1.2215999999999998,-1.12395,-1.0105000000000004,137.67115000000018,-663.70795,322.9487500000001
-1.1659999999999993,-1.117,-1.080000000000001,171.46900000000056,-660.087,332.50500000000017
-1.1103999999999998,-1.11005,-1.1495000000000004,205.2668500000002,-656.46605,342.0612500000001
-1.161750000000001,-1.0927499999999999,-1.205200000000001,192.04809999999975,-645.2274999999998,352.1867500000002
-1.2138750000000016,-1.0753749999999995,-1.2608000000000015,178.48864999999964,-633.9337499999997,362.3163750000003
-1.266000000000001,-1.0547999999999993,-1.3140000000000007,164.39239999999967,-621.7371999999997,371.9824000000001
-1.3181250000000015,-1.0096249999999987,-1.348750000000001,146.1694999999995,-602.6003749999995,378.08450000000016
-1.3702500000000009,-0.9644499999999991,-1.3835000000000006,127.94659999999966,-583.4635499999997,384.1866000000001
-1.433925000000003,-0.9200999999999988,-1.410825,104.85949999999886,-564.4735749999994,390.97757500000023
-1.534700000000002,-0.8783999999999992,-1.4143,66.14799999999924,-545.9552999999996,399.98130000000015
-1.635475000000003,-0.8366999999999988,-1.417775,27.436499999998826,-527.4370249999995,408.9850250000003
-1.6887499999999993,-0.8037499999999997,-1.4225,1.323749999999925,-516.6850000000001,407.3724999999996
-1.6574750000000003,-0.7863750000000002,-1.4294499999999999,-2.3632249999999644,-519.7569,386.8630500000002
-1.6262,-0.769,-1.4364,-6.050200000000003,-522.8288,366.3536
-1.6167000000000002,-0.7734000000000003,-1.4634500000000006,0.4853500000002029,-529.7615750000001,345.0166999999998
-1.6306,-0.8012,-1.5121,18.006300000000028,-540.84335,322.7906
-1.6445,-0.8290000000000003,-1.5607500000000007,35.527250000000215,-551.9251250000001,300.5644999999997
-1.6794,-0.8379,-1.58,43.1131,-558.4499,276.13339999999994
-1.7280500000000005,-0.834425,-1.58,44.19382500000002,-561.9909250000001,250.25854999999964
-1.7767000000000002,-0.83095,-1.58,45.274550000000005,-565.53195,224.38369999999992
-1.782425,-0.8451500000000003,-1.5875750000000002,55.361950000000185,-562.4196,203.97799999999975
-1.7719999999999998,-0.8660000000000005,-1.5980000000000003,68.83800000000033,-556.8039999999999,185.62999999999954
-1.761575,-0.8868500000000004,-1.6084250000000002,82.3140500000002,-551.1884,167.28199999999973
-1.7865500000000007,-0.9047500000000004,-1.5863999999999994,65.03044999999942,-547.1746499999999,158.0170499999998
-1.8178250000000005,-0.9221250000000002,-1.5585999999999995,42.272674999999644,-543.445975,150.36857499999988
-1.8491000000000009,-0.9395000000000004,-1.5307999999999993,19.514899999999404,-539.7172999999999,142.7200999999998
-1.8635000000000002,-0.9670000000000004,-1.4557499999999988,0.7092499999996917,-536.8087499999999,140.00924999999995
-1.8774000000000004,-0.9948000000000008,-1.379299999999998,-17.979300000000507,-533.9244999999999,137.44469999999993
-1.8886999999999996,-1.0180499999999997,-1.304799999999999,-34.66422499999995,-530.6759249999998,135.34197500000005
-1.8747999999999996,-0.9971999999999994,-1.2491999999999985,-31.929399999999927,-523.8961999999998,137.71540000000007
-1.8608999999999996,-0.9763499999999992,-1.1935999999999978,-29.194574999999897,-517.1164749999997,140.08882500000007
-1.8379999999999985,-0.9832500000000031,-1.1777500000000036,-23.52874999999954,-509.10224999999963,143.69675000000024
-1.7824000000000002,-1.0909749999999998,-1.3063249999999997,-7.213625000000029,-496.60267500000003,151.79002499999999
-1.7267999999999994,-1.198700000000001,-1.4349000000000012,9.101500000000145,-484.10309999999987,159.88330000000008
-1.71115,-1.2559,-1.49415,12.456375000000016,-468.78705,167.6981
-1.7737000000000007,-1.2141999999999995,-1.4176999999999993,-9.557750000000219,-447.95789999999977,174.96780000000007
-1.8362500000000002,-1.1724999999999999,-1.34125,-31.571875000000002,-427.12874999999997,182.2375
-1.8844000000000005,-1.1323999999999996,-1.3288000000000006,-22.485199999999523,-408.2595999999998,181.67199999999988
-1.9156750000000007,-1.0941749999999992,-1.3913500000000014,23.047725000000966,-391.68732499999965,171.9246249999998
-1.9469500000000004,-1.0559499999999995,-1.4539000000000006,68.58065000000052,-375.1150499999998,162.1772499999999
-1.9701250000000003,-1.0298749999999997,-1.5043000000000009,88.51960000000004,-356.53194999999954,154.45487499999987
-1.9875,-1.0124999999999997,-1.5460000000000005,90.13200000000002,-336.50899999999973,148.18249999999992
-2.004875,-0.9951249999999996,-1.587700000000001,91.74440000000004,-316.4860499999995,141.91012499999985
-2.0271500000000002,-0.9605999999999995,-1.5779499999999997,78.41669999999974,-305.2022499999999,132.85944999999987
-2.051475,-0.9188999999999998,-1.546675,58.83854999999994,-297.57462499999997,122.64642499999997
-2.0758,-0.8772000000000003,-1.5154000000000003,39.26040000000013,-289.94700000000006,112.43340000000006
-2.0915000000000004,-0.8498749999999994,-1.4956249999999995,32.79512499999991,-284.7918749999999,103.18349999999978
-2.1054000000000004,-0.8255499999999997,-1.4782499999999996,29.066449999999946,-280.1527499999999,94.13459999999986
-2.119300000000001,-0.801224999999999,-1.4608749999999993,25.337774999999827,-275.51362499999976,85.08569999999958
-2.1266000000000003,-0.8990000000000038,-1.4765000000000006,18.34869999999974,-269.76569999999975,75.25469999999964
-2.1335500000000005,-1.0032500000000029,-1.4938750000000005,11.186724999999813,-263.95897499999984,65.38222499999974
-2.14025,-1.1020000000000005,-1.505749999999999,4.543000000000001,-257.1797499999997,56.68475000000011
-2.143725,-1.1298000000000001,-1.4466749999999997,4.584700000000001,-237.85527499999986,63.14477500000004
-2.1471999999999998,-1.1576,-1.3876000000000002,4.6264,-218.53080000000006,69.60479999999998
-2.1574249999999995,-1.1766250000000003,-1.3359500000000004,10.33539999999961,-197.97580000000033,76.2922999999999
-2.1956500000000005,-1.1592499999999997,-1.3150999999999997,39.55320000000052,-172.31639999999953,83.92340000000014
-2.2338750000000003,-1.1418749999999998,-1.29425,68.77100000000024,-146.65699999999978,91.55450000000006
-2.2556,-1.1135,-1.2822,94.69649999999996,-127.71090000000001,94.05960000000002
-2.2416999999999994,-1.0613749999999984,-1.2891500000000002,113.51362500000054,-123.25942499999988,85.49719999999974
-2.2278,-1.0092499999999989,-1.2961000000000003,132.33075000000036,-118.80794999999992,76.93479999999983
-2.1833999999999993,-0.9647499999999997,-1.3213500000000005,145.38185000000004,-111.8752999999999,67.6297249999999
-2.1,-0.9299999999999999,-1.37,151.06,-101.77000000000001,57.375
-2.0165999999999973,-0.8952499999999989,-1.4186500000000015,156.73815000000016,-91.66469999999968,47.12027499999968
-2.005350000000001,-0.905350000000001,-1.44585,126.85219999999876,-78.82354999999968,44.27360000000006
-2.0505250000000004,-0.9505250000000005,-1.456275,69.15329999999933,-63.84282499999983,47.22040000000003
-2.0957000000000017,-0.9957000000000019,-1.4667000000000003,11.454399999997545,-48.86209999999936,50.16720000000013
-2.1646250000000027,-1.0242500000000008,-1.4296249999999981,-32.992000000001255,-16.8217499999987,57.3557500000003
-2.2445500000000016,-1.0451000000000006,-1.3705499999999986,-71.30040000000088,23.11990000000091,66.50890000000021
-2.324475000000001,-1.0659500000000004,-1.3114749999999993,-109.6088000000005,63.061550000000516,75.66205000000012
-2.3315999999999995,-1.0812000000000006,-1.3308000000000018,-121.84640000000026,89.41200000000102,75.18599999999988
-2.3211749999999998,-1.0951000000000006,-1.3690250000000013,-127.79907500000022,112.48600000000079,72.3886249999999
-2.3107499999999996,-1.1090000000000004,-1.4072500000000008,-133.75175000000016,135.56000000000057,69.59124999999993
-2.2229249999999987,-1.0648499999999994,-1.4970750000000013,-101.33982499999948,143.6506500000001,40.73909999999955
-2.1290999999999998,-1.0161999999999998,-1.5909000000000004,-65.95389999999983,150.57980000000003,9.867199999999851
-2.040525,-0.969475,-1.679825,-32.54967499999998,157.48444999999995,-20.425449999999906
-2.0509500000000003,-0.9590499999999997,-1.6763499999999998,-36.5146500000001,163.92710000000017,-39.79510000000051
-2.061375,-0.9486249999999998,-1.672875,-40.47962500000006,170.3697500000001,-59.16475000000032
-2.0826000000000002,-0.9466000000000002,-1.6489999999999991,-46.306400000000096,177.50000000000006,-75.87040000000002
-2.155575,-0.9848249999999998,-1.5273750000000004,-61.054299999999955,187.92499999999995,-79.81104999999998
-2.228550000000002,-1.0230500000000011,-1.4057499999999967,-75.80220000000041,198.35000000000028,-83.75170000000011
-2.2748749999999993,-1.0448749999999998,-1.3158999999999998,-84.49952499999989,210.24997500000026,-89.47995000000017
-2.2575,-1.0274999999999999,-1.3019999999999998,-78.73449999999995,225.6755000000001,-99.48100000000008
-2.2401249999999995,-1.0101249999999993,-1.2880999999999996,-72.96947499999978,241.10102500000062,-109.4820500000004
-2.190849999999997,-1.0232000000000017,-1.3206000000000029,-67.37264999999984,259.2047000000006,-116.49465000000009
-2.097024999999998,-1.078800000000001,-1.417900000000002,-62.010724999999894,281.04855000000043,-119.33372500000006
-2.003199999999999,-1.1344000000000005,-1.515200000000001,-56.648799999999945,302.8924000000002,-122.17280000000004
-1.9393749999999985,-1.1281249999999976,-1.5412499999999987,-60.69750000000049,324.72687500000086,-120.98812499999981
-1.9011499999999988,-1.069049999999998,-1.5064999999999988,-72.77660000000037,346.55335000000065,-116.36984999999986
-1.8629249999999993,-1.0099749999999987,-1.4717499999999992,-84.85570000000025,368.37982500000044,-111.7515749999999
-1.8569000000000007,-1.0176000000000023,-1.448499999999999,-95.79860000000053,384.4402000000007,-109.68399999999995
-1.8673250000000003,-1.059300000000002,-1.431124999999999,-106.16105000000044,397.55485000000056,-108.91949999999996
-1.8777500000000003,-1.1010000000000015,-1.4137499999999994,-116.52350000000034,410.6695000000004,-108.15499999999997
-1.9290500000000015,-1.0827499999999992,-1.4018249999999997,-117.72994999999997,419.0671750000002,-111.69600000000011
-1.991600000000001,-1.0479999999999996,-1.3913999999999997,-116.41639999999998,426.1666000000001,-116.42200000000007
-2.0541500000000004,-1.01325,-1.3809749999999998,-115.10285,433.266025,-121.14800000000002
-2.06,-0.9879500000000001,-1.4114999999999998,-119.49394999999997,450.54309999999987,-128.61764999999994
-2.06,-0.9636249999999994,-1.4462500000000007,-124.47362500000013,468.87025000000045,-136.3703750000002
-2.057599999999999,-0.9403000000000001,-1.4802000000000002,-129.4770000000001,486.90480000000014,-144.00070000000005
-1.9741999999999997,-0.950725,-1.48715,-135.28025000000002,495.06410000000005,-147.50002500000002
-1.8907999999999971,-0.9611500000000004,-1.4941000000000002,-141.0835000000002,503.2234000000003,-150.99935000000013
-1.8215750000000004,-0.9689499999999998,-1.505775000000001,-142.91774999999944,513.2454000000005,-156.35770000000042
-1.8320000000000003,-0.9619999999999999,-1.5440000000000007,-122.44999999999966,533.7340000000004,-172.16200000000026
-1.8424250000000002,-0.95505,-1.5822250000000002,-101.98224999999987,554.2226000000002,-187.9663000000001
-1.8547500000000008,-0.9347999999999979,-1.5985999999999985,-87.72370000000008,569.3418,-208.45220000000123
-1.8721250000000005,-0.8791999999999984,-1.5568999999999988,-89.96855000000006,570.1897,-241.3813000000009
-1.8895000000000002,-0.823599999999999,-1.5151999999999992,-92.21340000000004,571.0376,-274.3104000000006
-1.8793749999999974,-0.7955000000000008,-1.4913750000000001,-106.08800000000154,563.761999999999,-294.445125
-1.8272499999999978,-0.8094000000000006,-1.4948500000000002,-137.72440000000125,544.0795999999992,-295.03935
-1.7751249999999985,-0.8233000000000004,-1.4983250000000001,-169.36080000000095,524.3971999999994,-295.633575
-1.7337999999999993,-0.8516000000000008,-1.4909999999999997,-172.35019999999955,528.5414000000005,-293.37299999999993
-1.7025249999999983,-0.8933000000000021,-1.473624999999999,-148.6819749999988,554.8575750000014,-288.45587499999976
-1.6712499999999986,-0.9350000000000016,-1.4562499999999992,-125.01374999999904,581.1737500000011,-283.53874999999977
-1.657775,-0.9344250000000002,-1.4722499999999996,-106.94807500000014,592.7292749999999,-283.92824999999993
-1.6542999999999999,-0.9100999999999995,-1.5070000000000008,-92.02989999999969,595.9923,-287.2990000000001
-1.6508249999999998,-0.8857749999999998,-1.5417500000000004,-77.11172499999982,599.255325,-290.6697500000001
-1.65265,-0.9012,-1.5129,-33.65834999999991,598.23595,-302.82790000000006
-1.656125,-0.9290000000000009,-1.4642499999999983,18.678625000001716,595.8833749999999,-317.7217500000005
-1.6596,-0.9568000000000006,-1.4155999999999989,71.0156000000012,593.5307999999999,-332.6156000000003
-1.5923499999999988,-0.9077249999999992,-1.406925,36.895874999999414,593.99185,-336.65470000000005
-1.5158999999999998,-0.8486499999999998,-1.4034499999999999,-8.470250000000142,594.8189,-339.2818
-1.4397499999999988,-0.79,-1.4001250000000005,-53.68637500000084,595.7727750000006,-341.81057499999963
-1.4049999999999991,-0.79,-1.4175000000000004,-78.2025000000006,614.2285000000004,-330.77049999999974
-1.3702499999999995,-0.79,-1.4348750000000001,-102.71862500000036,632.6842250000003,-319.73042499999985
-1.3386499999999997,-0.7936000000000013,-1.4454999999999985,-128.12935000000144,650.2480500000005,-308.9981499999996
-1.3282249999999998,-0.821400000000001,-1.4107499999999988,-159.55377500000114,661.8163250000003,-300.3349749999997
-1.3177999999999999,-0.8492000000000007,-1.3759999999999992,-190.97820000000084,673.3846000000003,-291.6717999999998
-1.3021249999999995,-0.8831250000000008,-1.3403749999999994,-207.55912499999954,684.7822500000001,-285.34925
-1.2708499999999985,-0.9352500000000025,-1.3021499999999981,-180.03364999999872,695.6729000000005,-285.98170000000005
-1.2395749999999988,-0.987375000000002,-1.2639249999999986,-152.50817499999897,706.5635500000004,-286.61415
-1.2030999999999987,-1.02,-1.2569000000000012,-119.29909999999882,714.8945000000001,-287.0347
-1.1579249999999974,-1.02,-1.3020750000000028,-76.58092499999748,718.9428750000002,-287.100725
-1.112749999999998,-1.02,-1.3472500000000023,-33.8627499999979,722.9912500000002,-287.16675
-1.0813750000000002,-0.9751500000000002,-1.3648250000000002,-13.212499999999997,732.9925999999999,-285.431875
-1.0639999999999996,-0.8847999999999974,-1.3543999999999998,-14.950000000000053,749.0332000000005,-281.8699999999999
-1.0466249999999997,-0.7944499999999982,-1.343975,-16.687500000000036,765.0738000000003,-278.3081249999999
-1.0357,-0.7556999999999999,-1.3507500000000001,0.5702500000002857,772.42195,-281.05435000000006
-1.02875,-0.74875,-1.368125,29.534375000000004,774.413125,-287.688125
-1.0217999999999998,-0.7417999999999998,-1.3855000000000004,58.4985000000009,776.4043,-294.3219000000002
-1.0251500000000002,-0.673049999999998,-1.3668249999999993,51.9147499999996,776.8556249999999,-306.95285000000035
-1.0321,-0.582699999999999,-1.3355499999999996,32.90649999999978,776.76875,-321.6799000000002
-1.0390500000000003,-0.4923499999999961,-1.3042749999999987,13.898249999999193,776.681875,-336.4069500000006
-0.9979999999999984,-0.507000000000001,-1.2939999999999998,-54.47800000000248,776.487,-337.085
-0.9493499999999989,-0.5382750000000007,-1.2870499999999998,-130.67085000000174,776.2750249999999,-335.53862499999997
-0.9006999999999994,-0.5695500000000003,-1.2801,-206.86370000000102,776.06305,-333.99225
-0.8314999999999969,-0.6316500000000027,-1.2423249999999983,-254.6393250000021,790.3867750000006,-323.00314999999955
-0.7619999999999976,-0.6942000000000021,-1.2040999999999986,-302.0001000000016,804.9227000000004,-311.87619999999964
-0.704500000000001,-0.7526250000000005,-1.1639999999999986,-341.00737499999923,819.3948750000003,-300.27412499999963
-0.7462000000000023,-0.7769500000000014,-1.108399999999997,-310.95904999999834,833.3400500000008,-284.74434999999914
-0.7879000000000018,-0.8012750000000011,-1.0527999999999975,-280.9107249999986,847.2852250000007,-269.2145749999993
-0.8280000000000012,-0.8111999999999986,-1.0268000000000026,-252.49199999999917,859.5224000000002,-255.5135999999997
-0.8627500000000009,-0.772974999999999,-1.099775000000002,-229.5222499999994,866.0484500000001,-247.9276749999998
-0.897500000000002,-0.7347499999999978,-1.1727500000000042,-206.55249999999867,872.5745000000003,-240.34174999999956
-0.9150999999999999,-0.6879499999999996,-1.2028499999999998,-186.4516999999999,878.143825,-233.66722499999997
-0.9011999999999996,-0.6253999999999976,-1.1541999999999981,-171.62039999999945,881.9559000000002,-228.66669999999982
-0.8872999999999996,-0.5628499999999983,-1.1055499999999987,-156.7890999999996,885.7679750000001,-223.66617499999987
-0.8502999999999963,-0.5151499999999982,-1.1014500000000027,-143.72824999999935,882.8397999999994,-228.3445500000009
-0.7877499999999995,-0.4838749999999998,-1.1466250000000004,-132.6256249999999,872.4564999999999,-243.7283750000001
-0.7251999999999975,-0.4525999999999988,-1.1918000000000017,-121.52299999999956,862.0731999999996,-259.1122000000006
-0.6896249999999995,-0.4275499999999994,-1.1996249999999995,-134.71240000000086,854.6633749999999,-273.2178250000004
-0.6722499999999989,-0.40669999999999873,-1.182249999999999,-164.29160000000178,849.2597499999997,-286.4610500000008
-0.6548749999999999,-0.3858499999999998,-1.1648749999999997,-193.8708000000003,843.856125,-299.70427500000017
-0.614999999999998,-0.4050000000000014,-1.074999999999995,-184.579999999999,839.4749999999999,-311.5900000000005
-0.5663499999999985,-0.4397500000000011,-0.9568499999999962,-160.12989999999922,835.4926499999999,-322.94630000000035
-0.5177000000000009,-0.4744999999999993,-0.8387000000000022,-135.67980000000048,831.5103,-334.3025999999998
-0.51,-0.5414250000000038,-0.82,-97.90339999999789,828.6862499999999,-341.7364750000004
-0.51,-0.6144000000000001,-0.82,-57.62119999999994,826.08,-348.43280000000004
-0.51,-0.6873750000000023,-0.82,-17.338999999998684,823.4737499999999,-355.1291250000002
-0.5167000000000002,-0.6598499999999993,-0.7864999999999992,-26.02375000000024,822.7267499999999,-347.6683499999998
-0.5236500000000004,-0.6285749999999983,-0.7517499999999981,-36.535625000000564,822.0491249999999,-339.67932499999955
-0.5248999999999998,-0.5936999999999997,-0.7184999999999999,-47.90880000000007,822.2844,-330.2781999999999
-0.465824999999998,-0.5207249999999974,-0.7011249999999994,-68.3974000000007,832.1812000000003,-305.93234999999913
-0.40674999999999856,-0.4477499999999982,-0.6837499999999996,-88.88600000000051,842.0780000000002,-281.5864999999994
-0.3665250000000017,-0.386374999999999,-0.6692749999999998,-106.66455000000042,849.5692499999999,-262.4041
-0.39780000000000015,-0.36899999999999994,-0.6658000000000001,-114.16360000000003,847.936,-262.8072
-0.42907500000000115,-0.3516249999999994,-0.6623249999999999,-121.66265000000027,846.30275,-263.2103
-0.4787500000000023,-0.33884999999999993,-0.646199999999999,-138.20875000000092,837.0334999999994,-266.01805000000024
-0.5656250000000049,-0.3353749999999998,-0.6044999999999976,-173.04562500000202,812.3262499999986,-273.68737500000043
-0.6525000000000005,-0.3319,-0.5627999999999997,-207.88250000000022,787.6189999999998,-281.35670000000005
-0.6779499999999982,-0.33787500000000065,-0.5179499999999982,-215.57739999999905,759.2341249999988,-286.97222500000015
-0.6292999999999986,-0.3552500000000005,-0.46929999999999866,-190.5295999999993,726.412749999999,-290.1101500000001
-0.5806499999999972,-0.37262500000000104,-0.42064999999999714,-165.48179999999851,693.591374999998,-293.2480750000002
-0.5059999999999955,-0.35199999999999765,-0.42400000000000204,-179.5580000000021,671.9899999999993,-300.6280000000005
-0.4121750000000002,-0.30335000000000006,-0.46569999999999995,-222.4881499999999,658.663375,-311.1364
-0.31834999999999725,-0.25469999999999854,-0.5074000000000013,-265.41830000000124,645.3367499999996,-321.6448000000003
-0.20997499999999772,-0.21574999999999933,-0.46422499999999844,-317.27972500000106,653.5538250000003,-309.78257499999955
-0.09529999999999417,-0.18099999999999825,-0.3842999999999959,-373.0083000000028,671.0991000000008,-288.23409999999893
0.019375000000000003,-0.14625000000000002,-0.304375,-428.736875,688.644375,-266.685625
0.005799999999998695,-0.165650000000001,-0.3270500000000014,-400.80654999999854,715.7286000000008,-265.7996500000001
-0.03590000000000089,-0.19692500000000068,-0.3722250000000009,-354.529974999999,744.9047000000006,-269.44492500000007
-0.07760000000000218,-0.22820000000000165,-0.4174000000000023,-308.25339999999755,774.0808000000015,-273.0902000000002
-0.24047500000000027,-0.29222500000000007,-0.40362499999999996,-252.39089999999987,766.852,-295.14425000000006
-0.41075000000000556,-0.3582500000000022,-0.3862499999999994,-195.94299999999816,757.3999999999996,-318.3225000000008
-0.5722500000000007,-0.417074999999999,-0.37067500000000025,-141.7052749999995,746.094674999999,-339.82022499999994
-0.6070000000000019,-0.37189999999999757,-0.38110000000000055,-119.3922999999988,708.0190999999979,-337.04369999999983
-0.6417500000000002,-0.3267249999999998,-0.39152500000000007,-97.07932499999993,669.9435249999999,-334.267175
-0.6582999999999979,-0.28804999999999964,-0.4084500000000016,-75.7101499999994,631.0989999999986,-335.4348500000006
-0.5957499999999984,-0.27762499999999973,-0.45362500000000117,-58.442874999999574,588.912499999999,-353.74462500000044
-0.5331999999999966,-0.26719999999999944,-0.4988000000000025,-41.17559999999904,546.7259999999977,-372.054400000001
-0.47817499999999824,-0.24817499999999826,-0.48699999999999366,-41.81567500000186,510.727199999999,-379.7904749999993
-0.43994999999999707,-0.20994999999999706,-0.3479999999999893,-82.43495000000311,488.5427999999983,-363.9201499999988
-0.401724999999999,-0.171724999999999,-0.20899999999999636,-123.05422500000105,466.35839999999945,-348.04982499999954
-0.33349999999999386,-0.16500000000000198,-0.11649999999999822,-136.70949999999874,447.16349999999915,-330.4589999999988
-0.2257749999999949,-0.19975000000000165,-0.08522499999999852,-114.86217499999896,431.9047749999993,-310.602849999999
-0.11805000000000035,-0.23449999999999988,-0.0539500000000001,-93.01485000000007,416.64605,-290.74670000000003
-0.08347500000000069,-0.2981250000000024,-0.05925000000000097,-94.69102500000056,415.11065000000025,-264.7055249999991
-0.10780000000000045,-0.38500000000000156,-0.09400000000000064,-115.30820000000037,424.6252000000002,-233.68419999999944
-0.1321250000000012,-0.47187500000000426,-0.12875000000000172,-135.925375000001,434.1397500000005,-202.66287499999848
-0.1541,-0.5399499999999999,-0.14939999999999998,-143.7327,421.3011000000001,-168.92025000000007
-0.17495000000000063,-0.5990250000000018,-0.16330000000000042,-145.40765000000005,397.76144999999934,-133.87487499999895
-0.19580000000000042,-0.6581000000000012,-0.17720000000000027,-147.0826,374.2217999999996,-98.82949999999931
-0.247175000000003,-0.5922999999999952,-0.1466999999999979,-110.87047499999767,334.19864999999777,-76.72672499999905
-0.30625,-0.495,-0.105,-65.10125,290.01750000000004,-57.88875
-0.36532500000000184,-0.397699999999997,-0.0632999999999987,-19.332024999998577,245.83634999999862,-39.05077499999942
-0.35399999999999965,-0.3835999999999999,-0.15600000000000222,30.123600000001062,216.76239999999942,-26.497599999999743
-0.3366249999999991,-0.37664999999999965,-0.2602500000000054,79.8960250000026,188.98672499999856,-14.48452499999937
-0.31834999999999836,-0.3678999999999979,-0.3612000000000012,126.8230999999993,160.64284999999828,-2.44849999999947
-0.2801249999999972,-0.3192499999999964,-0.389000000000002,110.67824999999881,119.703874999997,10.096250000000921
-0.24189999999999912,-0.2705999999999989,-0.4168000000000006,94.53339999999963,78.76489999999907,22.641000000000286
-0.19849999999999624,-0.22309999999999774,-0.43252499999999755,73.94954999999769,40.77854999999876,31.12912499999936
-0.12899999999999692,-0.18139999999999817,-0.387349999999998,30.9776999999981,17.683699999998986,19.157749999999474
-0.059499999999994765,-0.13969999999999685,-0.3421749999999966,-11.994150000003234,-5.4111500000017365,7.186374999999099
0.0020000000000010287,-0.1170000000000006,-0.28699999999999803,-39.696999999999754,-15.664999999999473,0.5380000000001601
0.04370000000000061,-0.14132500000000037,-0.2070749999999988,-29.60907499999985,5.862625000000321,7.064050000000096
0.08540000000000192,-0.1656500000000011,-0.12714999999999632,-19.521149999999537,27.39025000000099,13.5901000000003
0.06582500000000052,-0.18,-0.08,-7.8700000000000685,40.707024999999994,26.59704999999989
-0.041900000000002824,-0.18,-0.08,6.0300000000003635,42.21170000000004,48.92740000000058
-0.14962500000000178,-0.18,-0.08,19.930000000000227,43.71637500000003,71.25775000000037
-0.20370000000000005,-0.1874000000000001,-0.10960000000000036,36.806650000000126,35.621399999999895,79.82779999999998
-0.21064999999999998,-0.20129999999999995,-0.16519999999999982,56.297924999999935,19.094300000000054,76.31110000000001
-0.2175999999999999,-0.2151999999999998,-0.22079999999999927,75.78919999999974,2.567200000000217,72.79440000000004
-0.1654000000000019,-0.22,-0.25592499999999946,113.53734999999891,-13.129524999999653,68.91825000000009
-0.0819999999999959,-0.22,-0.28025000000000116,160.91550000000234,-28.38825000000075,64.85249999999981
0.0014000000000032736,-0.22,-0.30457500000000093,208.29365000000186,-43.646975000000594,60.78674999999984
-0.05560000000000284,-0.10929999999999584,-0.26679999999999837,115.37169999999611,-70.8397000000009,75.14040000000058
-0.15290000000000192,0.033175000000002786,-0.2111999999999989,-17.82157500000261,-101.4579250000006,94.7811000000004
-0.2502000000000089,0.17565000000001305,-0.1555999999999949,-151.01485000001222,-132.0761500000028,114.42180000000181
-0.04749999999999999,0.161875,-0.2125,-229.558125,-78.96625,96.85000000000001
0.188800000000017,0.13059999999999775,-0.28200000000000497,-301.9806000000052,-16.478799999995502,75.11039999999844
0.4179749999999942,0.09759999999999311,-0.34902499999999714,-372.833625,46.752275000005966,53.95250000000033
0.32414999999999505,-0.01360000000000583,-0.3038499999999976,-372.53824999999995,143.69435000000504,59.165000000000276
0.230324999999996,-0.12480000000000473,-0.2586749999999981,-372.24287499999997,240.63642500000412,64.37750000000023
0.13199999999999593,-0.2305000000000024,-0.21099999999999797,-367.8924999999991,322.6724999999998,65.03799999999914
0.006899999999997131,-0.30347500000000166,-0.14844999999999856,-339.41487499999937,316.01787499999983,38.6140999999994
-0.11820000000000164,-0.37645000000000095,-0.08589999999999917,-310.93724999999966,309.36324999999994,12.190199999999656
-0.20074999999999987,-0.42722499999999997,-0.028899999999999856,-269.17107499999975,284.6091499999998,-8.175875000000012
-0.16600000000000023,-0.41680000000000006,0.012799999999999728,-190.77160000000055,209.9592000000005,-11.841999999999976
-0.13124999999999773,-0.4063749999999993,0.05450000000000273,-112.37212499999488,135.30924999999513,-15.50812500000024
-0.09920000000000073,-0.3811000000000013,0.07460000000000036,-35.01755000000199,87.89015000000012,-10.761050000000473
-0.07139999999999873,-0.3324499999999978,0.060699999999999366,40.69227500000346,83.33442499999978,7.229025000000824
-0.043599999999999,-0.2837999999999983,0.0467999999999995,116.40210000000272,78.77869999999983,25.21910000000065
-0.06195000000000164,-0.28840000000000143,0.06662500000000138,207.72837500000279,34.253524999997836,29.08549999999975
-0.12450000000000101,-0.3440000000000009,0.11875000000000085,314.0112500000017,-48.55225000000135,19.424999999999844
-0.18705000000000552,-0.3996000000000049,0.1708750000000046,420.2941250000094,-131.35802500000733,9.764499999999147
-0.13740000000000036,-0.36500000000000027,0.16360000000000013,499.5609999999998,-166.38199999999998,-6.753399999999935
-0.022724999999992113,-0.278124999999994,0.12189999999999715,563.1708750000043,-173.7142500000005,-27.24547500000141
0.09195000000000675,-0.1912499999999949,0.08019999999999755,626.7807500000038,-181.04650000000044,-47.73755000000121
-0.008625000000008376,-0.07024999999999351,0.033249999999997615,595.843374999997,-160.01562499999852,-51.1959999999999
-0.1789000000000067,0.061800000000005184,-0.015400000000001912,534.2906999999976,-129.8004999999988,-49.13879999999992
-0.349175000000005,0.19385000000000388,-0.06405000000000144,472.7380249999982,-99.58537499999912,-47.08159999999994
-0.18699999999999586,0.22525000000000034,-0.21945000000000336,349.04769999999746,-92.33674999999992,-38.573649999999816
