0.07819999999999996,0.3984,-0.060500000000000005,225.80849999999998,-56.672700000000006,35.21970000000001
-0.07,0.57,-0.08,163.74,-69.18,67.11
0.02749999999999997,0.5037,-0.029300000000000007,90.42390000000002,-72.6276,37.76250000000001
0.12499999999999994,0.4374,0.021399999999999978,17.10780000000004,-76.0752,8.415000000000013
0.1494,0.33030000000000004,0.04490000000000001,-29.214,-67.3848,-16.2252
0.07920000000000006,0.17040000000000016,0.033200000000000014,-40.60199999999999,-42.986400000000025,-34.77359999999999
0.008999999999999968,0.010499999999999928,0.021499999999999995,-51.99000000000001,-18.58799999999999,-53.32200000000001
-0.057799999999999976,-0.07119999999999999,-0.034399999999999986,-20.279600000000016,-31.300599999999992,-30.903800000000015
-0.12410000000000002,-0.1414,-0.09680000000000001,17.7688,-49.470699999999994,-2.461100000000002
-0.1568000000000001,-0.16960000000000014,-0.14,49.253199999999964,-70.09119999999994,20.201199999999982
-0.11390000000000003,-0.10330000000000004,-0.14,65.9686,-96.22509999999998,29.857599999999998
-0.07099999999999997,-0.03699999999999994,-0.14,82.68400000000001,-122.35900000000002,39.51400000000001
-0.0687,0.011899999999999994,-0.1052,91.4273,-130.1736,43.3153
-0.08039999999999999,0.05479999999999997,-0.058400000000000035,97.4216,-131.6712,45.0976
-0.09350000000000001,0.08299999999999996,-0.02420000000000002,104.03470000000002,-135.1449,45.949600000000004
-0.113,0.044,-0.0476,113.4766,-147.6522,42.5488
-0.13250000000000003,0.0049999999999999455,-0.07100000000000004,122.91850000000001,-160.1595,39.147999999999996
-0.14959999999999998,-0.012399999999999994,-0.09919999999999995,135.13959999999997,-177.62999999999997,42.74319999999999
-0.16519999999999999,-0.0163,-0.1304,149.0977,-198.2025,50.7109
-0.18099999999999997,-0.020999999999999984,-0.16199999999999998,162.6278,-219.53099999999995,58.97479999999999
-0.2005,-0.04050000000000001,-0.201,168.2399,-254.84550000000002,72.7184
-0.22000000000000003,-0.06000000000000004,-0.24000000000000007,173.852,-290.16,86.46200000000003
-0.2319,-0.07379999999999999,-0.23720000000000008,170.42770000000002,-329.94519999999994,99.52349999999998
-0.2358,-0.0816,-0.1904,157.4914,-374.4364,111.867
-0.2397,-0.08940000000000001,-0.14359999999999995,144.55509999999998,-418.9276000000001,124.21050000000001
-0.22920000000000001,-0.1511999999999999,-0.10760000000000006,179.12079999999995,-447.66159999999996,132.44639999999998
-0.2175,-0.2175,-0.07250000000000001,217.645,-475.08250000000004,140.34
-0.22820000000000007,-0.2572,-0.05700000000000003,257.1856000000001,-494.4954,148.704
-0.27890000000000015,-0.24939999999999998,-0.07650000000000007,298.5412000000001,-499.60830000000004,157.90800000000002
-0.3296,-0.24159999999999998,-0.096,339.8968,-504.7212,167.112
-0.35860000000000003,-0.1903999999999999,-0.12790000000000004,347.9243,-515.6156,192.94750000000005
-0.38200000000000006,-0.12799999999999984,-0.1630000000000001,347.351,-528.002,223.07500000000007
-0.3793000000000001,-0.07460000000000001,-0.20259999999999997,342.73400000000004,-542.5079,247.2877
-0.2896000000000003,-0.05120000000000008,-0.2571999999999998,324.6380000000001,-564.0787999999999,251.78439999999998
-0.1998999999999998,-0.02779999999999994,-0.31180000000000013,306.542,-585.6497,256.2811
-0.1934,-0.06419999999999995,-0.36119999999999997,301.7476,-620.0282,247.00039999999998
-0.22850000000000004,-0.13050000000000006,-0.40800000000000003,303.604,-660.8105,230.83099999999996
-0.2643999999999999,-0.18640000000000007,-0.4412000000000002,302.44800000000004,-698.8148,216.8344
-0.3073000000000002,-0.15129999999999988,-0.3553999999999997,274.93349999999987,-712.5116,221.84980000000002
-0.3502,-0.11619999999999998,-0.26959999999999995,247.41899999999998,-726.2084,226.86520000000002
-0.36369999999999997,-0.09159999999999997,-0.20689999999999992,241.58280000000002,-729.1763,236.09530000000004
-0.352,-0.07599999999999994,-0.16399999999999984,254.32800000000003,-722.948,248.93800000000005
-0.3403,-0.06039999999999992,-0.12109999999999978,267.07320000000004,-716.7196999999999,261.7807000000001
-0.1614000000000005,-0.006800000000000139,-0.21879999999999974,259.0134,-699.251,260.06940000000003
0.021899999999999795,0.04779999999999994,-0.3201999999999999,250.4061,-681.4865,257.9751
0.06279999999999997,0.030399999999999955,-0.41200000000000003,252.1108,-676.4836,239.2776
-0.10099999999999879,-0.09049999999999914,-0.48999999999999944,268.6389999999999,-689.8254999999999,196.7130000000003
-0.26480000000000053,-0.21140000000000042,-0.5680000000000002,285.16720000000004,-703.1674,154.14839999999987
-0.4087999999999994,-0.2827999999999997,-0.5997999999999999,262.35610000000014,-722.8651,156.55289999999994
-0.5491999999999996,-0.34519999999999984,-0.6232,232.39240000000007,-743.7184,167.13359999999997
-0.6478,-0.39659999999999995,-0.6103000000000002,217.19069999999996,-759.2939,185.95769999999993
-0.64,-0.42000000000000004,-0.505,239.565,-761.435,225.765
-0.6322,-0.44340000000000007,-0.39969999999999983,261.93930000000006,-763.5761,265.57230000000004
-0.4283999999999992,-0.3071999999999994,-0.4652000000000004,249.65799999999993,-743.5551999999999,303.2656000000001
-0.1476000000000013,-0.10830000000000095,-0.5977999999999993,223.7620000000001,-714.8278000000001,340.12839999999983
0.07319999999999938,0.04379999999999942,-0.7039999999999997,200.21499999999992,-688.5153999999999,362.8209999999997
-0.03599999999999978,-0.06149999999999978,-0.665,189.5875,-675.4855,307.5775000000001
-0.14519999999999997,-0.16679999999999995,-0.626,178.96,-662.4556,252.334
-0.2912000000000002,-0.24910000000000007,-0.6560000000000001,178.7653,-681.904,215.60319999999996
-0.46280000000000043,-0.3154000000000002,-0.7340000000000002,185.8282,-723.9460000000001,191.7507999999999
-0.6270999999999995,-0.37769999999999965,-0.8095,191.4355999999998,-764.1715999999999,169.08620000000008
-0.5139999999999993,-0.2879999999999995,-0.7899999999999999,141.73399999999972,-735.3739999999998,191.5580000000001
-0.40090000000000026,-0.1983000000000002,-0.7705000000000001,92.03240000000011,-706.5764000000001,214.02979999999994
-0.32560000000000006,-0.17879999999999996,-0.7978,77.68279999999997,-700.97,233.7908
-0.2944,-0.24120000000000003,-0.8797,104.5772,-722.4200000000001,250.38920000000002
-0.2632000000000002,-0.3035999999999996,-0.9615999999999995,131.4715999999998,-743.8699999999999,266.9875999999999
-0.3090000000000002,-0.4815000000000007,-0.8404999999999995,165.3450000000001,-759.7725000000002,238.04399999999987
-0.3636000000000003,-0.672600000000001,-0.6961999999999993,200.01600000000016,-775.0410000000002,203.89559999999983
-0.41169999999999995,-0.7831000000000001,-0.6571999999999996,239.95069999999987,-768.9453000000001,182.67569999999998
-0.4468,-0.7324,-0.8287999999999998,290.41279999999995,-720.1212,187.3128
-0.4819,-0.6817,-1.0004000000000002,340.8749,-671.2971,191.9499
-0.6730000000000005,-0.652,-1.007,336.03799999999995,-659.025,199.68000000000004
-0.9108999999999987,-0.6286000000000002,-0.9641000000000003,314.6114000000001,-657.7185,208.33799999999997
-1.057600000000001,-0.5812000000000006,-0.9212000000000002,294.26800000000003,-656.7823999999999,226.40479999999977
-0.8508999999999988,-0.44079999999999914,-0.8782999999999997,278.1219999999999,-657.2816,280.93070000000034
-0.6441999999999983,-0.30039999999999895,-0.8353999999999996,261.9759999999999,-657.7808,335.4566000000004
-0.5925,-0.3175,-0.9149999999999999,271.79,-664.0875000000001,345.0775
-0.6276,-0.4228000000000002,-1.0632000000000001,296.14160000000004,-673.6464000000001,329.5516
-0.6621000000000001,-0.5233000000000001,-1.2024000000000001,317.8334,-681.2628,312.6606999999999
-0.6894000000000001,-0.5662000000000003,-1.2336,307.60759999999993,-665.5691999999999,279.38979999999987
-0.7166999999999999,-0.6090999999999999,-1.2648,297.3818,-649.8756000000001,246.1189000000001
-0.7840000000000007,-0.5419999999999987,-1.221999999999999,251.02199999999942,-640.73,216.2399999999998
-0.8893000000000009,-0.3703999999999985,-1.108899999999999,170.3348999999993,-637.805,189.58349999999976
-0.994600000000001,-0.19879999999999826,-0.9957999999999988,89.64779999999918,-634.88,162.92699999999974
-0.9593000000000003,-0.15300000000000025,-0.9567000000000002,18.52520000000048,-681.0687999999997,178.52449999999988
-0.9164000000000002,-0.1140000000000002,-0.9216000000000002,-52.080399999999635,-729.9123999999998,196.4059999999999
-0.8600000000000003,-0.2114999999999988,-0.9764999999999993,-89.59300000000006,-766.309,201.26450000000006
-0.7820000000000001,-0.5273999999999993,-1.1753999999999996,-74.15680000000003,-782.7904,185.28620000000004
-0.704,-0.8432999999999998,-1.3742999999999999,-58.72060000000001,-799.2718,169.30790000000002
-0.7316,-1.0504000000000002,-1.3428,-10.954799999999977,-784.1436,166.0304
-0.7823000000000001,-1.2337000000000005,-1.2608999999999997,43.88310000000011,-762.1007999999999,165.53119999999998
-0.8219999999999998,-1.2950000000000044,-1.1760000000000013,95.22099999999939,-728.661000000001,170.3849999999997
-0.8298,-1.0024999999999986,-1.0823999999999996,136.40890000000022,-662.1698999999996,190.7625000000001
-0.8376,-0.7099999999999981,-0.9887999999999993,177.5968000000003,-595.6787999999996,211.14000000000013
-0.9102000000000008,-0.5848999999999995,-1.0167000000000006,181.0332999999999,-578.0172000000001,232.93500000000017
-1.0115999999999992,-0.5342000000000005,-1.0985999999999991,167.69140000000013,-582.0576,255.35999999999981
-1.084500000000001,-0.4735000000000009,-1.1934999999999987,145.67600000000058,-585.0865000000001,276.38249999999994
-0.9636000000000008,-0.3448000000000008,-1.376799999999999,64.68080000000049,-581.2372,287.86799999999994
-0.8426999999999983,-0.2160999999999982,-1.5601000000000025,-16.314400000001115,-577.3879,299.35350000000017
-0.8735999999999996,-0.3095999999999992,-1.596,-74.22499999999988,-606.1997999999999,289.3098000000001
-1.0217999999999998,-0.5747999999999995,-1.518,-114.29749999999994,-660.2498999999999,262.6299
-1.17,-0.84,-1.44,-154.37,-714.3,235.95
-1.2129,-0.9570000000000001,-1.2176999999999996,-29.616799999999813,-727.2597,223.51289999999997
-1.2558,-1.0740000000000003,-0.9953999999999994,95.13640000000035,-740.2194,211.07579999999996
-1.2766,-1.066899999999999,-0.9567000000000008,207.0053000000004,-722.5484999999998,211.17110000000008
-1.2688,-0.899199999999999,-1.155600000000001,302.20040000000057,-665.2379999999997,227.4848000000001
-1.2610000000000001,-0.7315000000000018,-1.3544999999999978,397.395499999999,-607.9275000000007,243.79849999999982
-1.3415999999999992,-0.618200000000001,-1.4547999999999992,410.6574,-603.2966,250.24199999999993
-1.435200000000001,-0.5128999999999989,-1.5406000000000009,411.8703,-606.4127000000001,255.23400000000004
-1.4543999999999984,-0.39559999999999834,-1.5555999999999983,380.30159999999876,-605.6575999999999,254.83439999999985
-1.306200000000001,-0.25130000000000075,-1.4113000000000007,274.97430000000054,-596.1923,242.30370000000005
-1.1580000000000006,-0.10700000000000054,-1.2670000000000006,169.64700000000036,-586.727,229.77300000000005
-1.1751,-0.3570999999999992,-1.3459999999999996,84.64000000000017,-636.5376999999999,224.82580000000002
-1.2492,-0.7431999999999997,-1.5019999999999998,6.640000000000057,-706.7883999999999,222.49360000000001
-1.3128,-1.0705,-1.5991999999999997,-47.77279999999995,-756.1363999999999,221.06650000000002
-1.3284,-1.1290000000000002,-1.4275999999999995,5.641600000000125,-709.9291999999999,223.77700000000002
-1.344,-1.1875000000000002,-1.2559999999999993,59.056000000000196,-663.7219999999999,226.4875
-1.455600000000001,-1.1163999999999992,-1.2068,123.94000000000037,-643.9292,238.8292000000001
-1.627199999999998,-0.9643000000000017,-1.2340999999999998,195.99249999999915,-640.6454,257.1903999999998
-1.7885999999999997,-0.8151999999999993,-1.2646000000000006,262.6987999999998,-636.0251999999997,275.01240000000007
-1.7612999999999999,-0.7215999999999991,-1.354300000000001,230.5003999999997,-606.6815999999997,282.8592000000001
-1.7339999999999998,-0.6279999999999989,-1.444000000000001,198.30199999999965,-577.3379999999996,290.70600000000013
-1.6839000000000004,-0.5762,-1.5013999999999998,127.07190000000067,-567.3648999999999,282.2755000000002
-1.6098000000000003,-0.5684,-1.5248,14.755800000000491,-577.7818,256.7110000000001
-1.5357000000000003,-0.5606000000000001,-1.5482,-97.56029999999967,-588.1986999999999,231.1465000000001
-1.5948,-0.9019999999999995,-1.6219999999999999,-118.6668,-601.5568,230.8936
-1.665,-1.2725,-1.7,-132.1725,-615.16,232.75
-1.7086,-1.4567999999999999,-1.6519999999999997,-120.76099999999994,-609.5468,235.886
-1.7046999999999999,-1.3085999999999995,-1.3789999999999991,-64.85449999999985,-569.6185999999999,241.30700000000002
-1.7008,-1.1604000000000019,-1.1060000000000039,-8.948000000000777,-529.6904000000005,246.72799999999992
-1.6627999999999998,-0.8943999999999982,-1.0252,47.39560000000034,-478.0224999999997,266.7624000000001
-1.6159999999999997,-0.5979999999999979,-0.9939999999999998,103.85200000000042,-423.3249999999996,290.56800000000015
-1.5682999999999996,-0.40510000000000135,-1.079800000000004,130.69029999999935,-378.2979999999999,314.3016000000002
-1.5175999999999994,-0.5572000000000016,-1.555600000000005,58.801599999999254,-365.50599999999986,337.79520000000025
-1.4668999999999994,-0.7093000000000018,-2.0314000000000054,-13.087100000000838,-352.7139999999998,361.28880000000026
-1.582599999999999,-0.8067999999999996,-2.0990000000000006,-73.03919999999971,-389.1451999999997,338.41140000000024
-1.7814999999999992,-0.8769999999999997,-1.9625000000000006,-127.0229999999998,-450.18799999999976,292.3485000000002
-1.9644,-0.9396,-1.8144000000000005,-168.03800000000015,-503.4116000000001,248.64920000000004
-2.0073,-0.9357,-1.5648000000000002,-95.57600000000006,-488.21720000000005,225.6314
-2.0502,-0.9318000000000001,-1.3151999999999997,-23.113999999999947,-473.02279999999996,202.6136
-2.0909999999999997,-0.9237,-1.2105,34.8895000000001,-443.6407999999999,194.95940000000002
-2.13,-0.912,-1.23,80.50000000000017,-402.09799999999984,200.47400000000002
-2.169000000000001,-0.9002999999999998,-1.2495000000000005,126.11050000000107,-360.55519999999905,205.98860000000013
-2.071200000000001,-0.8050000000000012,-1.4665999999999975,102.6484000000003,-347.02220000000017,198.2070000000001
-1.9698000000000009,-0.707500000000001,-1.6888999999999978,77.36860000000026,-334.22630000000015,190.0755000000001
-1.9195999999999998,-0.7027999999999989,-1.7880000000000007,45.581600000000364,-327.6272,184.19680000000002
-1.9429999999999998,-0.831499999999999,-1.7100000000000006,4.440500000000306,-329.936,181.55650000000003
-1.9664000000000004,-0.9602000000000016,-1.6319999999999992,-36.70060000000051,-332.24480000000005,178.91619999999995
-1.9600999999999997,-0.9073999999999988,-1.5044999999999982,-11.617299999999489,-324.3499999999999,172.7349999999999
-1.9483999999999997,-0.8215999999999987,-1.3679999999999979,25.506800000000567,-314.59999999999985,165.90999999999988
-1.953199999999999,-0.7512000000000006,-1.2952999999999983,51.42190000000005,-306.99610000000007,161.41919999999996
-2.0,-0.72,-1.385,48.805,-304.855,162.87
-2.0468,-0.6888,-1.4747000000000001,46.1881,-302.7139,164.3208
-2.1020000000000003,-0.6912,-1.5504000000000002,44.7164,-310.6976,146.90519999999992
-2.1605000000000003,-0.7068000000000001,-1.6206000000000003,43.694599999999994,-322.6589,122.07779999999988
-2.2015999999999996,-0.7218,-1.6764,42.67999999999999,-331.89079999999996,99.63959999999994
-2.1469999999999994,-0.7335,-1.6529999999999998,41.70499999999999,-326.11099999999993,90.34199999999993
-2.0923999999999996,-0.7452000000000001,-1.6296,40.72999999999999,-320.3311999999999,81.04439999999992
-2.0906999999999996,-0.7867999999999995,-1.6177000000000001,61.05759999999971,-317.9324,66.62700000000015
-2.1258,-0.8491999999999996,-1.6138000000000001,96.20439999999977,-317.88559999999995,48.648000000000124
-2.1624999999999996,-0.9101,-1.6062000000000007,130.3658,-317.97169999999994,30.92640000000004
-2.26,-0.914,-1.4580000000000006,127.08200000000001,-323.10799999999995,22.986000000000026
-2.3575,-0.9179,-1.3098000000000003,123.79820000000001,-328.24429999999995,15.045600000000018
-2.401,-0.9001999999999993,-1.2245999999999997,113.66719999999968,-315.7981999999994,19.14360000000032
-2.3814999999999995,-0.8572999999999993,-1.2128999999999996,95.54779999999965,-282.83929999999935,37.28640000000034
-2.3619999999999997,-0.8143999999999991,-1.2011999999999998,77.42839999999963,-249.88039999999933,55.42920000000037
-2.3565,-0.8589999999999992,-1.2174999999999996,57.81450000000028,-237.81300000000016,77.92599999999966
-2.3526000000000002,-0.9135999999999993,-1.2369999999999997,38.02980000000026,-228.13320000000013,100.9203999999997
-2.2863000000000024,-0.9279000000000007,-1.2655999999999994,35.35049999999964,-206.69880000000052,113.09620000000011
-2.095200000000002,-0.8616000000000007,-1.3123999999999996,66.88199999999968,-161.75520000000046,103.6348000000001
-1.9041000000000017,-0.7953000000000006,-1.3591999999999997,98.41349999999973,-116.8116000000004,94.17340000000007
-1.9439999999999993,-0.783,-1.459999999999999,57.85500000000045,-112.43999999999994,91.402
-2.0531999999999995,-0.7869,-1.5769999999999993,-4.330499999999638,-120.23999999999995,90.6376
-2.1376,-0.7804000000000002,-1.6356000000000006,-59.73039999999986,-126.47359999999999,86.09880000000008
-2.1259,-0.7336000000000001,-1.4679000000000004,-88.8360999999999,-126.6374,66.93420000000006
-2.1142,-0.6868000000000001,-1.3002000000000002,-117.94179999999994,-126.8012,47.769600000000025
-2.15,-0.7575000000000001,-1.365,-125.23499999999999,-109.1175,45.4025
-2.2124,-0.8940000000000002,-1.5600000000000003,-120.31319999999998,-81.43919999999996,52.44200000000001
-2.2745,-1.0206,-1.7324999999999997,-115.8267,-53.4569999999999,58.885099999999994
-2.333,-1.0284,-1.6349999999999996,-116.5638,-21.82799999999986,58.1714
-2.3915,-1.0362,-1.5374999999999994,-117.3009,9.801000000000187,57.457699999999996
-2.4060000000000006,-0.9920000000000028,-1.4640000000000015,-100.49000000000098,26.09999999999995,49.74400000000042
-2.3787,-0.8983999999999992,-1.4132999999999996,-67.0084999999997,27.835500000000017,35.38029999999988
-2.3514,-0.8047999999999991,-1.3625999999999996,-33.52699999999966,29.57100000000002,21.016599999999855
-2.2944999999999993,-0.8370000000000005,-1.4488000000000012,-24.883599999999916,63.11910000000041,16.44309999999995
-2.2359999999999993,-0.8760000000000006,-1.5424000000000013,-17.582799999999903,98.38680000000046,12.398799999999948
-2.2150000000000007,-0.8789999999999992,-1.6330000000000013,-17.416000000000164,127.11450000000028,4.815999999999807
-2.2540000000000004,-0.8243999999999991,-1.7188000000000014,-28.66360000000018,145.37820000000028,-8.428400000000213
-2.2930000000000006,-0.769799999999999,-1.8046000000000015,-39.91120000000019,163.6419000000003,-21.672800000000233
-2.3127999999999997,-0.7727999999999997,-1.768800000000001,-44.27239999999995,179.91519999999971,-40.949199999999635
-2.3284,-0.7883999999999998,-1.706400000000001,-47.12719999999995,195.75309999999973,-61.54509999999967
-2.3439999999999994,-0.8029999999999998,-1.6320000000000014,-44.53000000000027,207.09700000000004,-82.60999999999967
-2.3595999999999995,-0.8146999999999999,-1.5228000000000013,-26.122000000000245,205.40830000000003,-105.03499999999971
-2.3751999999999995,-0.8263999999999998,-1.413600000000001,-7.7140000000002145,203.7196,-127.45999999999975
-2.3773,-0.7651999999999974,-1.4043000000000008,2.9207000000001884,216.7162000000005,-145.0115000000004
-2.3733999999999997,-0.6715999999999974,-1.439400000000001,10.100600000000199,236.23960000000054,-160.39700000000045
-2.3610000000000007,-0.5969999999999995,-1.4834999999999992,9.5005000000004,254.29349999999994,-173.31000000000003
-2.2908000000000004,-0.6515999999999996,-1.5887999999999993,-44.00359999999969,262.35479999999995,-169.41000000000003
-2.2206,-0.7061999999999997,-1.6940999999999995,-97.50769999999977,270.4161,-165.51000000000002
-2.1394,-0.7695999999999998,-1.7004000000000001,-118.46940000000001,280.54319999999996,-170.34179999999998
-2.0497,-0.8397999999999999,-1.6302,-114.2847,292.2666,-181.9209
-1.96,-0.91,-1.56,-110.1,303.99,-193.5
-1.9561,-0.8983,-1.4703,-80.35079999999996,323.8956,-201.2064
-1.9522,-0.8865999999999999,-1.3805999999999998,-50.60159999999991,343.80120000000005,-208.9128
-1.9738000000000002,-0.8936000000000002,-1.3606000000000003,-28.595899999999947,358.2634,-210.26459999999997
-2.0284000000000004,-0.9248000000000002,-1.4308000000000005,-16.611199999999933,365.68120000000005,-203.39279999999994
-2.083,-0.9560000000000002,-1.5010000000000006,-4.626499999999913,373.09900000000005,-196.52099999999993
-2.0491999999999995,-0.868199999999999,-1.5168000000000001,-31.76220000000029,399.5908000000003,-184.19559999999987
-2.0023999999999993,-0.7628999999999989,-1.5246000000000002,-64.65090000000033,428.8876000000003,-171.06819999999985
-1.9651999999999998,-0.6936000000000001,-1.5275999999999998,-94.41480000000027,453.43600000000015,-160.77999999999994
-1.9495999999999998,-0.7053000000000001,-1.5197999999999998,-117.1479000000003,467.3005000000002,-156.87999999999994
-1.9340000000000004,-0.7169999999999997,-1.5120000000000002,-139.88099999999952,481.16499999999974,-152.98000000000008
-1.9386999999999996,-0.7779999999999984,-1.4665000000000012,-141.29040000000012,476.8175000000002,-153.85339999999994
-1.9503999999999997,-0.8559999999999985,-1.4080000000000013,-135.34680000000012,466.1900000000002,-156.37279999999996
-1.9586000000000001,-0.9116000000000009,-1.3614,-122.07420000000081,455.8180000000002,-159.4556999999999
-1.9507999999999999,-0.8647999999999991,-1.3692000000000002,-75.29759999999905,446.6139999999998,-165.1146000000001
-1.9429999999999998,-0.8179999999999991,-1.377,-28.520999999998978,437.4099999999998,-170.77350000000013
-1.9207999999999992,-0.7591999999999985,-1.4544000000000028,0.22680000000040934,446.1772000000005,-173.5644
-1.8895999999999993,-0.6928999999999984,-1.575300000000003,17.70660000000043,466.1764000000005,-174.5628
-1.8602,-0.6304,-1.6907999999999999,31.410800000000577,485.6511999999999,-176.18439999999987
-1.8641,-0.6382,-1.7064,-24.733599999999512,495.4245999999999,-189.33519999999987
-1.868,-0.6459999999999999,-1.7219999999999998,-80.87799999999959,505.1979999999999,-202.4859999999999
-1.8605000000000003,-0.6519,-1.629300000000001,-134.8335999999997,511.3443,-206.22990000000001
-1.8410000000000002,-0.6558,-1.422600000000001,-186.4851999999998,513.6726,-200.07180000000002
-1.8215000000000001,-0.6597000000000001,-1.2159000000000006,-238.13679999999985,516.0008999999999,-193.9137
-1.7264000000000002,-0.7031999999999999,-1.2144,-189.4492000000001,512.076,-196.55759999999998
-1.625,-0.75,-1.23,-132.4,507.63,-199.935
-1.5712000000000002,-0.8136000000000001,-1.3058000000000003,-86.51719999999996,506.376,-197.48139999999998
-1.6024,-0.9072000000000003,-1.4891000000000005,-60.574399999999926,510.82199999999995,-184.61529999999996
-1.6336,-1.0008000000000004,-1.6724000000000008,-34.631599999999885,515.2679999999999,-171.74919999999995
-1.6368999999999998,-0.883599999999999,-1.582899999999999,-36.226100000000045,537.0678000000001,-162.77669999999998
-1.6329999999999998,-0.7119999999999987,-1.422999999999999,-44.92700000000006,563.3460000000001,-154.80899999999994
-1.6309,-0.5854000000000001,-1.325200000000001,-53.12930000000006,580.3667999999998,-146.2220999999999
-1.6348,-0.6088000000000002,-1.4344000000000012,-59.66960000000007,566.5295999999998,-135.5711999999999
-1.6386999999999998,-0.6321999999999994,-1.5435999999999974,-66.20989999999983,552.6924000000004,-124.92030000000027
-1.554200000000003,-0.6062000000000012,-1.5176000000000023,-86.12979999999938,554.0703999999998,-126.44259999999983
-1.4255000000000029,-0.5555000000000011,-1.4240000000000022,-112.73949999999942,563.0559999999998,-134.05149999999983
-1.3104,-0.5212000000000018,-1.3408000000000002,-134.0055999999996,570.3787999999998,-141.39960000000008
-1.3143,-0.630400000000002,-1.3486000000000002,-108.51519999999957,563.1520999999999,-146.46570000000008
-1.3182,-0.7396000000000021,-1.3564000000000003,-83.02479999999952,555.9253999999999,-151.5318000000001
-1.3136999999999999,-0.7984000000000003,-1.3747000000000007,-54.69099999999938,545.3029999999998,-155.48280000000005
-1.3019999999999998,-0.8140000000000003,-1.4020000000000006,-23.91999999999933,531.7699999999998,-158.47800000000007
-1.2903000000000002,-0.8295999999999998,-1.4292999999999996,6.850999999999596,518.2370000000002,-161.47319999999996
-1.4039999999999986,-0.7160000000000013,-1.4262,41.4713999999996,519.5354,-166.74079999999995
-1.5209999999999988,-0.5990000000000012,-1.4223,76.19309999999965,521.2241,-172.06819999999996
-1.5788000000000002,-0.5012000000000006,-1.3800000000000008,74.54360000000048,514.3768000000002,-178.8483999999999
-1.5515000000000003,-0.4310000000000005,-1.2825000000000006,20.610500000000393,495.2590000000001,-187.71699999999993
-1.5242000000000002,-0.3608000000000004,-1.1850000000000005,-33.32259999999968,476.1412000000001,-196.58559999999994
-1.4243000000000006,-0.47209999999999935,-1.325099999999999,-52.56609999999995,470.0188,-192.07600000000002
-1.3112000000000004,-0.6163999999999996,-1.5083999999999993,-65.50239999999997,466.2592,-185.13400000000001
-1.2135,-0.7178,-1.6103,-85.19379999999995,468.5232,-180.0422
-1.155,-0.71,-1.505,-122.08000000000001,486.12,-179.66
-1.0965,-0.7021999999999999,-1.3997,-158.96620000000007,503.71680000000003,-179.27779999999998
-1.0548,-0.6691999999999998,-1.2523999999999995,-142.2407999999999,503.2004,-181.5276
-1.0196999999999998,-0.6262999999999997,-1.0885999999999993,-104.45369999999984,495.56809999999996,-184.81140000000002
-0.9990000000000003,-0.5972000000000003,-0.9782000000000011,-69.5675999999999,489.0956,-186.11159999999995
-1.0575000000000003,-0.6440000000000003,-1.1615000000000013,-50.636999999999865,489.002,-176.50199999999992
-1.1159999999999983,-0.6907999999999986,-1.3447999999999949,-31.706400000000528,488.90840000000003,-166.89240000000026
-1.1560999999999992,-0.7237999999999993,-1.3901000000000012,-37.26389999999941,489.30469999999997,-152.0549000000005
-1.1834000000000002,-0.7472000000000003,-1.3393999999999995,-59.85660000000027,490.0418,-133.58059999999978
-1.2099,-0.7683999999999992,-1.2894999999999999,-80.86689999999949,491.25690000000026,-115.83850000000012
-1.206,-0.7059999999999991,-1.2699999999999998,-41.74599999999943,510.6360000000003,-125.92000000000014
-1.2021,-0.643599999999999,-1.2504999999999997,-2.625099999999371,530.0151000000003,-136.00150000000016
-1.1423999999999979,-0.5595999999999981,-1.2436,-18.724600000001402,552.6342000000005,-132.39759999999967
-1.0175999999999976,-0.4503999999999979,-1.2514,-99.24790000000152,579.0333000000005,-112.82739999999963
-0.8927999999999975,-0.3411999999999978,-1.2592,-179.77120000000164,605.4324000000005,-93.2571999999996
-0.8344999999999989,-0.43850000000000267,-1.3125000000000013,-173.04649999999964,592.7294999999996,-110.90250000000049
-0.7837999999999988,-0.5594000000000028,-1.3710000000000013,-156.35059999999962,575.5577999999996,-132.80100000000053
-0.7434999999999995,-0.64,-1.3943999999999988,-141.82699999999974,566.5358000000002,-146.59139999999994
-0.7240000000000002,-0.64,-1.3476000000000004,-131.6480000000001,573.8131999999999,-144.16560000000004
-0.7045000000000001,-0.64,-1.3008000000000004,-121.4690000000001,581.0905999999999,-141.73980000000003
-0.7839999999999991,-0.5770000000000006,-1.2150000000000007,-124.48099999999995,584.216,-143.96099999999998
-0.8931999999999993,-0.4951000000000005,-1.1175000000000006,-131.45029999999997,586.0958,-147.57629999999997
-0.9632000000000003,-0.4284,-1.044,-130.48280000000014,583.3996000000001,-153.41159999999994
-0.8813000000000002,-0.42060000000000003,-1.0635,-98.76020000000008,562.9714000000001,-167.84939999999995
-0.7994000000000001,-0.4128,-1.083,-67.03760000000004,542.5432000000001,-182.28719999999998
-0.7525,-0.445,-1.135,-65.055,543.1525,-181.29500000000002
-0.7252,-0.4996000000000001,-1.2052,-79.72680000000003,555.5428,-171.66199999999998
-0.7009,-0.5445999999999999,-1.2543999999999995,-96.28110000000011,566.6452,-161.43289999999996
-0.7126,-0.4743999999999997,-1.0515999999999992,-135.42540000000017,562.2928,-144.05059999999992
-0.7243,-0.4041999999999996,-0.8487999999999988,-174.5697000000002,557.9404000000001,-126.6682999999999
-0.6399999999999988,-0.3619999999999999,-0.8460000000000014,-185.12599999999986,556.014,-117.11399999999999
-0.46449999999999847,-0.3463999999999999,-1.0332000000000017,-168.52369999999985,556.3923,-114.99629999999998
-0.2889999999999918,-0.33079999999999926,-1.2204000000000088,-151.9213999999992,556.7706,-112.87859999999989
-0.40949999999999664,-0.4335999999999973,-1.2263000000000002,-117.43330000000087,574.1170999999995,-134.11159999999944
-0.5459999999999968,-0.5427999999999975,-1.2224000000000002,-81.97840000000082,592.3807999999996,-156.60679999999945
-0.6749999999999974,-0.5455000000000036,-1.149500000000004,-66.04149999999967,600.3095000000002,-169.35350000000005
-0.7919999999999976,-0.3778000000000034,-0.9662000000000037,-81.33339999999968,591.7022000000002,-166.50260000000006
-0.9089999999999978,-0.21010000000000317,-0.7829000000000035,-96.62529999999971,583.0949000000002,-163.65170000000003
-0.8692000000000013,-0.23759999999999876,-0.8875999999999971,-73.14600000000056,577.9788000000001,-164.11279999999996
-0.7951000000000013,-0.30779999999999885,-1.0552999999999972,-41.185500000000516,573.6264000000001,-165.2984
-0.6990000000000023,-0.3839999999999986,-1.1760000000000002,-24.28599999999961,571.7009999999999,-166.089
-0.5390999999999962,-0.47760000000000213,-1.1603999999999997,-51.06340000000063,576.8139000000001,-165.7341
-0.37919999999999604,-0.5712000000000023,-1.1447999999999996,-77.84080000000066,581.9268000000001,-165.3792
-0.38130000000000197,-0.5378999999999976,-1.0319999999999958,-85.81539999999998,580.5029999999999,-173.4699000000003
-0.4554000000000021,-0.4481999999999975,-0.8759999999999957,-85.43319999999999,576.1739999999999,-185.3142000000003
-0.5270000000000016,-0.365499999999999,-0.7470000000000016,-77.32249999999824,575.8455000000008,-196.5605000000002
-0.5816000000000017,-0.3303999999999989,-0.8016000000000016,-16.65799999999814,602.7204000000008,-203.74040000000022
-0.6362000000000018,-0.2952999999999989,-0.8562000000000017,44.00650000000195,629.5953000000009,-210.92030000000022
-0.6621999999999999,-0.3349999999999962,-0.908599999999998,74.7289999999997,643.1073999999999,-210.81820000000025
-0.6660999999999999,-0.43249999999999633,-0.959299999999998,82.31449999999971,646.2936999999998,-205.08910000000023
-0.67,-0.53,-1.01,89.9,649.48,-199.36
-0.5802999999999999,-0.4363999999999999,-0.9632,77.39269999999999,655.8292,-166.35039999999995
-0.49059999999999976,-0.3427999999999997,-0.9163999999999999,64.88539999999996,662.1784,-133.34079999999992
-0.4110999999999997,-0.27129999999999976,-0.8763999999999998,31.355899999999735,663.4786,-121.48940000000007
-0.3447999999999996,-0.22839999999999974,-0.8451999999999998,-29.378800000000354,658.2447999999999,-137.0192000000001
-0.2784999999999995,-0.1854999999999997,-0.8139999999999998,-90.11350000000044,653.011,-152.5490000000001
-0.43320000000000164,-0.2412000000000006,-0.8202000000000002,-57.7867999999996,653.5844000000001,-207.73640000000051
-0.620400000000002,-0.3114000000000007,-0.8319000000000001,-11.774599999999534,655.0118,-268.7558000000006
-0.7704000000000008,-0.3696000000000004,-0.8087999999999989,24.456400000000166,640.7371999999995,-320.3588000000004
-0.8367000000000009,-0.4008000000000004,-0.7073999999999987,38.67970000000018,591.1330999999993,-350.7749000000004
-0.903000000000001,-0.43200000000000044,-0.6059999999999985,52.903000000000205,541.5289999999992,-381.19100000000043
-0.6473999999999941,-0.3384999999999978,-0.4842999999999979,-4.350000000001302,541.0103000000003,-334.1016999999988
-0.2807999999999936,-0.2019999999999976,-0.35559999999999775,-86.25000000000142,557.4176000000002,-260.2863999999987
0.03749999999999831,-0.07320000000000162,-0.2758999999999975,-172.44869999999813,576.3434999999995,-197.22730000000024
0.13499999999999845,0.020399999999998503,-0.4201999999999977,-278.2985999999983,606.7829999999994,-183.33940000000024
0.2324999999999986,0.11399999999999863,-0.5644999999999979,-384.1484999999985,637.2224999999995,-169.4515000000002
0.049200000000004684,0.008400000000003016,-0.6032000000000004,-415.6536000000002,631.0620000000004,-194.93079999999935
-0.3095999999999958,-0.22169999999999734,-0.5759000000000003,-400.69320000000016,602.0265000000003,-245.0145999999994
-0.6539999999999992,-0.44339999999999935,-0.5470000000000006,-381.9196000000009,573.7872000000002,-291.55060000000014
-0.7319999999999993,-0.5096999999999994,-0.48850000000000054,-292.60180000000076,560.2776000000001,-272.45230000000015
-0.8099999999999994,-0.5759999999999995,-0.43000000000000044,-203.28400000000065,546.7680000000001,-253.35400000000013
-0.7018000000000018,-0.5511000000000007,-0.4189999999999998,-155.3007,533.7809000000001,-218.5370000000003
-0.39760000000000134,-0.4302000000000005,-0.45799999999999985,-150.8274,521.3438000000001,-167.1740000000002
-0.0934000000000009,-0.30930000000000035,-0.4969999999999999,-146.35410000000002,508.9067,-115.81100000000015
-0.0052000000000000934,-0.19920000000000013,-0.5396,-114.84120000000004,495.56960000000004,-135.69559999999996
0.065,-0.09,-0.5825,-81.07499999999999,482.1575,-161.51749999999998
0.04139999999999272,-0.017199999999999705,-0.5889999999999977,-54.36759999999946,483.6764000000011,-197.36340000000203
-0.1497000000000145,-0.009399999999999409,-0.5304999999999955,-40.26519999999893,511.85780000000216,-251.10930000000405
-0.3408000000000078,-0.0015999999999996818,-0.47199999999999764,-26.162799999999425,540.0392000000012,-304.8552000000022
-0.4172000000000003,-0.06200000000000047,-0.3793999999999994,-43.91290000000015,536.1976,-295.4261999999998
-0.46399999999999864,-0.13999999999999774,-0.27800000000000297,-69.88299999999924,524.0920000000003,-269.69400000000076
-0.43339999999999745,-0.17569999999999908,-0.21710000000000065,-108.76540000000074,508.5024999999997,-242.0915999999997
-0.1448000000000076,-0.07040000000000277,-0.29119999999999807,-190.68879999999785,481.3000000000007,-208.25520000000088
0.14380000000000337,0.034900000000001236,-0.3653000000000009,-272.612200000001,454.0974999999996,-174.4187999999996
0.1880000000000018,0.08039999999999964,-0.2938000000000034,-291.5636000000003,439.1462000000002,-206.2921999999985
0.10999999999999885,0.09600000000000022,-0.14949999999999788,-279.0289999999998,430.32049999999987,-271.02050000000094
0.03640000000000071,0.12279999999999747,-0.025999999999998802,-272.31439999999907,430.17559999999844,-330.0831999999998
0.001299999999999378,0.24760000000000218,-0.08450000000000102,-316.52480000000077,505.98770000000127,-339.5719000000002
-0.033799999999999386,0.3723999999999978,-0.142999999999999,-360.7351999999992,581.7997999999986,-349.06059999999985
-0.09410000000000165,0.28299999999999437,-0.19310000000000088,-379.39699999999993,600.1180999999993,-342.9777999999996
-0.17599999999999882,0.01000000000000395,-0.2359999999999994,-376.16,569.1560000000004,-323.5480000000003
-0.2579000000000019,-0.2630000000000064,-0.27890000000000104,-372.9229999999999,538.1938999999993,-304.11819999999955
-0.2827999999999997,-0.3611999999999989,-0.24200000000000046,-308.74920000000077,469.92720000000077,-260.08340000000055
-0.30620000000000064,-0.4548000000000025,-0.202999999999999,-242.97179999999827,400.67879999999815,-215.40109999999885
-0.28000000000000086,-0.417200000000002,-0.20879999999999937,-201.03920000000008,361.36319999999995,-187.76200000000003
-0.18250000000000427,-0.19100000000000994,-0.2789999999999969,-193.38350000000034,365.07599999999985,-184.62250000000014
-0.08500000000000058,0.035199999999998684,-0.34919999999999957,-185.72780000000006,368.7888,-181.48300000000003
-0.2085999999999933,-0.05869999999999381,-0.29070000000000334,-125.39090000000286,340.7655000000014,-149.08570000000154
-0.3723999999999995,-0.21079999999999954,-0.20880000000000024,-55.475600000000206,306.9720000000001,-111.3688000000001
-0.4339000000000075,-0.2837000000000049,-0.15329999999999955,1.9832999999990264,272.9508000000013,-80.25300000000055
-0.23500000000000001,-0.155,-0.16499999999999998,27.735,238.35,-65.94
-0.03610000000000696,-0.0263000000000045,-0.17669999999999958,53.4866999999991,203.74920000000122,-51.62700000000051
-0.010800000000000115,0.12200000000000044,-0.11279999999999973,70.39880000000004,166.87759999999992,-46.5652
-0.053700000000001746,0.27800000000000635,-0.01919999999999618,83.83820000000054,129.11389999999847,-45.13779999999994
-0.08099999999999966,0.38599999999999907,0.05819999999999993,92.22079999999988,99.94760000000011,-44.65420000000003
-0.02249999999999744,0.22999999999999318,0.046499999999999486,72.79099999999914,118.06700000000079,-49.361500000000206
0.03600000000000051,0.07399999999999862,0.034799999999999894,53.361199999999826,136.18640000000016,-54.06880000000004
0.09220000000000254,0.012300000000000182,-0.009100000000003106,52.13590000000053,147.65880000000033,-53.53209999999981
0.14680000000000065,0.016200000000000048,-0.07540000000000079,63.57460000000013,154.5072000000001,-49.34739999999995
0.19490000000000468,0.019400000000000542,-0.13810000000000172,74.85169999999988,160.91480000000024,-45.11390000000014
-0.003999999999988402,-0.003999999999998637,-0.06400000000000432,79.9879999999997,150.5720000000006,-39.02600000000036
-0.20289999999999592,-0.027399999999999522,0.010099999999998492,85.12429999999989,140.22920000000022,-32.93810000000013
-0.2685999999999984,0.024800000000002487,0.06620000000000062,90.12920000000008,122.12659999999951,-12.198199999999332
-0.17890000000000156,0.16519999999999754,0.10129999999999939,94.98079999999992,94.97090000000047,25.63569999999934
-0.08919999999999817,0.30560000000000287,0.13640000000000074,99.83240000000009,67.81519999999945,63.46960000000077
-0.06600000000000023,0.24300000000000127,0.09450000000000074,64.94500000000058,48.68150000000027,31.19850000000058
-0.05039999999999964,0.157199999999998,0.04379999999999882,25.515999999999078,30.464599999999578,-9.08460000000094
-0.024400000000000546,0.09610000000000014,0.048999999999998656,-0.9441999999999939,26.967599999999692,-37.90559999999993
0.02240000000000123,0.0843999999999997,0.16600000000000306,-1.4668000000000136,52.91040000000068,-43.802400000000155
0.0691999999999996,0.07270000000000011,0.282999999999999,-1.9893999999999954,78.85319999999977,-49.69919999999995
0.02299999999999784,-0.002000000000002722,0.23799999999999727,61.5860000000024,89.55900000000018,-41.14499999999963
-0.05109999999999957,-0.09559999999999946,0.14440000000000056,144.3907999999995,95.69369999999996,-28.255500000000076
-0.11400000000000063,-0.16599999999999937,0.06279999999999888,208.2339999999997,91.11159999999852,-11.834799999999028
-0.13349999999999995,-0.14650000000000007,0.02770000000000011,198.60100000000003,45.001900000000134,18.269299999999916
-0.1530000000000007,-0.1269999999999993,-0.007400000000001227,188.96799999999965,-1.107800000001614,48.373400000001055
-0.095,-0.035,-0.025,141.7,-13.97,59.0575
0.00639999999999645,0.09759999999999537,-0.032799999999999725,73.35640000000238,-8.213600000000202,58.866400000000006
0.10150000000000006,0.2254000000000002,-0.04150000000000006,4.838799999999793,-0.7303999999999178,55.60419999999988
0.12099999999999937,0.29559999999999775,-0.060999999999999374,-65.76679999999773,27.474399999999093,15.488800000001284
0.14050000000000012,0.36580000000000046,-0.08050000000000011,-136.37240000000043,55.679200000000165,-24.626600000000234
0.08000000000000396,0.3320000000000039,-0.060000000000001705,-179.5019999999995,54.11400000000087,-37.902000000000356
-0.056500000000001216,0.19939999999999886,-0.0014999999999994879,-196.52940000000015,24.26729999999974,-25.679399999999895
-0.19299999999999642,0.06680000000000348,0.05699999999999846,-213.55679999999955,-5.579399999999217,-13.456800000000321
-0.10379999999999884,0.08590000000000031,0.13030000000000086,-243.10500000000036,-0.9494999999999241,5.466500000000224
-0.0024000000000023725,0.11319999999999937,0.20439999999999828,-273.3299999999993,5.543999999999848,24.751999999999548
0.07200000000000045,0.14500000000000057,0.24399999999999977,-256.99949999999865,9.667500000000004,30.829999999999774
0.10320000000000165,0.18400000000000205,0.2283999999999992,-166.18019999999524,9.999000000000017,15.775999999999208
0.13440000000000055,0.2230000000000007,0.2127999999999997,-75.36089999999841,10.330500000000006,0.7219999999997362
0.09839999999999718,0.2492000000000013,0.23240000000000152,-33.34479999999826,19.094000000000587,-21.86160000000134
0.047699999999998965,0.27260000000000045,0.2597000000000006,-2.004399999999361,29.70200000000022,-46.09230000000049
-0.00799999999999898,0.2520000000000022,0.2710000000000005,27.90399999999962,27.57100000000056,-56.33600000000043
-0.07819999999999652,0.10380000000000736,0.23590000000000175,53.659599999998726,-11.503099999998064,-26.017400000001494
-0.1483999999999992,-0.04439999999999827,0.20080000000000042,79.4151999999997,-50.57719999999955,4.301199999999648
-0.16190000000000054,-0.1061999999999989,0.2034999999999991,149.15919999999585,-83.68969999999857,36.612399999998445
-0.1502000000000001,-0.1295999999999998,0.2229999999999998,238.45359999999923,-114.15259999999974,69.8091999999997
-0.12399999999999639,-0.14499999999999885,0.23449999999999874,323.89750000000174,-139.15499999999966,96.0794999999994
0.0007999999999992735,-0.10600000000000023,0.19160000000000024,383.1579999999997,-127.02600000000007,75.24960000000013
0.125600000000004,-0.06699999999999875,0.1486999999999986,442.4185000000019,-114.89699999999961,54.41969999999934
0.20859999999999984,-0.010400000000000187,0.09480000000000019,436.2708000000002,-93.66000000000008,32.14000000000007
