0.009649999999999978,0.2634,-0.15699999999999997,127.1427,-62.73895,50.44685
0.13,0.28,-0.24,82.58,-72.23,54.85
0.07604999999999999,0.28415,-0.18605,29.06159999999999,-63.5233,41.00975
0.02209999999999999,0.2883,-0.1321,-24.456800000000012,-54.8166,27.1695
0.007350000000000002,0.23609999999999998,-0.09775,-46.3065,-48.7853,11.984199999999998
0.019800000000000005,0.14479999999999998,-0.07699999999999999,-46.182,-44.6104,-4.134400000000005
0.026250000000000013,0.058750000000000066,-0.05925,-36.97875000000003,-39.34725,-17.5095
0.005500000000000012,-0.0034999999999999615,-0.0551,13.381499999999974,-29.150700000000008,-18.447400000000002
-0.01524999999999999,-0.06574999999999998,-0.05095,63.741749999999975,-18.954150000000006,-19.3853
-0.07120000000000004,-0.054399999999999976,-0.059600000000000014,84.694,-21.986400000000003,-5.90079999999999
-0.13760000000000006,-0.021199999999999976,-0.07205000000000002,96.91575,-28.945950000000007,11.865350000000014
-0.17400000000000002,0.01049999999999996,-0.08749999999999997,95.59100000000004,-41.82299999999997,26.68549999999999
-0.15740000000000004,0.039549999999999974,-0.10824999999999999,70.33410000000003,-65.15429999999998,36.30104999999999
-0.14080000000000004,0.06859999999999998,-0.12899999999999998,45.077200000000026,-88.48559999999998,45.91659999999999
-0.08470000000000007,0.09764999999999999,-0.11025000000000003,15.826850000000029,-108.20264999999998,43.4412
-0.026600000000000058,0.12669999999999998,-0.08950000000000002,-13.625699999999972,-127.73669999999998,40.3536
0.024749999999999966,0.14450000000000002,-0.07775000000000001,-36.26074999999999,-134.47050000000002,35.3175
0.07039999999999996,0.1528,-0.07360000000000001,-53.13879999999999,-130.39520000000002,28.636000000000003
0.10615000000000002,0.15450000000000003,-0.07055,-65.69770000000001,-124.16060000000002,21.749900000000004
0.07709999999999996,0.11299999999999993,-0.07470000000000002,-49.985799999999976,-103.79239999999997,13.524599999999987
0.04805000000000014,0.0715000000000002,-0.07884999999999998,-34.273900000000076,-83.4242000000001,5.29930000000004
0.0040000000000001285,0.024000000000000132,-0.10099999999999992,-6.8710000000000875,-70.84700000000002,5.215999999999992
-0.04579999999999999,-0.025799999999999983,-0.13005,25.013449999999985,-61.256350000000005,8.253799999999998
-0.08,-0.05220000000000006,-0.15909999999999994,51.36509999999996,-56.56409999999998,12.607199999999983
-0.08,-0.027300000000000005,-0.18814999999999998,65.58715,-62.61065,19.8448
-0.08,-0.0024000000000000553,-0.21719999999999995,79.80919999999998,-68.65719999999997,27.082399999999986
-0.08375,0.026250000000000002,-0.21625,77.8425,-83.02875,27.02625
-0.08789999999999999,0.055299999999999946,-0.2121,74.14900000000002,-98.28829999999998,26.1921
-0.07359999999999998,0.07615000000000001,-0.1977,64.15379999999999,-108.89845,25.5445
-0.04040000000000006,0.08859999999999998,-0.17280000000000004,47.70320000000003,-114.74579999999999,25.088
-0.013150000000000009,0.09614999999999999,-0.15175,33.195100000000004,-119.53859999999999,24.56115
-0.050499999999999934,0.05050000000000008,-0.17249999999999996,39.77699999999999,-112.882,23.270500000000002
-0.08784999999999986,0.004850000000000172,-0.19324999999999992,46.35889999999998,-106.22540000000002,21.979850000000003
-0.11959999999999996,-0.026799999999999963,-0.21119999999999997,67.55399999999995,-108.3972,22.822799999999997
-0.1486499999999999,-0.05169999999999991,-0.22779999999999995,95.7947499999999,-114.82554999999998,24.694449999999993
-0.16670000000000001,-0.07219999999999999,-0.24549999999999997,122.35139999999997,-126.23689999999996,26.948899999999995
-0.15425000000000005,-0.08049999999999997,-0.26624999999999993,144.23849999999993,-151.46474999999992,30.26474999999999
-0.14179999999999998,-0.08880000000000002,-0.28700000000000003,166.12560000000005,-176.69260000000008,33.58060000000001
-0.13290000000000007,-0.07935000000000009,-0.28645000000000004,185.35019999999986,-195.79669999999987,37.546099999999974
-0.12460000000000009,-0.06690000000000011,-0.28230000000000005,204.12479999999982,-213.86579999999984,41.621399999999966
-0.13849999999999987,-0.048900000000000075,-0.2707500000000001,213.58280000000002,-228.16644999999997,48.244149999999976
-0.17999999999999977,-0.024000000000000125,-0.2500000000000001,211.458,-237.78199999999995,58.03399999999995
-0.21939999999999998,-0.0,-0.22924999999999998,208.91154999999998,-247.69935000000004,68.17710000000002
-0.2028,-0.0,-0.20850000000000002,195.1211,-265.6647,87.74019999999999
-0.18620000000000003,-0.0,-0.18775000000000006,181.33065000000005,-283.6300499999999,107.30329999999995
-0.15660000000000018,-0.007799999999999939,-0.18779999999999994,181.60099999999997,-300.8023999999999,109.22020000000003
-0.11924999999999994,-0.020250000000000018,-0.20025,190.25375000000003,-317.502,100.61724999999998
-0.10349999999999998,-0.04439999999999997,-0.21539999999999998,200.8118,-334.5643,89.7202
-0.16574999999999984,-0.11079999999999984,-0.24029999999999996,218.25009999999997,-352.93634999999995,70.53890000000004
-0.2279999999999997,-0.17719999999999972,-0.2651999999999999,235.68839999999994,-371.30839999999995,51.35760000000008
-0.29695000000000016,-0.19,-0.27335000000000004,244.1956,-392.74570000000006,64.36645000000004
-0.3675,-0.19,-0.2775,250.57,-414.91499999999996,85.0625
-0.40505,-0.20154999999999995,-0.2899,254.1889,-441.9732499999999,112.75289999999993
-0.39260000000000006,-0.2305999999999999,-0.3147999999999999,253.6328,-476.43899999999985,151.04079999999985
-0.3801500000000001,-0.2596499999999998,-0.3396999999999999,253.0767,-510.9047499999998,189.32869999999974
-0.28979999999999995,-0.178,-0.35640000000000005,258.6214,-518.0686,191.5161
-0.19850000000000018,-0.09500000000000014,-0.373,264.2405,-524.8995,193.26325
-0.19359999999999977,-0.04560000000000009,-0.4063999999999998,278.9891999999999,-526.8296,190.35680000000002
-0.25169999999999965,-0.020700000000000145,-0.45204999999999973,300.3948999999999,-525.1862,184.05710000000002
-0.3133,0.0014000000000000054,-0.48579999999999995,315.4971,-529.6202000000001,177.06509999999997
-0.3921499999999999,0.009699999999999988,-0.46090000000000003,299.53205,-564.0070999999999,166.66105000000002
-0.4709999999999997,0.01799999999999997,-0.43600000000000005,283.56700000000006,-598.3939999999999,156.25700000000003
-0.4490500000000003,-0.027249999999999663,-0.42685,272.32380000000006,-635.8174999999998,159.95549999999994
-0.3951000000000004,-0.08949999999999954,-0.4227,262.5796000000001,-674.2049999999997,168.13099999999994
-0.3310000000000008,-0.13869999999999977,-0.43159999999999965,257.3014,-699.3394999999999,174.20109999999997
-0.24800000000000025,-0.1635999999999999,-0.4647999999999999,260.3392,-699.7959999999999,176.3508
-0.16500000000000042,-0.18849999999999986,-0.49799999999999983,263.377,-700.2524999999999,178.5005
-0.2613999999999992,-0.15490000000000026,-0.45710000000000034,260.51410000000004,-688.8647000000001,167.07430000000008
-0.36929999999999896,-0.11755000000000035,-0.4114500000000004,257.27295000000004,-676.71765,154.77785000000011
-0.4156,-0.12419999999999988,-0.4119999999999999,246.91040000000004,-679.2468,162.49479999999994
-0.40730000000000005,-0.16984999999999978,-0.4534999999999998,230.23570000000007,-694.7844,187.95089999999988
-0.38550000000000084,-0.20400000000000035,-0.49999999999999944,213.4725000000001,-706.6970000000001,212.1049999999999
-0.2651500000000011,-0.15420000000000045,-0.5829999999999992,196.06325000000015,-692.1471000000001,226.75449999999987
-0.14479999999999926,-0.10439999999999969,-0.6660000000000005,178.65399999999988,-677.5971999999999,241.40400000000008
-0.21324999999999936,-0.1401499999999997,-0.7430999999999996,173.2778,-672.6348,241.07340000000002
-0.35849999999999904,-0.21069999999999955,-0.8177999999999995,172.7964,-671.5724,234.64920000000004
-0.46,-0.26875,-0.85875,192.125,-673.74875,224.73250000000002
-0.46,-0.29779999999999945,-0.8214000000000007,257.41279999999875,-683.4389999999999,206.71320000000034
-0.46,-0.3268499999999999,-0.7840500000000001,322.7005999999997,-693.12925,188.69390000000007
-0.48219999999999985,-0.3337,-0.7541000000000002,309.3634000000001,-690.6835,197.25539999999992
-0.5070999999999998,-0.33785,-0.7250500000000002,286.4637000000002,-686.76175,209.04969999999992
-0.5379999999999996,-0.3020000000000008,-0.7020000000000002,266.3560000000002,-694.4739999999998,220.68399999999988
-0.5753500000000001,-0.22314999999999963,-0.6853999999999999,249.24969999999993,-714.6928000000001,232.14630000000005
-0.6082,-0.1557000000000002,-0.6778000000000004,233.6287,-735.5245000000001,243.43310000000002
-0.5833,-0.23455000000000006,-0.7857000000000001,237.06905,-764.22175,252.46765000000002
-0.5584000000000001,-0.3133999999999999,-0.8936,240.50939999999997,-792.919,261.5022
-0.5664999999999999,-0.4279999999999996,-0.9355,247.08474999999996,-788.1102500000001,258.17825000000005
-0.5913999999999998,-0.5607999999999993,-0.9438,255.25609999999995,-766.2439,248.56270000000006
-0.6225999999999996,-0.6432000000000005,-0.9363500000000003,267.64739999999983,-748.0284,242.90354999999994
-0.6723999999999996,-0.5768000000000006,-0.8824000000000005,292.49759999999975,-740.5916000000001,248.92519999999993
-0.7221999999999994,-0.5104000000000007,-0.8284500000000006,317.3477999999997,-733.1548000000001,254.94684999999993
-0.6669999999999997,-0.40549999999999964,-0.8550000000000001,309.31199999999995,-712.5474999999999,281.7970000000001
-0.5922999999999999,-0.2934499999999999,-0.8965000000000001,295.1688,-689.49425,312.5153000000001
-0.5302000000000001,-0.22820000000000001,-0.9578,252.78360000000006,-683.8146,338.66880000000003
-0.48455000000000015,-0.22405000000000003,-1.0449499999999996,173.52690000000024,-700.81715,358.86269999999996
-0.44069999999999987,-0.224699999999999,-1.1309999999999998,96.73119999999989,-717.4558,377.5511000000002
-0.4697499999999998,-0.4197499999999986,-1.1724999999999997,119.60599999999985,-719.3565,335.2667500000003
-0.49879999999999974,-0.6147999999999982,-1.2139999999999995,142.48079999999982,-721.2572,292.9824000000004
-0.5660999999999989,-0.7384499999999992,-1.2198000000000002,173.9873499999996,-724.14985,267.92585000000014
-0.6574000000000004,-0.8173000000000004,-1.2031999999999998,210.90990000000016,-727.6649,253.67889999999994
-0.7546500000000003,-0.8527999999999998,-1.1729999999999998,243.09455000000003,-723.3182999999999,243.0963
-0.875,-0.72,-1.0899999999999999,256.885,-688.45,246.74
-0.9953499999999997,-0.5872000000000003,-1.0070000000000001,270.67544999999996,-653.5817000000001,250.38369999999998
-1.0727999999999998,-0.5731999999999999,-1.0460999999999996,248.16590000000014,-655.2114,265.4156999999999
-1.1391999999999995,-0.5897999999999999,-1.1166499999999995,216.30635000000018,-666.2420999999999,283.3810499999999
-1.128800000000001,-0.6,-1.1791999999999996,197.61799999999997,-673.2456,298.10799999999995
-0.9960000000000013,-0.6,-1.2289999999999994,199.92125,-673.83075,307.6737499999999
-0.8632000000000016,-0.6,-1.2787999999999995,202.22449999999998,-674.4159,317.2394999999999
-0.9855500000000004,-0.6891000000000003,-1.2962,227.36975000000007,-661.8344999999999,283.88739999999996
-1.1142,-0.7804,-1.3128,253.07900000000004,-648.928,249.4756
-1.14885,-0.7565500000000002,-1.2495000000000003,257.7957,-652.62895,229.72075
-1.1115000000000002,-0.6445000000000004,-1.1250000000000004,246.43300000000005,-669.0504999999999,221.19250000000002
-1.0780500000000002,-0.5383000000000004,-1.0368999999999995,234.24610000000007,-681.3582,217.78884999999985
-1.0656,-0.46360000000000057,-1.1447999999999992,217.62120000000013,-671.5144,241.97919999999982
-1.0531500000000003,-0.3889000000000007,-1.252699999999999,200.99630000000016,-661.6706,266.1695499999998
-1.0933999999999993,-0.4753999999999984,-1.3698999999999986,172.65340000000037,-692.1081999999994,271.6297
-1.151499999999999,-0.616499999999998,-1.4902499999999983,140.34150000000045,-736.1894999999994,270.74575000000004
-1.204,-0.7296,-1.5475999999999999,129.28440000000006,-765.7164,256.65419999999995
-1.2455,-0.7877,-1.4812,159.97779999999997,-766.6542999999999,216.61915000000005
-1.287,-0.8457999999999998,-1.4148,190.6711999999999,-767.5921999999999,176.58410000000012
-1.3669999999999995,-0.8076500000000002,-1.4177,199.50814999999997,-755.7789,162.23625000000004
-1.4499999999999995,-0.7620000000000003,-1.426,206.64199999999997,-742.9720000000001,149.89000000000007
-1.4792500000000002,-0.7636499999999996,-1.4128000000000003,200.65440000000018,-732.11945,146.71779999999995
-1.4585000000000001,-0.8092999999999995,-1.3796000000000004,182.4608000000002,-723.0849000000001,152.07959999999994
-1.4278500000000014,-0.8428000000000009,-1.3482000000000003,166.48704999999998,-711.2846500000004,158.11954999999986
-1.3158000000000016,-0.776400000000001,-1.3316000000000003,168.76539999999997,-676.7442000000004,169.73539999999983
-1.2037500000000019,-0.7100000000000011,-1.3150000000000004,171.04374999999996,-642.2037500000006,181.3512499999998
-1.2482999999999977,-0.7943999999999971,-1.3563999999999987,150.82970000000057,-634.7173999999999,193.40789999999976
-1.3603499999999995,-0.9437999999999994,-1.4227999999999996,120.92065000000012,-638.8923,205.65454999999997
-1.4519999999999997,-1.05,-1.4400000000000006,94.35480000000011,-639.556,213.55600000000004
-1.4934999999999996,-1.05,-1.3362500000000008,76.00765000000015,-631.5880000000001,210.77550000000002
-1.5349999999999997,-1.05,-1.232500000000001,57.66050000000019,-623.62,207.99500000000003
-1.5327000000000002,-1.0208000000000004,-1.2309499999999998,86.63194999999956,-609.5492000000002,222.3475999999998
-1.5244000000000002,-0.9876000000000005,-1.2433999999999998,122.08539999999948,-594.6424000000002,239.04719999999978
-1.5375499999999995,-0.9290500000000014,-1.277299999999999,139.17960000000005,-577.1089500000004,251.59719999999987
-1.5748999999999993,-0.8419000000000016,-1.3353999999999988,135.56080000000006,-556.6121000000004,259.4655999999999
-1.6107500000000003,-0.7577499999999995,-1.3925000000000005,129.13699999999932,-537.6122500000001,267.2152500000001
-1.6232,-0.7204000000000003,-1.4339999999999997,78.95520000000027,-541.9656,273.1124
-1.6356499999999998,-0.6830500000000003,-1.4754999999999996,28.77340000000038,-546.31895,279.00954999999993
-1.6588999999999996,-0.7158999999999993,-1.5169999999999997,-13.702599999999634,-555.1164999999999,276.01560000000006
-1.6879499999999996,-0.7864499999999992,-1.5584999999999996,-52.040299999999554,-566.3007499999999,268.2468000000001
-1.7050000000000003,-0.8639999999999985,-1.5750000000000008,-75.8650000000003,-573.686,258.11200000000025
-1.6842500000000002,-0.9635999999999985,-1.512750000000001,-53.973750000000344,-569.1044,240.5243000000003
-1.6635000000000002,-1.0631999999999984,-1.450500000000001,-32.082500000000394,-564.5228000000001,222.9366000000003
-1.7496999999999978,-1.121399999999999,-1.4124000000000008,28.09339999999864,-569.4942499999999,211.3450000000002
-1.8576000000000013,-1.1712000000000007,-1.3791999999999998,96.03720000000084,-576.4040000000001,200.96999999999986
-1.8972500000000003,-1.135250000000001,-1.3512500000000003,154.1739999999997,-573.6240000000001,198.70624999999993
-1.8433000000000004,-0.9817000000000013,-1.3305000000000002,198.8611999999996,-557.5552000000001,207.5664999999999
-1.7907499999999994,-0.8284000000000014,-1.3109499999999992,242.5560500000004,-541.2556000000003,216.23005000000006
-1.852999999999999,-0.6956000000000018,-1.389799999999999,204.87820000000048,-506.03040000000044,208.7642000000001
-1.915249999999999,-0.562800000000002,-1.468649999999999,167.20035000000055,-470.8052000000005,201.2983500000001
-1.9175000000000006,-0.6349999999999965,-1.462500000000001,108.48500000000124,-472.98999999999955,201.52999999999992
-1.8801500000000007,-0.842499999999996,-1.4002500000000013,35.884900000001394,-499.86539999999945,206.8419999999999
-1.85,-1.020399999999998,-1.35,-20.10080000000052,-518.8920000000005,210.33480000000014
-1.85,-1.0743500000000006,-1.35,-6.513699999999847,-505.0517499999998,206.20969999999994
-1.85,-1.1282999999999994,-1.35,7.073399999999888,-491.2115000000001,202.08460000000002
-1.9215000000000007,-1.1335,-1.4345000000000008,28.41175000000016,-477.3679999999999,195.60324999999995
-2.0127999999999986,-1.1252000000000002,-1.5423999999999989,51.89659999999971,-463.52360000000016,188.4694000000001
-2.09635,-1.0688499999999999,-1.5696999999999999,71.68470000000003,-448.05479999999994,183.8481
-2.1668999999999987,-0.9319000000000023,-1.4618000000000018,85.27179999999977,-429.8612000000003,183.44140000000002
-2.23745,-0.7949500000000003,-1.3539000000000003,98.85889999999998,-411.6676,183.03470000000002
-2.287999999999999,-0.7340000000000012,-1.2460000000000022,67.83800000000068,-424.4979999999997,181.97200000000004
-2.3377999999999997,-0.6759000000000004,-1.1381000000000008,35.14430000000018,-438.49179999999996,180.8847
-2.318599999999999,-0.7190000000000012,-1.1613000000000013,12.32449999999986,-438.0967999999999,186.44440000000012
-2.243900000000001,-0.8434999999999988,-1.2899499999999988,-2.5532499999998564,-426.1282000000001,197.3505999999999
-2.1746,-0.9530000000000001,-1.4150000000000005,-14.77179999999998,-413.6693999999999,203.9541999999999
-2.1372500000000003,-0.9737499999999997,-1.5187499999999985,-11.256750000000046,-398.3102500000002,185.10075000000026
-2.0999,-0.9945,-1.6225,-7.7416999999999945,-382.9511,166.24729999999997
-2.1052499999999994,-0.9847500000000003,-1.6378000000000004,-0.9692500000001409,-367.96100000000024,158.94420000000005
-2.126,-0.9640000000000001,-1.6212000000000002,6.977999999999978,-353.10400000000004,155.8068
-2.1683499999999984,-0.9419000000000005,-1.596500000000001,17.550999999999654,-335.6145000000005,148.59510000000034
-2.2554999999999996,-0.9170000000000001,-1.5550000000000004,33.569999999999894,-312.66500000000013,132.9330000000001
-2.342650000000001,-0.8920999999999998,-1.5134999999999996,49.58900000000013,-289.7154999999998,117.27089999999987
-2.3728,-0.9431999999999994,-1.5441999999999996,43.15380000000009,-263.96160000000026,113.24060000000003
-2.3977000000000004,-1.0013000000000003,-1.5815500000000002,34.650449999999964,-237.94939999999988,110.28164999999998
-2.4016,-1.0027000000000008,-1.5727000000000009,28.990500000000043,-210.07870000000042,105.1576000000001
-2.3850000000000002,-0.94875,-1.51875,26.10625,-180.39374999999998,97.91999999999999
-2.3692,-0.9007999999999998,-1.4688,26.875599999999324,-153.74079999999995,89.71400000000033
-2.3609,-0.9091,-1.45635,61.89744999999986,-155.51285,72.42925000000007
-2.3526000000000002,-0.9173999999999999,-1.4439000000000002,96.91929999999918,-157.28489999999996,55.1445000000004
-2.3557,-0.9086000000000002,-1.4115000000000004,121.46169999999984,-161.41959999999997,38.71190000000013
-2.3640000000000003,-0.8919999999999999,-1.3699999999999997,141.22400000000013,-166.63200000000003,22.66799999999989
-2.350450000000001,-0.8524000000000013,-1.3503499999999997,149.38165000000026,-160.13395000000048,10.109750000000043
-2.2799,-0.7527999999999997,-1.3877000000000002,127.26629999999993,-123.0868999999999,6.64449999999999
-2.2093500000000015,-0.6532000000000017,-1.4250499999999993,105.15095000000036,-86.0398500000006,3.179250000000057
-2.2324,-0.7587999999999998,-1.3976,55.37680000000008,-64.77880000000002,7.943599999999993
-2.2697499999999993,-0.8957499999999972,-1.3602500000000008,1.377000000001111,-45.92950000000039,13.965249999999877
-2.3032999999999997,-1.0117999999999996,-1.3514,-20.567900000000087,-23.97370000000014,17.670799999999996
-2.332349999999999,-1.1030999999999977,-1.3762999999999994,-4.553050000000393,1.6608499999993676,18.633599999999976
-2.3617999999999997,-1.185200000000001,-1.4017999999999995,11.1753999999999,27.70879999999967,19.285400000000053
-2.39915,-1.0855999999999995,-1.4391500000000002,21.247450000000054,61.92140000000019,13.794949999999972
-2.4364999999999997,-0.9860000000000013,-1.4764999999999995,31.319499999999863,96.13399999999953,8.304500000000075
-2.4924000000000004,-0.8784499999999998,-1.5112,25.862549999999978,120.99210000000002,-6.527200000000029
-2.558799999999999,-0.766400000000002,-1.5443999999999996,11.615600000000255,140.55519999999964,-26.646399999999637
-2.60145,-0.6913999999999999,-1.5662,-7.160949999999914,156.2309,-46.753249999999944
-2.5641000000000007,-0.741199999999999,-1.5496000000000003,-41.19509999999926,158.81219999999993,-66.81849999999956
-2.5267500000000003,-0.7909999999999997,-1.5330000000000001,-75.22924999999977,161.3935,-86.88374999999986
-2.4621999999999993,-0.8646000000000007,-1.5231999999999999,-82.93380000000002,172.5564000000001,-108.09140000000018
-2.3916500000000007,-0.9434499999999991,-1.5149000000000001,-84.83034999999998,185.61229999999986,-129.55104999999978
-2.3432,-0.9712999999999998,-1.5049,-69.75919999999985,199.32100000000005,-151.42550000000008
-2.3266000000000004,-0.9256500000000006,-1.4924500000000003,-30.234600000000597,213.9704999999998,-173.89774999999966
-2.31,-0.88,-1.48,9.29,228.62,-196.37
-2.2768000000000006,-0.9007499999999996,-1.4011500000000014,-4.272199999999742,237.17314999999982,-199.37874999999994
-2.2436000000000003,-0.9215,-1.3223000000000003,-17.834399999999945,245.72629999999995,-202.3875
-2.1859000000000015,-0.9226500000000003,-1.3095999999999992,-36.40194999999949,271.2799999999991,-196.2112000000003
-2.1112000000000006,-0.9102000000000001,-1.3427999999999998,-58.442599999999814,308.6299999999997,-183.6616000000001
-2.05225,-0.9090000000000004,-1.3767500000000004,-86.05350000000035,341.5122500000001,-170.5262499999999
-2.0646999999999998,-0.9587999999999994,-1.4140999999999995,-138.91619999999935,354.14069999999987,-154.7355000000002
-2.07715,-1.0086000000000002,-1.4514500000000001,-191.77890000000014,366.7691500000001,-138.94474999999997
-2.035200000000001,-1.061599999999999,-1.4568,-200.56160000000006,389.2503999999996,-129.47720000000012
-1.9771,-1.1155499999999998,-1.45265,-196.25805,414.65669999999994,-121.88685000000002
-1.9489999999999994,-1.1425000000000003,-1.4395000000000004,-184.15450000000052,434.98699999999974,-116.19850000000005
-1.9738999999999998,-1.12175,-1.41045,-158.27095000000014,446.3496999999999,-113.87035000000002
-1.9987999999999995,-1.1010000000000006,-1.3814000000000006,-132.3874000000006,457.7123999999997,-111.54220000000007
-1.9763000000000002,-0.9933500000000011,-1.3957999999999997,-98.14170000000033,477.67029999999977,-114.19894999999997
-1.9513999999999998,-0.8812999999999994,-1.4124,-63.47259999999981,498.0634000000001,-117.10810000000002
-1.9624999999999995,-0.8142500000000004,-1.458249999999999,-65.42224999999954,515.2209999999998,-114.5992500000001
-2.004,-0.7851999999999999,-1.5288000000000002,-98.29440000000005,529.6464,-107.5152
-2.04,-0.76,-1.583400000000001,-131.84029999999933,541.7607,-102.49694999999986
-2.04,-0.76,-1.5336,-169.79619999999989,538.7478,-111.00029999999998
-2.04,-0.76,-1.4838000000000011,-207.7520999999992,535.7349,-119.50364999999981
-2.04,-0.8019999999999996,-1.467,-214.44800000000004,532.4490000000001,-131.5709999999999
-2.04,-0.8600999999999985,-1.46285,-209.16090000000014,529.0584500000001,-145.00454999999965
-2.0023000000000013,-0.9103999999999997,-1.46,-195.78000000000034,530.9796999999999,-154.2781
-1.8819499999999996,-0.9436000000000001,-1.46,-164.65499999999986,544.54605,-154.43165
-1.7616000000000018,-0.9767999999999994,-1.46,-133.53000000000048,558.1123999999998,-154.5852
-1.795,-0.92375,-1.41875,-87.405,566.0274999999999,-155.90125
-1.844799999999999,-0.8615000000000012,-1.3731000000000009,-39.680000000000916,573.3397999999999,-157.34129999999996
-1.8454000000000004,-0.8115500000000001,-1.3889499999999997,-24.867749999999923,577.75135,-159.19545
-1.7956000000000012,-0.7742000000000009,-1.4677999999999982,-43.77099999999956,579.1913999999999,-161.47379999999995
-1.7468500000000002,-0.74,-1.53965,-65.93064999999953,583.5983999999996,-162.80260000000007
-1.709500000000001,-0.74,-1.5355,-123.44549999999843,620.2179999999989,-153.82200000000023
-1.6721500000000005,-0.74,-1.53135,-180.96034999999927,656.8375999999995,-144.8414000000001
-1.6936,-0.7315999999999999,-1.4711999999999998,-205.7152,658.2135999999999,-154.04120000000003
-1.7433999999999992,-0.7191500000000002,-1.3840500000000016,-214.67504999999983,642.5971500000003,-172.00654999999972
-1.7635,-0.7319999999999999,-1.3464,-214.90090000000004,623.6884,-187.4034
-1.7012500000000013,-0.8149999999999983,-1.445999999999998,-190.90975000000049,595.6510000000005,-195.67849999999984
-1.6390000000000002,-0.8979999999999996,-1.5455999999999994,-166.9186000000001,567.6136000000001,-203.95359999999997
-1.551900000000002,-0.8603000000000014,-1.5458000000000005,-140.39630000000065,581.3312999999995,-213.46054999999976
-1.4606000000000008,-0.8022000000000006,-1.5292000000000001,-113.44620000000026,602.1061999999998,-223.17569999999992
-1.4044500000000002,-0.7515000000000012,-1.475600000000003,-108.35939999999937,615.2683499999999,-227.1947000000001
-1.3920000000000001,-0.7100000000000006,-1.3760000000000014,-130.4539999999997,618.9659999999999,-224.13200000000003
-1.3797000000000001,-0.6711999999999989,-1.2813499999999989,-152.24019999999956,622.1916000000003,-221.18105
-1.3714000000000002,-0.7043999999999995,-1.3186999999999993,-165.80239999999975,612.8292000000001,-221.2101
-1.3631000000000004,-0.7375999999999988,-1.3560499999999986,-179.3645999999995,603.4668000000004,-221.23915
-1.3496000000000004,-0.7759999999999991,-1.3881999999999994,-163.94720000000072,604.7253999999998,-218.03120000000013
-1.3329999999999995,-0.8175000000000011,-1.4172500000000008,-131.25349999999912,612.3157500000002,-212.89349999999988
-1.3253999999999995,-0.8374000000000015,-1.4247000000000019,-105.35930000000005,617.2169000000001,-207.2230000000002
-1.3502999999999996,-0.7793000000000005,-1.3541500000000009,-104.01885000000001,612.40705,-199.6285000000001
-1.375199999999999,-0.7212000000000017,-1.283600000000002,-102.67840000000004,607.5972000000002,-192.03400000000022
-1.3331000000000008,-0.659750000000001,-1.313549999999999,-123.6422499999996,619.7048499999997,-180.1347500000002
-1.275000000000002,-0.5975000000000021,-1.3674999999999982,-149.9324999999991,635.8524999999995,-167.20750000000044
-1.2152500000000013,-0.540200000000001,-1.4049499999999997,-171.8271499999997,649.4723499999999,-151.2096000000004
-1.1530000000000025,-0.49040000000000195,-1.4173999999999995,-187.0617999999994,659.2621999999997,-130.55920000000077
-1.0907500000000014,-0.44060000000000116,-1.4298499999999996,-202.29644999999962,669.0520499999998,-109.90880000000048
-1.0531000000000004,-0.5014999999999995,-1.5119999999999991,-166.3303000000003,654.5207000000001,-137.13409999999976
-1.015750000000001,-0.5637499999999983,-1.5949999999999975,-129.739750000001,639.6927500000004,-164.94324999999924
-1.0048,-0.6283999999999992,-1.577200000000001,-84.71800000000063,639.5575999999999,-185.5835999999998
-1.0130999999999997,-0.6947999999999979,-1.4859000000000029,-33.54850000000161,650.1359499999996,-200.99669999999952
-1.0262999999999993,-0.7262000000000024,-1.398100000000001,-0.04209999999912384,660.8374999999997,-212.7257000000001
-1.0636499999999987,-0.5851000000000051,-1.3275500000000025,-53.5895499999981,672.1462499999996,-206.29735000000022
-1.1009999999999993,-0.4440000000000029,-1.2570000000000014,-107.1369999999989,683.4549999999997,-199.8690000000001
-1.1131499999999999,-0.36275000000000246,-1.24,-145.92984999999865,678.6893000000003,-193.26740000000026
-1.1173,-0.30050000000000154,-1.24,-180.03869999999915,668.8206000000002,-186.61080000000015
-1.1258000000000006,-0.2832000000000017,-1.2516000000000007,-199.4807999999998,650.4287999999991,-185.59615000000025
-1.1423999999999994,-0.3495999999999981,-1.284799999999999,-191.61240000000024,616.166400000001,-195.08719999999974
-1.1589999999999998,-0.4159999999999991,-1.3179999999999996,-183.7440000000001,581.9040000000005,-204.57824999999988
-1.0508000000000037,-0.45899999999999863,-1.2459000000000027,-180.29820000000012,575.3004000000002,-201.77260000000012
-0.9346000000000021,-0.5004999999999993,-1.1670500000000013,-177.13590000000005,570.4698000000001,-198.17870000000008
-0.8338000000000032,-0.5529999999999977,-1.1343999999999996,-175.342,574.8131999999996,-195.45600000000007
-0.7466500000000019,-0.6152499999999986,-1.1426999999999998,-174.76100000000002,587.2880999999998,-193.50550000000004
-0.6750000000000012,-0.660999999999998,-1.1444999999999987,-176.76500000000055,599.2905000000002,-190.77499999999975
-0.7164999999999989,-0.5863000000000019,-1.0988500000000012,-197.63949999999946,607.8436499999998,-182.3505000000002
-0.7579999999999996,-0.5116000000000008,-1.0532000000000006,-218.51399999999978,616.3967999999999,-173.9260000000001
-0.7965499999999989,-0.44870000000000176,-1.0488499999999996,-187.74580000000157,597.9663000000008,-169.1860500000001
-0.8338999999999994,-0.39060000000000084,-1.0613,-135.97040000000078,568.5594000000004,-165.94490000000005
-0.8400000000000023,-0.35749999999999915,-1.07,-79.60000000000232,542.5687500000006,-170.00624999999928
-0.7736000000000013,-0.3823999999999995,-1.07,-12.569200000001295,524.5038000000004,-191.0093999999996
-0.7072000000000025,-0.407299999999999,-1.07,54.461599999997425,506.4388500000007,-212.01254999999918
-0.6297000000000018,-0.36930000000000107,-1.0774,21.773700000001035,517.8369999999996,-209.30610000000013
-0.550849999999998,-0.32364999999999877,-1.0857000000000003,-23.042150000001165,532.8185000000004,-203.71604999999985
-0.5379999999999985,-0.30399999999999977,-1.0500000000000023,-76.51599999999827,537.5420000000003,-195.62400000000028
-0.5961000000000013,-0.3123000000000002,-0.9669999999999982,-139.29720000000137,531.2381499999999,-184.84229999999977
-0.6508999999999996,-0.3211999999999995,-0.8935999999999984,-197.35700000000008,524.3274000000005,-175.28819999999982
-0.6633499999999999,-0.3377999999999997,-0.9433999999999992,-194.82550000000003,509.62810000000025,-181.4882999999999
-0.6757999999999996,-0.3543999999999994,-0.9931999999999982,-192.2940000000001,494.92880000000054,-187.68839999999977
-0.6882499999999998,-0.39024999999999904,-0.9990000000000003,-186.84475000000015,491.17724999999996,-197.59549999999976
-0.7006999999999995,-0.4358999999999982,-0.9824000000000006,-179.91010000000026,492.99909999999994,-209.38979999999952
-0.7016000000000008,-0.4647500000000005,-0.9616000000000008,-171.89395000000027,501.24169999999935,-212.8859500000005
-0.6683999999999992,-0.44399999999999945,-0.9283999999999992,-160.6847999999997,528.4408000000006,-191.88279999999946
-0.635200000000001,-0.42325000000000057,-0.895200000000001,-149.47565000000031,555.6398999999992,-170.8796500000006
-0.5845000000000007,-0.4060000000000002,-0.9564999999999989,-181.95349999999945,573.2839999999998,-153.14200000000022
-0.5305500000000017,-0.3894000000000005,-1.0353499999999976,-222.54464999999865,589.1535999999994,-136.01080000000056
-0.5377999999999985,-0.34220000000000156,-1.054800000000001,-237.26440000000034,588.1410000000004,-131.3139999999998
-0.6249499999999968,-0.2550500000000032,-0.9967000000000021,-218.20760000000072,565.0877500000008,-142.85099999999957
-0.7088000000000011,-0.17079999999999929,-0.9398000000000001,-198.77590000000077,542.2991000000003,-154.42039999999974
-0.659000000000002,-0.20399999999999863,-0.9315000000000003,-164.16075000000143,530.2267500000005,-167.30199999999948
-0.6092000000000013,-0.23719999999999913,-0.9232000000000002,-129.54560000000092,518.1544000000004,-180.18359999999967
-0.5568499999999987,-0.25765000000000027,-0.91745,-111.76809999999983,517.7304500000001,-197.06105000000045
-0.5029000000000017,-0.2700999999999996,-0.9133000000000001,-104.55540000000022,524.6152999999998,-216.44569999999942
-0.4608500000000001,-0.27659999999999973,-0.8972499999999988,-105.56305000000063,527.4779499999997,-234.60125000000028
-0.46499999999999986,-0.26000000000000056,-0.8350000000000022,-138.48499999999888,514.7250000000005,-247.98499999999956
-0.4691499999999999,-0.2434000000000003,-0.7727500000000012,-171.40694999999937,501.97205000000025,-261.36874999999975
-0.5392999999999967,-0.22020000000000095,-0.7270000000000016,-189.41619999999946,490.0837000000005,-250.58990000000065
-0.626449999999998,-0.19530000000000058,-0.685500000000001,-203.58429999999967,478.4180500000003,-233.58735000000038
-0.6000000000000087,-0.19919999999999788,-0.6727999999999986,-208.39880000000042,476.5475999999994,-220.15440000000032
-0.3925000000000057,-0.2489999999999986,-0.7059999999999991,-198.30600000000027,490.2882499999996,-212.4105000000002
-0.18499999999999545,-0.29880000000000106,-0.7392000000000007,-188.21319999999977,504.0289000000003,-204.66659999999982
-0.1516500000000019,-0.29595000000000027,-0.59015000000001,-170.45780000000119,509.5682999999997,-188.69715000000105
-0.12260000000000047,-0.29180000000000006,-0.43660000000000254,-152.5132000000003,514.9051999999999,-172.52460000000025
-0.14994999999999747,-0.2594500000000019,-0.44989999999999497,-141.55045000000018,536.4923499999989,-160.8687500000003
-0.22050000000000097,-0.20549999999999927,-0.591000000000002,-135.9354999999999,570.5265000000005,-152.67249999999987
-0.29039999999999966,-0.1567500000000001,-0.7048000000000001,-127.09395000000013,598.489,-144.45610000000005
-0.3567999999999984,-0.1360000000000005,-0.6716000000000008,-100.87840000000064,593.7580000000002,-136.1312000000002
-0.4231999999999971,-0.11525000000000091,-0.6384000000000014,-74.66285000000114,589.0270000000003,-127.80630000000036
-0.39349999999999963,-0.051099999999999576,-0.5958999999999998,-64.45569999999998,586.6582,-124.26159999999999
-0.3312500000000008,0.02774999999999892,-0.5502500000000007,-59.67075000000007,585.0895,-122.33600000000003
-0.30679999999999835,0.08559999999999945,-0.5158000000000005,-62.48499999999942,571.1336000000013,-133.72859999999878
-0.3566000000000008,0.10220000000000026,-0.5033499999999997,-80.22625000000029,532.8456999999994,-171.28195000000062
-0.4063999999999998,0.11879999999999995,-0.4909,-97.96749999999994,494.5578000000001,-208.8352999999999
-0.43694999999999934,0.17389999999999872,-0.4592000000000007,-161.41209999999853,465.12490000000065,-222.72269999999975
-0.4659999999999988,0.23199999999999762,-0.4260000000000013,-228.41799999999722,436.38200000000114,-234.7659999999995
-0.4498999999999995,0.16754999999999856,-0.3970999999999998,-279.69235000000026,404.8053999999997,-238.95749999999998
-0.39180000000000065,-0.01089999999999805,-0.37220000000000025,-316.3326999999996,370.59280000000035,-235.84500000000003
-0.3287500000000031,-0.17404999999999887,-0.3504499999999999,-344.8127500000012,338.9564500000003,-230.1481500000008
-0.224999999999998,-0.21140000000000073,-0.3546000000000001,-306.19699999999926,328.5025999999998,-203.20219999999946
-0.12125,-0.24875,-0.35875,-267.58125,318.04875,-176.25625
-0.07260000000000047,-0.21070000000000136,-0.3542000000000002,-234.2174000000006,339.7471999999993,-163.00990000000013
-0.04770000000000095,-0.14015000000000272,-0.3459000000000003,-203.1173000000012,375.3043999999986,-155.66855000000027
-0.036000000000000226,-0.07799999999999954,-0.33759999999999996,-173.2255999999997,403.12520000000006,-147.12119999999987
-0.05674999999999983,-0.03650000000000034,-0.3293000000000001,-146.3045500000002,411.92734999999993,-135.6091000000001
-0.07749999999999943,0.004999999999998864,-0.32100000000000023,-119.38350000000074,420.7294999999998,-124.0970000000003
-0.1566500000000019,0.04285000000000082,-0.33095000000000024,-101.42684999999963,406.9928999999996,-111.98264999999972
-0.24380000000000024,0.0802000000000001,-0.34340000000000004,-84.69819999999996,390.1688,-99.78579999999997
-0.28025000000000033,0.12924999999999898,-0.3694999999999993,-78.5775499999999,373.2823000000003,-100.56034999999974
-0.25950000000000073,0.19149999999999778,-0.41099999999999853,-84.4248999999998,356.32540000000057,-115.96929999999944
-0.23674999999999924,0.24924999999999983,-0.445499999999999,-93.82700000000091,338.44024999999954,-131.28400000000016
-0.1828000000000003,0.23680000000000007,-0.3708000000000004,-158.68319999999966,306.07440000000014,-145.1283999999999
-0.12885000000000132,0.2243500000000003,-0.29610000000000186,-223.5393999999984,273.7085500000008,-158.97279999999967
-0.09650000000000092,0.12820000000000617,-0.2538000000000011,-246.38089999999997,252.52340000000063,-167.24979999999977
-0.07574999999999989,-0.012900000000000772,-0.22889999999999985,-246.65895,237.3426999999999,-172.53690000000003
-0.05800000000000011,-0.12599999999999967,-0.21299999999999983,-234.5410000000007,231.1369999999997,-173.11700000000022
-0.04970000000000027,-0.15089999999999917,-0.2254499999999996,-183.37565000000168,253.2025499999993,-158.87005000000048
-0.04139999999999987,-0.1758000000000004,-0.2379000000000002,-132.21029999999917,275.26810000000035,-144.62309999999977
-0.13314999999999969,-0.21794999999999987,-0.19515000000000016,-75.67675000000015,268.89185000000003,-111.5081000000001
-0.24519999999999753,-0.263599999999999,-0.14120000000000119,-18.054000000001263,256.7448000000003,-74.56480000000082
-0.3169999999999993,-0.2375000000000051,-0.11349999999999966,27.78599999999878,235.33675000000142,-43.21100000000097
-0.3336000000000001,-0.11299999999999898,-0.12180000000000007,57.46680000000025,201.22789999999972,-19.52279999999981
-0.34980000000000017,0.011749999999998428,-0.1303499999999997,86.2360500000005,166.91380000000058,3.7836500000000868
-0.3332000000000005,0.15699999999999562,-0.15939999999999913,40.258200000001395,115.76920000000155,-4.21339999999976
-0.31659999999999966,0.3022500000000028,-0.18845000000000056,-5.719650000000879,64.62459999999902,-12.210450000000154
-0.255,0.2975,-0.2325,-32.2475,26.06,-19.872500000000002
-0.16370000000000173,0.19375000000000198,-0.286449999999999,-45.93834999999974,-4.2017999999994196,-27.313449999999857
-0.0708000000000038,0.10440000000000113,-0.325200000000001,-62.429199999998914,-23.28360000000106,-34.49039999999977
0.02880000000000109,0.0753499999999997,-0.30029999999999973,-90.64505000000031,4.450850000000308,-40.56185000000007
0.12839999999999918,0.046300000000000244,-0.2754000000000002,-118.86089999999977,32.18529999999978,-46.633299999999956
0.1012500000000017,0.09524999999999807,-0.21475000000000194,-101.95050000000082,43.31224999999982,-53.777249999999796
0.0390000000000029,0.16579999999999673,-0.1442000000000033,-72.54360000000136,49.8401999999997,-61.21819999999965
0.01860000000000013,0.2239500000000001,-0.1,-62.57060000000006,53.42935,-61.19279999999996
0.06839999999999918,0.26129999999999937,-0.1,-85.19639999999963,52.088900000000024,-48.643200000000206
0.11819999999999822,0.29864999999999864,-0.1,-107.8221999999992,50.74845000000005,-36.09360000000045
-1.6930901125533637e-15,0.20799999999999869,-0.08799999999999983,-109.93200000000002,54.260000000000055,-16.735999999999734
-0.1244999999999993,0.11255000000000052,-0.07555000000000008,-111.27244999999999,57.953499999999984,2.8768999999998925
-0.12940000000000224,0.06080000000000041,-0.12289999999999765,-94.29800000000078,63.84809999999981,12.420399999999963
-0.038100000000004,0.04420000000000073,-0.21834999999999583,-62.59200000000139,71.51314999999965,13.864599999999935
0.035799999999999846,0.03900000000000034,-0.2951999999999998,-33.58899999999993,77.70819999999998,14.141199999999964
0.0067500000000004015,0.10124999999999915,-0.26200000000000045,-20.578750000000177,75.20575000000004,7.509500000000091
-0.022299999999999043,0.16349999999999795,-0.22880000000000109,-7.568500000000427,72.70330000000008,0.8778000000002181
-0.048300000000000405,0.20440000000000055,-0.19864999999999952,-18.275050000000313,61.77369999999978,2.560400000000077
-0.07319999999999993,0.23759999999999992,-0.16960000000000008,-37.535199999999946,47.80480000000004,7.241599999999988
-0.09,0.23570000000000163,-0.1526999999999998,-49.63225000000006,33.26755000000035,7.6838000000001845
-0.09,0.16100000000000309,-0.16099999999999967,-46.872500000000116,17.55150000000065,-0.6659999999996575
-0.09,0.08629999999999939,-0.1693000000000001,-44.11274999999998,1.835449999999871,-9.01580000000007
-0.07480000000000019,0.06860000000000013,-0.17,-35.284400000000105,25.418999999999706,-11.737799999999975
-0.0582000000000005,0.05615000000000038,-0.17,-25.897100000000286,52.622249999999184,-13.941449999999934
-0.06259999999999877,0.04580000000000041,-0.15950000000000103,-16.791200000000437,71.09369999999952,-9.38310000000055
-0.0875,0.0375,-0.13875,-7.960000000000001,81.04125,1.7762499999999992
-0.10920000000000016,0.037999999999998396,-0.11560000000000087,0.3567999999999323,88.17360000000036,11.921199999999988
-0.10090000000000032,0.12099999999999682,-0.06995000000000175,3.8510999999998656,68.91345000000074,12.556149999999976
-0.0925999999999999,0.2040000000000009,-0.024299999999999503,7.345400000000038,49.65329999999979,13.191100000000008
-0.07005000000000024,0.2556499999999997,-0.024249999999999827,0.47995000000009824,24.83565000000022,15.544599999999974
-0.04100000000000079,0.292999999999999,-0.04499999999999943,-11.110999999999681,-2.51699999999925,18.681999999999913
-0.024599999999999227,0.3039000000000027,-0.05655000000000058,-21.45304999999967,-27.213149999999175,20.101300000000144
-0.04120000000000004,0.24579999999999985,-0.044099999999999966,-28.53710000000002,-44.979300000000045,17.03859999999999
-0.05779999999999973,0.18770000000000095,-0.031650000000000206,-35.621149999999886,-62.7454499999997,13.97590000000005
-0.016800000000001772,0.11160000000000281,-0.062399999999998665,-14.39120000000091,-64.76880000000001,-0.675199999999414
0.03300000000000068,0.03274999999999892,-0.0997500000000005,11.16450000000035,-64.387,-17.096750000000227
0.03530000000000029,0.007099999999999801,-0.11050000000000011,45.467799999999755,-64.6322,-17.288500000000106
-0.018649999999998675,0.04444999999999908,-0.08975000000000051,90.13009999999889,-65.61989999999997,1.739249999999533
-0.06840000000000146,0.08259999999999762,-0.06800000000000182,132.33640000000025,-67.41859999999923,20.66459999999926
-0.035199999999999815,0.13655000000000028,-0.026499999999999774,126.03669999999995,-85.2345500000001,37.5675500000001
-0.0020000000000004545,0.19049999999999925,0.01499999999999943,119.73700000000008,-103.05049999999976,54.47049999999977
0.02854999999999904,0.20470000000000027,0.02205000000000041,110.04265000000038,-100.71585000000044,47.13655000000069
0.05760000000000048,0.19639999999999985,0.009599999999999794,98.4267999999998,-86.97519999999977,26.083599999999656
0.0629000000000002,0.17955000000000013,-0.000949999999999989,90.21194999999999,-76.96424999999999,8.20460000000002
-0.011799999999998367,0.13390000000000102,-0.005099999999999909,93.45309999999994,-79.51649999999994,1.0168000000001571
-0.08649999999999694,0.08825000000000188,-0.00924999999999983,96.69424999999987,-82.0687499999999,-6.1709999999997045
-0.06259999999999963,0.015399999999999345,-0.06440000000000055,140.34100000000043,-82.4892,11.916800000000194
-0.0169500000000005,-0.06344999999999915,-0.13079999999999928,192.90074999999942,-82.43939999999999,35.58009999999974
-0.018899999999997863,-0.050500000000004375,-0.14790000000000164,218.15510000000043,-76.79150000000041,48.647300000000065
