-0.2368,0.08399999999999999,-0.2876,451.7324,24.3724,70.9992
-0.19,0.3,-0.23,373.76,-40.91,100.26
-0.07480000000000003,0.4332,-0.18680000000000002,272.5892,-53.2256,62.48160000000001
0.04039999999999999,0.5664,-0.1436,171.41840000000002,-65.5412,24.703200000000002
0.1308,0.6452,-0.106,67.20279999999997,-71.1496,-8.962400000000002
0.13440000000000002,0.5336000000000001,-0.088,-47.669599999999974,-53.28280000000001,-28.233199999999997
0.138,0.42199999999999993,-0.06999999999999998,-162.5420000000001,-35.41599999999999,-47.50400000000002
0.11279999999999998,0.2607999999999999,-0.037599999999999995,-243.79360000000003,-21.645199999999996,-51.38119999999999
0.05160000000000001,0.03759999999999997,0.012799999999999992,-283.0192,-12.994399999999999,-36.0164
-0.00959999999999998,-0.18559999999999993,0.06319999999999998,-322.2448,-4.343600000000002,-20.651600000000002
-0.034800000000000005,-0.3104,0.0776,-305.07039999999995,-8.544800000000006,-12.033199999999997
-0.04200000000000001,-0.3860000000000001,0.074,-259.6959999999999,-19.17200000000002,-6.787999999999992
-0.04920000000000002,-0.4616000000000002,0.0704,-214.3215999999999,-29.799200000000027,-1.5427999999999875
-0.06600000000000002,-0.45399999999999996,0.057199999999999994,-136.11199999999994,-33.495200000000004,5.888000000000005
-0.08399999999999999,-0.436,0.04280000000000001,-53.79800000000006,-36.3248,13.591999999999995
-0.0976,-0.4124,0.0288,25.121200000000016,-38.618,21.95960000000001
-0.07599999999999998,-0.3439999999999999,0.017999999999999988,76.88200000000006,-36.62,35.63600000000002
-0.05440000000000002,-0.27560000000000007,0.007200000000000006,128.64279999999997,-34.622,49.3124
-0.04,-0.2012,-0.006000000000000005,163.2304,-37.56320000000001,53.059999999999995
-0.04,-0.11480000000000012,-0.02399999999999998,163.4716,-50.38279999999999,36.95000000000002
-0.04,-0.028400000000000036,-0.041999999999999996,163.7128,-63.2024,20.840000000000007
-0.02799999999999993,0.016000000000000035,-0.06200000000000007,147.2959999999999,-70.96200000000002,16.106000000000012
-0.006399999999999968,0.026800000000000018,-0.08360000000000004,117.55279999999996,-74.67360000000001,20.472800000000007
0.015200000000000102,0.03760000000000005,-0.1052000000000001,87.80959999999986,-78.38520000000001,24.83960000000002
-0.016399999999999915,-0.007599999999999885,-0.11,38.4328000000001,-77.6896,33.63039999999998
-0.06320000000000008,-0.0688000000000001,-0.11,-16.55360000000009,-75.73479999999999,43.685200000000016
-0.11,-0.13,-0.11,-71.54,-73.78,53.74
-0.13159999999999997,-0.1875999999999999,-0.10280000000000002,-75.4928,-101.50359999999995,60.65199999999999
-0.15320000000000006,-0.24520000000000008,-0.09559999999999999,-79.44560000000001,-129.22720000000004,67.56400000000001
-0.17880000000000001,-0.2924,-0.0788,-76.63199999999999,-154.70759999999999,74.4376
-0.21840000000000015,-0.3032,-0.028399999999999828,-50.1359999999999,-172.33680000000004,81.17680000000001
-0.2580000000000001,-0.314,0.0220000000000001,-23.639999999999947,-189.96600000000004,87.91600000000001
-0.26080000000000003,-0.3312,0.02439999999999999,7.85120000000002,-211.60320000000002,99.10480000000001
-0.21760000000000007,-0.3564,-0.033199999999999924,45.586399999999955,-238.25039999999996,115.85559999999998
-0.17439999999999992,-0.38160000000000005,-0.09080000000000013,83.32160000000009,-264.8976,132.60640000000004
-0.1432,-0.3852,-0.1076,112.74320000000003,-275.916,149.77960000000002
-0.11800000000000002,-0.378,-0.10400000000000001,138.00799999999998,-279.12,167.164
-0.09280000000000006,-0.3708,-0.10040000000000002,163.27279999999996,-282.324,184.54839999999996
-0.07079999999999988,-0.33479999999999976,-0.08079999999999987,191.44640000000015,-281.1184,189.328
-0.049200000000000015,-0.2952,-0.059200000000000016,219.98359999999997,-279.3616,192.53199999999998
-0.035199999999999884,-0.25880000000000003,-0.04359999999999993,247.00599999999997,-278.1296,195.2168
-0.08200000000000028,-0.24799999999999994,-0.0760000000000002,261.9100000000001,-281.09600000000006,193.748
-0.1288000000000002,-0.23719999999999997,-0.10840000000000015,276.8140000000001,-284.0624,192.2792
-0.18640000000000023,-0.2528000000000002,-0.1288,294.04480000000007,-292.25120000000004,199.04840000000007
-0.26559999999999934,-0.3211999999999994,-0.12520000000000003,315.9291999999998,-310.88479999999987,222.2935999999998
-0.3448000000000008,-0.3896000000000006,-0.12159999999999996,337.81360000000024,-329.5184000000002,245.53880000000024
-0.39399999999999996,-0.3980000000000001,-0.12799999999999997,342.35800000000006,-354.044,273.1499999999999
-0.4191999999999999,-0.35840000000000016,-0.14239999999999994,333.03040000000004,-383.2831999999999,304.2539999999999
-0.44440000000000013,-0.3187999999999998,-0.15680000000000008,323.70279999999997,-412.5224000000001,335.3580000000001
-0.39959999999999984,-0.2623999999999998,-0.22160000000000024,313.60519999999997,-441.1652000000001,351.678
-0.33479999999999993,-0.2011999999999999,-0.3008000000000001,303.2876,-469.6376,363.774
-0.27,-0.14,-0.38,292.97,-498.11,375.87
-0.3096000000000003,-0.14360000000000003,-0.35119999999999973,228.06199999999947,-500.72360000000003,360.6815999999999
-0.3491999999999999,-0.1472,-0.3224000000000001,163.15400000000022,-503.3372,345.49320000000006
-0.38,-0.1683999999999996,-0.2800000000000004,99.03080000000031,-507.8331999999999,337.3087999999999
-0.38,-0.2512000000000003,-0.18999999999999967,37.65439999999979,-518.9176,353.63840000000005
-0.38,-0.3340000000000002,-0.09999999999999983,-23.722000000000122,-530.002,369.9680000000001
-0.2919999999999999,-0.31599999999999995,-0.06600000000000002,-59.06,-536.472,385.81120000000004
-0.09400000000000022,-0.17200000000000018,-0.10199999999999995,-61.849999999999994,-537.174,401.0464
0.10400000000000141,-0.02799999999999898,-0.13800000000000026,-64.64000000000001,-537.876,416.28160000000014
0.09319999999999937,-0.013600000000000279,-0.21960000000000054,-92.57000000000022,-538.7532,380.7063999999997
-0.022000000000000436,-0.0640000000000002,-0.3240000000000004,-133.07000000000016,-539.718,319.7259999999998
-0.13720000000000027,-0.11440000000000011,-0.4284000000000002,-173.57000000000008,-540.6827999999999,258.74559999999985
-0.40920000000000023,-0.2992000000000002,-0.44,-178.5564,-557.3564,263.3844
-0.7007999999999998,-0.5007999999999999,-0.44,-179.1036,-575.9935999999999,276.2256
-0.9432000000000003,-0.6848,-0.4352000000000001,-175.86800000000008,-595.0039999999999,295.17639999999983
-0.7919999999999991,-0.7280000000000003,-0.39199999999999974,-142.3699999999998,-617.0000000000001,363.0040000000004
-0.6407999999999994,-0.7712000000000002,-0.34879999999999983,-108.87199999999986,-638.9960000000001,430.8316000000003
-0.4907999999999996,-0.7867999999999999,-0.29839999999999983,-66.29359999999986,-656.9012,483.22120000000007
-0.34319999999999984,-0.7472,-0.23359999999999992,-5.55439999999993,-666.6247999999999,504.7348
-0.19560000000000005,-0.7076,-0.16880000000000003,55.18479999999998,-676.3484,526.2484
-0.14199999999999996,-0.6140000000000002,-0.2479999999999996,100.99599999999994,-667.39,529.846
-0.1635999999999999,-0.47720000000000046,-0.44239999999999935,134.8647999999999,-643.4860000000001,519.1108
-0.1851999999999999,-0.3404000000000007,-0.636799999999999,168.73359999999983,-619.5820000000001,508.3756000000001
-0.3160000000000021,-0.3520000000000007,-0.741600000000001,168.16799999999986,-609.7955999999999,482.8731999999996
-0.47800000000000187,-0.40600000000000064,-0.820800000000001,157.7639999999999,-604.0427999999999,453.1515999999997
-0.64,-0.46,-0.9,147.36,-598.29,423.43
-0.47440000000000027,-0.36640000000000017,-0.7848000000000002,89.5836000000001,-633.5015999999999,419.434
-0.3088000000000005,-0.2728000000000003,-0.6696000000000003,31.80720000000018,-668.7131999999999,415.438
-0.20079999999999956,-0.23999999999999916,-0.5903999999999997,-8.558800000000097,-692.6072000000001,409.71080000000006
-0.29439999999999944,-0.4199999999999989,-0.6371999999999997,12.011599999999866,-676.8896000000001,397.92440000000005
-0.3880000000000011,-0.6000000000000021,-0.6840000000000005,32.58200000000024,-661.1719999999999,386.13799999999986
-0.4944000000000013,-0.7016,-0.6971999999999997,48.10760000000009,-667.7280000000004,383.19000000000005
-0.6168000000000011,-0.7051999999999999,-0.6683999999999998,57.32720000000008,-702.1260000000003,391.29
-0.7392000000000009,-0.7088,-0.6395999999999998,66.54680000000008,-736.5240000000002,399.39000000000004
-0.7175999999999996,-0.7003999999999999,-0.6348,73.67360000000004,-752.7612,398.18279999999993
-0.6240000000000006,-0.686,-0.642,79.75399999999996,-759.918,392.322
-0.5304000000000008,-0.6716000000000002,-0.6492,85.83439999999996,-767.0748,386.4612
-0.5424000000000005,-0.7500000000000019,-0.6467999999999999,89.49560000000007,-755.5947999999997,385.8484
-0.5676000000000004,-0.8400000000000017,-0.6432,92.85440000000007,-741.7851999999997,385.8916
-0.5947999999999999,-0.92,-0.6408,98.86199999999994,-728.0468000000001,389.1275999999999
-0.6379999999999998,-0.92,-0.648,126.05999999999989,-714.878,417.9059999999999
-0.6811999999999997,-0.92,-0.6552,153.25799999999984,-701.7092,446.68439999999987
-0.6968000000000003,-0.8540000000000014,-0.6671999999999999,179.7815999999998,-697.8835999999999,471.7091999999999
-0.6572000000000003,-0.6560000000000017,-0.6887999999999999,204.95639999999977,-712.7443999999998,489.22679999999986
-0.6175999999999996,-0.45799999999999813,-0.7104000000000001,230.13120000000023,-727.6052000000002,506.74440000000016
-0.5279999999999989,-0.4060000000000005,-0.8080000000000012,219.46799999999968,-736.1,510.65199999999993
-0.3983999999999992,-0.47080000000000044,-0.9664000000000009,180.13439999999974,-739.5020000000001,503.67159999999996
-0.2687999999999994,-0.5356000000000003,-1.1248000000000007,140.8007999999998,-742.904,496.6912
-0.40520000000000067,-0.6760000000000006,-1.0927999999999998,43.00599999999963,-758.8024,473.6443999999999
-0.6176000000000004,-0.8380000000000003,-1.0064,-71.49200000000019,-778.2712,446.00719999999995
-0.83,-1.0,-0.92,-185.99,-797.74,418.37
-0.9092000000000015,-1.0504000000000009,-0.9236000000000001,-145.42519999999928,-810.0988000000002,408.9739999999998
-0.9884000000000013,-1.1008000000000007,-0.9272000000000001,-104.86039999999933,-822.4576000000003,399.57799999999986
-1.0356000000000003,-1.1064000000000007,-0.9284000000000001,-56.36840000000035,-825.1972000000002,395.4803999999999
-0.9708000000000004,-0.9552000000000009,-0.9212000000000001,19.868799999999524,-794.2696000000002,409.9271999999999
-0.9060000000000005,-0.8040000000000012,-0.9140000000000001,96.1059999999994,-763.3420000000002,424.37399999999985
-0.8284000000000009,-0.7471999999999994,-0.9835999999999985,116.74320000000048,-740.2672000000001,448.15519999999964
-0.734800000000001,-0.8083999999999993,-1.1491999999999982,67.88040000000055,-727.0084000000002,483.6043999999996
-0.6411999999999993,-0.8696000000000005,-1.3148000000000013,19.017599999999657,-713.7496,519.0536000000003
-0.6940000000000006,-0.9644000000000006,-1.3195999999999997,-5.494800000000069,-722.0764000000001,515.6059999999999
-0.8200000000000005,-1.0760000000000005,-1.2439999999999998,-17.83200000000005,-741.1960000000001,492.7099999999999
-0.9460000000000003,-1.1876000000000002,-1.1683999999999997,-30.16920000000003,-760.3156000000001,469.8139999999999
-1.1296000000000002,-1.2288000000000001,-1.0479999999999998,-1.1015999999999764,-789.4832000000001,444.0508
-1.3203999999999998,-1.2611999999999999,-0.9220000000000002,33.14159999999997,-819.9068,417.9292
-1.4836,-1.2568000000000008,-0.8072000000000001,61.51920000000004,-843.0280000000001,397.4147999999999
-1.425999999999999,-0.9579999999999953,-0.7819999999999996,42.9719999999997,-807.7299999999994,421.7580000000004
-1.3683999999999992,-0.6591999999999958,-0.7567999999999997,24.424799999999735,-772.4319999999994,446.10120000000035
-1.2711999999999979,-0.5740000000000043,-0.8816000000000053,4.961999999999733,-735.0123999999994,476.32080000000053
-1.094799999999998,-0.9160000000000037,-1.3064000000000047,-16.332000000000235,-693.3495999999996,518.2932000000004
-0.9183999999999983,-1.2580000000000031,-1.7312000000000038,-37.626000000000204,-651.6867999999996,560.2656000000004
-0.8940000000000008,-1.3559999999999992,-1.8319999999999987,-88.66400000000058,-625.0239999999999,557.4079999999997
-0.9912000000000006,-1.2587999999999993,-1.6735999999999989,-163.49720000000048,-610.3611999999999,518.6863999999997
-1.0884000000000005,-1.1615999999999995,-1.5151999999999992,-238.33040000000037,-595.6984,479.96479999999985
-1.1772000000000005,-1.0391999999999995,-1.3455999999999995,-245.41479999999996,-617.9984000000002,452.52719999999994
-1.2636000000000003,-0.9095999999999997,-1.1727999999999996,-233.14239999999998,-650.8592000000001,428.31359999999995
-1.35,-0.78,-1.0,-220.87,-683.72,404.1
-1.2348000000000003,-0.9851999999999997,-1.1187999999999998,-201.50920000000002,-700.3376,410.0292
-1.1196000000000004,-1.1903999999999995,-1.2375999999999996,-182.14840000000007,-716.9552,415.9584
-1.0579999999999994,-1.3292000000000006,-1.3372,-152.37800000000033,-718.6216000000002,422.26279999999997
-1.1840000000000017,-1.235599999999999,-1.3696000000000004,-86.17399999999911,-667.9587999999993,429.8804000000001
-1.3100000000000014,-1.141999999999999,-1.4020000000000004,-19.96999999999922,-617.2959999999994,437.4980000000001
-1.3976000000000004,-1.1188000000000007,-1.4728000000000012,32.176400000000356,-585.4123999999999,443.69000000000005
-1.4372000000000003,-1.1836000000000007,-1.591600000000001,66.7508000000003,-577.0027999999999,448.1000000000001
-1.4768000000000003,-1.2484000000000004,-1.7104000000000008,101.32520000000024,-568.5931999999999,452.51000000000005
-1.5860000000000007,-1.1259999999999988,-1.625199999999999,130.82120000000015,-556.0891999999999,434.0767999999998
-1.7300000000000004,-0.9099999999999991,-1.4379999999999993,157.7780000000001,-541.5379999999999,404.22199999999987
-1.8740000000000003,-0.6939999999999995,-1.2507999999999995,184.73480000000006,-526.9868,374.36719999999997
-1.8132,-0.6444,-1.2524,95.66919999999992,-571.2420000000001,374.33000000000004
-1.7268,-0.6156,-1.2776,-7.899199999999908,-622.848,378.02
-1.6364000000000027,-0.6095999999999961,-1.319999999999996,-100.16719999999995,-666.4956000000004,378.9732000000005
-1.5140000000000005,-0.7859999999999994,-1.4999999999999993,-102.03199999999998,-646.4760000000001,358.0320000000001
-1.3915999999999982,-0.9624000000000026,-1.6800000000000026,-103.89680000000003,-626.4563999999997,337.0907999999997
-1.3675999999999988,-1.1351999999999989,-1.8191999999999997,-99.00800000000012,-606.1152000000002,316.2228000000001
-1.540400000000002,-1.300800000000002,-1.8768000000000007,-80.6119999999998,-585.1307999999998,295.50119999999976
-1.7131999999999983,-1.4663999999999984,-1.9343999999999995,-62.216000000000186,-564.1464000000003,274.7796000000002
-1.8880000000000015,-1.4459999999999988,-1.8299999999999983,-34.94199999999974,-559.4040000000001,251.1059999999998
-2.0644000000000045,-1.2767999999999957,-1.5959999999999939,-0.5655999999991081,-567.6552000000003,225.0707999999993
-2.2408000000000006,-1.1075999999999993,-1.361999999999999,33.810800000000164,-575.9064000000001,199.03559999999987
-2.181999999999997,-0.9103999999999953,-1.1559999999999955,64.9756000000007,-567.6347999999997,207.72880000000043
-2.0559999999999996,-0.7051999999999997,-0.9579999999999997,95.22280000000005,-554.6424,226.34440000000004
-1.93,-0.5,-0.76,125.47,-541.65,244.96
-1.7824000000000002,-0.9139999999999994,-1.1739999999999995,132.868,-529.9032,253.89159999999998
-1.6348000000000005,-1.3279999999999985,-1.5879999999999987,140.266,-518.1564,262.8232
-1.564000000000003,-1.6139999999999974,-1.8683999999999972,144.28319999999988,-506.14719999999977,269.9748
-1.7619999999999987,-1.4520000000000008,-1.6812000000000011,136.46760000000006,-493.21960000000007,270.89639999999997
-1.9600000000000022,-1.289999999999998,-1.4939999999999978,128.6519999999999,-480.29199999999986,271.818
-2.0827999999999998,-1.1008000000000022,-1.3020000000000018,116.04760000000019,-471.39320000000004,274.48679999999996
-2.1116,-0.8775999999999979,-1.1039999999999983,97.45719999999984,-467.5304,279.3396
-2.1403999999999996,-0.6544000000000028,-0.9060000000000025,78.86680000000024,-463.66760000000005,284.19239999999996
-2.1115999999999997,-0.4983999999999993,-0.9840000000000011,23.337999999999596,-451.5511999999999,279.3708
-2.0539999999999985,-0.3759999999999971,-1.200000000000005,-50.660000000001745,-435.3079999999996,269.71199999999976
-1.9964,-0.2535999999999997,-1.4160000000000004,-124.65800000000017,-419.06479999999993,260.0532
-1.9547999999999992,-0.7744000000000124,-1.580800000000003,-201.9136000000016,-434.8184000000004,266.26000000000016
-1.9152,-1.3755999999999995,-1.7391999999999999,-279.5763999999999,-454.5716,274.45
-1.8896000000000015,-1.8939999999999975,-1.8659999999999977,-334.81999999999783,-468.4911999999994,279.40039999999965
-1.9759999999999995,-1.7500000000000004,-1.7400000000000004,-210.7100000000005,-435.74200000000013,258.4340000000001
-2.062400000000001,-1.6059999999999979,-1.613999999999998,-86.59999999999823,-402.99279999999953,237.46759999999972
-2.1788000000000025,-1.4523999999999977,-1.4831999999999983,0.8080000000001775,-367.7331999999995,222.54679999999996
-2.3552000000000017,-1.279599999999998,-1.3427999999999984,14.812000000000154,-327.45279999999957,219.71719999999996
-2.5316000000000014,-1.1067999999999985,-1.2023999999999986,28.81600000000013,-287.1723999999996,216.88759999999996
-2.554000000000001,-1.0140000000000005,-1.1220000000000003,41.55399999999986,-241.77000000000058,225.99599999999978
-2.4531999999999994,-0.9851999999999999,-1.0895999999999997,53.279200000000074,-192.2699999999997,244.6548000000001
-2.3524000000000016,-0.9564000000000004,-1.0572000000000006,65.00439999999982,-142.77000000000075,263.3135999999997
-2.3272,-0.9836000000000001,-1.1732000000000005,91.86920000000009,-139.19560000000004,250.6599999999999
-2.3236,-1.026800000000001,-1.3316000000000034,123.05960000000067,-148.74280000000022,229.05999999999955
-2.32,-1.07,-1.49,154.25,-158.29,207.46
-2.345200000000001,-0.911599999999994,-1.4719999999999993,128.41279999999904,-170.32120000000046,181.050399999999
-2.3704,-0.7532000000000005,-1.454,102.57560000000008,-182.35239999999996,154.64080000000007
-2.3956,-0.6467999999999996,-1.4615999999999996,73.79280000000018,-186.10040000000012,129.92000000000007
-2.4208,-0.7223999999999995,-1.5587999999999993,34.70040000000025,-160.85720000000015,111.11000000000011
-2.4459999999999997,-0.7979999999999994,-1.6559999999999993,-4.39199999999969,-135.6140000000002,92.30000000000014
-2.4648000000000003,-0.8367999999999998,-1.6683999999999972,-52.228400000001756,-116.94519999999969,70.1219999999992
-2.4756,-0.8296,-1.574800000000001,-110.99479999999934,-106.49440000000011,43.73400000000029
-2.4864000000000006,-0.8223999999999998,-1.4811999999999974,-169.76120000000157,-96.04359999999973,17.345999999999293
-2.449200000000001,-0.8631999999999991,-1.4476,-184.9724000000001,-79.25680000000028,2.3604000000001335
-2.3879999999999986,-0.9280000000000015,-1.444,-178.40599999999986,-59.30199999999953,-6.924000000000218
-2.326800000000001,-0.9927999999999989,-1.4404,-171.83960000000013,-39.34720000000035,-16.208399999999838
-2.3360000000000003,-1.1440000000000032,-1.4207999999999994,-134.13719999999915,-9.891599999999372,-32.49760000000035
-2.3540000000000005,-1.3060000000000032,-1.3991999999999996,-92.54279999999922,20.751600000000582,-49.662400000000325
-2.3684,-1.444399999999999,-1.3820000000000001,-51.16719999999931,48.92640000000015,-67.08120000000034
-2.3539999999999996,-1.3939999999999992,-1.4000000000000001,-11.541999999999376,57.354000000000134,-86.53200000000031
-2.3396,-1.3435999999999992,-1.4180000000000001,28.083200000000566,65.78160000000013,-105.98280000000028
-2.3324000000000003,-1.2343999999999973,-1.4131999999999993,59.123600000000174,81.19800000000038,-121.02720000000008
-2.3396000000000003,-1.0075999999999976,-1.3627999999999993,72.99440000000016,110.59200000000033,-127.25880000000006
-2.3468,-0.7807999999999979,-1.3123999999999996,86.86520000000013,139.98600000000027,-133.49040000000005
-2.348,-0.7040000000000004,-1.350000000000001,64.63999999999959,148.92799999999994,-141.37000000000006
-2.3444,-0.7472000000000003,-1.4580000000000006,13.53799999999967,141.50839999999997,-150.56800000000004
-2.3407999999999998,-0.7904000000000002,-1.5660000000000005,-37.56400000000025,134.08879999999996,-159.76600000000005
-2.3064,-0.9400000000000006,-1.604,-64.09880000000007,138.1604,-159.4384
-2.2632,-1.1200000000000003,-1.6219999999999999,-83.61440000000003,145.51520000000002,-156.3892
-2.22,-1.3,-1.64,-103.13,152.87,-153.34
-2.2092,-1.2280000000000002,-1.4132000000000002,-65.15360000000005,196.68199999999993,-155.4892
-2.1983999999999995,-1.1559999999999975,-1.1863999999999917,-27.17719999999862,240.4940000000016,-157.63840000000008
-2.1932,-1.1008,-1.0339999999999994,4.18479999999996,273.99,-160.91959999999997
-2.2076000000000002,-1.1044000000000003,-1.1420000000000037,12.396400000000273,271.3799999999999,-168.16280000000023
-2.222,-1.108,-1.2499999999999991,20.607999999999937,268.77000000000004,-175.40599999999995
-2.2284,-1.0940000000000005,-1.3435999999999992,9.062800000000351,269.7199999999999,-181.46039999999996
-2.2248,-1.0580000000000005,-1.4191999999999991,-27.1783999999996,275.11999999999995,-186.02879999999996
-2.2212,-1.0220000000000005,-1.494799999999999,-63.41959999999954,280.5199999999999,-190.59719999999996
-2.234400000000001,-1.0051999999999999,-1.493599999999999,-76.36400000000003,303.4952000000008,-194.5200000000001
-2.256,-0.9980000000000001,-1.4540000000000006,-77.65999999999998,335.2579999999995,-198.11999999999995
-2.2776000000000005,-0.9907999999999998,-1.414399999999999,-78.95600000000002,367.0208000000007,-201.72000000000008
-2.241600000000001,-1.0251999999999992,-1.3844000000000005,-84.2711999999999,372.69719999999995,-197.08320000000012
-2.198399999999999,-1.0648000000000009,-1.3555999999999995,-90.0888000000001,375.11280000000005,-191.41679999999988
-2.1580000000000004,-1.0980000000000005,-1.3296000000000001,-93.12840000000043,379.6719999999995,-186.30960000000002
-2.1399999999999997,-1.0799999999999998,-1.326,-73.9439999999997,401.38000000000034,-185.676
-2.122,-1.0619999999999998,-1.3224,-54.75959999999973,423.0880000000003,-185.0424
-2.0955999999999992,-1.0596000000000003,-1.3320000000000005,-40.57919999999994,441.5620000000002,-182.71679999999992
-2.0523999999999996,-1.0884000000000003,-1.3680000000000003,-36.406799999999954,453.56800000000015,-177.00719999999993
-2.0091999999999994,-1.1172000000000002,-1.4040000000000004,-32.23439999999996,465.5740000000001,-171.29759999999993
-1.9519999999999995,-1.1099999999999997,-1.416,-30.001999999999995,478.0460000000001,-163.56599999999992
-1.8835999999999995,-1.0739999999999998,-1.4087999999999998,-29.321599999999993,490.89080000000007,-154.21679999999992
-1.8151999999999997,-1.0379999999999998,-1.4016,-28.641199999999994,503.73560000000003,-144.86759999999995
-1.8084,-1.0524000000000002,-1.4560000000000002,-22.139599999999973,511.8484,-150.60760000000002
-1.8192000000000002,-1.0812000000000002,-1.528,-13.974799999999988,518.6092,-160.6588
-1.83,-1.11,-1.6,-5.81,525.37,-170.71
-1.8336000000000001,-1.0812000000000002,-1.5208000000000002,-45.27679999999994,522.2956,-172.0492
-1.8372000000000002,-1.0524000000000002,-1.4416000000000002,-84.74359999999987,519.2212000000001,-173.3884
-1.8408,-1.0316,-1.3688000000000002,-115.06,521.4835999999999,-172.51320000000004
-1.8444,-1.0388,-1.3184000000000002,-113.35000000000001,542.4247999999999,-163.88760000000005
-1.8480000000000003,-1.0460000000000003,-1.2679999999999985,-111.63999999999994,563.3660000000007,-155.26199999999972
-1.8228000000000006,-1.0723999999999996,-1.278399999999999,-86.08520000000053,585.9263999999997,-152.58679999999995
-1.7615999999999983,-1.1228000000000014,-1.3648000000000025,-30.724399999998425,610.5108000000007,-157.34960000000012
-1.7004000000000008,-1.1731999999999994,-1.451199999999999,24.636399999999306,635.0951999999996,-162.11239999999992
-1.6583999999999992,-1.1011999999999966,-1.504000000000001,39.02199999999985,630.8651999999995,-172.80320000000034
-1.6260000000000006,-0.9680000000000021,-1.5399999999999994,32.9200000000001,612.2280000000003,-186.45799999999977
-1.5935999999999995,-0.834799999999997,-1.576000000000001,26.817999999999866,593.5907999999996,-200.1128000000003
-1.6572000000000016,-0.8071999999999997,-1.5607999999999995,0.5207999999994115,575.2287999999996,-216.79160000000036
-1.7328000000000015,-0.7927999999999997,-1.5391999999999997,-28.300800000000546,556.9011999999997,-233.8484000000003
-1.7979999999999998,-0.7880000000000013,-1.5204,-55.54680000000025,539.8684,-250.14640000000017
-1.7799999999999998,-0.8600000000000012,-1.524,-70.18800000000023,533.194,-260.37400000000014
-1.7619999999999998,-0.932000000000001,-1.5276,-84.82920000000021,526.5196,-270.60160000000013
-1.722399999999999,-0.9763999999999998,-1.5107999999999993,-91.20239999999987,528.8236000000003,-275.0127999999999
-1.639599999999999,-0.9655999999999999,-1.4531999999999994,-81.0395999999999,549.0844000000003,-267.79119999999995
-1.5567999999999993,-0.9547999999999999,-1.3955999999999995,-70.8767999999999,569.3452000000002,-260.5695999999999
-1.4979999999999998,-0.9359999999999997,-1.3960000000000004,-44.541999999999696,573.29,-260.12800000000004
-1.4583999999999997,-0.9107999999999998,-1.4428000000000003,-5.269599999999755,564.1819999999999,-265.1104
-1.4187999999999998,-0.8855999999999998,-1.4896000000000003,34.00280000000018,555.074,-270.0928
-1.5192000000000003,-0.8828,-1.4691999999999998,26.629999999999935,525.4587999999999,-286.37880000000007
-1.6596000000000002,-0.8864,-1.4296,5.929999999999968,489.98439999999994,-305.8944
-1.8,-0.89,-1.39,-14.77,454.51,-325.41
-1.6235999999999935,-0.9116000000000009,-1.3755999999999995,-28.511200000000517,452.5335999999999,-327.8472000000001
-1.4472000000000005,-0.9331999999999999,-1.3612000000000002,-42.25239999999995,450.55719999999997,-330.2844
-1.3051999999999992,-0.9516000000000002,-1.3524000000000005,-54.2376000000002,455.742400000001,-329.8479999999996
-1.2836,-0.9587999999999999,-1.3632,-60.07679999999996,485.9931999999998,-319.35400000000004
-1.2620000000000002,-0.9659999999999999,-1.3739999999999999,-65.91599999999995,516.2439999999997,-308.86000000000007
-1.2787999999999995,-1.0051999999999992,-1.330400000000001,-89.37439999999957,543.1571999999998,-298.5916000000001
-1.3435999999999992,-1.0843999999999991,-1.2188000000000012,-134.8567999999995,565.8983999999997,-288.6052000000001
-1.4084000000000017,-1.163600000000002,-1.107199999999997,-180.33920000000123,588.6396000000007,-278.61879999999974
-1.3220000000000023,-1.1300000000000012,-1.1251999999999989,-180.39920000000032,603.6551999999999,-264.92920000000026
-1.1599999999999961,-1.0399999999999978,-1.208000000000002,-157.74799999999948,614.8080000000003,-249.38799999999964
-0.9980000000000028,-0.9500000000000015,-1.2907999999999986,-135.0968000000004,625.9607999999998,-233.8468000000003
-1.021600000000001,-1.0104000000000015,-1.344800000000001,-125.92399999999985,651.3152000000006,-223.2783999999998
-1.0683999999999991,-1.0895999999999983,-1.3951999999999989,-118.43600000000016,678.4447999999994,-213.3316000000002
-1.1164000000000012,-1.1411999999999969,-1.4255999999999978,-111.62159999999997,702.1183999999998,-204.16079999999997
-1.174000000000001,-0.9719999999999973,-1.295999999999998,-110.19599999999997,698.1439999999999,-201.19799999999995
-1.231600000000001,-0.8027999999999975,-1.166399999999998,-108.77039999999998,694.1696,-198.23519999999996
-1.2567999999999995,-0.6863999999999998,-1.1172000000000015,-93.95399999999947,685.8859999999997,-200.18280000000013
-1.2171999999999996,-0.6755999999999999,-1.2288000000000012,-52.35599999999954,668.9839999999998,-211.9512000000001
-1.1775999999999995,-0.6648,-1.340400000000001,-10.757999999999605,652.0819999999999,-223.7196000000001
-1.1279999999999994,-0.7080000000000007,-1.4360000000000006,-2.392000000000145,633.3519999999999,-240.46200000000016
-1.0703999999999996,-0.7944000000000006,-1.5188000000000006,-20.611600000000116,613.1596,-261.1836000000001
-1.0127999999999997,-0.8808000000000005,-1.6016000000000006,-38.83120000000009,592.9671999999999,-281.9052000000001
-1.0532000000000001,-0.8299999999999997,-1.5443999999999998,-30.912799999999955,591.8596,-304.07720000000006
-1.1216000000000002,-0.7399999999999999,-1.4472,-15.526399999999978,596.2048,-326.66360000000003
-1.19,-0.65,-1.35,-0.14,600.55,-349.25
-1.1936,-0.5744000000000001,-1.2060000000000004,-39.03799999999994,586.744,-349.754
-1.1972,-0.49880000000000024,-1.0620000000000005,-77.93599999999988,572.9380000000001,-350.258
-1.164800000000007,-0.46639999999999476,-0.965199999999997,-108.214,559.3752000000006,-351.1475999999999
-1.006400000000001,-0.5851999999999993,-1.0335999999999994,-108.322,546.6636000000001,-353.3868
-0.8480000000000012,-0.7039999999999991,-1.1019999999999994,-108.42999999999999,533.9520000000001,-355.626
-0.7199999999999973,-0.8420000000000049,-1.1416,-120.73480000000082,535.2212000000005,-357.31000000000006
-0.6299999999999975,-1.0040000000000047,-1.1452,-148.28560000000078,553.9664000000006,-358.3
-0.5400000000000011,-1.165999999999998,-1.1487999999999998,-175.83639999999966,572.7115999999997,-359.28999999999996
-0.555599999999999,-1.172000000000001,-1.1236000000000006,-128.5456000000012,598.8343999999996,-357.22
-0.6240000000000016,-1.0999999999999983,-1.083999999999999,-43.83399999999799,628.6460000000008,-353.6199999999999
-0.6924000000000015,-1.0279999999999985,-1.044399999999999,40.87760000000187,658.4576000000006,-350.0199999999999
-0.7800000000000018,-0.8887999999999969,-0.9791999999999986,32.609999999999594,664.3268,-341.0535999999998
-0.8699999999999981,-0.741200000000003,-0.9108000000000014,12.720000000000407,667.2031999999999,-331.41640000000024
-0.9292000000000041,-0.6103999999999999,-0.8575999999999985,-4.203600000000151,669.4184,-321.4888000000003
-0.7419999999999971,-0.6140000000000001,-0.926000000000001,2.6040000000001076,666.3439999999999,-309.23799999999983
-0.5547999999999973,-0.6176,-0.994400000000001,9.411600000000096,663.2696,-296.9871999999998
-0.42519999999999925,-0.6115999999999987,-1.046000000000001,16.05720000000033,661.9220000000001,-294.5644000000009
-0.4108000000000004,-0.5864000000000007,-1.0639999999999996,22.37879999999982,664.028,-311.79759999999953
-0.39639999999999986,-0.5611999999999998,-1.0820000000000003,28.700400000000062,666.134,-329.03080000000017
-0.4300000000000006,-0.5680000000000003,-1.084,15.399999999999771,661.8639999999999,-346.8600000000001
-0.5020000000000033,-0.6004000000000015,-1.0731999999999995,-13.598000000001328,652.4931999999995,-365.16600000000085
-0.5739999999999975,-0.6327999999999989,-1.0624000000000005,-42.595999999998995,643.1224000000003,-383.4719999999994
-0.6908000000000003,-0.5839999999999997,-0.9507999999999996,-69.93920000000008,629.924,-392.4064
-0.8204000000000001,-0.5119999999999999,-0.8103999999999998,-96.80960000000005,615.632,-398.6632
-0.95,-0.44,-0.67,-123.68,601.34,-404.92
-0.7843999999999938,-0.5156000000000028,-0.6736000000000002,-125.04080000000005,570.7183999999988,-399.1707999999998
-0.6188000000000005,-0.5911999999999997,-0.6772,-126.40159999999999,540.0968,-393.4216
-0.45000000000000084,-0.6539999999999999,-0.7007999999999996,-111.82560000000035,523.0991999999999,-386.9012
-0.27000000000000113,-0.6719999999999999,-0.7943999999999994,-41.47080000000045,553.7855999999998,-377.68160000000006
-0.08999999999999432,-0.6900000000000005,-0.8880000000000029,28.884000000002217,584.472000000001,-368.4619999999997
-0.08120000000000616,-0.7192000000000013,-0.8935999999999968,63.49159999999969,619.3552000000012,-369.8072000000004
-0.28639999999999777,-0.7623999999999995,-0.7892000000000011,53.41520000000011,659.4843999999996,-384.35839999999985
-0.4915999999999975,-0.8055999999999994,-0.6848000000000013,43.33880000000013,699.6135999999995,-398.9095999999998
-0.5720000000000005,-0.7119999999999959,-0.5875999999999977,21.526399999999292,697.4331999999994,-399.1807999999998
-0.5900000000000004,-0.5499999999999962,-0.4939999999999978,-6.154000000000657,674.0979999999994,-392.31199999999984
-0.6079999999999997,-0.3880000000000028,-0.40040000000000164,-33.83439999999952,650.7628000000003,-385.4432000000001
-0.4372000000000037,-0.4115999999999991,-0.5563999999999965,30.974799999998538,647.0372,-390.5135999999999
-0.24279999999999632,-0.45840000000000086,-0.7436000000000036,107.34520000000144,645.7628,-397.07640000000015
-0.08040000000000164,-0.5044000000000006,-0.916000000000001,174.7711999999999,647.0472000000004,-404.8588000000003
-0.1740000000000015,-0.5440000000000006,-0.9700000000000009,170.64199999999994,668.8020000000004,-422.3980000000003
-0.2675999999999976,-0.583599999999999,-1.0239999999999987,166.51280000000008,690.5567999999994,-439.93719999999956
-0.4008000000000026,-0.5607999999999982,-0.9699999999999966,143.5507999999992,693.3239999999995,-453.7084000000001
-0.6132000000000024,-0.41319999999999835,-0.6999999999999971,82.92319999999933,658.1159999999995,-459.94360000000006
-0.825600000000002,-0.2655999999999986,-0.42999999999999744,22.295599999999425,622.9079999999997,-466.1788
-0.7659999999999869,-0.25800000000000495,-0.3500000000000034,-14.236000000000814,595.649999999999,-463.59599999999955
-0.48879999999999824,-0.36240000000000067,-0.4220000000000005,-31.490800000000107,574.7519999999998,-453.95879999999994
-0.21159999999999868,-0.4668000000000005,-0.4940000000000003,-48.74560000000008,553.8539999999999,-444.32159999999993
-0.18360000000000015,-0.5264000000000002,-0.5716000000000002,-34.480799999999924,580.5560000000002,-447.3852
-0.22680000000000178,-0.5732000000000019,-0.6508000000000033,-11.210399999999046,620.8580000000017,-454.07760000000025
-0.27,-0.62,-0.73,12.06,661.16,-460.77
-0.4175999999999998,-0.5840000000000001,-0.6436000000000002,-22.733999999999945,671.762,-426.9012
-0.5651999999999996,-0.5480000000000002,-0.5572000000000003,-57.52799999999989,682.3639999999999,-393.0324000000001
-0.6808000000000002,-0.49119999999999553,-0.4731999999999974,-79.72679999999924,685.5267999999992,-361.3627999999992
-0.6844000000000001,-0.3615999999999957,-0.3975999999999975,-57.84239999999927,662.6523999999993,-337.3903999999992
-0.688,-0.23200000000000104,-0.3220000000000006,-35.958000000000176,639.7780000000002,-313.41800000000023
-0.640400000000001,-0.13120000000000062,-0.2752000000000001,6.278399999999351,592.0268000000008,-308.30479999999983
-0.5287999999999968,-0.06639999999999815,-0.2643999999999997,73.95480000000191,513.1795999999978,-326.7656000000005
-0.417199999999997,-0.001599999999998259,-0.2535999999999997,141.6312000000018,434.3323999999979,-345.22640000000047
-0.11839999999999007,0.027200000000000273,-0.32680000000000287,120.91799999999837,418.76120000000043,-377.986400000001
0.2739999999999938,0.03799999999999983,-0.44199999999999817,56.01000000000103,434.82799999999975,-417.8959999999994
0.6664000000000087,0.04880000000000024,-0.5572000000000025,-8.898000000001435,450.8948000000004,-457.8056000000009
0.4251999999999934,-0.17080000000000506,-0.5155999999999987,-32.19000000000037,500.8176000000011,-513.5552000000012
0.1047999999999939,-0.4192000000000047,-0.45439999999999886,-50.28000000000034,554.972400000001,-571.2848000000012
-0.21319999999999328,-0.6427999999999995,-0.3720000000000055,-74.81119999999834,600.6368000000004,-615.4100000000014
-0.5119999999999929,-0.6679999999999994,-0.12000000000000594,-150.8719999999982,578.3780000000005,-550.7000000000015
-0.8108000000000042,-0.6932000000000004,0.1320000000000036,-226.93280000000107,556.1191999999996,-485.9899999999991
-0.9283999999999968,-0.6379999999999972,0.2495999999999981,-288.9152000000004,541.9976,-399.7663999999984
-0.6835999999999876,-0.42199999999998905,0.09839999999999235,-322.74080000000174,544.1504000000001,-270.51559999999347
-0.43880000000000735,-0.20600000000000648,-0.05279999999999546,-356.566399999999,546.3032,-141.26480000000387
-0.19599999999999812,-0.15800000000000067,-0.14400000000000035,-285.5999999999988,540.8079999999999,-104.62600000000029
0.04520000000000152,-0.24440000000000053,-0.18720000000000026,-130.79999999999902,529.1944,-142.07680000000022
0.2864000000000107,-0.3308000000000038,-0.2304000000000019,24.000000000006843,517.5807999999995,-179.52760000000166
0.2083999999999928,-0.26879999999999554,-0.2147999999999986,73.92040000000085,506.72039999999953,-265.44640000000425
0.039199999999999735,-0.16439999999999982,-0.18239999999999995,93.87520000000004,496.0752,-365.21320000000014
-0.13,-0.06,-0.15,113.83,485.43,-464.98
-0.24519999999999983,0.05159999999999981,-0.04920000000000016,42.532000000000124,508.3476,-389.4916000000001
-0.36040000000000416,0.16320000000000406,0.05160000000000366,-28.766000000002585,531.2652000000008,-314.00319999999726
-0.4084000000000083,0.1988000000000102,0.10680000000000464,-61.898400000004415,541.1332000000016,-253.6652000000003
-0.22120000000000117,-0.031599999999998574,0.0024000000000006794,38.548799999999375,505.32760000000025,-246.35360000000003
-0.03399999999999409,-0.2620000000000073,-0.1020000000000033,138.9960000000032,469.52199999999885,-239.04199999999975
0.020400000000001084,-0.41559999999999947,-0.10400000000000115,170.14720000000054,427.2300000000005,-234.844
-0.09120000000000317,-0.4732000000000017,0.0220000000000036,114.67839999999843,376.82999999999856,-234.53799999999998
-0.2027999999999986,-0.5307999999999993,0.1479999999999984,59.209600000000705,326.43000000000063,-234.232
-0.18959999999999808,-0.44199999999999595,0.10359999999999672,81.13840000000152,322.05480000000045,-196.8555999999986
-0.11400000000000118,-0.2800000000000026,-0.02599999999999797,141.76599999999905,340.69199999999967,-140.94400000000087
-0.038399999999998324,-0.11799999999999643,-0.15560000000000287,202.39360000000133,359.3292000000004,-85.03239999999876
-0.13560000000000713,-0.16720000000000454,-0.3108000000000095,258.96360000000334,318.7279999999971,-99.11440000000137
-0.25440000000000224,-0.24280000000000143,-0.469200000000003,315.02640000000105,270.72199999999907,-121.94560000000044
-0.364799999999999,-0.304800000000001,-0.5944000000000031,345.7040000000038,224.70360000000068,-135.7252000000013
-0.4080000000000007,-0.25799999999999923,-0.4539999999999978,173.29999999999728,194.58599999999953,-77.09199999999908
-0.4512000000000023,-0.21119999999999747,-0.31359999999999244,0.8959999999907495,164.46839999999838,-18.458799999996852
-0.4043999999999971,-0.15839999999999918,-0.1803999999999985,-140.08120000000102,130.84559999999948,22.092800000000054
-0.17760000000000645,-0.09360000000000183,-0.06160000000000339,-218.2047999999978,90.21240000000115,26.481199999999873
0.049200000000002145,-0.028799999999999385,0.057200000000001125,-296.3284000000008,49.57919999999962,30.86960000000004
0.1560000000000005,0.03800000000000325,0.1860000000000065,-288.7219999999964,30.519999999999914,-0.09400000000280784
0.16680000000000006,0.10640000000000044,0.32280000000000086,-212.53159999999951,28.719999999999988,-59.339200000000375
0.17759999999999962,0.17479999999999762,0.45959999999999523,-136.34120000000263,26.920000000000062,-118.58439999999794
0.0791999999999996,0.17319999999999994,0.3079999999999993,-143.4480000000001,46.290800000000075,-90.58719999999983
-0.05040000000000533,0.15159999999999912,0.0739999999999904,-174.35400000000126,71.71040000000104,-37.66359999999783
-0.18,0.13,-0.16,-205.26,97.13,15.26
-0.20520000000000094,0.02559999999999607,-0.21760000000000218,-300.7932000000036,99.10640000000008,69.87560000000207
-0.2303999999999999,-0.07879999999999966,-0.27519999999999983,-396.3263999999997,101.08279999999999,124.49119999999982
-0.23479999999999762,-0.14639999999999787,-0.2903999999999954,-474.4732000000006,95.23439999999884,159.63799999999884
-0.16640000000000044,-0.0852000000000004,-0.15720000000000084,-491.76759999999985,61.999200000000215,126.6440000000002
-0.09799999999999784,-0.023999999999998065,-0.02399999999999579,-509.0620000000005,28.76399999999895,93.64999999999895
-0.04720000000000027,0.00040000000000020575,0.09319999999999906,-476.43640000000084,-13.123999999999484,47.53440000000057
-0.018399999999999184,-0.021200000000000614,0.19040000000000276,-381.41079999999727,-65.8280000000015,-14.983200000001787
0.010399999999999637,-0.04279999999999973,0.28759999999999875,-286.3852000000012,-118.53199999999933,-77.50079999999922
0.02240000000000009,-0.06200000000000046,0.293599999999999,-197.49159999999785,-120.3823999999994,-64.65119999999872
0.026000000000000228,-0.08000000000000114,0.2539999999999975,-111.66399999999457,-96.8059999999985,-14.117999999996812
0.029600000000000078,-0.0980000000000004,0.21439999999999912,-25.836399999998104,-73.22959999999948,36.41520000000112
-0.0019999999999993218,-0.15439999999999884,0.18440000000000054,15.42799999999933,-73.41959999999995,72.85879999999935
-0.038000000000000686,-0.21560000000000118,0.15559999999999946,51.122000000000675,-76.58040000000005,107.54120000000066
-0.06639999999999817,-0.2615999999999957,0.14240000000000635,87.48160000000236,-84.11680000000241,136.45559999999904
-0.03399999999999949,-0.1859999999999988,0.2540000000000018,129.16600000000065,-126.65800000000067,119.22599999999973
-0.0016000000000008195,-0.11040000000000191,0.36559999999999715,170.85039999999893,-169.19919999999894,101.99640000000043
0.04760000000000103,-0.04079999999999928,0.44,237.15760000000142,-198.51880000000003,70.35839999999924
0.13040000000000418,0.01680000000000291,0.44,352.71040000000585,-201.39520000000016,9.903599999996942
0.21320000000000078,0.07440000000000055,0.44,468.2632000000011,-204.27160000000003,-50.55120000000058
0.23400000000000093,0.016000000000004788,0.36000000000000454,553.5699999999981,-163.7080000000024,-81.85999999999976
0.20519999999999983,-0.13520000000000093,0.2159999999999991,614.6800000000004,-88.39239999999953,-89.85200000000006
0.17639999999999872,-0.2864000000000067,0.07199999999999364,675.7900000000027,-13.07679999999667,-97.84400000000036
0.03279999999999944,-0.31439999999999996,-0.08040000000000053,661.6443999999999,41.95560000000016,-66.41199999999986
