0.1261,-0.010950000000000001,-0.12930000000000003,588.5896,-22.892,-21.97885
0.19,-0.05,-0.25,446.76,7.78,-17.41
0.07285,0.11685000000000001,-0.1648,420.26635,52.719449999999995,12.289299999999997
-0.04429999999999999,0.28369999999999995,-0.0796,393.7727,97.65889999999999,41.9886
-0.13284999999999997,0.42455,-0.00869999999999999,360.9415499999999,124.11234999999994,64.57754999999999
-0.09380000000000001,0.44939999999999997,-0.0016000000000000007,299.8354,68.08980000000001,55.443400000000004
-0.054749999999999965,0.47425,0.0055000000000000075,238.72924999999992,12.067249999999941,46.30924999999999
-0.01959999999999998,0.4704999999999999,0.004799999999999992,164.98709999999988,-20.760699999999993,37.8797
0.008799999999999995,0.41725,-0.009399999999999995,69.37495000000003,-13.444150000000002,30.669650000000004
0.037200000000000025,0.364,-0.02360000000000001,-26.23720000000008,-6.127599999999994,23.459599999999995
0.03244999999999997,0.31074999999999997,-0.010499999999999968,-98.31870000000004,-6.254200000000004,20.09105
0.0004999999999999311,0.2574999999999999,0.025000000000000078,-151.0930000000001,-12.488000000000012,19.8745
-0.03145000000000002,0.20424999999999996,0.06050000000000003,-203.86730000000006,-18.721800000000005,19.65795
-0.029599999999999974,0.17699999999999996,0.07260000000000001,-222.6518,-24.924400000000013,16.856999999999992
-0.015399999999999992,0.15925,0.07615000000000001,-229.01695,-31.115600000000004,13.111749999999999
-0.0012000000000000099,0.14150000000000001,0.0797,-235.38209999999998,-37.306799999999996,9.366500000000004
-0.006500000000000004,0.11725,0.057249999999999995,-235.998,-33.66674999999999,10.814750000000002
-0.013600000000000011,0.09239999999999997,0.03239999999999996,-236.0832,-29.119199999999992,12.742400000000004
-0.02035,0.06649999999999999,0.00789999999999999,-235.04385,-25.34025,14.622800000000002
-0.023899999999999998,0.031000000000000034,-0.013399999999999981,-223.7229,-28.588499999999996,16.071199999999997
-0.02745000000000001,-0.004500000000000098,-0.034700000000000064,-212.40194999999997,-31.83675000000001,17.519600000000004
-0.02599999999999994,-0.03300000000000004,-0.05100000000000002,-195.00799999999987,-34.347,18.871000000000002
-0.011799999999999996,-0.04365,-0.05455,-162.1279,-34.97535,19.97505
0.00240000000000002,-0.054300000000000015,-0.058100000000000006,-129.24779999999996,-35.603699999999996,21.079100000000004
0.011649999999999992,-0.056700000000000014,-0.056700000000000014,-94.7375000000001,-34.822950000000006,21.439000000000004
0.015200000000000014,-0.04959999999999997,-0.04959999999999997,-58.34999999999986,-32.41959999999999,20.942
0.018750000000000017,-0.04249999999999997,-0.04249999999999997,-21.96249999999982,-30.01624999999999,20.444999999999997
0.02,-0.023899999999999977,-0.042300000000000004,5.07090000000003,-25.860299999999995,19.499499999999998
0.02,0.000950000000000055,-0.04585000000000001,27.020550000000053,-20.751849999999987,18.310249999999996
0.02,0.025799999999999962,-0.0494,48.97019999999997,-15.643400000000007,17.121000000000002
0.02,0.04475000000000009,-0.044099999999999966,56.74510000000002,-12.980499999999989,16.327049999999996
0.02,0.06250000000000001,-0.03699999999999999,61.637,-10.814999999999998,15.6135
0.02005000000000001,0.08015000000000003,-0.029799999999999965,66.31059999999997,-8.656249999999996,14.886499999999996
0.02360000000000001,0.09080000000000003,-0.015599999999999952,55.70319999999996,-6.969999999999994,13.217999999999995
0.027149999999999997,0.10145,-0.0014000000000000054,45.0958,-5.283750000000001,11.549500000000002
0.0307,0.1107,0.011400000000000007,33.344599999999986,-3.1270999999999978,10.3122
0.03425000000000001,0.11425,0.018500000000000016,16.936499999999967,0.944750000000008,10.8305
0.03779999999999999,0.11779999999999999,0.025599999999999987,0.528400000000028,5.016599999999992,11.348799999999999
0.045400000000000065,0.12405000000000005,0.02864999999999998,-18.6539500000001,11.89375000000005,13.275150000000018
0.05960000000000008,0.13470000000000004,0.02509999999999998,-42.35730000000013,23.342500000000065,17.496100000000023
0.0738000000000001,0.14535000000000006,0.021549999999999975,-66.06065000000015,34.791250000000076,21.71705000000003
0.09000000000000005,0.16000000000000006,0.02400000000000002,-95.0680000000001,50.498000000000054,26.500000000000014
0.10775000000000008,0.17775000000000007,0.03110000000000003,-128.18595000000013,69.50470000000007,31.71850000000002
0.1255,0.1955,0.038200000000000005,-161.3039,88.51140000000001,36.937
0.11409999999999998,0.17614999999999997,0.05855000000000003,-188.91250000000002,96.0436,36.65939999999999
0.09279999999999994,0.1441999999999999,0.08340000000000007,-214.65000000000006,99.67880000000001,34.51519999999999
0.07149999999999992,0.11224999999999988,0.1082500000000001,-240.3875000000001,103.31400000000001,32.37099999999999
0.08979999999999991,0.08360000000000015,0.11329999999999998,-246.08409999999998,104.21679999999999,28.679100000000016
0.11109999999999992,0.0552000000000001,0.11684999999999998,-250.26244999999997,104.9126,24.869950000000014
0.13,0.030800000000000053,0.12040000000000002,-253.52599999999998,107.55680000000014,21.24119999999998
0.13,0.03790000000000006,0.12395000000000003,-249.58549999999997,125.54465000000016,19.03309999999998
0.13,0.045000000000000075,0.12750000000000003,-245.64499999999995,143.53250000000017,16.824999999999978
0.12054999999999996,0.05210000000000001,0.1342,-242.7545,161.02685000000002,15.19965
0.08859999999999993,0.05920000000000002,0.14840000000000003,-242.364,177.34620000000004,14.961799999999998
0.05664999999999988,0.06630000000000003,0.16260000000000005,-241.9735,193.66555000000005,14.723949999999999
0.034899999999999945,0.07,0.1785000000000001,-241.27360000000002,204.86620000000002,13.987999999999994
0.02424999999999994,0.07,0.19625000000000012,-240.237,210.49650000000003,12.709999999999992
0.01360000000000003,0.07,0.21399999999999994,-239.2004,216.12679999999997,11.432000000000004
-0.013499999999999943,0.07235,0.22469999999999998,-248.01969999999997,231.57069999999996,7.792250000000008
-0.04900000000000034,0.07590000000000004,0.23180000000000006,-261.8718000000001,252.02580000000017,2.9464999999999537
-0.08450000000000038,0.07945000000000003,0.23890000000000006,-275.7239000000001,272.4809000000002,-1.8992500000000523
-0.14400000000000013,0.07099999999999998,0.24,-290.60200000000003,283.9,-3.400000000000002
-0.20790000000000022,0.060349999999999966,0.24,-305.66820000000007,293.6625,-4.287500000000003
-0.2711000000000002,0.05,0.24,-320.50690000000003,303.3768,-5.1598000000000015
-0.31015000000000026,0.05,0.24,-327.49685000000005,311.4282,-5.5077000000000025
-0.3492000000000003,0.05,0.24,-334.4868000000001,319.47960000000006,-5.855600000000003
-0.3852500000000002,0.05150000000000006,0.24375000000000013,-342.0445000000001,328.95825000000013,-5.754999999999986
-0.41009999999999996,0.0586,0.26149999999999995,-351.7218,343.76529999999997,-3.9800000000000013
-0.43495,0.06570000000000001,0.27925,-361.3991,358.57235000000003,-2.204999999999999
-0.45280000000000004,0.07280000000000002,0.2998,-372.0578,375.47800000000007,-0.5405999999999973
-0.4599000000000001,0.0799000000000001,0.3246500000000003,-384.22365000000013,395.60650000000027,0.9539500000000194
-0.467,0.08700000000000002,0.3495000000000001,-396.3895,415.73500000000007,2.448500000000006
-0.4474500000000002,0.09614999999999994,0.37434999999999985,-402.68004999999994,439.75439999999986,2.329700000000006
-0.4084000000000001,0.10679999999999995,0.3991999999999999,-404.67159999999996,466.6207999999999,1.0304000000000046
-0.36935000000000007,0.11744999999999997,0.4240499999999999,-406.66315,493.4872,-0.2688999999999968
-0.3275999999999996,0.11459999999999994,0.4516000000000002,-396.76659999999987,516.5952000000002,-4.4329000000000445
-0.2849999999999996,0.10749999999999993,0.4800000000000003,-383.1274999999999,538.5200000000002,-9.49875000000005
-0.2423999999999995,0.10039999999999992,0.5084000000000003,-369.4883999999999,560.4448000000002,-14.564600000000057
-0.2332999999999999,0.08994999999999988,0.5267500000000003,-351.5210999999998,583.2707500000002,-21.489700000000088
-0.2261999999999999,0.07929999999999986,0.5445000000000003,-333.29539999999974,606.1505000000003,-28.525800000000096
-0.22045,0.06909999999999997,0.5627000000000002,-315.0039999999999,628.5285000000001,-35.27885000000003
-0.22400000000000003,0.061999999999999965,0.5840000000000002,-296.2599999999999,647.45,-40.08200000000003
-0.22755000000000003,0.05489999999999995,0.6053000000000002,-277.51599999999985,666.3715000000001,-44.88515000000004
-0.23110000000000003,0.05550000000000015,0.62,-259.9918999999999,685.4261000000001,-48.046
-0.23465000000000003,0.07325000000000018,0.62,-245.18484999999984,704.7771500000002,-47.54899999999999
-0.2382,0.09100000000000003,0.62,-230.37779999999998,724.1282000000001,-47.052
-0.24525000000000002,0.11400000000000006,0.62525,-221.13049999999998,741.31275,-47.80275
-0.2559,0.14240000000000008,0.6359,-217.6018,756.2689000000001,-49.83690000000001
-0.26655000000000006,0.17080000000000012,0.6465500000000001,-214.07309999999998,771.2250500000001,-51.87105000000001
-0.28440000000000015,0.19440000000000013,0.6524000000000001,-224.3732000000001,785.1444000000001,-56.758800000000036
-0.30569999999999997,0.21569999999999992,0.65595,-241.29959999999994,798.56695,-63.013899999999985
-0.3270000000000002,0.23700000000000015,0.6595000000000001,-258.22600000000017,811.9895000000001,-69.26900000000006
-0.34525,0.24914999999999998,0.66915,-285.04965,821.70935,-74.6701
-0.3629999999999998,0.2597999999999999,0.6797999999999998,-313.49579999999975,830.8221999999998,-79.93119999999995
-0.38060000000000005,0.2697,0.69045,-341.89230000000003,840.00555,-85.14655
-0.3947999999999999,0.26260000000000006,0.7010999999999998,-369.1633999999998,850.7868999999998,-89.32489999999997
-0.4090000000000003,0.25549999999999984,0.7117500000000002,-396.43450000000064,861.5682500000003,-93.5032500000001
-0.42240000000000016,0.24599999999999972,0.72,-421.8632000000003,874.2512000000003,-96.6672
-0.43305000000000005,0.2282499999999999,0.72,-440.95865000000015,893.4709,-96.34415
-0.4437000000000002,0.2104999999999997,0.72,-460.05410000000035,912.6906000000002,-96.02109999999999
-0.4543500000000001,0.1898499999999998,0.7229,-474.3196000000001,928.86095,-95.36019999999999
-0.4650000000000002,0.1649999999999995,0.7300000000000001,-481.59000000000015,940.6150000000002,-94.20999999999998
-0.47565000000000013,0.14014999999999972,0.7371000000000001,-488.8604000000001,952.3690500000001,-93.0598
-0.4863,0.10689999999999991,0.7547,-483.92979999999994,962.6006,-93.7429
-0.4969500000000001,0.06784999999999947,0.7795500000000004,-470.5746999999998,971.7809000000001,-95.69185000000003
-0.5076,0.028799999999999812,0.8044000000000001,-457.2195999999999,980.9612,-97.64080000000001
-0.5237500000000003,-0.004750000000000504,0.8210000000000003,-433.75274999999954,991.8327500000001,-97.35949999999998
-0.5415000000000002,-0.03670000000000023,0.8352,-407.3442999999998,1003.1963000000001,-96.42939999999999
-0.55925,-0.06864999999999996,0.8493999999999999,-380.93585,1014.55985,-95.49929999999999
-0.5838000000000003,-0.10740000000000038,0.8670000000000002,-342.75319999999965,1016.1994,-94.9194
-0.60865,-0.14645000000000002,0.88475,-304.05109999999996,1017.40995,-94.35495
-0.6279999999999998,-0.17749999999999977,0.9005000000000001,-266.68699999999967,1019.3310000000001,-93.26349999999995
-0.6137999999999999,-0.15974999999999995,0.90405,-237.48469999999992,1025.5861,-88.95734999999999
-0.5996,-0.1420000000000001,0.9076,-208.28240000000017,1031.8411999999998,-84.65120000000002
-0.6015000000000001,-0.1115999999999997,0.91115,-189.8648,1039.87765,-78.78104999999994
-0.6369999999999998,-0.05480000000000018,0.9147000000000001,-193.9544,1051.6317,-69.64690000000003
-0.6725000000000002,0.002000000000000453,0.9182500000000001,-198.04400000000004,1063.3857500000001,-60.512749999999926
-0.7008000000000003,0.04260000000000048,0.9308000000000004,-209.55500000000035,1063.9132,-53.13359999999989
-0.7221000000000002,0.06745000000000026,0.9521000000000003,-228.2812500000002,1053.5258999999999,-47.46069999999994
-0.7434000000000005,0.09230000000000055,0.9734000000000005,-247.00750000000042,1043.1385999999998,-41.787799999999876
-0.7426499999999998,0.09264999999999987,0.9750999999999999,-263.8791000000002,1035.54185,-42.84015000000005
-0.732,0.08199999999999996,0.968,-279.91800000000006,1029.1979999999999,-46.91200000000002
-0.7213499999999998,0.07134999999999984,0.9608999999999999,-295.95690000000025,1022.8541499999999,-50.98385000000006
-0.7417000000000001,0.05449999999999988,0.9817000000000001,-331.61880000000025,1023.8821,-51.934000000000005
-0.7665500000000005,0.036749999999999686,1.0065500000000005,-370.1292000000007,1025.98015,-52.431000000000004
-0.7914000000000002,0.017999999999999697,1.0308000000000002,-407.5272000000002,1027.4587999999999,-52.65119999999996
-0.81625,-0.0175,1.045,-426.2925,1018.5625,-48.235
-0.8411000000000003,-0.053000000000000394,1.0592000000000001,-445.0578000000002,1009.6661999999999,-43.81879999999995
-0.85915,-0.08340000000000003,1.06915,-458.97299999999996,1003.9319,-36.95629999999996
-0.8555999999999999,-0.09760000000000019,1.0656,-457.48199999999997,1008.2416000000001,-22.323199999999797
-0.85205,-0.11180000000000007,1.06205,-455.991,1012.5513,-7.69009999999993
-0.8439999999999998,-0.12900000000000034,1.0645000000000002,-455.13,1013.54,0.15699999999997694
-0.8297999999999999,-0.15030000000000016,1.07515,-455.13,1009.9899999999999,-1.2701000000000102
-0.8156000000000001,-0.17159999999999995,1.0858,-455.13,1006.4399999999999,-2.697199999999998
-0.80355,-0.18860000000000013,1.0986000000000002,-449.5829999999999,996.7667999999999,-9.421900000000097
-0.7929,-0.2028,1.1128,-440.424,983.1063999999999,-19.59620000000001
-0.7822499999999999,-0.21700000000000016,1.127,-431.2649999999999,969.4459999999998,-29.770500000000123
-0.794,-0.23120000000000004,1.1327999999999998,-426.30879999999996,965.4176,-30.606799999999996
-0.8117500000000002,-0.2454000000000002,1.13635,-422.47835,963.9692,-28.941849999999977
-0.8295000000000005,-0.2596000000000004,1.1399,-418.64789999999994,962.5208,-27.27689999999996
-0.8714000000000006,-0.2703500000000002,1.1641500000000002,-434.1478000000003,961.86935,-12.125899999999739
-0.9140000000000003,-0.2810000000000001,1.189,-450.20800000000014,961.241,3.4160000000001247
-0.9538500000000004,-0.29110000000000014,1.2138500000000005,-467.7240500000005,958.7646499999998,17.056550000000065
-0.9786999999999998,-0.2981999999999999,1.2386999999999997,-493.18109999999973,946.2083000000001,20.32609999999997
-1.0035500000000006,-0.3053000000000001,1.2635500000000006,-518.6381500000006,933.6519499999997,23.59565000000007
-1.0235999999999998,-0.3088,1.2812,-538.52,920.4596000000001,24.458000000000027
-1.0342500000000001,-0.30524999999999997,1.28475,-547.4837500000001,906.0217499999999,20.606249999999985
-1.0449,-0.3017,1.2883,-556.4475,891.5839000000001,16.754500000000018
-1.0370499999999998,-0.3074000000000001,1.2826,-565.57775,871.5275999999998,11.942599999999963
-1.0121999999999995,-0.3216000000000003,1.2683999999999997,-574.8610000000001,846.3083999999996,6.2483999999999
-0.9873499999999997,-0.33580000000000015,1.2542,-584.14425,821.0891999999998,0.5541999999999498
-1.0050000000000008,-0.3575000000000005,1.2449999999999999,-600.6250000000003,808.2799999999999,-1.8150000000000195
-1.0405000000000004,-0.3823500000000003,1.2379,-620.1287000000002,800.6829999999999,-2.7877000000000107
-1.076000000000001,-0.40720000000000056,1.2308,-639.6324000000005,793.0859999999999,-3.760400000000022
-1.1461500000000011,-0.4572500000000007,1.2363000000000002,-651.5320000000002,767.8962499999997,-3.602249999999996
-1.220700000000002,-0.5105000000000014,1.2434,-662.4660000000002,740.4724999999993,-3.3004999999999924
-1.29225,-0.5634999999999999,1.2522499999999999,-670.7182500000001,713.7405000000001,-1.9712500000000617
-1.324200000000001,-0.6132000000000014,1.284200000000001,-643.5713999999992,696.1395999999995,12.921000000000404
-1.35615,-0.6628999999999999,1.31615,-616.4245500000001,678.5387000000001,27.813249999999975
-1.3790999999999998,-0.7081000000000003,1.3472000000000004,-589.5971999999997,660.3896999999998,41.92070000000011
-1.37555,-0.74005,1.3756,-563.7106,640.62685,53.71735000000001
-1.372,-0.7720000000000004,1.4040000000000004,-537.8239999999997,620.8639999999998,65.51400000000014
-1.3684500000000002,-0.7946500000000001,1.42775,-512.7774999999999,603.59665,76.77280000000003
-1.3649,-0.8053000000000001,1.4455000000000002,-488.81499999999966,589.5492999999998,87.33760000000015
-1.36135,-0.8159500000000001,1.4632500000000002,-464.85249999999985,575.5019499999999,97.90240000000006
-1.3776000000000006,-0.8442000000000006,1.4876000000000005,-436.6373999999995,561.4127999999997,105.84920000000011
-1.4060000000000001,-0.8832500000000003,1.5160000000000002,-405.81274999999977,547.2979999999999,112.18950000000005
-1.4344000000000006,-0.9223000000000008,1.5444000000000007,-374.9880999999994,533.1831999999997,118.52980000000012
-1.4627999999999997,-0.9755999999999995,1.5614,-337.8535500000004,534.2247,123.62179999999995
-1.4912,-1.0324000000000002,1.5756000000000001,-299.16919999999993,538.9888000000001,128.4072
-1.519600000000001,-1.089200000000002,1.5898000000000005,-260.48484999999874,543.7529000000002,133.19260000000014
-1.5445000000000002,-1.0795000000000001,1.6005,-231.83499999999987,545.8885,147.34400000000005
-1.569350000000001,-1.0688499999999996,1.6111500000000005,-203.328499999999,547.9865500000001,161.6292000000005
-1.5930000000000002,-1.0545999999999998,1.6254000000000004,-179.47859999999997,546.6861999999999,175.01860000000005
-1.6107500000000003,-1.0226499999999994,1.6573500000000005,-178.52364999999998,528.6770499999997,184.00365000000016
-1.6285,-0.9906999999999997,1.6893000000000002,-177.56869999999998,510.66789999999986,192.98870000000008
-1.64375,-0.9624999999999996,1.7337500000000012,-188.64250000000067,488.4974999999994,198.635
-1.6544,-0.9411999999999998,1.8012000000000006,-221.84920000000037,458.6703999999997,198.138
-1.6650500000000001,-0.9198999999999995,1.8686500000000015,-255.05590000000075,428.8432999999994,197.641
-1.6643,-0.9384999999999997,1.9208999999999996,-283.2807999999999,398.5735000000002,192.61250000000007
-1.6536499999999994,-0.9917500000000025,1.9599500000000016,-307.17940000000107,367.9192499999986,183.6487499999996
-1.6429999999999998,-1.0450000000000008,1.9990000000000003,-331.0780000000004,337.26499999999953,174.68499999999986
-1.6272499999999994,-1.136500000000003,2.0533500000000013,-329.27259999999967,313.3631499999994,165.04039999999972
-1.6095,-1.2429999999999999,2.1136999999999997,-317.3872,292.1093,155.1288
-1.59175,-1.349500000000001,2.1740500000000007,-305.5017999999999,270.8554499999998,145.2171999999999
-1.6219999999999994,-1.414399999999999,2.2279999999999993,-283.08200000000045,247.91840000000045,135.3792000000002
-1.657500000000001,-1.474750000000002,2.2812500000000018,-259.50999999999925,224.79724999999925,125.54924999999969
-1.6894,-1.5294,2.3288,-237.147,201.98389999999995,116.4768
-1.6823,-1.5223,2.3146,-227.88149999999987,182.5050499999997,115.61059999999999
-1.6752,-1.5152,2.3004000000000002,-218.61600000000016,163.02620000000027,114.74440000000001
-1.6785499999999998,-1.5204499999999999,2.28715,-211.9231,147.10320000000002,113.68155
-1.7105000000000015,-1.5595000000000019,2.2764999999999995,-212.27100000000002,140.9119999999997,112.08049999999992
-1.7424500000000005,-1.5985500000000008,2.2658499999999995,-212.61890000000002,134.72079999999988,110.47944999999997
-1.7920000000000023,-1.648800000000002,2.2680000000000002,-200.06759999999915,116.11999999999898,100.14719999999936
-1.863,-1.7127000000000001,2.28575,-171.79539999999994,82.39499999999995,79.17379999999997
-1.9340000000000008,-1.7766000000000008,2.3035,-143.52319999999963,48.66999999999957,58.20039999999973
-1.9645000000000001,-1.79775,2.3235000000000006,-99.96899999999874,17.56399999999929,48.55799999999993
-1.9716000000000002,-1.7942,2.3448000000000007,-47.58519999999815,-12.028800000001041,45.46239999999989
-1.9787000000000001,-1.79065,2.3661000000000003,4.798600000000336,-41.621600000000186,42.36679999999998
-1.9683999999999997,-1.746499999999999,2.3670999999999998,41.215000000000586,-64.75610000000037,38.491099999999925
-1.9542000000000002,-1.6932500000000006,2.36355,74.05249999999964,-86.44304999999976,34.440550000000044
-1.9400000000000006,-1.6399999999999981,2.3599999999999977,106.89000000000037,-108.13000000000076,30.389999999999837
-1.95775,-1.5973999999999995,2.3102999999999994,116.1306500000001,-127.2219000000002,26.279099999999953
-1.9755000000000005,-1.554799999999999,2.260599999999999,125.3713000000002,-146.3138000000004,22.168199999999906
-1.9854500000000002,-1.5180500000000001,2.2193500000000004,134.85829999999993,-168.08109999999976,16.316600000000083
-1.9606,-1.5073999999999999,2.2158,145.44440000000006,-201.78480000000016,2.6987999999999346
-1.9357499999999996,-1.4967499999999998,2.21225,156.0305000000002,-235.48850000000056,-10.919000000000219
-1.9160999999999997,-1.4873999999999998,2.2113,174.14620000000087,-262.2411000000004,-24.415900000000363
-1.9054499999999999,-1.4803,2.21485,205.29389999999995,-276.96295,-37.70354999999998
-1.8947999999999998,-1.4731999999999998,2.2184000000000004,236.44160000000028,-291.68480000000017,-50.99120000000013
-1.88805,-1.4544000000000006,2.2044000000000006,268.1489499999994,-300.3401999999999,-59.370699999999914
-1.8844999999999998,-1.425999999999999,2.1759999999999993,300.315500000001,-304.01800000000014,-63.723000000000134
-1.8809499999999997,-1.3975999999999986,2.147599999999999,332.4820500000014,-307.6958000000002,-68.07530000000018
-1.8383999999999991,-1.3327999999999989,2.1322,351.7136000000002,-313.9450000000001,-65.86259999999993
-1.7815999999999985,-1.254699999999998,2.1215499999999996,366.21890000000036,-321.1337500000002,-61.25114999999988
-1.7248,-1.1766,2.1109,380.72419999999994,-328.3225,-56.63970000000001
-1.7297500000000001,-1.1212499999999994,2.1035,371.3679999999999,-336.8372500000001,-55.8925
-1.7404000000000002,-1.067999999999999,2.0963999999999996,359.80919999999975,-345.4744000000002,-55.50199999999999
-1.7531500000000009,-1.0189499999999998,2.09035,347.3967499999994,-355.4814500000007,-56.18740000000032
-1.7851000000000001,-1.0083,2.0939,327.17949999999996,-378.0133,-66.70960000000002
-1.8170500000000005,-0.9976499999999998,2.0974500000000003,306.96224999999976,-400.5451500000003,-77.23180000000013
-1.8089999999999975,-0.9869999999999998,2.085999999999999,292.555,-423.00500000000056,-87.30800000000022
-1.6989499999999962,-0.9763499999999996,2.0362999999999984,292.96325,-445.2812500000008,-96.24690000000032
-1.5888999999999993,-0.9656999999999999,1.9865999999999997,293.37149999999997,-467.5575000000002,-105.18580000000006
-1.4870999999999983,-0.931949999999999,1.931949999999999,294.98920000000004,-480.9584000000001,-109.01464999999996
-1.3948000000000012,-0.8716000000000007,1.8716000000000006,297.99959999999993,-484.13919999999996,-106.95920000000002
-1.3025,-0.81125,1.81125,301.01,-487.32,-104.90375
-1.3022000000000005,-0.7807999999999998,1.8015000000000003,282.0990999999997,-507.1206000000003,-113.91360000000017
-1.351900000000001,-0.7665999999999997,1.8192500000000005,251.27444999999932,-535.9537000000006,-128.93720000000033
-1.4015999999999995,-0.7524000000000001,1.837,220.4498000000002,-564.7867999999997,-143.9607999999999
-1.4808000000000003,-0.75885,1.8459,175.05509999999978,-584.4808,-154.97240000000005
-1.5660000000000012,-0.7695000000000002,1.8530000000000002,126.69699999999924,-602.3160000000003,-165.16800000000018
-1.648499999999997,-0.7799499999999999,1.8590499999999983,78.94439999999985,-620.0893500000003,-175.1583999999999
-1.5419999999999958,-0.7763999999999999,1.7915999999999974,73.57679999999979,-633.5332000000005,-170.78479999999985
-1.435499999999999,-0.77285,1.7241499999999994,68.20919999999995,-646.9770500000001,-166.41119999999995
-1.3373999999999988,-0.7707,1.6685999999999999,64.99270000000011,-658.5554000000001,-162.46459999999996
-1.273499999999998,-0.7742500000000001,1.6614999999999998,70.53425000000018,-662.5385000000001,-160.25649999999993
-1.2095999999999971,-0.7778000000000002,1.6543999999999996,76.07580000000024,-666.5216000000001,-158.0483999999999
-1.197000000000001,-0.7921500000000005,1.64865,79.47625000000001,-667.5819499999999,-162.01385000000022
-1.2680000000000018,-0.8241000000000008,1.6450999999999998,79.3875,-663.8792999999998,-176.03990000000036
-1.3389999999999997,-0.8560499999999999,1.6415499999999998,79.29875000000001,-660.17665,-190.06594999999996
-1.366,-0.87,1.6279999999999997,92.06600000000019,-654.7799999999999,-192.14199999999994
-1.3589,-0.87,1.6066999999999996,114.79665000000043,-648.0704999999998,-184.95679999999984
-1.3518,-0.87,1.5853999999999995,137.52730000000068,-641.3609999999998,-177.77159999999978
-1.30495,-0.8302499999999999,1.5588,161.24110000000002,-640.3860999999999,-167.20764999999997
-1.2445999999999993,-0.7769999999999992,1.5303999999999998,185.28880000000032,-641.3588,-155.49619999999985
-1.1842499999999985,-0.7237499999999987,1.5019999999999993,209.33650000000057,-642.3315,-143.78474999999972
-1.18,-0.6803999999999985,1.4834999999999994,228.85990000000066,-659.7448000000006,-143.56390000000002
-1.18,-0.6377999999999997,1.4657499999999999,248.0405500000001,-678.4036000000001,-144.21355
-1.1828000000000003,-0.5983999999999997,1.4463999999999995,263.1403999999997,-695.0332000000001,-145.88520000000017
-1.2076499999999997,-0.5842000000000002,1.4144500000000004,246.1039500000002,-695.68285,-155.60509999999988
-1.2325,-0.5700000000000001,1.3825,229.0675,-696.3325,-165.325
-1.2479,-0.5505499999999997,1.3673500000000003,215.03404999999992,-693.3197499999999,-171.15149999999994
-1.2408,-0.5185999999999993,1.3922000000000005,208.15059999999986,-681.5869999999998,-167.7079999999999
-1.2336999999999998,-0.4866499999999989,1.4170500000000008,201.26714999999976,-669.8542499999996,-164.26449999999988
-1.2129999999999999,-0.4393999999999997,1.4095999999999997,202.64570000000006,-661.751,-153.5755999999999
-1.1774999999999993,-0.37549999999999895,1.3669999999999993,213.01525000000015,-657.5975,-135.0019999999997
-1.141999999999999,-0.3115999999999982,1.324399999999999,223.38480000000027,-653.4439999999998,-116.4283999999995
-1.13235,-0.3017500000000007,1.2794499999999982,221.09959999999967,-667.2280500000008,-111.67045000000009
-1.1359,-0.3195000000000002,1.2332999999999996,212.3523999999999,-690.1717000000002,-113.96730000000002
-1.13945,-0.3372500000000004,1.187149999999999,203.60519999999983,-713.1153500000005,-116.26415000000006
-1.1520000000000004,-0.4150000000000028,1.1980000000000006,195.04399999999973,-735.6930000000007,-131.25400000000056
-1.1662000000000006,-0.5037500000000038,1.219300000000001,186.51689999999962,-758.203550000001,-148.57090000000076
-1.1791999999999996,-0.5905000000000002,1.2402000000000002,179.11960000000045,-779.5976999999998,-165.85180000000025
-1.1507999999999994,-0.6082500000000004,1.2473,210.7004000000008,-762.4760499999996,-181.8907000000004
-1.1224,-0.6259999999999999,1.2544,242.2811999999999,-745.3544,-197.92959999999997
-1.0924999999999998,-0.6219999999999993,1.2547499999999998,278.47225000000043,-726.5999999999998,-207.6992499999999
-1.0569999999999993,-0.5367999999999984,1.2298999999999995,331.87490000000105,-701.7499999999995,-194.06369999999976
-1.021499999999999,-0.45159999999999745,1.2050499999999993,385.2775500000016,-676.8999999999993,-180.4281499999996
-0.9873999999999999,-0.3817999999999999,1.1633999999999998,425.19120000000004,-659.708,-162.72839999999997
-0.9554499999999996,-0.33564999999999945,1.095949999999999,444.38960000000026,-654.2764999999999,-138.7871999999997
-0.9234999999999992,-0.2894999999999989,1.0284999999999984,463.5880000000005,-648.8449999999998,-114.84599999999942
-0.926400000000001,-0.2782000000000005,1.0123000000000009,457.90144999999916,-646.6115,-97.11629999999954
-0.9548000000000002,-0.2924000000000001,1.0336,434.0063999999998,-646.718,-83.93159999999992
-0.9832000000000005,-0.30660000000000026,1.0549000000000004,410.11134999999956,-646.8245000000001,-70.74689999999977
-0.9683999999999992,-0.3208000000000004,1.1086000000000018,381.3400999999991,-652.4660000000002,-74.90160000000029
-0.9400000000000001,-0.33499999999999996,1.1725,351.03375,-659.85,-84.515
-0.9115999999999985,-0.34920000000000073,1.2364000000000033,320.72739999999845,-667.2340000000004,-94.1284000000005
-0.8798499999999992,-0.3131499999999991,1.2165499999999994,326.0047500000002,-654.0456499999997,-106.10690000000028
-0.8478999999999989,-0.2740999999999987,1.191699999999999,333.4065000000002,-639.6290999999994,-118.22660000000042
-0.8236000000000001,-0.23324999999999974,1.1618999999999997,340.41900000000004,-625.6324,-126.2692999999999
-0.8520000000000004,-0.17999999999999916,1.097999999999999,344.75000000000006,-614.5279999999998,-106.22599999999969
-0.8804000000000007,-0.12674999999999853,1.0340999999999982,349.08100000000013,-603.4235999999997,-86.18269999999944
-0.8988999999999999,-0.08889999999999987,0.9866999999999996,349.36069999999967,-599.9312000000004,-66.29339999999925
-0.89535,-0.08534999999999997,0.9760499999999999,340.6170499999999,-613.3928000000001,-46.747099999999804
-0.8918,-0.08180000000000007,0.9654000000000001,331.8734000000002,-626.8543999999997,-27.200800000000374
-0.8619999999999982,-0.09400000000000092,0.9827500000000015,315.1899999999992,-639.2082500000004,-23.75625000000042
-0.8051999999999976,-0.12240000000000123,1.028900000000002,290.3399999999989,-650.4227000000004,-36.87350000000057
-0.7483999999999992,-0.1508000000000004,1.0750500000000007,265.48999999999967,-661.6371500000001,-49.99075000000019
-0.6796000000000011,-0.1647999999999999,1.1043999999999998,264.9015999999998,-669.4243999999999,-69.48959999999968
-0.6050499999999972,-0.17190000000000025,1.1257000000000008,275.9385500000004,-675.5694500000002,-92.04630000000083
-0.5304999999999994,-0.17900000000000005,1.147,286.97550000000007,-681.7145,-114.60300000000018
-0.5016999999999996,-0.18305000000000007,1.110349999999999,313.39665000000053,-663.9109499999996,-114.07729999999992
-0.4804000000000002,-0.18659999999999996,1.0642000000000005,342.33979999999974,-642.1814000000003,-109.76760000000004
-0.46300000000000296,-0.19075000000000075,1.018949999999999,371.10910000000104,-621.1184499999997,-104.35224999999872
-0.5340000000000009,-0.20850000000000024,0.9940999999999997,395.9378000000003,-615.1650999999999,-73.8754999999996
-0.6049999999999989,-0.2262499999999997,0.9692500000000004,420.7664999999996,-609.2117500000002,-43.39875000000049
-0.6672000000000011,-0.23839999999999975,0.9564000000000009,439.2535999999999,-605.7952000000002,-17.30199999999961
-0.6991500000000015,-0.23129999999999967,0.9848000000000013,435.94144999999986,-611.0989000000003,-6.261499999999488
-0.7311000000000005,-0.22419999999999987,1.0132000000000005,432.62929999999994,-616.4026000000001,4.779000000000194
-0.7253500000000006,-0.20260000000000047,1.0386999999999997,430.3684,-621.5903,7.031050000000118
-0.6649999999999976,-0.1599999999999983,1.060000000000001,429.62999999999994,-626.6100000000001,-3.4450000000004195
-0.6046499999999969,-0.11739999999999783,1.0813000000000013,428.8915999999999,-631.6297000000002,-13.921050000000537
-0.5421999999999986,-0.053799999999998266,1.0500999999999985,437.1181000000003,-622.6549999999995,-21.14630000000011
-0.4783000000000004,0.02429999999999949,0.9826500000000005,451.5346499999999,-604.0175,-26.126949999999965
-0.41439999999999716,0.1024000000000035,0.915199999999997,465.95120000000065,-585.3799999999991,-31.10760000000022
-0.5155000000000024,0.15575000000000072,0.8394999999999988,428.16999999999916,-573.3672499999998,-17.20399999999969
-0.6646000000000041,0.20190000000000125,0.7613999999999979,375.20399999999853,-563.2816999999997,2.1932000000005267
-0.8136999999999998,0.24804999999999994,0.6833000000000001,322.23800000000006,-553.19615,21.59039999999997
-0.7553999999999966,0.16159999999999541,0.7480000000000036,264.33519999999714,-562.2866000000005,44.65280000000115
-0.6879499999999986,0.06929999999999809,0.8190000000000015,206.2145999999988,-572.2230500000002,67.87690000000049
-0.6145000000000009,-0.014499999999999735,0.8805,147.4415000000005,-583.8174999999998,84.92750000000017
-0.5044499999999996,-0.0464500000000001,0.88405,84.68814999999981,-605.52575,64.31974999999994
-0.39439999999999403,-0.07840000000000175,0.8876000000000002,21.93479999999659,-627.2340000000012,43.71199999999888
-0.3084999999999991,-0.10230000000000018,0.9026500000000011,-18.162399999999813,-640.9922999999999,24.96264999999962
-0.27300000000000013,-0.10939999999999998,0.9416999999999999,-10.977200000000023,-638.1594,10.09170000000005
-0.2374999999999983,-0.11650000000000034,0.9807500000000019,-3.7919999999996548,-635.3264999999998,-4.779250000000713
-0.21639999999999987,-0.12360000000000014,0.9873999999999995,31.809800000001218,-623.8427999999996,-25.093400000000493
-0.2092999999999998,-0.13070000000000023,0.9625499999999992,95.03885000000193,-603.9485999999994,-50.69955000000078
-0.2022,-0.13780000000000003,0.9377,158.2679000000001,-584.0544,-76.30570000000003
-0.2612500000000047,-0.15225000000000094,0.8956999999999974,210.2490000000025,-569.2243499999993,-79.87899999999966
-0.35000000000000214,-0.17000000000000043,0.8459999999999989,257.18000000000114,-556.6679999999997,-73.55999999999985
-0.43875000000000314,-0.18775000000000064,0.7962999999999982,304.11100000000164,-544.1116499999995,-67.24099999999977
-0.4344999999999999,-0.19620000000000004,0.7403999999999996,319.8498000000001,-538.4187,-45.89009999999984
-0.416749999999999,-0.2033000000000004,0.6835999999999968,331.0607000000006,-533.7220499999997,-22.35714999999864
-0.3989999999999995,-0.20659999999999826,0.6304000000000002,341.42539999999985,-529.5096000000001,1.5682000000008713
-0.38125,-0.14625,0.6375,337.61625,-533.4075,32.06625
-0.36349999999999977,-0.08589999999999931,0.6446000000000001,333.8071,-537.3054000000001,62.564300000000344
-0.34064999999999757,-0.02724999999999668,0.6525500000000007,327.5048999999991,-540.2751,84.53174999999969
-0.30159999999999865,0.0260000000000018,0.6632000000000003,313.2835999999995,-540.2964000000001,79.40199999999983
-0.2625499999999998,0.07925000000000026,0.6738500000000001,299.06229999999994,-540.3177000000001,74.27224999999999
-0.25950000000000073,0.1205000000000004,0.6709999999999997,288.1694999999999,-537.7049999999999,57.80099999999949
-0.30565000000000125,0.14535000000000067,0.6496999999999994,281.8256499999998,-531.4924999999998,25.82969999999913
-0.3518000000000018,0.17020000000000096,0.6283999999999992,275.4817999999998,-525.2799999999997,-6.141600000001228
-0.3829000000000002,0.19290000000000018,0.5877499999999994,273.51750000000004,-519.5921,-28.622800000000154
-0.40419999999999956,0.21419999999999959,0.534500000000001,274.405,-514.2458000000001,-44.92439999999969
-0.42550000000000066,0.23550000000000068,0.4812499999999983,275.2925,-508.8994999999998,-61.226000000000525
-0.4075999999999999,0.22599999999999992,0.43919999999999987,257.92959999999994,-508.316,-64.124
-0.3791999999999996,0.20824999999999974,0.4001499999999994,235.6781999999997,-509.00825000000003,-63.43174999999999
-0.3507999999999981,0.19049999999999884,0.3610999999999974,213.42679999999856,-509.7005000000001,-62.73949999999996
-0.31549999999999867,0.16584999999999908,0.36,192.83829999999926,-511.8659000000001,-60.59479999999992
-0.2799999999999997,0.1409999999999998,0.36,172.29799999999983,-514.0740000000001,-58.40799999999999
-0.25,0.11284999999999912,0.36,155.31510000000003,-514.1992499999999,-56.13374999999995
-0.25,0.06669999999999676,0.36,157.73620000000017,-502.96349999999927,-53.38249999999981
-0.25,0.020549999999998077,0.36,160.1573000000001,-491.72774999999956,-50.63124999999989
-0.2548000000000002,-0.01600000000000023,0.35639999999999983,169.7652000000003,-480.20759999999984,-45.37919999999987
-0.26899999999999974,-0.03374999999999971,0.34575000000000017,193.4472499999996,-468.1305000000002,-35.229750000000166
-0.2832000000000005,-0.05150000000000062,0.3350999999999996,217.12930000000082,-456.05339999999956,-25.080299999999642
-0.29,-0.0544499999999995,0.31704999999999883,233.89605000000049,-444.46099999999944,-12.570249999999316
-0.29,-0.04379999999999981,0.29219999999999957,244.3082000000002,-433.3139999999998,2.109000000000261
-0.29,-0.03315000000000012,0.2673500000000003,254.72034999999988,-422.16700000000014,16.788249999999834
-0.2799999999999994,-0.024999999999999713,0.2549999999999997,259.2625000000001,-413.12249999999966,26.602500000000312
-0.2657999999999998,-0.01789999999999992,0.24789999999999993,261.33925,-404.9610499999999,34.37345000000009
-0.25159999999999966,-0.010799999999999841,0.24079999999999982,263.416,-396.7995999999998,42.144400000000175
-0.22795000000000015,-0.0037000000000000453,0.24314999999999998,268.70259999999996,-384.0864000000001,44.51624999999999
-0.2030999999999989,0.0034000000000003186,0.24670000000000017,274.39680000000027,-370.7951999999994,46.20250000000008
-0.17749999999999944,0.008749999999999716,0.2512500000000003,280.28750000000014,-356.86374999999964,47.73949999999999
-0.14199999999999902,-0.009000000000000483,0.26900000000000046,288.7720000000002,-334.48099999999937,47.30639999999999
-0.10649999999999864,-0.026750000000000683,0.28675000000000067,297.2565000000003,-312.09824999999915,46.87329999999998
-0.0754999999999984,-0.020199999999993,0.28559999999999486,298.22329999999806,-287.4654999999972,50.13920000000127
-0.05775000000000034,0.057899999999998494,0.22880000000000109,277.0546500000004,-256.2077500000006,64.29659999999973
-0.03999999999999943,0.1360000000000025,0.17199999999999818,255.8859999999993,-224.949999999999,78.45400000000046
-0.04860000000000354,0.17534999999999912,0.15550000000000297,236.80519999999865,-205.7434999999997,84.23674999999959
-0.09120000000000231,0.1646999999999994,0.19100000000000195,220.4183999999991,-202.0869999999998,79.21349999999973
-0.13380000000000108,0.15404999999999971,0.2265000000000009,204.0315999999996,-198.4304999999999,74.19024999999988
-0.14120000000000005,0.15219999999999997,0.2575999999999999,205.95539999999997,-215.0271999999999,76.50619999999998
-0.1269999999999993,0.15575000000000017,0.28600000000000136,219.11525000000063,-244.05200000000139,83.32575000000033
-0.11279999999999973,0.15930000000000008,0.31440000000000057,232.27510000000026,-273.07680000000056,90.14530000000012
-0.07865000000000037,0.10870000000000062,0.3114500000000001,263.49254999999965,-284.51994999999994,85.94675000000007
-0.0396000000000015,0.04480000000000245,0.3008000000000004,299.1451999999986,-291.64479999999975,79.04200000000027
-0.0005499999999994998,-0.019100000000000818,0.29014999999999985,334.7978500000005,-298.76965000000007,72.13724999999992
0.01750000000000114,-0.09000000000000455,0.23749999999999657,344.8830000000006,-266.2149999999979,49.97249999999857
0.03525000000000063,-0.1610000000000025,0.18424999999999814,354.6029000000004,-233.09349999999884,27.589749999999214
0.048799999999999955,-0.20739999999999953,0.14060000000000003,359.37279999999987,-199.02159999999975,8.44159999999998
0.04169999999999959,-0.1328499999999957,0.14415000000000022,339.8051999999989,-160.27689999999777,5.196899999999813
0.0345999999999998,-0.058299999999997854,0.1477000000000001,320.2375999999994,-121.53219999999888,1.9521999999999067
0.010000000000000009,0.05249999999999999,0.13249999999999998,283.0325,-93.61000000000001,5.41375
-0.04679999999999837,0.22999999999999488,0.08280000000000141,213.37440000000203,-85.60120000000023,21.214799999999546
-0.10360000000000127,0.40750000000000397,0.03309999999999888,143.71629999999845,-77.59239999999983,37.015850000000356
-0.15469999999999973,0.46910000000000024,0.04039999999999966,78.9013000000004,-89.76349999999981,47.23279999999996
-0.20085000000000208,0.43004999999999827,0.09720000000000256,18.292149999997292,-119.45925000000133,52.600400000000235
-0.24700000000000444,0.39099999999999624,0.15400000000000547,-42.31700000000582,-149.15500000000287,57.968000000000515
-0.23704999999999787,0.33664999999999595,0.20570000000000335,-65.73440000000059,-190.04780000000306,64.50095000000047
-0.20509999999999878,0.27629999999999766,0.2554000000000019,-74.56680000000034,-235.33160000000174,71.49090000000027
-0.1731499999999997,0.21594999999999942,0.3051000000000005,-83.39920000000008,-280.6154000000004,78.48085000000007
-0.06119999999999265,0.1491999999999959,0.29719999999999913,-46.631599999997455,-278.72159999999957,68.04999999999924
0.05950000000000387,0.08174999999999784,0.28299999999999953,-4.876499999998664,-271.6677499999997,55.71374999999961
0.17360000000000014,0.01819999999999993,0.2691,38.75720000000021,-262.05609999999984,42.49369999999993
0.2161999999999989,-0.0030999999999994574,0.2584500000000003,102.74239999999836,-224.73495000000094,19.699150000000593
0.2588000000000011,-0.024400000000000546,0.24779999999999971,166.72760000000164,-187.41379999999904,-3.0954000000005806
0.2824000000000001,-0.04379999999999996,0.2475999999999999,234.92509999999976,-152.2890500000001,-22.604849999999967
0.2539999999999986,-0.05800000000000068,0.27600000000000136,314.6510000000038,-123.1754999999986,-33.123500000000504
0.22559999999999944,-0.07220000000000028,0.30440000000000056,394.37690000000157,-94.06194999999944,-43.6421500000002
0.197199999999998,-0.08,0.31839999999999974,474.99880000000576,-76.37239999999973,-50.81520000000022
0.1687999999999988,-0.08,0.31484999999999985,556.7127000000035,-72.60584999999983,-53.91080000000013
0.14039999999999964,-0.08,0.31129999999999997,638.426600000001,-68.83929999999995,-57.00640000000004
0.12100000000000023,-0.1114999999999992,0.3077500000000001,712.0202499999989,-74.08624999999982,-59.33474999999997
0.1067999999999995,-0.16120000000000173,0.30419999999999986,780.9222000000025,-84.54100000000037,-61.21980000000007
0.0925999999999999,-0.2109000000000003,0.30065,849.8241500000005,-94.99575000000006,-63.10485000000001
0.06680000000000064,-0.13880000000000225,0.23910000000000167,857.7536000000001,-91.60590000000015,-53.83070000000026
