-0.20775,-0.172875,-0.26387499999999997,370.89487500000007,28.061499999999995,35.92825000000002
-0.15,-0.21,-0.4,64.89,124.9,-34.7
-0.145875,-0.09862499999999999,-0.32575,70.70212500000001,122.684875,-9.77675
-0.14175000000000001,0.012750000000000046,-0.25149999999999995,76.51425,120.46975,15.146500000000009
-0.11387500000000003,0.052875000000000005,-0.22,59.082250000000016,100.25687500000002,21.418875000000003
-0.06849999999999996,0.04049999999999999,-0.22,24.52299999999997,66.78249999999997,13.948499999999994
-0.024375000000000036,0.02375000000000005,-0.22374999999999998,-6.987499999999983,38.46,7.6899999999999995
0.01274999999999997,-0.017499999999999967,-0.2485,-21.424999999999983,38.988,8.218
0.049874999999999975,-0.05874999999999998,-0.27325,-35.86249999999999,39.516,8.746
0.053999999999999986,-0.07,-0.25299999999999995,-45.45200000000001,35.963999999999984,9.238000000000001
0.04574999999999999,-0.07,-0.21587499999999998,-53.22350000000001,30.881999999999994,9.716500000000002
0.04249999999999998,-0.06625000000000003,-0.19,-57.73375000000001,26.806250000000006,9.250000000000005
0.05074999999999999,-0.05387500000000001,-0.19,-54.743125000000006,25.044875,6.610000000000003
0.05899999999999998,-0.04150000000000002,-0.19,-51.752500000000005,23.283500000000004,3.9700000000000046
0.049125,-0.04,-0.200875,-52.647875,29.105624999999996,1.4170000000000016
0.03675000000000001,-0.04,-0.21325,-54.079249999999995,35.97374999999999,-1.1239999999999966
0.026249999999999996,-0.038125,-0.22,-58.199375,40.370625,-2.97875
0.017999999999999988,-0.033999999999999996,-0.22,-65.546,41.802,-4.010000000000002
0.01,-0.02962500000000002,-0.21962500000000001,-73.09599999999998,43.42024999999998,-5.047374999999997
0.01,-0.017249999999999977,-0.20725,-87.15400000000002,51.01850000000001,-6.280750000000002
0.01,-0.00487499999999999,-0.194875,-101.21200000000002,58.61675,-7.514125000000001
0.014999999999999966,0.009999999999999929,-0.18250000000000005,-116.76499999999993,65.75499999999997,-9.477499999999988
0.023249999999999993,0.02649999999999999,-0.17012500000000003,-133.28975,72.59424999999999,-11.915374999999997
0.03224999999999997,0.04149999999999998,-0.16,-150.02074999999996,79.84599999999998,-15.446749999999984
0.04462500000000002,0.049750000000000016,-0.16,-167.67987500000004,88.95400000000001,-23.898875000000015
0.056999999999999953,0.05799999999999997,-0.16,-185.33899999999994,98.06199999999997,-32.35099999999997
0.06,0.063125,-0.16312500000000002,-205.798125,108.17625,-39.390625
0.06,0.06725,-0.16725,-227.15324999999999,118.61249999999998,-45.97824999999999
0.058625000000000003,0.06175000000000005,-0.17,-246.79787499999998,126.21624999999999,-51.192249999999994
0.054500000000000014,0.03700000000000007,-0.17,-263.02149999999995,128.155,-53.65899999999999
0.050374999999999996,0.01224999999999998,-0.17,-279.24512500000003,130.09375,-56.125750000000004
0.03875000000000001,-0.0012500000000000011,-0.1625,-283.14250000000004,128.095,-56.511250000000004
0.02637500000000001,-0.013624999999999991,-0.15425,-285.80725,125.7025,-56.688625
0.017999999999999988,-0.03200000000000007,-0.152,-284.29,126.16600000000001,-57.328
0.01387500000000001,-0.05674999999999994,-0.15612499999999999,-278.329375,129.664,-58.45825
0.009500000000000028,-0.08,-0.16049999999999998,-272.68725,133.98649999999992,-59.37675000000001
0.0012499999999999994,-0.08,-0.16875,-271.981875,151.08875,-57.013125
-0.006999999999999993,-0.08,-0.177,-271.2765,168.19099999999997,-54.6495
-0.025749999999999745,-0.06687500000000021,-0.17475000000000007,-274.7186249999999,178.18737499999995,-54.028875
-0.050500000000000045,-0.046249999999999965,-0.16649999999999998,-280.53075,184.12325,-54.404250000000005
-0.07174999999999998,-0.03,-0.15562500000000007,-286.176625,189.4195,-53.969375000000014
-0.07999999999999993,-0.03,-0.13500000000000018,-291.205,192.33999999999997,-50.525000000000034
-0.08825000000000002,-0.03,-0.11437499999999994,-296.233375,195.2605,-47.08062499999999
-0.09,-0.026750000000000006,-0.10675000000000001,-298.0345,201.10924999999997,-44.05225000000001
-0.09,-0.022624999999999992,-0.102625,-298.96675,207.746375,-41.135875
-0.09299999999999997,-0.022999999999999972,-0.1,-299.605,215.87599999999998,-38.09050000000001
-0.10125,-0.03125,-0.1,-299.72875,226.6175,-34.819375
-0.10950000000000003,-0.03950000000000003,-0.1,-299.8525,237.35900000000004,-31.54824999999999
-0.12549999999999997,-0.036125000000000004,-0.103875,-302.6965,241.764875,-31.702625
-0.14199999999999988,-0.03200000000000003,-0.10799999999999997,-305.716,245.76199999999997,-32.077999999999996
-0.15424999999999997,-0.021500000000000054,-0.11212499999999999,-311.44275,248.87937499999998,-32.183499999999995
-0.1625,-0.004999999999999999,-0.11624999999999999,-319.71750000000003,251.16875,-32.035
-0.170375,0.011124999999999937,-0.11962500000000002,-328.4448749999999,253.69587499999997,-32.23374999999998
-0.1745,0.02349999999999998,-0.1155,-341.69849999999997,258.6005,-35.904999999999994
-0.17862499999999998,0.035874999999999914,-0.11137500000000003,-354.9521249999999,263.50512499999996,-39.57624999999997
-0.18549999999999997,0.03175000000000004,-0.10725000000000001,-363.748,267.89,-42.52699999999999
-0.19375,0.019375,-0.10312500000000001,-370.315,272.015,-45.1175
-0.20099999999999998,0.007000000000000062,-0.09700000000000007,-376.35699999999997,276.342,-45.37900000000003
-0.205125,-0.0053749999999999805,-0.08462500000000003,-380.758375,281.30025,-38.362375000000014
-0.20925,-0.017750000000000023,-0.07224999999999998,-385.15975,286.2585,-31.34574999999999
-0.23362499999999992,-0.033499999999999946,-0.06662500000000002,-391.08324999999996,300.74099999999993,-22.351375000000033
-0.2625,-0.05,-0.0625,-397.34499999999997,317.34,-12.9175
-0.28,-0.0681249999999999,-0.04862500000000014,-400.65575,331.70949999999993,-4.06862500000004
-0.28,-0.08874999999999997,-0.019750000000000045,-399.42650000000003,342.649,3.880249999999986
-0.28,-0.10937499999999986,0.009124999999999802,-398.19725000000005,353.58849999999995,11.829124999999946
-0.28,-0.12200000000000007,0.018000000000000044,-403.52400000000006,363.53200000000004,15.79800000000002
-0.28,-0.13437500000000002,0.02625,-409.055625,373.444375,19.642500000000002
-0.2912499999999999,-0.1489999999999999,0.05249999999999978,-405.31500000000005,379.00525,22.735499999999988
-0.311875,-0.16549999999999998,0.09374999999999993,-393.8475,380.939875,25.202249999999996
-0.3275000000000002,-0.1780000000000001,0.12950000000000003,-380.8215000000001,383.061,28.22049999999995
-0.3068750000000003,-0.1615000000000002,0.12537500000000004,-356.4963750000003,386.53424999999993,35.23712499999992
-0.28625,-0.14500000000000002,0.12125,-332.17125,390.0075,42.253750000000004
-0.27425,-0.12562499999999993,0.12862500000000004,-309.35549999999995,398.6845,45.87212500000001
-0.266,-0.10500000000000004,0.141,-287.196,409.62399999999997,48.013
-0.261125,-0.0821250000000002,0.15,-269.584875,422.2993749999999,50.228124999999984
-0.26525,-0.05325000000000034,0.15,-264.10275000000007,439.60374999999976,52.64124999999997
-0.26937500000000003,-0.024375,0.15,-258.620625,456.908125,55.054375
-0.2735,-0.009499999999999958,0.18500000000000014,-260.75800000000004,464.09749999999997,50.722999999999985
-0.27762500000000007,0.002875000000000086,0.22625000000000028,-264.25600000000003,469.48062500000003,45.18724999999996
-0.27125000000000016,0.004750000000000084,0.25,-270.0464999999999,476.1552499999999,36.548750000000084
-0.2506250000000001,-0.007624999999999958,0.25,-278.94825,484.58262499999995,23.699375000000042
-0.23000000000000037,-0.01999999999999979,0.25,-287.84999999999985,493.0099999999998,10.850000000000222
-0.23825000000000005,-0.04475000000000009,0.25412500000000005,-289.83825,517.20725,9.088624999999993
-0.24650000000000005,-0.06950000000000017,0.25825000000000004,-291.8265,541.4045000000001,7.327249999999988
-0.26187499999999986,-0.08237499999999998,0.2766249999999998,-286.7752500000001,556.1729999999999,7.014624999999995
-0.2824999999999999,-0.08649999999999998,0.30549999999999994,-276.53700000000003,563.9939999999999,7.769499999999997
-0.294375,-0.08875,0.333125,-266.295,570.893125,7.929375
-0.25724999999999987,-0.08049999999999997,0.35375000000000006,-256.032,572.6297500000001,4.757249999999989
-0.22012499999999974,-0.07224999999999995,0.3743750000000001,-245.76899999999992,574.3663750000001,1.5851249999999781
-0.19500000000000015,-0.07299999999999998,0.4039999999999998,-240.63000000000002,585.43,-7.217999999999925
-0.17437500000000006,-0.07712499999999999,0.4369999999999999,-237.4125,599.9912499999999,-18.132749999999962
-0.16875,-0.08499999999999999,0.46875,-235.17749999999998,614.1725,-28.575
-0.1976249999999996,-0.10149999999999977,0.49762499999999965,-235.20225,627.4797499999999,-37.93049999999987
-0.2265000000000002,-0.1180000000000001,0.5265000000000002,-235.227,640.787,-47.286000000000065
-0.24449999999999988,-0.1344999999999999,0.5444999999999999,-234.7225,651.48425,-47.071500000000015
-0.26099999999999995,-0.15099999999999994,0.5609999999999999,-234.145,661.8215,-45.537000000000006
-0.268125,-0.15812500000000002,0.5756249999999999,-235.406875,672.59375,-40.24125
-0.26400000000000007,-0.15400000000000005,0.5879999999999997,-238.87599999999998,683.8879999999999,-30.432000000000137
-0.2598750000000001,-0.1493750000000002,0.6004999999999998,-242.35962499999997,695.058,-20.902500000000007
-0.25575000000000003,-0.12875000000000014,0.6169999999999999,-246.30724999999998,702.252,-20.325000000000006
-0.25162500000000004,-0.10812500000000008,0.6335,-250.254875,709.4459999999999,-19.747500000000002
-0.2625,-0.10500000000000001,0.65,-259.0825,710.8625,-21.2125
-0.2831249999999997,-0.11324999999999988,0.6664999999999998,-271.0821249999998,708.523625,-24.00512499999996
-0.29925,-0.12299999999999983,0.6822499999999999,-282.5964999999999,706.7787500000001,-26.08375000000001
-0.295125,-0.13949999999999987,0.6946249999999999,-291.9272499999999,707.706875,-24.949375000000007
-0.291,-0.15599999999999994,0.707,-301.2579999999999,708.635,-23.815000000000005
-0.299375,-0.156875,0.713125,-301.67312499999997,712.994375,-18.661875
-0.3117499999999998,-0.15275000000000005,0.7172499999999999,-299.23525000000006,718.45175,-12.222750000000088
-0.3227499999999999,-0.15549999999999983,0.7213749999999999,-296.00812500000006,723.4237499999999,-6.6388750000000405
-0.33099999999999996,-0.17199999999999988,0.7254999999999999,-291.20250000000004,727.425,-2.765500000000027
-0.33925,-0.18849999999999995,0.729625,-286.396875,731.42625,1.1078749999999866
-0.3325,-0.1975,0.74125,-280.47375,741.1424999999999,6.053750000000001
-0.32425000000000015,-0.20574999999999988,0.7536249999999999,-274.43887500000005,751.4302499999999,11.106874999999931
-0.31200000000000017,-0.2139999999999999,0.7719999999999998,-267.96400000000006,756.438,15.867999999999954
-0.29550000000000015,-0.22224999999999995,0.7967499999999998,-261.02162500000003,755.83575,20.31887499999997
-0.28,-0.2319999999999999,0.8214999999999999,-253.31250000000006,755.32475,24.801999999999985
-0.28,-0.265,0.84625,-233.71875,756.228125,29.785
-0.28,-0.2980000000000001,0.8710000000000001,-214.12499999999994,757.1315000000001,34.768000000000015
-0.30887499999999957,-0.3336249999999996,0.9036249999999996,-193.32900000000024,754.7063750000001,48.08799999999981
-0.35424999999999973,-0.37074999999999975,0.9407499999999998,-171.84600000000015,750.3792500000001,66.17199999999988
-0.39787499999999926,-0.4,0.9734999999999996,-151.04112500000036,746.76175,82.84199999999976
-0.435,-0.4,0.99,-132.755,745.78,94.25999999999999
-0.47212500000000013,-0.4,1.0065000000000002,-114.46887499999994,744.79825,105.67800000000004
-0.5092499999999995,-0.3870000000000002,1.0165,-110.29425,733.2767500000001,106.91050000000001
-0.5463750000000004,-0.37049999999999983,1.02475,-109.918875,718.9176249999998,105.40074999999999
-0.5535000000000001,-0.35400000000000004,1.033,-114.12449999999997,700.8430000000001,101.91550000000002
-0.5081249999999999,-0.3375,1.04125,-126.34687500000001,676.26625,94.973125
-0.46275000000000066,-0.32100000000000023,1.0494999999999999,-138.56924999999984,651.6895000000004,88.0307500000001
-0.4716249999999999,-0.32774999999999993,1.0809999999999997,-156.6079999999998,641.6013750000001,86.99775000000001
-0.4840000000000001,-0.33600000000000013,1.1140000000000003,-175.0220000000002,632.4479999999999,86.34599999999999
-0.5091249999999998,-0.346375,1.136375,-191.30887499999994,625.768125,88.91999999999999
-0.54625,-0.35875,1.14875,-205.59375,621.41625,94.53
-0.5841249999999993,-0.37037499999999995,1.1622499999999996,-219.30037499999992,617.0508750000001,100.12387499999991
-0.6294999999999995,-0.37449999999999994,1.1869999999999996,-227.22449999999992,612.5505,105.55649999999994
-0.6748749999999989,-0.3786249999999999,1.2117499999999994,-235.1486249999998,608.0501250000001,110.98912499999986
-0.6982499999999999,-0.39099999999999996,1.21175,-242.73724999999996,603.8165,111.1885
-0.710625,-0.4075,1.1993749999999999,-250.15812499999998,599.71625,108.77125
-0.7229999999999998,-0.41900000000000004,1.1939999999999997,-255.43800000000002,596.5,106.715
-0.7353749999999999,-0.41487500000000005,1.2104999999999997,-254.02725,596.04625,105.78687500000001
-0.7477499999999997,-0.41075000000000006,1.2269999999999996,-252.61650000000006,595.5925,104.85875000000001
-0.753375,-0.41,1.2333749999999999,-254.41875,595.243375,105.26375
-0.7575000000000001,-0.41,1.2375,-256.935,594.9175,105.965
-0.7632499999999999,-0.41324999999999984,1.24325,-261.96837499999987,596.522125,107.19274999999998
-0.7715000000000001,-0.42150000000000004,1.2515,-270.8742500000001,601.09675,109.2305
-0.7797499999999998,-0.4297499999999998,1.2597499999999997,-279.78012499999977,605.6713749999998,111.26824999999995
-0.7999999999999999,-0.4499999999999999,1.2919999999999998,-294.02199999999993,606.374,106.81800000000001
-0.8206249999999999,-0.47062499999999996,1.3250000000000002,-308.430625,606.955625,102.16499999999999
-0.8502499999999995,-0.5002499999999994,1.3512499999999998,-318.1232499999999,600.1257500000003,97.56825000000006
-0.8873750000000002,-0.5373750000000003,1.3718750000000002,-323.88587500000006,587.1196249999999,93.01837499999996
-0.9219999999999996,-0.5719999999999995,1.39,-328.64200000000005,575.3090000000001,90.10499999999978
-0.9385,-0.5884999999999999,1.39,-326.101,572.1657500000001,99.05624999999996
-0.955,-0.605,1.39,-323.56,569.0225,108.0075
-0.9657499999999999,-0.61,1.387125,-326.64537499999994,579.7798749999998,119.90849999999982
-0.9740000000000001,-0.61,1.3829999999999998,-332.177,596.5810000000001,133.0920000000001
-0.97775,-0.6032500000000002,1.37775,-340.2961249999999,610.1106249999999,144.79949999999997
-0.9694999999999998,-0.5784999999999997,1.3695,-355.3152500000002,614.9162500000001,152.5710000000001
-0.9612499999999999,-0.5537500000000001,1.36125,-370.334375,619.7218750000001,160.3425
-0.9774999999999997,-0.55,1.3565000000000003,-392.6684999999997,612.3825000000002,163.05649999999997
-0.9981250000000002,-0.55,1.352375,-416.30887500000017,602.8743749999999,164.867375
-1.0292499999999998,-0.5657499999999998,1.3430000000000002,-439.01124999999985,592.759,167.75624999999997
-1.0746250000000006,-0.6028750000000005,1.3264999999999998,-460.4406250000003,581.8194999999998,172.10812500000006
-1.1199999999999986,-0.6399999999999987,1.3100000000000007,-481.86999999999927,570.8800000000003,176.45999999999987
-1.12,-0.6647499999999996,1.31,-486.19712499999997,573.9448749999999,184.7594999999999
-1.12,-0.6895000000000001,1.31,-490.52425000000005,577.0097499999999,193.05900000000008
-1.0938750000000004,-0.7237499999999997,1.3266249999999997,-470.98500000000024,577.775625,195.49225
-1.0484999999999993,-0.7650000000000006,1.3555000000000004,-433.8599999999995,576.8475,193.60299999999998
-1.0149999999999988,-0.8081249999999982,1.3781250000000003,-395.7100000000015,574.6462500000002,189.87375000000048
-1.0479999999999996,-0.8617499999999993,1.3657500000000002,-351.8200000000006,565.3155000000002,175.8405000000002
-1.0810000000000004,-0.9153750000000004,1.353375,-307.92999999999967,555.98475,161.8072499999999
-1.1649999999999994,-0.9449999999999998,1.3769999999999998,-271.2820000000002,543.5430000000001,158.93099999999998
-1.2681250000000015,-0.9656250000000003,1.4141250000000005,-237.34974999999952,529.9346249999999,160.238625
-1.35,-0.9675,1.435,-207.66375,520.54125,168.55125
-1.3829999999999996,-0.9262500000000006,1.4185,-187.74412500000028,520.842375,192.97537499999967
-1.4160000000000001,-0.8849999999999997,1.4019999999999997,-167.82449999999986,521.1434999999999,217.3995000000002
-1.3946250000000002,-0.7966250000000007,1.4,-185.36924999999985,519.2333749999999,233.0039999999999
-1.3657499999999996,-0.7017499999999988,1.4,-208.08150000000032,517.01825,247.3920000000002
-1.370625,-0.644375,1.3868749999999999,-251.761875,510.1737499999999,249.705
-1.4159999999999995,-0.6320000000000002,1.3580000000000003,-320.6039999999991,497.77400000000017,237.52800000000016
-1.4614999999999987,-0.6229999999999973,1.3298750000000001,-388.3508749999991,484.7691250000009,225.13850000000053
-1.5109999999999997,-0.7219999999999993,1.3257500000000002,-421.0497499999998,452.4002500000002,205.94900000000013
-1.5605000000000007,-0.8210000000000014,1.321625,-453.74862500000046,420.0313749999995,186.75949999999972
-1.5675000000000001,-0.9175,1.3275000000000001,-457.835,392.7525,176.99
-1.5468750000000002,-1.0123749999999987,1.339875,-443.3232500000002,368.78212500000035,173.34350000000006
-1.5247500000000007,-1.1034999999999981,1.3537499999999996,-425.6187500000009,348.83175000000006,171.7039999999998
-1.4958750000000003,-1.1777499999999996,1.374375,-393.5468750000002,346.971375,179.09599999999995
-1.4669999999999996,-1.2520000000000011,1.3950000000000002,-361.47499999999957,345.111,186.4880000000001
-1.456875,-1.2575,1.415625,-307.95,345.935,193.59875
-1.45275,-1.2410000000000003,1.4362499999999996,-247.56000000000085,347.618,200.6194999999999
-1.459624999999999,-1.2148750000000013,1.439000000000001,-190.90862500000136,346.0147500000002,204.0845000000001
-1.4884999999999997,-1.1695000000000004,1.4060000000000004,-141.73450000000034,337.83900000000006,200.43800000000005
-1.5173750000000004,-1.1241249999999994,1.3729999999999996,-92.56037499999933,329.6632499999999,196.79149999999996
-1.5875,-1.105,1.385,-81.09625,318.495,184.24625
-1.661749999999999,-1.0885000000000002,1.4014999999999997,-73.4031250000001,307.02750000000015,170.81112500000017
-1.7119999999999993,-1.0780000000000003,1.4060000000000001,-74.86599999999969,308.9119999999996,160.31800000000018
-1.7367499999999998,-1.0738750000000001,1.39775,-86.05712499999991,324.9829999999999,152.95075000000006
-1.7597500000000001,-1.0734999999999988,1.3912499999999994,-96.14925000000014,339.0342500000003,145.66250000000014
-1.755625,-1.13125,1.411875,-89.206875,321.779375,139.59875
-1.7515,-1.1889999999999992,1.4324999999999997,-82.26450000000008,304.5245000000002,133.53500000000008
-1.726375000000001,-1.2519999999999982,1.4452499999999997,-57.66900000000095,289.86312500000037,124.30550000000031
-1.6892500000000001,-1.3179999999999996,1.4534999999999998,-22.98600000000024,276.6837500000001,113.26700000000008
-1.6626249999999996,-1.370875,1.4617499999999999,12.188749999999246,264.63575000000014,103.66787500000008
-1.6749999999999998,-1.375,1.47,49.190000000000005,256.79,99.41499999999999
-1.6873749999999998,-1.379125,1.4782499999999998,86.1912499999995,248.9442500000001,95.16212500000006
-1.719249999999999,-1.347500000000001,1.5027499999999991,101.47274999999975,217.51325000000105,87.44150000000025
-1.7563749999999998,-1.3062500000000004,1.5316249999999998,110.90662499999993,179.73237500000027,78.78725000000006
-1.8009999999999988,-1.2710000000000006,1.55,101.0400000000009,146.52500000000052,72.83300000000003
-1.85875,-1.24625,1.55,57.3975,121.32124999999999,71.60375
-1.9164999999999992,-1.2215000000000003,1.55,13.755000000000601,96.11750000000035,70.37450000000001
-1.9238749999999998,-1.254874999999999,1.5887499999999988,-35.932499999998626,71.39037500000069,69.02125000000004
-1.928,-1.2919999999999998,1.6299999999999997,-86.00999999999966,46.69400000000017,67.66000000000001
-1.906625000000001,-1.3269999999999993,1.671249999999999,-115.92549999999977,27.08700000000031,63.47675000000014
-1.86125,-1.3599999999999999,1.7125,-126.86500000000001,12.270000000000001,56.6375
-1.8181250000000004,-1.3922499999999995,1.7507499999999998,-136.04875000000013,-2.7502499999997667,49.498625000000146
-1.7975000000000005,-1.4169999999999991,1.7589999999999997,-127.67500000000024,-19.802999999999532,39.36350000000028
-1.7768750000000002,-1.4417499999999999,1.76725,-119.30125000000007,-36.85574999999988,29.22837500000007
-1.7782499999999997,-1.4252500000000008,1.7645000000000002,-110.38850000000019,-33.88850000000027,28.649499999999914
-1.7906250000000001,-1.388125,1.75625,-101.20625,-20.911250000000003,32.84875
-1.8089999999999995,-1.3520000000000005,1.7569999999999997,-93.35400000000006,-16.2499999999997,33.591000000000136
-1.846124999999999,-1.319000000000001,1.7858749999999992,-89.6580000000001,-37.57624999999941,23.53012500000028
-1.8832499999999996,-1.2860000000000003,1.8147499999999999,-85.96200000000003,-58.902499999999854,13.46925000000007
-1.8596250000000007,-1.2934999999999997,1.7963750000000007,-83.02537500000005,-70.5998749999998,-1.7789999999996589
-1.8225,-1.31,1.7675,-80.2575,-80.1575,-18.18
-1.798375,-1.3313749999999995,1.7386250000000003,-71.34712500000026,-88.14049999999993,-32.09312499999986
-1.7942500000000001,-1.360249999999999,1.7097500000000008,-52.986750000000505,-93.70099999999985,-42.178749999999724
-1.790125,-1.3891249999999997,1.6808750000000001,-34.626375000000124,-99.26149999999997,-52.26437499999993
-1.8139999999999996,-1.4419999999999988,1.68,-3.510000000000659,-106.47799999999985,-67.08199999999968
-1.83875,-1.495625,1.68,28.004999999999995,-113.74625,-82.0475
-1.8702499999999995,-1.4907500000000007,1.6687500000000002,55.41824999999967,-118.32574999999997,-84.08900000000011
-1.907374999999999,-1.4371250000000013,1.6481250000000005,79.41337499999933,-120.66462499999993,-75.36050000000024
-1.939,-1.3820000000000003,1.6329999999999998,98.31100000000012,-126.2049999999998,-67.99199999999998
-1.9307500000000002,-1.3160000000000014,1.6577499999999994,80.25175000000037,-154.9562499999994,-70.48349999999995
-1.9224999999999999,-1.25,1.6824999999999999,62.192499999999995,-183.70749999999998,-72.97500000000001
-1.8740000000000008,-1.227125,1.681375,46.9910000000002,-196.9768749999999,-80.61849999999987
-1.8079999999999996,-1.2229999999999999,1.6689999999999998,33.031999999999904,-203.51500000000004,-90.50200000000007
-1.7510000000000003,-1.2256249999999997,1.6510000000000002,26.166124999999916,-209.38824999999997,-100.96937499999991
-1.7180000000000006,-1.2462499999999996,1.6180000000000008,38.215249999999756,-213.48849999999993,-112.99374999999975
-1.685,-1.266875,1.585,50.264375,-217.58875,-125.018125
-1.6590000000000003,-1.2944999999999995,1.5590000000000004,83.54799999999949,-235.30399999999975,-136.42299999999983
-1.63425,-1.3233750000000002,1.53425,120.62350000000026,-255.45050000000015,-147.7172500000001
-1.6217499999999998,-1.3242500000000017,1.52,154.69949999999875,-270.5394999999997,-154.19725
-1.625875,-1.2871250000000007,1.52,184.7047499999994,-278.7647499999998,-154.14362500000001
-1.63,-1.25,1.52,214.71,-286.99,-154.09
-1.6423749999999997,-1.2211250000000005,1.5323749999999998,237.97499999999968,-309.0999999999997,-161.0076249999999
-1.65475,-1.1922499999999998,1.54475,261.2400000000002,-331.21000000000015,-167.92525000000006
-1.6196250000000005,-1.1705,1.5405000000000002,285.8397499999998,-351.16112499999986,-176.98512499999993
-1.5495000000000014,-1.1540000000000004,1.5240000000000005,311.4229999999995,-369.5214999999996,-187.62349999999978
-1.4843750000000013,-1.14,1.5106249999999999,336.1443749999993,-386.90249999999963,-197.77812499999976
-1.4472499999999993,-1.14,1.51475,356.03925000000044,-398.79900000000026,-205.22375000000017
-1.4101249999999996,-1.14,1.518875,375.93412500000017,-410.6955000000001,-212.66937500000003
-1.4269999999999996,-1.1519999999999997,1.523,386.75399999999996,-415.551,-214.043
-1.464124999999998,-1.168499999999999,1.5271249999999998,394.1707499999996,-417.7661249999999,-213.13962500000005
-1.50125,-1.1637499999999998,1.52875,401.505,-422.595,-206.78625
-1.5383749999999996,-1.1101250000000007,1.5246250000000001,408.6494999999999,-433.4354999999998,-187.89787500000025
-1.575499999999999,-1.0565000000000015,1.5205000000000002,415.7939999999998,-444.27599999999967,-169.00950000000051
-1.58,-1.0101250000000004,1.4910000000000003,399.44125000000014,-457.5488749999999,-152.65862500000011
-1.58,-0.9647500000000009,1.4580000000000006,379.8475000000004,-471.1572499999997,-136.65775000000033
-1.5706250000000008,-0.9212500000000013,1.4418749999999998,354.22937500000114,-485.67874999999947,-124.26062500000029
-1.5499999999999996,-0.8799999999999991,1.446,321.3819999999993,-501.29600000000033,-116.18799999999983
-1.5279999999999996,-0.8386249999999996,1.45,288.94312499999984,-516.7380000000002,-108.57262500000004
-1.4620000000000006,-0.7932500000000002,1.45,269.57625000000013,-526.572,-115.58924999999995
-1.3960000000000015,-0.747875000000001,1.45,250.20937500000042,-536.4059999999998,-122.60587499999986
-1.34,-0.7175,1.45,238.4625,-550.4475,-128.3275
-1.2905000000000006,-0.6968750000000004,1.45,231.6686250000001,-567.2238749999998,-133.20737499999993
-1.2455000000000007,-0.68,1.4485000000000001,225.98250000000004,-586.8269999999991,-137.98674999999986
-1.2207500000000002,-0.68,1.44025,225.28125,-619.1504999999997,-142.31387499999997
-1.1960000000000004,-0.68,1.4320000000000002,224.58,-651.4739999999993,-146.6409999999999
-1.1837500000000003,-0.7174999999999984,1.4268750000000001,217.07250000000033,-661.2724999999999,-151.5212499999998
-1.1755000000000004,-0.7669999999999977,1.4227500000000002,207.38700000000048,-663.8629999999998,-156.57849999999974
-1.174125,-0.7889999999999998,1.421375,207.11750000000012,-660.6853749999999,-156.48637499999992
-1.1864999999999999,-0.7560000000000002,1.4255,225.6799999999999,-645.9715000000001,-146.09550000000007
-1.1988749999999997,-0.7230000000000006,1.429625,244.2424999999996,-631.2576250000003,-135.7046250000002
-1.155,-0.65625,1.4075,248.99375,-631.3824999999999,-127.39874999999999
-1.1055000000000008,-0.586125000000001,1.3827500000000004,252.36387499999995,-632.99125,-119.3013750000001
-1.0780000000000003,-0.5400000000000006,1.354000000000001,243.7840000000006,-646.6499999999993,-119.65399999999974
-1.073875,-0.5193749999999995,1.320999999999999,222.50724999999943,-673.1118750000007,-128.98475000000025
-1.0709999999999997,-0.5024999999999992,1.29025,200.27450000000078,-698.9774999999997,-138.72724999999966
-1.0874999999999995,-0.5437499999999986,1.2943749999999998,163.22375000000127,-715.6012499999995,-154.85187499999944
-1.1039999999999992,-0.584999999999998,1.2984999999999998,126.17300000000179,-732.2249999999992,-170.97649999999922
-1.0916249999999998,-0.5921249999999999,1.297375,116.33300000000004,-737.27775,-182.69637500000007
-1.0627500000000003,-0.5797500000000001,1.29325,122.04199999999997,-735.7185000000001,-191.89924999999994
-1.0146250000000026,-0.5533750000000016,1.2777500000000013,128.4816249999998,-729.7151250000005,-198.52612500000006
-0.895,-0.475,1.22,137.635,-707.2049999999999,-195.585
-0.7753750000000017,-0.39662500000000106,1.1622500000000007,146.78837499999986,-684.6948750000003,-192.64387500000004
-0.7240000000000009,-0.350750000000001,1.1305000000000007,142.42825000000022,-672.8837500000002,-193.06974999999997
-0.6909999999999992,-0.313624999999999,1.1057499999999993,134.42987499999978,-663.9531249999998,-194.40212500000004
-0.6805000000000004,-0.31550000000000095,1.0990000000000004,120.49599999999967,-663.0085000000001,-202.54000000000028
-0.709374999999999,-0.38562499999999755,1.1237499999999991,96.17500000000084,-676.0393749999995,-222.5874999999993
-0.7382499999999986,-0.45574999999999666,1.1484999999999987,71.85400000000116,-689.0702499999994,-242.63499999999902
-0.7632500000000002,-0.5452500000000007,1.161625,79.19175000000007,-703.6085000000002,-253.01825000000005
-0.7879999999999998,-0.6359999999999995,1.174,88.57199999999993,-718.2439999999999,-262.7779999999999
-0.7808750000000008,-0.68,1.154500000000001,118.38837499999899,-709.9613750000007,-261.6003750000002
-0.74375,-0.68,1.105,167.43875,-680.10875,-250.12875
-0.7118749999999997,-0.6751250000000008,1.0566250000000006,216.0428749999994,-651.4538750000003,-238.25025000000022
-0.7324999999999994,-0.6215000000000015,1.019500000000001,260.1844999999988,-634.7765000000005,-222.30300000000042
-0.7531249999999992,-0.5678750000000022,0.9823750000000016,304.32612499999817,-618.0991250000006,-206.35575000000065
-0.76275,-0.55,0.9975000000000006,319.96125,-630.7505000000003,-200.38824999999997
-0.766875,-0.55,1.03875,321.343125,-658.06625,-199.41062499999998
-0.7480000000000044,-0.5470000000000006,1.074999999999999,321.2680000000002,-683.722999999999,-199.32199999999986
-0.6572499999999994,-0.5346249999999999,1.0956250000000003,316.63975,-704.1953750000001,-202.0115
-0.5665000000000007,-0.5222500000000001,1.11625,312.01150000000007,-724.6677499999998,-204.70099999999996
-0.5365000000000004,-0.4727500000000012,1.079500000000001,314.3829999999999,-697.6235000000008,-202.33137500000007
-0.52,-0.41500000000000004,1.03,318.31,-660.02,-198.8375
-0.5473749999999987,-0.3540000000000009,0.9821250000000006,319.430625,-628.4517500000003,-192.65750000000014
-0.6422499999999973,-0.2880000000000018,0.9367500000000013,316.2337500000001,-606.1685000000007,-182.34500000000028
-0.737124999999996,-0.22200000000000272,0.8913750000000019,313.0368750000001,-583.885250000001,-172.03250000000043
-0.74,-0.21599999999999994,0.8699999999999997,278.0639999999995,-614.8460000000005,-171.352
-0.74,-0.21187499999999998,0.849375,242.098125,-647.4706249999999,-170.9725
-0.6882500000000014,-0.22574999999999962,0.8355000000000001,199.02450000000067,-668.3074999999998,-170.60875000000001
-0.5933749999999993,-0.2546250000000002,0.8272499999999999,150.02774999999966,-679.3212500000001,-170.258125
-0.4999999999999977,-0.2784999999999997,0.8189999999999997,107.18000000000005,-687.6279999999997,-169.42549999999986
-0.41750000000000453,-0.2661250000000007,0.8107500000000004,108.91249999999991,-676.3090000000007,-165.09837500000023
-0.335,-0.25375000000000003,0.8025,110.645,-664.99,-160.77125
-0.29275000000000034,-0.24712500000000007,0.7741250000000005,132.2782499999996,-653.1276250000001,-162.65124999999995
-0.2680000000000007,-0.2430000000000001,0.737000000000001,162.56399999999917,-641.0290000000003,-167.22999999999988
-0.27362499999999645,-0.25799999999999723,0.6998750000000015,192.40312499999882,-630.7416250000002,-171.64337499999985
-0.3602500000000012,-0.3240000000000009,0.6627499999999995,221.05125000000038,-625.2842499999999,-175.61575000000005
-0.446875,-0.39,0.625625,249.699375,-619.826875,-179.588125
-0.4914999999999995,-0.43499999999999944,0.6165,289.31649999999945,-631.5509999999998,-175.92350000000008
-0.5286250000000016,-0.4762500000000017,0.6123749999999998,330.8923750000017,-646.3432500000006,-170.89512499999978
-0.5132499999999977,-0.49474999999999963,0.6170000000000004,372.8322500000012,-659.8212500000003,-161.7139999999996
-0.4266250000000048,-0.48237500000000066,0.6334999999999991,415.26612499999766,-671.5156249999994,-146.89700000000082
-0.340000000000006,-0.4700000000000008,0.6499999999999989,457.6999999999971,-683.2099999999992,-132.08000000000104
-0.269875000000001,-0.3833750000000012,0.6623749999999998,499.2016249999994,-655.3167500000004,-119.32962500000019
-0.19975000000000195,-0.2967500000000024,0.6747499999999997,540.7032499999988,-627.4235000000008,-106.57925000000036
-0.20324999999999763,-0.21725000000000305,0.6610000000000014,576.1224999999987,-596.6327500000014,-91.78400000000067
-0.2610000000000008,-0.14299999999999896,0.6279999999999996,607.0600000000004,-563.7069999999995,-75.48199999999977
-0.331875,-0.055625000000000036,0.585,626.6256249999999,-536.31875,-57.694375
-0.47624999999999806,0.10524999999999776,0.4860000000000013,582.5087500000006,-539.9404999999999,-31.58725000000036
-0.6206249999999961,0.26612499999999556,0.38700000000000273,538.3918750000012,-543.5622499999998,-5.48012500000072
-0.5969999999999976,0.2469999999999976,0.3660000000000002,468.60999999999785,-575.5580000000011,1.090999999999979
-0.5103750000000048,0.16037500000000476,0.3742499999999995,389.2037500000044,-618.1939999999976,0.3361250000000416
-0.4125000000000085,0.08250000000000399,0.3862499999999986,320.83375000000296,-654.4037499999985,-1.4024999999997245
-0.2887500000000017,0.024750000000000806,0.4068749999999997,277.8471250000006,-675.8331249999997,-5.4037499999999445
-0.16500000000000342,-0.032999999999998406,0.42749999999999944,234.8605000000012,-697.2624999999995,-9.404999999999891
-0.1246250000000012,-0.09074999999999761,0.451749999999999,242.29399999999941,-685.7116250000007,-24.853999999999296
-0.0957499999999996,-0.1485000000000008,0.4765000000000003,256.6820000000002,-669.6117499999998,-41.88200000000023
-0.12125000000000002,-0.18,0.48624999999999996,281.46124999999995,-652.5293750000001,-47.763125
-0.21199999999999875,-0.18,0.4780000000000001,318.70999999999947,-634.2680000000003,-40.2680000000001
-0.30037499999999967,-0.18,0.4691250000000008,355.74924999999917,-616.52275,-32.35287500000058
-0.31275000000000036,-0.18,0.4402499999999992,386.08450000000084,-615.2935,-10.99774999999941
-0.32512500000000016,-0.18,0.4113749999999996,416.4197500000004,-614.06425,10.357375000000294
-0.32,-0.185,0.3925,446.555,-611.2175,26.3475
-0.3035000000000002,-0.1932499999999999,0.38012500000000016,476.5602499999996,-607.319375,38.85037499999983
-0.2840000000000009,-0.19775000000000034,0.36925000000000013,505.8709999999993,-603.3935000000001,51.412499999999646
-0.25100000000000133,-0.1853750000000005,0.36512500000000014,532.0564999999989,-599.3427500000001,64.24124999999947
-0.21799999999999953,-0.17299999999999985,0.36099999999999993,558.2420000000004,-595.2919999999999,77.07000000000018
-0.185,-0.135625,0.350625,582.15875,-578.77875,92.276875
-0.15200000000000047,-0.09025000000000064,0.33825000000000016,605.3494999999997,-558.2775000000003,108.24474999999978
-0.13412499999999966,-0.04212500000000148,0.3203750000000008,622.4283749999998,-534.7512500000008,122.78949999999968
-0.14650000000000035,0.011500000000001481,0.2914999999999992,627.2835000000001,-505.1749999999992,134.4880000000003
-0.15887500000000018,0.06512500000000075,0.2626249999999996,632.1386250000002,-475.5987499999996,146.18650000000017
-0.18625,0.0625,0.245,605.5725,-462.84875,159.55
-0.21512499999999962,0.05425000000000012,0.22850000000000023,575.8642500000004,-451.78137500000014,173.0799999999998
-0.2339999999999998,0.06999999999999887,0.22799999999999954,535.3900000000014,-448.88399999999984,180.72199999999998
-0.24224999999999966,0.1112499999999983,0.24449999999999933,483.4768750000021,-454.66724999999974,182.10799999999995
-0.24875000000000114,0.1492500000000007,0.2590000000000009,431.364000000003,-459.9370000000002,183.37025000000003
-0.228125,0.136875,0.2425,376.155,-457.2475,182.714375
-0.2075000000000003,0.12450000000000017,0.22600000000000023,320.94600000000077,-454.55800000000005,182.0585
-0.2183749999999992,0.11475000000000023,0.2068750000000006,284.7183750000007,-443.08000000000044,182.02737499999998
-0.2472500000000008,0.10649999999999978,0.18624999999999944,259.3372499999993,-426.57999999999953,182.35325
-0.26474999999999965,0.09124999999999944,0.17087500000000005,236.73162499999984,-413.852125,181.85312499999998
-0.24,0.05,0.175,224.435,-415.135,178.28500000000003
-0.21525000000000033,0.008750000000000568,0.17912499999999995,212.13837500000017,-416.417875,174.71687500000004
-0.22949999999999932,0.006499999999999773,0.16050000000000067,216.54349999999977,-404.83725000000044,167.59650000000022
-0.254249999999999,0.01474999999999966,0.135750000000001,225.44524999999965,-389.79337500000065,159.51975000000033
-0.26850000000000024,0.022999999999999545,0.11850000000000022,237.42199999999906,-375.6930000000007,155.20349999999988
-0.264375,0.03125,0.114375,254.78,-363.24375000000003,157.468125
-0.2602500000000001,0.03949999999999989,0.11025000000000006,272.13799999999975,-350.7945000000002,159.73274999999998
-0.2328750000000008,0.016750000000000678,0.08675000000000069,297.8814999999993,-333.1450000000005,152.59275000000022
-0.2039999999999992,-0.008000000000000684,0.06199999999999932,324.16600000000074,-315.1599999999995,144.84599999999978
-0.16874999999999943,-0.028500000000000227,0.05425000000000012,345.60337500000026,-296.8774999999997,132.29249999999976
-0.1275,-0.045,0.0625,362.47875,-278.315,115.215
-0.08925000000000011,-0.05850000000000022,0.06700000000000046,377.94787499999995,-259.3546250000003,98.81400000000014
-0.08100000000000022,-0.042000000000000454,0.03400000000000091,379.3545,-236.41550000000063,89.17800000000027
-0.07275000000000034,-0.025500000000000682,0.0010000000000013644,380.76112499999994,-213.47637500000096,79.5420000000004
-0.04525000000000205,0.04049999999999501,-0.023749999999998862,356.2627500000021,-191.7115000000012,72.5405000000003
-0.008125000000000004,0.13125,-0.044375,318.811875,-170.53375,66.85625
0.012000000000000455,0.21099999999999938,-0.05800000000000011,262.2330000000016,-147.78900000000039,56.20900000000036
-0.02099999999999909,0.25637499999999874,-0.049750000000000225,145.8791250000032,-120.14737500000078,30.05237500000072
-0.05400000000000091,0.30175000000000124,-0.04149999999999977,29.525249999996795,-92.50574999999924,3.895749999999279
-0.04987499999999983,0.24249999999999888,-0.04,-17.51962500000043,-91.61437500000008,-23.99225000000039
-0.0375,0.16,-0.04,-49.1625,-96.6675,-52.265
-0.051124999999999254,0.07587500000000119,-0.025375000000000508,-81.41962499999954,-116.19937499999943,-75.4336249999998
-0.10474999999999852,-0.010749999999997609,0.011749999999998983,-114.6217499999991,-158.00624999999886,-90.74974999999958
-0.1583749999999978,-0.09737499999999642,0.04887499999999847,-147.82387499999865,-199.81312499999828,-106.06587499999937
-0.09600000000000364,-0.06400000000000206,0.06999999999999887,-103.07400000000261,-199.54000000000008,-88.38600000000103
-0.03,-0.026875000000000003,0.09062500000000001,-55.888125,-197.951875,-69.675
0.02024999999999949,-0.03699999999999931,0.1584999999999985,-10.059000000000609,-174.86725000000055,-64.20074999999993
0.057374999999998975,-0.08649999999999863,0.26574999999999704,34.63949999999877,-133.86887500000114,-69.75712499999985
0.0919999999999993,-0.12450000000000189,0.35050000000000325,84.30999999999648,-93.87400000000136,-74.57300000000002
0.10850000000000024,-0.07912499999999938,0.27212499999999895,170.0275000000012,-61.15449999999956,-74.02024999999999
0.125,-0.03375,0.19375,255.74500000000003,-28.435000000000002,-73.4675
0.061000000000001345,-0.10337499999999836,0.15850000000000025,323.8473749999992,-21.814749999999933,-65.55187500000015
-0.03799999999999727,-0.2229999999999967,0.14200000000000046,384.29099999999835,-26.54199999999987,-54.43500000000031
-0.08975000000000305,-0.33137499999999676,0.12775000000000034,450.9693749999966,-35.04249999999924,-43.956000000000365
-0.01550000000000408,-0.4097499999999957,0.11950000000000045,534.2737499999954,-53.60499999999898,-35.17800000000048
0.05875000000000001,-0.488125,0.11125,617.578125,-72.1675,-26.4
0.10849999999999937,-0.618999999999998,0.17299999999999896,718.7009999999985,-75.1305,-33.71149999999986
0.15387499999999874,-0.7592499999999961,0.24724999999999794,823.0057499999971,-75.307875,-43.89612499999972
0.097750000000008,-0.7140000000000123,0.22700000000000614,869.7005000000013,-81.4387499999994,-17.161000000003156
