0.03799999999999999,0.112,-0.124,741.538,-98.838,1.902000000000001
0.09,0.12,-0.12,635.95,-23.35,-18.95
0.054000000000000006,0.29999999999999993,-0.06800000000000002,550.4380000000001,-0.6660000000000039,8.145999999999994
0.017999999999999995,0.48,-0.015999999999999993,464.926,22.018,35.242000000000004
-0.006000000000000005,0.5539999999999999,-0.004000000000000017,348.256,30.653999999999996,43.87599999999999
-0.018000000000000002,0.522,-0.03200000000000001,200.42799999999997,25.241999999999997,34.047999999999995
-0.03,0.49,-0.06,52.6,19.83,24.22
-0.006000000000000005,0.35000000000000003,-0.076,-63.91199999999995,15.586,23.608
0.018000000000000016,0.2099999999999999,-0.09200000000000001,-180.4240000000001,11.341999999999997,22.996
0.03,0.09399999999999997,-0.092,-262.01,14.804000000000006,25.35
0.03,0.002000000000000085,-0.07600000000000001,-308.66999999999996,25.97199999999999,30.669999999999998
0.03,-0.09,-0.06,-355.33,37.14,35.99
0.045999999999999985,-0.12599999999999995,-0.048000000000000015,-345.33,54.28799999999998,42.721999999999994
0.062,-0.16199999999999998,-0.036000000000000004,-335.33,71.43599999999999,49.454
0.064,-0.19,-0.027999999999999997,-312.842,86.73000000000002,52.404
0.05199999999999999,-0.21000000000000002,-0.023999999999999994,-277.86599999999993,100.17000000000002,51.572
0.04,-0.23,-0.02,-242.89,113.61,50.74
0.056000000000000015,-0.21,-0.024000000000000004,-209.25399999999996,119.534,53.912000000000006
0.07200000000000004,-0.18999999999999995,-0.028000000000000008,-175.61799999999994,125.458,57.08400000000001
0.08199999999999999,-0.16200000000000006,-0.03,-150.86200000000002,130.96999999999997,60.169999999999995
0.086,-0.12600000000000003,-0.03,-134.98600000000002,136.07,63.17
0.09,-0.09,-0.03,-119.11,141.17,66.17
0.094,-0.06199999999999997,-0.009999999999999985,-115.03399999999999,142.558,60.705999999999996
0.09799999999999999,-0.03400000000000007,0.009999999999999946,-110.95800000000001,143.94599999999997,55.24200000000001
0.10599999999999998,-0.002000000000000071,0.012000000000000028,-117.46999999999997,148.676,48.40000000000001
0.118,0.03399999999999997,-0.003999999999999986,-134.57,156.748,40.18000000000001
0.13,0.07,-0.02,-151.67,164.82,31.96
0.10999999999999999,0.08600000000000002,-0.024000000000000004,-188.30200000000002,180.748,21.519999999999992
0.08999999999999997,0.10200000000000004,-0.028000000000000008,-224.93400000000005,196.67600000000002,11.079999999999982
0.06799999999999994,0.11400000000000002,-0.02799999999999999,-260.1160000000001,214.33600000000004,0.34799999999997056
0.043999999999999914,0.12200000000000003,-0.023999999999999987,-293.8480000000001,233.72800000000007,-10.67600000000004
0.02,0.13,-0.02,-327.58,253.12,-21.7
-0.024000000000000035,0.118,-0.02,-357.04400000000004,272.752,-25.260000000000005
-0.06800000000000007,0.10599999999999998,-0.02,-386.50800000000004,292.384,-28.820000000000007
-0.10200000000000006,0.08599999999999994,-0.022000000000000013,-410.53200000000004,306.956,-29.929999999999996
-0.12600000000000008,0.0579999999999999,-0.026000000000000013,-429.11600000000004,316.468,-28.589999999999996
-0.15000000000000002,0.02999999999999988,-0.029999999999999964,-447.7,325.9800000000001,-27.24999999999998
-0.15399999999999997,0.002000000000000106,-0.022000000000000026,-447.604,337.128,-22.37000000000002
-0.158,-0.025999999999999926,-0.014000000000000021,-447.508,348.276,-17.490000000000013
-0.158,-0.043999999999999984,-0.01,-442.13,359.166,-14.246000000000002
-0.15399999999999997,-0.052000000000000025,-0.01,-431.46999999999997,369.79800000000006,-12.637999999999995
-0.15,-0.06,-0.01,-420.81,380.43,-11.03
-0.1700000000000001,-0.06400000000000003,0.006000000000000085,-406.64199999999994,391.21400000000006,-11.710000000000004
-0.19000000000000006,-0.068,0.022000000000000026,-392.474,401.998,-12.39
-0.204,-0.068,0.039999999999999966,-376.34000000000003,412.39,-13.815999999999995
-0.21199999999999997,-0.06400000000000003,0.059999999999999894,-358.24000000000007,422.38999999999993,-15.987999999999989
-0.22,-0.06,0.08,-340.14,432.39,-18.16
-0.23599999999999993,-0.04400000000000005,0.07200000000000004,-324.99600000000004,440.998,-17.6
-0.25200000000000006,-0.02799999999999997,0.06399999999999999,-309.852,449.60600000000005,-17.04
-0.256,-0.010000000000000037,0.06999999999999997,-296.39,456.85,-15.638000000000005
-0.24799999999999997,0.010000000000000068,0.09000000000000007,-284.60999999999996,462.73,-13.393999999999993
-0.24,0.03,0.11,-272.83,468.61,-11.15
-0.22000000000000006,0.045999999999999944,0.12999999999999992,-269.562,468.558,-10.246000000000004
-0.19999999999999996,0.062000000000000034,0.15000000000000005,-266.294,468.50600000000003,-9.341999999999999
-0.17800000000000005,0.07599999999999998,0.16399999999999998,-273.366,469.176,-10.389999999999995
-0.15399999999999991,0.08800000000000005,0.17200000000000001,-290.7780000000001,470.568,-13.390000000000011
-0.13,0.1,0.18,-308.19,471.96,-16.39
-0.13400000000000004,0.09599999999999997,0.18800000000000006,-324.7540000000001,471.156,-23.246000000000038
-0.138,0.092,0.196,-341.31800000000004,470.352,-30.102000000000015
-0.1319999999999999,0.08399999999999991,0.19799999999999998,-353.7200000000001,470.56,-36.444000000000045
-0.11600000000000009,0.07200000000000006,0.19400000000000003,-361.96,471.78,-42.27199999999997
-0.1,0.06,0.19,-370.2,473.0,-48.1
-0.08800000000000005,0.04400000000000005,0.19799999999999998,-384.4959999999999,473.852,-51.27199999999999
-0.07599999999999998,0.02799999999999997,0.20600000000000002,-398.79200000000003,474.704,-54.44400000000001
-0.08199999999999996,0.008000000000000042,0.21999999999999997,-410.70799999999997,471.472,-59.19999999999999
-0.1060000000000001,-0.016000000000000087,0.24000000000000007,-420.244,464.15599999999995,-65.54000000000002
-0.13,-0.04,0.26,-429.78,456.84,-71.88
-0.16200000000000017,-0.0760000000000002,0.28000000000000014,-428.656,447.27599999999995,-83.85600000000005
-0.19400000000000006,-0.11200000000000007,0.30000000000000004,-427.53200000000004,437.712,-95.83200000000002
-0.23200000000000032,-0.14600000000000024,0.3160000000000001,-416.1159999999999,428.21199999999993,-103.90600000000002
-0.27600000000000013,-0.1780000000000001,0.32800000000000007,-394.4079999999999,418.77599999999995,-108.07800000000002
-0.3200000000000001,-0.21000000000000002,0.3400000000000001,-372.6999999999997,409.3399999999999,-112.24999999999989
-0.33199999999999996,-0.21399999999999997,0.344,-338.3600000000001,404.316,-99.39400000000005
-0.3439999999999999,-0.21799999999999997,0.348,-304.02000000000027,399.29200000000003,-86.5380000000001
-0.342,-0.20600000000000004,0.346,-272.75200000000007,397.084,-70.75600000000003
-0.32600000000000007,-0.17800000000000016,0.338,-244.55600000000015,397.692,-52.0480000000001
-0.31,-0.15,0.33,-216.36,398.3,-33.34
-0.306,-0.13400000000000006,0.3539999999999999,-216.532,392.49600000000004,-29.512000000000015
-0.302,-0.11799999999999997,0.37800000000000006,-216.704,386.692,-25.683999999999994
-0.29399999999999993,-0.09999999999999987,0.39,-219.48600000000005,379.81399999999996,-24.184000000000005
-0.282,-0.07999999999999993,0.39,-224.87800000000001,371.86199999999997,-25.012000000000004
-0.27,-0.06,0.39,-230.27,363.91,-25.84
-0.27,-0.06,0.39799999999999996,-238.634,363.154,-23.03600000000001
-0.27,-0.06,0.4060000000000001,-246.9980000000001,362.39799999999997,-20.231999999999967
-0.27800000000000014,-0.06200000000000003,0.41,-254.96000000000006,363.154,-15.647999999999954
-0.29400000000000004,-0.06600000000000002,0.41,-262.52000000000004,365.422,-9.283999999999978
-0.31,-0.07,0.41,-270.08,367.69,-2.92
-0.29400000000000004,-0.07799999999999997,0.42999999999999994,-272.616,366.34999999999997,1.3999999999999844
-0.27800000000000014,-0.08599999999999994,0.44999999999999984,-275.152,365.01,5.719999999999969
-0.26000000000000023,-0.09199999999999996,0.4739999999999997,-273.83600000000007,366.55799999999994,7.136000000000015
-0.23999999999999994,-0.09600000000000002,0.5020000000000001,-268.668,370.994,5.647999999999994
-0.22,-0.1,0.53,-263.5,375.43,4.16
-0.23599999999999993,-0.1,0.538,-259.40000000000003,380.238,-0.4999999999999831
-0.2519999999999999,-0.1,0.5459999999999999,-255.30000000000004,385.04599999999994,-5.159999999999966
-0.2680000000000001,-0.11000000000000015,0.55,-249.46999999999994,384.69399999999996,-5.599999999999973
-0.28400000000000003,-0.13000000000000006,0.55,-241.90999999999997,379.18199999999996,-1.8199999999999865
-0.3,-0.15,0.55,-234.35,373.67,1.96
-0.25200000000000017,-0.17799999999999988,0.582,-228.10600000000002,368.862,11.715999999999966
-0.2039999999999995,-0.2060000000000003,0.6140000000000003,-221.86199999999994,364.0539999999999,21.472000000000104
-0.17799999999999996,-0.2340000000000002,0.6420000000000001,-216.94799999999998,366.27200000000005,26.90000000000001
-0.174,-0.26200000000000007,0.666,-213.364,375.516,28.000000000000007
-0.17,-0.29,0.69,-209.78,384.76,29.1
-0.18600000000000022,-0.30200000000000016,0.7020000000000002,-190.07199999999972,387.10400000000004,29.0
-0.20199999999999987,-0.3139999999999999,0.7139999999999999,-170.36400000000015,389.448,28.900000000000002
-0.2279999999999996,-0.3160000000000001,0.7140000000000001,-152.96200000000016,393.25399999999996,32.66799999999992
-0.2640000000000001,-0.30799999999999994,0.702,-137.86599999999993,398.52200000000005,40.30400000000002
-0.3,-0.3,0.69,-122.77,403.79,47.94
-0.3199999999999999,-0.2800000000000001,0.694,-116.62200000000001,406.742,68.96399999999993
-0.33999999999999986,-0.2600000000000001,0.698,-110.47400000000005,409.694,89.98799999999986
-0.35400000000000004,-0.23799999999999982,0.7100000000000001,-115.26600000000012,409.75399999999996,105.09800000000007
-0.362,-0.2139999999999999,0.7300000000000001,-130.99800000000005,406.92199999999997,114.29400000000003
-0.37,-0.19,0.75,-146.73,404.09,123.49
-0.31400000000000017,-0.17400000000000004,0.762,-167.6059999999999,407.066,128.48999999999998
-0.2579999999999994,-0.15799999999999984,0.7740000000000001,-188.4820000000002,410.04200000000003,133.49000000000007
-0.23200000000000004,-0.15,0.784,-209.15200000000013,417.14000000000004,137.25800000000004
-0.23600000000000002,-0.15,0.792,-229.61600000000007,428.36,139.794
-0.24,-0.15,0.8,-250.08,439.58,142.33
-0.2760000000000005,-0.19400000000000062,0.8080000000000002,-263.74000000000024,439.38399999999996,142.77
-0.3120000000000004,-0.2380000000000005,0.8160000000000001,-277.40000000000015,439.188,143.21
-0.35399999999999954,-0.2759999999999997,0.8339999999999996,-287.02199999999993,438.188,150.85599999999985
-0.40199999999999936,-0.30799999999999955,0.8619999999999995,-292.60599999999994,436.384,165.7079999999998
-0.45,-0.34,0.89,-298.19,434.58,180.56
-0.4300000000000001,-0.3719999999999999,0.894,-300.726,435.58,200.24399999999994
-0.41000000000000014,-0.40399999999999975,0.898,-303.26199999999994,436.58,219.92799999999988
-0.398,-0.4300000000000001,0.898,-300.4579999999999,444.34800000000007,224.37999999999994
-0.394,-0.45000000000000007,0.894,-292.31399999999996,458.88400000000007,213.59999999999997
-0.39,-0.47,0.89,-284.17,473.42,202.82
-0.4099999999999999,-0.4300000000000001,0.89,-254.61000000000013,479.008,214.37999999999994
-0.4299999999999999,-0.3900000000000003,0.89,-225.0500000000002,484.59599999999995,225.9399999999999
-0.4319999999999999,-0.35399999999999976,0.8960000000000001,-213.37800000000004,479.75599999999986,237.97600000000008
-0.416,-0.32199999999999984,0.908,-219.59400000000002,464.48799999999994,250.48800000000006
-0.4,-0.29,0.92,-225.81,449.22,263.0
-0.3919999999999999,-0.2980000000000001,0.9400000000000003,-252.00600000000037,430.0719999999998,265.41600000000005
-0.3839999999999999,-0.3060000000000001,0.9600000000000002,-278.2020000000003,410.9239999999998,267.83200000000005
-0.38,-0.3300000000000003,0.968,-300.8120000000001,403.76400000000007,270.82000000000005
-0.38,-0.3700000000000001,0.964,-319.83600000000007,408.59200000000004,274.38
-0.38,-0.41,0.96,-338.86,413.42,277.94
-0.4240000000000006,-0.4540000000000006,0.9760000000000002,-341.91200000000003,424.08000000000015,280.184
-0.46800000000000047,-0.4980000000000005,0.9920000000000002,-344.96400000000006,434.7400000000001,282.42800000000005
-0.5000000000000001,-0.5320000000000001,1.002,-340.6119999999999,437.4,286.6840000000001
-0.5200000000000005,-0.5560000000000005,1.006,-328.85599999999977,432.0599999999999,292.95200000000017
-0.5399999999999993,-0.58,1.01,-317.09999999999974,426.72,299.22000000000014
-0.49600000000000094,-0.58,1.01,-302.07200000000034,425.86400000000003,304.3399999999999
-0.4520000000000003,-0.58,1.01,-287.0440000000001,425.008,309.46
-0.4140000000000003,-0.5740000000000001,1.008,-278.202,426.62999999999994,310.02000000000004
-0.38200000000000045,-0.5620000000000002,1.004,-275.546,430.7299999999999,306.02000000000004
-0.35000000000000053,-0.5500000000000003,1.0,-272.89000000000004,434.8299999999999,302.02000000000004
-0.3739999999999999,-0.5579999999999999,0.992,-280.522,436.314,297.46
-0.3979999999999998,-0.566,0.9840000000000001,-288.15399999999994,437.798,292.90000000000003
-0.4379999999999994,-0.5799999999999997,0.9839999999999999,-296.34799999999996,436.5780000000001,293.18199999999996
-0.4939999999999992,-0.5999999999999996,0.9919999999999999,-305.10399999999987,432.65400000000005,298.3059999999999
-0.55,-0.62,1.0,-313.86,428.73,303.43
-0.578,-0.6759999999999998,1.02,-318.936,415.51000000000005,301.40200000000004
-0.6059999999999998,-0.7319999999999997,1.0399999999999998,-324.012,402.2900000000001,299.374
-0.6279999999999998,-0.7779999999999996,1.0619999999999998,-320.5000000000001,389.88800000000015,299.348
-0.6440000000000001,-0.8140000000000002,1.086,-308.4,378.304,301.324
-0.66,-0.85,1.11,-296.3,366.72,303.3
-0.6719999999999999,-0.842,1.1219999999999999,-286.74,371.864,310.936
-0.6839999999999998,-0.8340000000000001,1.134,-277.18000000000006,377.008,318.57199999999995
-0.7020000000000002,-0.832,1.134,-271.24199999999996,382.886,324.0
-0.7259999999999996,-0.8359999999999999,1.122,-268.92600000000004,389.49799999999993,327.21999999999997
-0.75,-0.84,1.11,-266.61,396.11,330.44
-0.7580000000000001,-0.84,1.106,-266.878,408.9380000000002,336.9520000000001
-0.7659999999999999,-0.84,1.102,-267.14599999999996,421.7659999999999,343.464
-0.77,-0.8319999999999999,1.0879999999999999,-264.38999999999993,432.18000000000006,347.80600000000004
-0.77,-0.8159999999999997,1.0639999999999996,-258.6099999999999,440.1800000000002,349.97800000000007
-0.77,-0.8,1.04,-252.83,448.18,352.15
-0.8100000000000006,-0.8080000000000002,1.044,-257.02200000000005,445.96,348.0259999999999
-0.8499999999999998,-0.816,1.048,-261.214,443.74,343.902
-0.8920000000000003,-0.8340000000000002,1.0600000000000003,-263.554,437.3739999999999,341.13199999999995
-0.9360000000000009,-0.8620000000000005,1.0800000000000005,-264.042,426.8619999999998,339.71599999999995
-0.98,-0.89,1.1,-264.53,416.35,338.3
-0.9559999999999996,-0.9140000000000004,1.1160000000000003,-254.26199999999983,417.522,341.74000000000007
-0.9320000000000002,-0.9379999999999998,1.132,-243.99400000000009,418.69399999999996,345.17999999999995
-0.9299999999999995,-0.9619999999999993,1.14,-219.25000000000114,423.0359999999998,348.2659999999999
-0.9499999999999997,-0.9859999999999997,1.14,-180.03000000000057,430.5479999999999,350.998
-0.97,-1.01,1.14,-140.81,438.06,353.73
-0.9899999999999995,-1.0259999999999996,1.1559999999999995,-118.95800000000047,438.156,352.48600000000005
-1.0099999999999998,-1.0419999999999998,1.1719999999999997,-97.10600000000017,438.252,351.242
-1.012,-1.0419999999999998,1.1880000000000002,-75.06999999999985,438.788,352.596
-0.9960000000000002,-1.0260000000000002,1.2039999999999997,-52.85000000000032,439.764,356.54799999999994
-0.98,-1.01,1.22,-30.63,440.74,360.5
-0.9919999999999998,-1.006,1.1960000000000004,-21.458000000000194,443.4239999999999,357.10800000000006
-1.004,-1.002,1.1720000000000002,-12.286000000000065,446.10799999999995,353.716
-1.0260000000000002,-1.006,1.1740000000000002,-13.396000000000079,442.42599999999993,350.96
-1.0579999999999996,-1.0179999999999998,1.2019999999999995,-24.787999999999837,432.37800000000016,348.84000000000003
-1.09,-1.03,1.23,-36.18,422.33,346.72
-1.09,-1.026,1.226,-52.37600000000023,417.54599999999994,348.32800000000003
-1.09,-1.022,1.222,-68.57199999999989,412.76200000000006,349.936
-1.1160000000000003,-1.02,1.214,-82.41400000000009,412.334,349.28999999999996
-1.1679999999999993,-1.02,1.2020000000000002,-93.90199999999984,416.26199999999994,346.39000000000004
-1.22,-1.02,1.19,-105.39,420.19,343.49
-1.2400000000000002,-1.0440000000000005,1.1739999999999997,-129.53400000000033,411.6299999999999,344.074
-1.2599999999999998,-1.0679999999999998,1.1580000000000001,-153.67799999999983,403.07000000000005,344.658
-1.266,-1.1060000000000003,1.156,-168.82400000000004,384.9479999999998,344.486
-1.2579999999999998,-1.158000000000001,1.1680000000000001,-174.97200000000012,357.2639999999994,343.558
-1.25,-1.21,1.18,-181.12,329.58,342.63
-1.2780000000000005,-1.2460000000000004,1.2040000000000004,-173.2919999999999,314.50799999999975,345.53400000000005
-1.3059999999999998,-1.2819999999999998,1.2279999999999998,-165.46400000000006,299.4360000000001,348.438
-1.316,-1.3220000000000003,1.24,-150.64599999999984,292.412,350.488
-1.3079999999999998,-1.366000000000001,1.24,-128.83799999999954,293.436,351.684
-1.3,-1.41,1.24,-107.03,294.46,352.88
-1.304,-1.341999999999999,1.236,-85.6179999999997,298.21600000000007,371.8800000000003
-1.3080000000000003,-1.273999999999998,1.2319999999999998,-64.20599999999939,301.9720000000001,390.88000000000056
-1.3280000000000003,-1.2219999999999998,1.236,-66.7680000000002,298.54599999999994,400.05
-1.3639999999999994,-1.1860000000000004,1.2479999999999998,-93.30399999999963,287.93800000000016,399.39000000000004
-1.4,-1.15,1.26,-119.84,277.33,398.73
-1.4599999999999986,-1.2179999999999986,1.2759999999999996,-162.1799999999991,254.30200000000048,371.1220000000006
-1.5199999999999996,-1.2859999999999996,1.2919999999999998,-204.5199999999997,231.27400000000014,343.5140000000002
-1.5800000000000005,-1.3440000000000003,1.3160000000000003,-234.99600000000015,207.82199999999983,327.77
-1.6399999999999992,-1.3919999999999992,1.3479999999999994,-253.60799999999975,183.94600000000034,323.89000000000004
-1.7,-1.44,1.38,-272.22,160.07,320.01
-1.656000000000001,-1.4679999999999993,1.3999999999999995,-258.8040000000003,150.29000000000022,312.2300000000002
-1.6120000000000003,-1.4959999999999998,1.4199999999999997,-245.38800000000012,140.51000000000008,304.45000000000005
-1.5439999999999994,-1.5180000000000002,1.426,-224.6059999999998,140.20400000000006,289.20599999999985
-1.4520000000000013,-1.5339999999999998,1.4180000000000001,-196.4580000000004,149.37199999999987,266.49800000000033
-1.36,-1.55,1.41,-168.31,158.54,243.79
-1.3880000000000003,-1.5700000000000003,1.4300000000000002,-125.4339999999994,140.53999999999974,212.59399999999954
-1.4159999999999997,-1.5899999999999999,1.4499999999999997,-82.5580000000003,122.54000000000013,181.39800000000022
-1.4500000000000002,-1.6180000000000003,1.464,-52.49799999999988,102.40599999999985,148.11799999999977
-1.4899999999999993,-1.6539999999999995,1.4719999999999998,-35.25400000000025,80.13800000000032,112.7540000000005
-1.53,-1.69,1.48,-18.01,57.87,77.39
-1.5660000000000005,-1.6779999999999997,1.484,0.014000000000255142,47.16599999999985,64.09799999999981
-1.6019999999999999,-1.666,1.488,18.037999999999872,36.462000000000074,50.80600000000009
-1.5999999999999999,-1.666,1.4779999999999998,25.915999999999983,24.88999999999991,34.80599999999986
-1.5599999999999992,-1.6780000000000002,1.4539999999999995,23.64799999999995,12.449999999999735,16.0979999999996
-1.52,-1.69,1.43,21.38,0.01,-2.61
-1.5760000000000007,-1.7020000000000002,1.3819999999999992,23.284000000000027,-1.5500000000000225,-19.02600000000023
-1.6319999999999995,-1.714,1.3340000000000003,25.187999999999988,-3.109999999999989,-35.44199999999988
-1.6840000000000004,-1.718,1.316,25.127999999999986,-20.354000000000227,-51.61200000000011
-1.732000000000001,-1.714,1.3280000000000003,23.103999999999957,-53.2820000000007,-67.53600000000034
-1.78,-1.71,1.34,21.08,-86.21,-83.46
-1.7439999999999996,-1.714,1.3720000000000006,5.323999999999778,-111.52600000000035,-101.19200000000025
-1.7079999999999989,-1.7180000000000002,1.4040000000000008,-10.432000000000446,-136.84200000000072,-118.9240000000005
-1.6719999999999997,-1.7039999999999997,1.418,-15.505999999999961,-153.22000000000006,-131.52200000000005
-1.6359999999999992,-1.6719999999999993,1.414,-9.89799999999988,-160.66000000000017,-138.98600000000016
-1.6,-1.64,1.41,-4.29,-168.1,-146.45
-1.5800000000000005,-1.644,1.414,9.929999999999694,-170.36799999999994,-154.08599999999984
-1.5600000000000003,-1.648,1.418,24.1499999999999,-172.636,-161.72199999999992
-1.5420000000000005,-1.6440000000000003,1.4180000000000001,44.10199999999927,-179.4539999999997,-171.14999999999966
-1.5260000000000002,-1.6320000000000001,1.414,69.78599999999963,-190.82199999999983,-182.36999999999983
-1.51,-1.62,1.41,95.47,-202.19,-193.59
-1.4940000000000004,-1.6040000000000005,1.4020000000000001,103.24999999999983,-201.09000000000003,-205.97799999999972
-1.4780000000000002,-1.5880000000000003,1.394,111.02999999999994,-199.99,-218.36599999999993
-1.4579999999999997,-1.582,1.388,128.2740000000002,-201.45200000000003,-231.6820000000001
-1.4340000000000004,-1.586,1.384,154.98199999999963,-205.47599999999994,-245.92599999999982
-1.41,-1.59,1.38,181.69,-209.5,-260.17
-1.4180000000000001,-1.5699999999999998,1.3439999999999994,221.66200000000057,-210.86800000000002,-262.75800000000004
-1.426,-1.5500000000000003,1.3080000000000003,261.63399999999973,-212.236,-265.34599999999995
-1.432,-1.5199999999999998,1.288,291.36400000000015,-219.72400000000007,-267.224
-1.436,-1.4800000000000006,1.284,310.8519999999997,-233.3319999999998,-268.392
-1.44,-1.44,1.28,330.34,-246.94,-269.56
-1.4319999999999997,-1.444,1.2960000000000003,328.21999999999997,-279.40400000000045,-291.90400000000034
-1.424,-1.448,1.3119999999999998,326.1,-311.86799999999977,-314.2479999999999
-1.4059999999999997,-1.4359999999999997,1.3300000000000003,323.296,-337.88000000000017,-328.9560000000001
-1.3780000000000003,-1.4080000000000004,1.3499999999999999,319.80800000000005,-357.4399999999997,-336.0279999999999
-1.35,-1.38,1.37,316.32,-377.0,-343.1
-1.3059999999999994,-1.2759999999999985,1.3619999999999999,321.4920000000001,-384.9280000000001,-334.24399999999986
-1.2620000000000002,-1.1720000000000008,1.354,326.664,-392.85599999999994,-325.38800000000003
-1.2179999999999997,-1.124,1.3179999999999996,324.87199999999996,-400.18600000000004,-320.9
-1.173999999999999,-1.1320000000000001,1.2539999999999987,316.1159999999998,-406.9180000000001,-320.78000000000003
-1.13,-1.14,1.19,307.36,-413.65,-320.66
-1.1460000000000001,-1.1520000000000001,1.2260000000000004,271.9679999999995,-410.6019999999999,-328.17200000000014
-1.1620000000000004,-1.1640000000000004,1.2620000000000011,236.575999999999,-407.55399999999986,-335.6840000000002
-1.174,-1.1579999999999997,1.2980000000000003,206.7699999999998,-403.35999999999996,-336.2699999999999
-1.1820000000000002,-1.1339999999999995,1.3340000000000007,182.5499999999995,-398.01999999999987,-329.92999999999984
-1.19,-1.11,1.37,158.33,-392.68,-323.59
-1.1579999999999995,-1.0459999999999992,1.3299999999999994,144.9419999999998,-393.48400000000004,-324.638
-1.1259999999999992,-0.9819999999999982,1.289999999999999,131.55399999999963,-394.288,-325.68600000000004
-1.0859999999999996,-0.9359999999999997,1.2479999999999998,123.56599999999997,-408.3600000000002,-335.7340000000001
-1.037999999999999,-0.9079999999999994,1.203999999999999,120.97799999999995,-435.7000000000006,-354.7820000000004
-0.99,-0.88,1.16,118.39,-463.04,-373.83
-0.9539999999999995,-0.9120000000000005,1.1519999999999997,113.41399999999993,-469.8440000000001,-395.78200000000027
-0.917999999999999,-0.9440000000000008,1.1439999999999997,108.43799999999986,-476.6480000000002,-417.7340000000006
-0.9180000000000003,-0.9880000000000004,1.1620000000000001,104.40199999999997,-477.258,-436.43000000000006
-0.9540000000000007,-1.0440000000000011,1.2060000000000008,101.30599999999993,-471.67399999999986,-451.87000000000035
-0.990000000000001,-1.0999999999999979,1.2500000000000002,98.21000000000133,-466.0899999999993,-467.30999999999847
-1.0180000000000005,-1.0359999999999991,1.2580000000000002,135.65000000000055,-447.2379999999997,-424.3339999999994
-1.046000000000001,-0.9719999999999982,1.2660000000000002,173.09000000000106,-428.38599999999946,-381.3579999999988
-1.0439999999999987,-0.9099999999999974,1.2479999999999982,200.46800000000073,-421.10600000000017,-349.92999999999915
-1.0119999999999993,-0.8499999999999988,1.203999999999999,217.78400000000036,-425.3980000000001,-330.0499999999996
-0.9799999999999995,-0.7899999999999991,1.1599999999999986,235.09999999999937,-429.69000000000085,-310.1700000000005
-0.9679999999999997,-0.7659999999999997,1.1199999999999994,217.68399999999974,-453.83400000000034,-323.7580000000002
-0.9560000000000005,-0.742000000000001,1.0800000000000016,200.26800000000074,-477.977999999999,-337.34599999999944
-0.9539999999999997,-0.7459999999999991,1.0879999999999985,168.36600000000132,-503.5759999999992,-359.4559999999991
-0.9619999999999999,-0.7779999999999996,1.1439999999999992,121.97800000000066,-530.6279999999996,-390.08799999999957
-0.9699999999999996,-0.8099999999999989,1.199999999999998,75.59000000000165,-557.679999999999,-420.71999999999895
-0.9060000000000014,-0.81,1.2,88.85799999999972,-555.14,-416.3320000000001
-0.8420000000000005,-0.81,1.2,102.1259999999999,-552.6,-411.944
-0.7740000000000021,-0.7740000000000021,1.1700000000000017,132.57599999999866,-538.0860000000008,-392.920000000001
-0.7020000000000011,-0.7020000000000011,1.1100000000000008,180.20799999999934,-511.5980000000004,-359.2600000000005
-0.6300000000000026,-0.6300000000000026,1.0500000000000023,227.8399999999983,-485.110000000001,-325.6000000000012
-0.6180000000000002,-0.6060000000000005,1.0380000000000003,234.89199999999985,-477.8940000000002,-316.6960000000002
-0.6060000000000001,-0.5820000000000002,1.026,241.94399999999996,-470.67800000000005,-307.79200000000003
-0.6079999999999995,-0.5959999999999985,1.0339999999999991,231.1520000000008,-484.0439999999991,-317.90199999999913
-0.6239999999999998,-0.6479999999999992,1.0619999999999996,202.51600000000042,-517.9919999999995,-347.02599999999956
-0.64,-0.7,1.09,173.88,-551.94,-376.15
-0.6599999999999996,-0.7599999999999987,1.086,161.80800000000025,-571.4039999999997,-391.51399999999967
-0.6799999999999998,-0.8199999999999995,1.082,149.73600000000008,-590.8679999999999,-406.8779999999999
-0.6760000000000007,-0.8360000000000007,1.0780000000000003,165.61399999999875,-600.1980000000001,-403.9260000000006
-0.6480000000000004,-0.8080000000000004,1.074,209.44199999999938,-599.394,-382.6580000000003
-0.62,-0.78,1.07,253.27,-598.59,-361.39
-0.6040000000000003,-0.6760000000000023,1.0340000000000007,307.5859999999989,-575.2500000000006,-329.80600000000067
-0.5880000000000001,-0.5720000000000007,0.9980000000000002,361.9019999999996,-551.9100000000002,-298.2220000000002
-0.578,-0.5059999999999998,0.9599999999999997,384.2799999999999,-540.02,-277.1239999999999
-0.5740000000000001,-0.4780000000000004,0.9200000000000006,374.72000000000014,-539.58,-266.51200000000017
-0.57,-0.45,0.88,365.16,-539.14,-255.9
-0.5859999999999996,-0.46199999999999974,0.8959999999999997,338.96400000000057,-557.4559999999996,-267.5359999999998
-0.6019999999999999,-0.4739999999999999,0.9119999999999999,312.7680000000002,-575.7719999999998,-279.1719999999999
-0.5799999999999996,-0.5000000000000002,0.9340000000000003,292.8299999999999,-594.4800000000001,-288.51400000000007
-0.5200000000000009,-0.5399999999999994,0.9619999999999996,279.1500000000002,-613.5799999999997,-295.5619999999999
-0.46,-0.58,0.99,265.47,-632.68,-302.61
-0.41999999999999943,-0.5840000000000001,0.9819999999999999,289.29800000000034,-638.46,-308.3900000000001
-0.3800000000000003,-0.588,0.9740000000000001,313.12599999999986,-644.2399999999999,-314.16999999999996
-0.3559999999999999,-0.5779999999999998,0.972,340.6500000000002,-632.7759999999998,-307.81599999999986
-0.34800000000000014,-0.5540000000000004,0.9759999999999999,371.86999999999955,-604.0680000000004,-289.32800000000026
-0.34,-0.53,0.98,403.09,-575.36,-270.84
-0.408000000000001,-0.4819999999999993,0.9759999999999999,421.94200000000023,-558.2119999999998,-254.47599999999974
-0.47599999999999953,-0.43400000000000033,0.972,440.79399999999987,-541.0640000000001,-238.1120000000001
-0.5159999999999997,-0.392000000000001,0.9480000000000013,453.3059999999998,-538.9059999999996,-218.97800000000063
-0.5280000000000007,-0.35599999999999793,0.9039999999999975,459.47800000000035,-551.7380000000007,-197.07399999999876
-0.54,-0.32,0.86,465.65,-564.57,-175.17
-0.5239999999999998,-0.30799999999999983,0.8319999999999996,460.8939999999999,-599.7140000000005,-168.0499999999999
-0.5079999999999996,-0.29599999999999965,0.8039999999999993,456.13799999999986,-634.858000000001,-160.9299999999998
-0.4799999999999983,-0.2940000000000003,0.7799999999999991,443.2359999999991,-667.7220000000012,-162.05200000000042
-0.4400000000000006,-0.3019999999999999,0.7600000000000003,422.1880000000003,-698.3059999999996,-171.41599999999988
-0.4,-0.31,0.74,401.14,-728.89,-180.78
-0.36799999999999955,-0.28599999999999964,0.7319999999999999,392.6999999999999,-712.0139999999998,-182.34000000000003
-0.3359999999999991,-0.26199999999999934,0.7239999999999998,384.25999999999976,-695.1379999999996,-183.90000000000006
-0.33000000000000085,-0.24199999999999933,0.7099999999999991,378.5159999999999,-674.125999999999,-173.44999999999905
-0.3499999999999997,-0.22600000000000023,0.6900000000000003,375.4680000000001,-648.9780000000004,-150.99000000000032
-0.37,-0.21,0.67,372.42,-623.83,-128.53
-0.3980000000000004,-0.18599999999999967,0.6419999999999996,346.9559999999996,-619.198,-103.13799999999964
-0.4260000000000008,-0.1619999999999993,0.6139999999999992,321.4919999999993,-614.5659999999999,-77.74599999999927
-0.44,-0.16800000000000154,0.6160000000000013,293.81999999999874,-623.798000000001,-66.63600000000014
-0.44,-0.2039999999999995,0.6479999999999996,263.9400000000004,-646.8939999999997,-69.80799999999995
-0.44,-0.24,0.68,234.06,-669.99,-72.98
-0.4119999999999996,-0.27200000000000046,0.6880000000000002,219.8159999999998,-699.3820000000004,-89.54000000000023
-0.3839999999999992,-0.30400000000000094,0.6960000000000002,205.57199999999958,-728.7740000000009,-106.10000000000046
-0.3359999999999971,-0.31199999999999933,0.6859999999999987,208.23200000000082,-746.4320000000002,-111.75799999999977
-0.26799999999999613,-0.2959999999999991,0.6579999999999984,227.79600000000113,-752.3560000000003,-106.5139999999997
-0.2,-0.28,0.63,247.36,-758.28,-101.27
-0.18399999999999977,-0.207999999999999,0.5899999999999994,276.9200000000004,-713.7199999999993,-80.92999999999971
-0.16799999999999954,-0.13599999999999796,0.5499999999999989,306.4800000000008,-669.1599999999987,-60.58999999999942
-0.1740000000000012,-0.08399999999999865,0.5320000000000003,308.7479999999989,-627.5139999999983,-41.82199999999927
-0.20199999999999962,-0.05200000000000046,0.5359999999999999,283.72400000000033,-588.7820000000005,-24.626000000000246
-0.23,-0.02,0.54,258.7,-550.05,-7.43
-0.23799999999999955,-0.03999999999999887,0.5200000000000011,207.3800000000029,-557.8819999999995,-18.35799999999938
-0.24599999999999966,-0.05999999999999915,0.5000000000000009,156.0600000000022,-565.7139999999996,-29.285999999999532
-0.25,-0.07999999999999943,0.47200000000000103,113.43800000000097,-575.8239999999996,-45.02999999999942
-0.25,-0.09999999999999971,0.4360000000000005,79.5140000000005,-588.2119999999999,-65.58999999999972
-0.25,-0.12,0.4,45.59,-600.6,-86.15
-0.22600000000000137,-0.1319999999999993,0.3440000000000032,46.541999999999945,-602.9439999999998,-98.5139999999993
-0.202000000000001,-0.1439999999999995,0.2880000000000024,47.49399999999996,-605.2879999999999,-110.87799999999947
-0.22599999999999795,-0.12800000000000125,0.23400000000000148,69.1519999999988,-605.142,-115.2440000000001
-0.297999999999999,-0.08400000000000063,0.18200000000000074,111.5159999999994,-602.5060000000001,-111.61200000000005
-0.37,-0.04,0.13,153.88,-599.87,-107.98
-0.3499999999999997,-0.04400000000000006,0.1860000000000008,202.1720000000007,-595.9419999999999,-92.65999999999978
-0.33000000000000085,-0.047999999999999834,0.24199999999999763,250.46399999999795,-592.0140000000001,-77.34000000000066
-0.31200000000000044,-0.0639999999999992,0.25200000000000106,282.85399999999953,-586.5620000000001,-67.71800000000012
-0.29600000000000026,-0.0919999999999996,0.21600000000000052,299.34199999999976,-579.5860000000001,-63.794000000000054
-0.28,-0.12,0.18,315.83,-572.61,-59.87
-0.28,-0.1280000000000001,0.1439999999999995,320.09800000000007,-556.3939999999998,-76.82200000000024
-0.28,-0.13599999999999968,0.10800000000000154,324.3659999999998,-540.1780000000007,-93.77399999999928
-0.27400000000000035,-0.13400000000000034,0.0880000000000001,337.79399999999936,-527.6060000000003,-108.32199999999966
-0.2620000000000002,-0.12200000000000018,0.08400000000000006,360.3819999999997,-518.6780000000001,-120.46599999999984
-0.25,-0.11,0.08,382.97,-509.75,-132.61
-0.25,-0.06199999999999931,0.06399999999999978,397.7020000000002,-495.1379999999998,-116.34199999999977
-0.25,-0.013999999999998633,0.04799999999999954,412.4340000000004,-480.5259999999996,-100.07399999999954
-0.23200000000000104,0.017999999999999544,0.01600000000000136,411.86000000000047,-462.8300000000006,-85.30600000000038
-0.1960000000000005,0.03399999999999977,-0.03199999999999932,395.98000000000025,-442.0500000000003,-72.0380000000002
-0.16,0.05,-0.08,380.1,-421.27,-58.77
-0.1960000000000005,0.06200000000000017,-0.09200000000000016,369.56399999999985,-390.6619999999996,-55.23399999999995
-0.23200000000000104,0.07400000000000034,-0.10400000000000034,359.0279999999997,-360.0539999999991,-51.6979999999999
-0.23400000000000093,0.07600000000000023,-0.13399999999999862,319.84600000000194,-338.01800000000037,-50.465999999999966
-0.20200000000000046,0.06800000000000012,-0.18199999999999933,252.01800000000094,-324.5540000000002,-51.53799999999998
-0.17,0.06,-0.23,184.19,-311.09,-52.61
-0.19000000000000028,0.06400000000000006,-0.18199999999999933,140.62599999999938,-321.99400000000014,-54.14600000000002
-0.21000000000000058,0.06800000000000012,-0.13399999999999865,97.06199999999876,-332.8980000000003,-55.682000000000045
-0.2040000000000009,0.06000000000000057,-0.10600000000000023,67.48800000000044,-332.80000000000035,-61.38999999999972
-0.17200000000000046,0.040000000000000285,-0.09800000000000011,51.904000000000224,-321.70000000000016,-71.26999999999987
-0.14,0.02,-0.09,36.32,-310.6,-81.15
-0.059999999999998874,-0.040000000000000854,-0.08599999999999994,17.24799999999973,-261.50399999999934,-94.4900000000002
0.020000000000002266,-0.10000000000000171,-0.08199999999999989,-1.8240000000005416,-212.40799999999862,-107.83000000000038
0.01200000000000273,-0.1160000000000008,-0.026000000000003076,11.139999999998722,-190.88399999999984,-111.0980000000002
-0.08399999999999863,-0.0880000000000004,0.08199999999999846,56.13999999999936,-196.9319999999999,-104.2940000000001
-0.18,-0.06,0.19,101.14,-202.98,-97.49
-0.1880000000000001,-0.06400000000000006,0.23800000000000068,202.99200000000144,-241.07600000000053,-85.66199999999984
-0.19600000000000023,-0.06800000000000012,0.28600000000000136,304.8440000000029,-279.1720000000011,-73.83399999999966
-0.18599999999999883,-0.11400000000000376,0.28799999999999815,441.7220000000073,-307.3060000000008,-67.35799999999995
-0.15800000000000042,-0.20199999999999874,0.24400000000000063,613.6259999999975,-325.4779999999997,-66.23400000000002
-0.13,-0.29,0.2,785.53,-343.65,-65.11
-0.15800000000000042,-0.2779999999999998,0.17999999999999972,886.2620000000013,-357.3340000000002,-55.965999999999866
-0.1860000000000008,-0.2659999999999997,0.15999999999999942,986.9940000000028,-371.01800000000037,-46.82199999999974
-0.18399999999999864,-0.20799999999999558,0.15200000000000016,1067.2860000000026,-380.9200000000003,-31.029999999999042
-0.15200000000000047,-0.10400000000000148,0.15599999999999994,1127.137999999999,-387.0399999999999,-8.590000000000321
-0.12,0.0,0.16,1186.99,-393.16,13.85
-0.03999999999999887,0.01600000000000023,0.003999999999997783,1132.9179999999992,-376.33199999999977,13.898000000000001
0.04000000000000227,0.03200000000000046,-0.15200000000000444,1078.8459999999984,-359.5039999999995,13.946000000000002
0.05599999999999795,0.052000000000001025,-0.2099999999999983,1021.4319999999974,-323.2859999999976,17.812000000000324
