0.2373,0.2659,-0.0561,669.752,-32.91009999999999,54.56699999999999
0.21,0.34,-0.06,604.31,-6.94,34.95
0.1203,0.4063,0.014099999999999988,503.4794,1.0237999999999978,33.975
0.03060000000000004,0.47259999999999996,0.08819999999999997,402.64880000000005,8.987599999999997,33.0
-0.0030000000000000165,0.4913,0.11980000000000002,296.57370000000003,12.4753,28.458400000000005
0.03599999999999996,0.4484000000000001,0.09640000000000003,183.71160000000012,10.170400000000003,19.301200000000012
0.07500000000000002,0.4055,0.073,70.84949999999995,7.865499999999999,10.143999999999997
0.11059999999999999,0.33540000000000003,0.0666,-16.28479999999996,19.242199999999993,3.8496000000000024
0.1457,0.2613,0.0627,-99.6356,32.6309,-2.0237999999999996
0.1712,0.18720000000000014,0.058800000000000005,-169.02559999999994,44.775199999999984,-5.745600000000002
0.1751,0.11310000000000005,0.054900000000000004,-207.00379999999998,54.11959999999999,-4.6263000000000005
0.179,0.03899999999999994,0.051,-244.98200000000003,63.464000000000006,-3.5069999999999992
0.1916,0.002599999999999998,0.0297,-266.0706,72.2603,0.8631999999999991
0.2072,-0.020799999999999985,0.00240000000000002,-281.3352,80.8676,6.354399999999996
0.2172,-0.0393,-0.021400000000000006,-295.8963,88.56210000000002,11.333900000000002
0.2016,-0.0354,-0.0292,-307.2414,92.0838,13.9742
0.18599999999999997,-0.03149999999999999,-0.03700000000000001,-318.5865,95.6055,16.614500000000003
0.16800000000000004,-0.034799999999999984,-0.035200000000000016,-327.66119999999995,99.63839999999999,19.283599999999993
0.14850000000000002,-0.0426,-0.0274,-335.3169,103.9908,21.970699999999997
0.12860000000000005,-0.051199999999999975,-0.020199999999999996,-342.98859999999996,108.7528,24.657799999999995
0.1013,-0.07460000000000001,-0.024100000000000003,-350.9563,121.0924,27.344900000000003
0.07399999999999995,-0.09800000000000005,-0.028000000000000008,-358.924,133.43200000000002,30.032000000000004
0.050500000000000024,-0.09670000000000004,-0.03569999999999998,-366.71689999999995,149.25999999999996,33.600699999999996
0.030999999999999993,-0.0694,-0.0474,-374.32579999999996,168.76,38.0974
0.011499999999999969,-0.04209999999999996,-0.059100000000000014,-381.9347,188.26000000000002,42.594100000000005
-0.004399999999999977,-0.004000000000000059,-0.052800000000000014,-399.37879999999996,208.33239999999995,46.51839999999999
-0.019999999999999997,0.034999999999999996,-0.045,-417.64250000000004,228.4525,50.395
-0.031400000000000004,0.0614,-0.035799999999999985,-436.40180000000004,244.10660000000001,50.96759999999999
-0.03530000000000001,0.06530000000000001,-0.024099999999999965,-456.0461000000001,251.78570000000002,45.640199999999986
-0.0392,0.06920000000000001,-0.012400000000000001,-475.6904,259.4648,40.3128
-0.02139999999999997,0.057599999999999985,-0.02240000000000002,-486.4687,272.0419,36.4207
0.0020000000000000642,0.04199999999999996,-0.03800000000000005,-494.95900000000006,285.88300000000004,32.898999999999994
0.027199999999999988,0.028200000000000003,-0.04370000000000002,-499.6675,299.9878,28.352200000000003
0.058399999999999896,0.020400000000000026,-0.0164000000000001,-491.77000000000004,314.9715999999999,20.388400000000026
0.08960000000000008,0.01259999999999998,0.01090000000000007,-483.8725,329.9554,12.42459999999998
0.09480000000000001,0.004800000000000004,0.02,-473.9158,343.4312,3.095800000000006
0.087,-0.003000000000000007,0.02,-462.92949999999996,356.153,-6.915500000000009
0.07840000000000004,-0.011599999999999965,0.021599999999999966,-450.9748,368.226,-16.90239999999998
0.06279999999999994,-0.02720000000000006,0.03720000000000006,-430.5465999999999,374.622,-26.675800000000038
0.04719999999999999,-0.04280000000000001,0.052800000000000014,-410.1184,381.01800000000003,-36.449200000000005
0.02739999999999995,-0.058400000000000035,0.06,-390.62679999999995,387.3258,-41.947
0.003999999999999913,-0.07400000000000005,0.06,-371.93799999999993,393.55800000000005,-43.78000000000001
-0.01940000000000012,-0.08960000000000008,0.06,-353.24919999999986,399.7902,-45.61300000000001
-0.0579999999999999,-0.07480000000000003,0.06759999999999998,-333.32920000000007,401.1318,-43.04180000000001
-0.09699999999999995,-0.059200000000000016,0.0754,-313.3768,402.3447,-40.3547
-0.1296,-0.041999999999999996,0.08,-298.4676,402.7864,-37.3364
-0.15299999999999983,-0.022500000000000145,0.08,-290.80800000000005,402.1195,-33.84200000000003
-0.17640000000000006,-0.0029999999999999363,0.08,-283.1484,401.4526,-30.347599999999986
-0.1833,0.02639999999999986,0.07670000000000002,-291.99209999999994,404.2672,-26.10740000000002
-0.18719999999999998,0.057599999999999915,0.07280000000000002,-303.83639999999997,407.71479999999997,-21.73160000000001
-0.19879999999999998,0.08549999999999996,0.06890000000000002,-318.31629999999996,410.3649,-19.179599999999997
-0.23,0.10500000000000001,0.065,-339.505,410.985,-21.27
-0.26120000000000004,0.12450000000000003,0.061099999999999995,-360.69370000000004,411.6051,-23.360400000000002
-0.28680000000000005,0.12439999999999998,0.05719999999999999,-387.1576000000001,410.772,-22.737599999999993
-0.3101999999999999,0.11660000000000004,0.05330000000000002,-415.69389999999987,409.368,-21.048900000000007
-0.3318000000000001,0.10819999999999994,0.05240000000000009,-443.9230000000001,408.2748,-19.181399999999982
-0.34349999999999997,0.09650000000000003,0.06799999999999998,-470.4624999999999,408.891,-16.330500000000008
-0.35519999999999996,0.0848,0.0836,-497.00199999999995,409.5072,-13.479600000000001
-0.35309999999999997,0.06159999999999997,0.10380000000000003,-517.6374,411.3746,-14.384600000000004
-0.3414,0.03039999999999992,0.12720000000000006,-534.1656,414.1124,-17.902400000000007
-0.33020000000000005,-0.0007000000000001033,0.15040000000000006,-550.1247999999999,416.9428,-21.357400000000002
-0.338,-0.02800000000000015,0.1660000000000001,-544.462,423.29200000000003,-22.426000000000005
-0.3458,-0.055299999999999946,0.18159999999999996,-538.7992,429.64119999999997,-23.4946
-0.3518,-0.0754,0.1972,-521.8666000000001,432.0934,-20.360200000000006
-0.35569999999999996,-0.08710000000000001,0.21280000000000002,-491.78589999999997,429.9991,-12.322299999999995
-0.3596,-0.09879999999999993,0.2283999999999999,-461.7052000000002,427.9048,-4.284400000000056
-0.353,-0.10700000000000003,0.24050000000000005,-428.42199999999985,427.0285,2.6195000000000235
-0.34519999999999995,-0.11480000000000004,0.2522000000000001,-394.7727999999998,426.2914,9.393800000000034
-0.33610000000000007,-0.12259999999999997,0.26389999999999997,-362.84350000000006,427.568,16.67639999999998
-0.3244,-0.1304,0.27559999999999996,-334.35400000000004,432.872,24.97559999999999
-0.3127,-0.13820000000000002,0.2873,-305.8645,438.176,33.2748
-0.319,-0.134,0.299,-282.643,442.346,35.153999999999996
-0.33069999999999994,-0.12620000000000003,0.3106999999999999,-261.00190000000015,446.1758,35.1072
-0.3416,-0.12,0.32,-241.76080000000005,449.9608,34.15320000000002
-0.34940000000000004,-0.12,0.32,-231.81969999999995,453.57220000000007,29.683799999999973
-0.3572000000000001,-0.12,0.32,-221.87859999999992,457.18360000000007,25.214399999999966
-0.355,-0.11499999999999999,0.3275,-211.5725,460.555,28.5175
-0.3472,-0.10719999999999999,0.3392,-201.06199999999998,463.792,36.17320000000001
-0.3394,-0.09789999999999993,0.35,-190.8809,467.3032,44.12170000000003
-0.3316,-0.07059999999999989,0.35,-184.65259999999998,474.1048,55.58380000000005
-0.32380000000000003,-0.04330000000000009,0.35,-178.42430000000002,480.9064,67.04589999999996
-0.3119999999999999,-0.023999999999999914,0.35,-179.02400000000003,487.8660000000001,74.74000000000002
-0.2963999999999999,-0.012299999999999898,0.35,-186.11030000000005,494.9757000000001,78.85450000000004
-0.2807999999999999,-0.0005999999999998806,0.35,-193.19660000000007,502.08540000000005,82.96900000000005
-0.2541000000000002,0.003699999999999974,0.35739999999999994,-211.04249999999988,502.1318,78.19610000000003
-0.22680000000000014,0.00759999999999998,0.36519999999999997,-229.4699999999999,501.7964,72.94280000000002
-0.20550000000000004,0.004000000000000059,0.3715,-250.3139999999999,504.11449999999996,67.04750000000001
-0.19380000000000003,-0.011599999999999965,0.3754,-275.02439999999996,510.67819999999995,60.125000000000014
-0.1821,-0.027199999999999988,0.3793,-299.7348,517.2419,53.20250000000001
-0.1864,-0.06200000000000003,0.4056,-323.23240000000004,524.6632,51.6304
-0.1942,-0.10100000000000009,0.4368000000000001,-346.46470000000005,532.2721,51.228699999999996
-0.2,-0.1389999999999995,0.46299999999999986,-363.71000000000004,537.7719999999999,50.55800000000002
-0.2,-0.1741000000000002,0.47470000000000007,-363.593,537.1558,49.10719999999999
-0.2,-0.20920000000000022,0.48640000000000005,-363.476,536.5396000000001,47.65639999999999
-0.20810000000000012,-0.23080000000000012,0.5116000000000003,-352.37539999999984,534.5059,47.801300000000005
-0.2197999999999999,-0.24639999999999987,0.5427999999999997,-336.39320000000015,531.8422,48.65539999999999
-0.2319999999999999,-0.2614999999999999,0.5734999999999998,-319.6125000000001,527.95,50.247499999999945
-0.24759999999999993,-0.27319999999999994,0.6007999999999998,-297.4020000000001,515.7040000000001,56.85799999999996
-0.2632000000000002,-0.28490000000000015,0.6281000000000003,-275.1914999999997,503.45799999999986,63.468500000000084
-0.2722,-0.29,0.6509999999999999,-259.25980000000004,491.7884,70.62899999999998
-0.2761,-0.29,0.6705,-248.1799,480.5642,78.21449999999999
-0.28,-0.29,0.69,-237.1,469.34,85.8
-0.28390000000000004,-0.2978,0.7134,-226.5154,462.7763,89.7741
-0.2878,-0.30560000000000004,0.7368,-215.93079999999998,456.21259999999995,93.74820000000001
-0.2985000000000001,-0.30149999999999993,0.75,-205.31559999999996,452.3332,98.95480000000003
-0.3180000000000001,-0.2819999999999999,0.75,-194.66079999999994,451.9276,105.75640000000004
-0.3374999999999998,-0.26250000000000023,0.75,-184.0060000000001,451.52200000000005,112.55799999999994
-0.34,-0.2226000000000004,0.7466,-190.12679999999992,446.9922000000001,115.81339999999997
-0.34,-0.17969999999999955,0.7426999999999999,-198.71460000000008,441.85589999999996,118.54730000000002
-0.33639999999999987,-0.14399999999999977,0.7387999999999999,-212.25480000000027,437.47319999999996,119.57599999999996
-0.32470000000000004,-0.1245000000000001,0.7349,-236.93789999999987,434.78610000000003,116.76800000000001
-0.31300000000000006,-0.10500000000000008,0.731,-261.6209999999999,432.09900000000005,113.96000000000001
-0.3042,-0.13479999999999992,0.7329,-288.1977999999999,433.6546,117.80169999999998
-0.2964,-0.18159999999999998,0.7368,-315.4276,436.6732,123.93639999999999
-0.2865,-0.22840000000000005,0.7435,-340.5609,442.0914,130.2846
-0.26699999999999996,-0.2752000000000001,0.763,-356.1102,458.47920000000005,137.6088
-0.24749999999999991,-0.3220000000000002,0.7825000000000001,-371.65950000000004,474.8670000000001,144.93300000000002
-0.24720000000000006,-0.36880000000000024,0.8068000000000002,-369.72479999999996,488.55960000000005,152.52120000000005
-0.25889999999999985,-0.41559999999999947,0.8340999999999997,-356.86260000000016,500.56769999999983,160.2743999999999
-0.2726000000000004,-0.46080000000000015,0.8606,-343.54899999999986,512.2404,167.82040000000003
-0.3233000000000005,-0.47640000000000016,0.8723000000000001,-321.88449999999983,517.7082,171.53320000000002
-0.37400000000000055,-0.49200000000000016,0.8840000000000001,-300.2199999999998,523.176,175.24600000000004
-0.4038,-0.49810000000000004,0.8956999999999999,-278.5213000000001,523.8843,178.77069999999998
-0.41159999999999997,-0.49420000000000003,0.9074,-256.7866000000001,519.5826000000001,182.0974
-0.41939999999999994,-0.4903,0.9191,-235.05190000000005,515.2809000000001,185.4241
-0.42719999999999997,-0.4936,0.9272,-235.1332,509.15400000000005,194.8132
-0.435,-0.4975,0.9349999999999999,-237.0325,502.875,204.7075
-0.4428,-0.4972,0.9413999999999999,-240.3682,503.7248,219.10000000000005
-0.45060000000000006,-0.48939999999999995,0.9452999999999999,-246.2689,517.3046,241.5250000000001
-0.4583999999999999,-0.4816000000000001,0.9491999999999999,-252.16959999999992,530.8843999999998,263.9499999999997
-0.4538,-0.4706999999999999,0.9717000000000001,-266.0993000000001,544.4239,281.1577000000001
-0.44599999999999995,-0.4589999999999999,0.9990000000000002,-282.1010000000001,557.9530000000001,297.0190000000001
-0.4381999999999999,-0.44819999999999993,1.0218,-298.3340000000002,571.5982000000001,309.96610000000004
-0.4303999999999999,-0.4403999999999999,1.0296,-315.3380000000002,585.6304000000001,313.1992
-0.4225999999999999,-0.43259999999999993,1.0374,-332.3420000000002,599.6626000000002,316.43230000000005
-0.4329999999999999,-0.4326,1.0244000000000002,-352.4841999999999,609.7766,320.14119999999997
-0.4524999999999999,-0.4365,1.0010000000000001,-374.1954999999999,617.9315,324.08799999999997
-0.47519999999999984,-0.4447999999999999,0.9796,-394.85319999999996,624.0184,328.21799999999996
-0.5258999999999999,-0.4916,0.9757,-406.2919,612.0103,333.95099999999996
-0.5766,-0.5384000000000001,0.9718,-417.7306,600.0022,339.68399999999997
-0.6105,-0.5789000000000001,0.9805,-423.3565,586.7383,345.2742
-0.6300000000000001,-0.6140000000000002,1.0,-424.0,572.398,350.742
-0.6495000000000005,-0.6491000000000008,1.0195000000000005,-424.6435,558.0576999999997,356.20980000000014
-0.6348000000000001,-0.6841999999999996,1.0238,-417.1284000000001,549.3262000000001,351.6000000000001
-0.6192000000000002,-0.7192999999999996,1.0277,-409.39860000000004,540.7423000000001,346.7250000000001
-0.6243999999999996,-0.7543999999999997,1.0379999999999998,-401.32800000000003,535.504,340.7972000000001
-0.6594999999999998,-0.7894999999999998,1.0574999999999999,-392.76750000000004,535.075,333.35600000000005
-0.6946000000000004,-0.8246000000000004,1.0770000000000004,-384.2069999999999,534.6460000000001,325.9147999999999
-0.7132000000000002,-0.8366000000000001,1.1064000000000005,-372.78869999999984,537.6985000000001,334.6073000000001
-0.7288000000000002,-0.8444,1.1376000000000004,-360.8507999999998,541.384,346.2332000000002
-0.7443999999999997,-0.8478000000000001,1.1589,-345.70640000000043,545.0760999999999,354.7142
-0.76,-0.84,1.1549999999999998,-322.4,548.785,355.19
-0.7756000000000001,-0.8321999999999999,1.1511,-299.0935999999999,552.4938999999999,355.6658
-0.8024000000000001,-0.8075999999999999,1.1443999999999999,-285.1448,552.1764,354.246
-0.8336000000000001,-0.7763999999999999,1.1365999999999998,-274.87219999999996,550.2770999999999,352.0815
-0.8618,-0.7542000000000002,1.1263999999999998,-268.3604000000001,546.2549999999999,349.9908
-0.8735,-0.7815000000000002,1.1029999999999998,-282.5330000000001,530.5574999999999,348.306
-0.8852000000000001,-0.8088000000000002,1.0796,-296.7056000000001,514.8599999999999,346.6212
-0.9014999999999999,-0.8429999999999996,1.0792,-310.71029999999985,502.8379000000001,346.07030000000003
-0.9209999999999998,-0.8819999999999998,1.0948,-324.5981999999999,493.37260000000003,346.3082
-0.94,-0.9204,1.1104,-337.7709000000001,484.125,346.5546
-0.94,-0.9359999999999999,1.126,-323.7660000000001,483.15,347.124
-0.94,-0.9516,1.1416,-309.76110000000006,482.17499999999995,347.6934
-0.9327999999999996,-0.9726000000000005,1.1445999999999998,-290.7053999999996,477.41459999999984,346.17839999999995
-0.9171999999999997,-0.9999000000000006,1.1328999999999998,-265.7570999999995,468.2378999999998,342.2315999999999
-0.9015999999999997,-1.0272000000000006,1.1211999999999998,-240.80879999999948,459.0611999999998,338.2847999999999
-0.9279999999999996,-1.0509999999999997,1.1235,-224.9780000000002,454.46950000000004,337.026
-0.9591999999999996,-1.0743999999999998,1.1274,-210.1892000000002,450.40180000000004,336.0744
-0.9942999999999995,-1.0926,1.1390999999999996,-196.67570000000015,444.10720000000015,337.9450999999999
-1.0371999999999997,-1.1004,1.1663999999999997,-185.71280000000013,433.3588000000001,345.46039999999994
-1.0800999999999996,-1.1082,1.1936999999999998,-174.74990000000008,422.6104000000001,352.9756999999999
-1.1019999999999999,-1.0950000000000002,1.2029999999999998,-168.89000000000004,418.594,361.8979999999999
-1.1176,-1.0755000000000001,1.2068999999999999,-164.56100000000004,416.5972,371.2424
-1.1268,-1.0616,1.2092,-161.6808,412.6684,376.9868000000001
-1.1112,-1.0694000000000001,1.2053,-164.41469999999998,401.2531,368.7812
-1.0956000000000001,-1.0772000000000002,1.2014,-167.1486,389.8378,360.5756
-1.085,-1.0825,1.1949999999999998,-176.285,380.8325,353.835
-1.0772000000000002,-1.0864,1.1872,-189.00680000000003,373.1768,347.91479999999996
-1.07,-1.0951000000000002,1.1821,-200.40259999999998,364.8386,341.83169999999996
-1.07,-1.1614000000000004,1.2094,-195.88639999999998,348.31039999999996,333.7937999999999
-1.07,-1.2277000000000005,1.2367000000000001,-191.37019999999995,331.78219999999993,325.75589999999994
-1.0520000000000012,-1.2999999999999976,1.232000000000001,-179.86400000000052,325.20599999999996,317.8760000000002
-1.0168999999999997,-1.3780000000000006,1.1968999999999996,-161.71729999999982,328.08420000000007,310.1461999999999
-0.9817999999999997,-1.4560000000000008,1.1617999999999995,-143.5705999999998,330.96240000000006,302.4163999999999
-1.0725000000000011,-1.4488999999999999,1.1785,-136.05399999999992,330.4107,302.4492
-1.1700000000000013,-1.4371999999999998,1.1980000000000002,-129.1119999999999,329.6736,302.90160000000003
-1.255500000000001,-1.4209999999999996,1.21,-129.7420000000002,320.3924999999997,303.363
-1.321800000000001,-1.3975999999999997,1.21,-142.4872000000002,297.44099999999963,303.8388
-1.388100000000001,-1.3741999999999996,1.21,-155.23240000000024,274.4894999999996,304.3146
-1.4191999999999996,-1.3092000000000013,1.2004000000000001,-191.52959999999928,269.55080000000004,316.49919999999975
-1.4425999999999997,-1.2351000000000012,1.1887,-232.97879999999935,268.55240000000003,331.24509999999975
-1.4550000000000003,-1.1849999999999996,1.1750000000000003,-273.0139999999995,268.542,343.3379999999999
-1.4355000000000002,-1.2044999999999997,1.1555000000000002,-308.94859999999954,271.3968,347.7371999999999
-1.4160000000000001,-1.2239999999999998,1.1360000000000001,-344.8831999999996,274.25159999999994,352.1364
-1.437000000000001,-1.2975000000000025,1.1327,-353.2885999999999,276.89040000000006,344.43419999999963
-1.476000000000001,-1.3950000000000027,1.1366,-349.4587999999999,279.43320000000006,331.35359999999963
-1.5149999999999997,-1.4884999999999995,1.1479999999999995,-338.83650000000046,280.708,317.8340000000001
-1.5539999999999998,-1.5547999999999995,1.2103999999999997,-282.0252000000003,273.3604,301.32920000000007
-1.593,-1.6210999999999995,1.2727999999999997,-225.21390000000025,266.0128,284.8244000000001
-1.5594000000000003,-1.6346,1.3329999999999997,-157.2948000000002,251.52840000000006,273.01660000000004
-1.4697,-1.6073,1.3915,-80.79240000000011,231.52920000000003,264.8383
-1.38,-1.58,1.45,-4.29,211.53,256.66
-1.3371,-1.4981,1.4344,22.678500000000035,217.4541,240.0616
-1.2941999999999998,-1.4162,1.4187999999999998,49.64700000000008,223.37820000000002,223.46319999999994
-1.3125000000000004,-1.3955000000000004,1.41,61.15909999999997,217.7830999999999,197.32779999999983
-1.4100000000000006,-1.4540000000000004,1.41,52.668799999999955,197.28079999999989,158.85039999999978
-1.5075000000000007,-1.5125000000000004,1.41,44.17849999999994,176.77849999999987,120.37299999999972
-1.5540000000000005,-1.5710000000000004,1.4168,26.08999999999983,160.05359999999985,94.04379999999978
-1.5930000000000004,-1.6295000000000006,1.4246,6.589999999999801,143.88419999999982,69.50109999999975
-1.6152,-1.67,1.4348,-18.602800000000443,121.23119999999956,48.29559999999984
-1.5996,-1.67,1.4504000000000001,-56.604400000000496,83.99009999999952,34.59879999999982
-1.5840000000000005,-1.67,1.4659999999999995,-94.60599999999917,46.74900000000082,20.9020000000003
-1.5278000000000014,-1.7192999999999987,1.4381000000000008,-126.89749999999938,38.31359999999997,-2.3966999999994556
-1.4576000000000013,-1.7855999999999987,1.3952000000000009,-157.21999999999943,39.81119999999997,-29.0063999999995
-1.3993,-1.8448999999999995,1.3586000000000003,-178.74070000000032,40.37850000000006,-52.43249999999985
-1.3953999999999998,-1.8722000000000005,1.3508,-160.02459999999962,36.69299999999993,-61.305000000000184
-1.3914999999999997,-1.8995000000000006,1.343,-141.3084999999996,33.00749999999992,-70.1775000000002
-1.418800000000001,-1.8907999999999991,1.3063999999999987,-121.02759999999952,24.24359999999972,-81.91560000000032
-1.4656000000000011,-1.8595999999999993,1.2517999999999987,-99.76869999999947,12.305699999999705,-95.44470000000034
-1.514999999999999,-1.831,1.1986000000000003,-78.27800000000026,0.053200000000181547,-109.44219999999977
-1.6124999999999992,-1.8504999999999998,1.1713000000000002,-52.49900000000022,-18.019399999999845,-132.1050999999998
-1.7099999999999993,-1.8699999999999999,1.1440000000000001,-26.720000000000187,-36.09199999999987,-154.76799999999983
-1.7505000000000002,-1.8401000000000003,1.1565999999999996,5.140899999999775,-64.66019999999976,-163.8307
-1.731,-1.7582000000000002,1.2111999999999998,43.40379999999983,-104.27639999999982,-158.5774
-1.7115,-1.6763000000000001,1.2657999999999998,81.66669999999989,-143.89259999999987,-153.32410000000002
-1.6092000000000002,-1.6124,1.2808,98.10999999999999,-150.7164,-164.72799999999998
-1.5,-1.55,1.2925,112.735,-154.8075,-177.51999999999998
-1.4216,-1.5310000000000001,1.3098,133.40380000000005,-154.8946,-199.62620000000004
-1.3981999999999999,-1.5895000000000001,1.3371000000000002,164.8651000000001,-147.83169999999998,-238.36490000000012
-1.3748,-1.6480000000000001,1.3644000000000003,196.32640000000015,-140.76879999999997,-277.1036000000002
-1.3793000000000002,-1.6910000000000003,1.3762,265.46200000000044,-134.34759999999997,-302.0256000000001
-1.391,-1.7300000000000002,1.3840000000000001,344.3200000000006,-128.09199999999996,-323.3820000000002
-1.4054000000000002,-1.7527999999999997,1.3872999999999998,424.09960000000075,-124.73440000000005,-339.2169
-1.4288,-1.7215999999999996,1.3756,506.9512000000008,-131.03680000000006,-336.6468
-1.4521999999999993,-1.6904000000000008,1.3639000000000003,589.8027999999979,-137.33919999999983,-334.0767000000001
-1.4548,-1.6046000000000027,1.36,651.7425999999988,-147.9861999999997,-323.3114000000004
-1.447,-1.4915000000000025,1.36,703.2264999999989,-160.8054999999997,-308.44850000000037
-1.4375999999999995,-1.3799999999999983,1.3575999999999997,748.5835999999998,-173.0100000000001,-294.8832
-1.4141999999999995,-1.2824999999999982,1.3341999999999996,740.3311999999999,-179.83500000000012,-292.6719
-1.3907999999999994,-1.184999999999998,1.3107999999999995,732.0787999999998,-186.66000000000014,-290.46059999999994
-1.3715999999999997,-1.1210999999999993,1.2852999999999994,703.082599999999,-204.91950000000057,-302.3088000000005
-1.3559999999999997,-1.0859999999999992,1.2579999999999993,656.305999999999,-232.98000000000062,-326.20800000000054
-1.3404000000000003,-1.0509000000000006,1.2307000000000003,609.5294000000007,-261.0404999999996,-350.1071999999997
-1.3020000000000005,-1.0158000000000005,1.2262,535.8526000000008,-284.6777999999997,-350.7656
-1.2630000000000003,-0.9807000000000003,1.2223,461.4679000000008,-308.19869999999975,-350.81239999999997
-1.2336,-0.9839999999999995,1.2503999999999993,385.3360000000007,-334.54679999999973,-354.4591999999999
-1.2180000000000002,-1.0424999999999995,1.3244999999999993,306.69250000000056,-364.9589999999998,-363.2809999999999
-1.2024000000000001,-1.1009999999999998,1.3985999999999994,228.04900000000046,-395.3711999999998,-372.10279999999995
-1.1769,-1.1298,1.4133,199.31140000000008,-402.2445,-367.4837
-1.1496,-1.1532,1.4172,179.64760000000007,-404.83799999999997,-360.42080000000004
-1.1234,-1.1722,1.4222,170.69449999999998,-413.03159999999997,-354.0289
-1.1,-1.18,1.43,189.005,-435.48,-349.345
-1.0766,-1.1878,1.4378,207.31550000000001,-457.9284,-344.6611
-1.0588,-1.1844,1.4344,230.69680000000008,-471.0052,-340.91519999999997
-1.0432,-1.1765999999999999,1.4265999999999999,256.0702000000001,-480.4003000000001,-337.5378
-1.0275999999999998,-1.1621999999999997,1.4205999999999999,278.57140000000004,-486.30099999999993,-333.22799999999995
-1.0119999999999998,-1.1114999999999997,1.4244999999999999,285.2755000000001,-472.9824999999999,-323.78999999999996
-0.9964000000000004,-1.0608000000000015,1.4284,291.97959999999983,-459.6640000000004,-314.35200000000026
-0.9601000000000013,-1.017000000000001,1.4185000000000005,299.1896999999998,-459.50149999999974,-306.74940000000015
-0.9093999999999994,-0.9779999999999995,1.3989999999999996,306.7518000000001,-468.4910000000001,-300.4235999999999
-0.8588999999999994,-0.9398999999999998,1.3791999999999995,314.0938,-478.1799000000005,-294.5002000000001
-0.8159999999999994,-0.9359999999999999,1.3479999999999994,313.072,-514.4460000000005,-303.8680000000001
-0.7730999999999993,-0.9320999999999999,1.3167999999999995,312.05019999999996,-550.7121000000006,-313.23580000000015
-0.7734000000000009,-0.9209999999999997,1.3108000000000004,298.48419999999953,-569.5254,-318.6202
-0.8241000000000009,-0.9014999999999996,1.3342000000000005,270.2832999999995,-567.9771,-319.3573
-0.874800000000001,-0.8819999999999996,1.3576000000000006,242.0823999999994,-566.4287999999999,-320.0944
-0.8905000000000003,-0.8624999999999996,1.402000000000001,243.0925000000001,-566.4205000000001,-306.1069999999997
-0.9022000000000003,-0.8429999999999995,1.4488000000000012,247.44100000000012,-566.5882,-290.43679999999966
-0.8930999999999988,-0.8221999999999994,1.4734999999999996,262.8252000000009,-565.907,-278.08679999999987
-0.8424000000000006,-0.7988000000000002,1.4540000000000002,300.2807999999996,-563.528,-272.3772000000001
-0.7917000000000005,-0.7754000000000002,1.4345,337.73639999999966,-561.149,-266.66760000000005
-0.7710000000000001,-0.7789999999999999,1.3970000000000002,361.28999999999985,-573.0199999999999,-276.0899999999999
-0.7593000000000001,-0.7907,1.3541000000000003,380.6729999999999,-589.1659999999999,-290.0519999999999
-0.7515999999999999,-0.7872000000000003,1.3176,394.53360000000004,-596.0736000000002,-299.7692
-0.7594,-0.7248000000000002,1.3059,386.99490000000003,-567.1824,-293.0378
-0.7672,-0.6624000000000001,1.2942,379.4562,-538.2912,-286.3064
-0.7675000000000001,-0.6225,1.2875,386.0025,-524.185,-272.26
-0.7636000000000001,-0.5952,1.2836,400.4364,-518.3584,-254.11719999999997
-0.7621000000000001,-0.57,1.2775999999999998,414.2814,-513.5746,-236.59599999999998
-0.7894000000000001,-0.57,1.2464,421.05960000000005,-521.3044,-226.53399999999996
-0.8167000000000001,-0.57,1.2151999999999998,427.8378,-529.0342,-216.47199999999992
-0.8219999999999998,-0.5760000000000001,1.198,419.0059999999998,-537.994,-210.718
-0.8063999999999999,-0.5877000000000001,1.1941,395.3446999999998,-548.1223000000001,-209.05659999999997
-0.7907999999999993,-0.5994000000000005,1.1901999999999997,371.6833999999989,-558.2506000000004,-207.39519999999993
-0.7308000000000016,-0.5889000000000002,1.1715000000000004,346.55320000000063,-550.5819000000002,-207.1287
-0.6684000000000014,-0.5772000000000003,1.1520000000000004,321.3436000000006,-541.9512000000002,-206.9376
-0.6285000000000001,-0.5595000000000006,1.1295000000000006,306.34299999999996,-531.4815000000003,-206.03250000000003
-0.6246,-0.5322000000000006,1.1022000000000005,307.67679999999996,-518.0694000000003,-203.98500000000004
-0.6207,-0.5049000000000005,1.0749000000000006,309.01059999999995,-504.65730000000025,-201.93750000000003
-0.6583999999999992,-0.47760000000000047,1.1019999999999994,312.3315999999999,-501.64520000000005,-195.17000000000013
-0.7051999999999993,-0.4503000000000004,1.1409999999999993,316.0872999999999,-500.90810000000005,-187.37000000000012
-0.7419999999999999,-0.42200000000000043,1.1729999999999998,314.0510000000003,-503.49999999999983,-180.69200000000004
-0.7498000000000001,-0.39079999999999926,1.1847000000000003,295.21789999999953,-515.7460000000003,-177.2677999999999
-0.7576000000000002,-0.3595999999999992,1.1964000000000004,276.38479999999953,-527.9920000000003,-173.8435999999999
-0.7221999999999986,-0.3581000000000003,1.1837999999999993,253.35319999999933,-535.0540000000001,-170.5192999999999
-0.6675999999999985,-0.3698000000000003,1.1603999999999992,228.4555999999993,-539.8120000000001,-167.2393999999999
-0.6094999999999976,-0.37849999999999967,1.1364999999999992,205.97849999999983,-542.4629999999997,-165.2885000000002
-0.5275999999999975,-0.3667999999999996,1.109199999999999,199.9607999999998,-530.7863999999996,-172.37480000000022
-0.4456999999999974,-0.3550999999999996,1.0818999999999992,193.9430999999998,-519.1097999999996,-179.46110000000024
-0.4056000000000003,-0.3302000000000014,1.0612000000000006,194.31199999999978,-499.89380000000097,-180.56560000000016
-0.3978000000000003,-0.2951000000000013,1.0456000000000005,199.6159999999998,-474.85190000000097,-177.04780000000014
-0.39,-0.26,1.03,204.92,-449.81,-173.53
-0.49140000000000017,-0.22879999999999995,0.9948999999999999,210.2474,-454.5641,-156.71709999999996
-0.5928000000000003,-0.19759999999999991,0.9597999999999999,215.5748,-459.3182,-139.90419999999995
-0.65,-0.20210000000000022,0.9263999999999998,205.7143999999999,-475.78700000000015,-124.37649999999994
-0.65,-0.2528000000000003,0.8951999999999998,176.19919999999985,-507.41600000000017,-110.51199999999992
-0.65,-0.3035000000000004,0.8639999999999998,146.6839999999998,-539.0450000000003,-96.64749999999991
-0.5853999999999994,-0.3508000000000004,0.8872000000000002,128.01479999999987,-561.0350000000002,-110.12920000000015
-0.5112999999999993,-0.39760000000000045,0.9184000000000003,110.94059999999983,-581.6075000000002,-127.63240000000017
-0.45039999999999963,-0.43360000000000015,0.94,113.15520000000053,-598.6232000000001,-147.7768000000003
-0.4191999999999996,-0.44530000000000014,0.94,158.7696000000006,-607.6361000000002,-173.86390000000034
-0.38799999999999957,-0.4570000000000002,0.94,204.38400000000067,-616.6490000000001,-199.95100000000036
-0.38,-0.3903999999999985,0.9283999999999997,262.337900000001,-609.0738999999999,-189.2022999999996
-0.38,-0.2967999999999984,0.9127999999999997,324.5468000000011,-595.7787999999998,-165.75159999999957
-0.3758000000000004,-0.2130000000000007,0.8958000000000004,378.1211999999997,-587.7812999999998,-140.64120000000057
-0.3524000000000004,-0.17400000000000063,0.8724000000000004,392.22359999999975,-604.0013999999998,-107.94360000000052
-0.32900000000000035,-0.13500000000000056,0.8490000000000003,406.3259999999998,-620.2214999999998,-75.24600000000048
-0.31040000000000023,-0.12719999999999984,0.8328000000000001,388.15800000000047,-623.9856000000001,-63.445199999999986
-0.2948000000000002,-0.13889999999999986,0.8211000000000002,349.8210000000004,-619.9647,-64.7049
-0.2827999999999995,-0.15219999999999956,0.8080000000000005,312.20380000000023,-616.3951999999999,-66.9377999999998
-0.33739999999999953,-0.1950999999999996,0.7690000000000003,287.9029000000002,-621.1765999999999,-87.17489999999984
-0.39199999999999957,-0.23799999999999968,0.7300000000000003,263.60200000000015,-625.958,-107.41199999999986
-0.4332999999999998,-0.26,0.7137999999999999,253.60619999999997,-631.7235999999999,-121.08079999999997
-0.4605999999999999,-0.26,0.7215999999999999,258.66839999999996,-638.5251999999999,-127.83559999999999
-0.4878999999999999,-0.26,0.7293999999999999,263.7306,-645.3268,-134.5904
-0.5008,-0.18440000000000012,0.6904,300.318,-686.6776,-102.38240000000006
-0.5125,-0.10250000000000001,0.6475,339.5325,-730.9075,-66.92750000000001
-0.5017999999999981,-0.04719999999999971,0.6115999999999991,350.3199999999985,-747.5825999999988,-36.00439999999914
-0.45109999999999617,-0.03939999999999941,0.5881999999999983,310.34499999999696,-715.0526999999976,-13.173799999998273
-0.4003999999999979,-0.031599999999999684,0.5647999999999991,270.3699999999984,-682.5227999999987,9.656800000000931
-0.3465999999999997,-0.06720000000000027,0.5569000000000001,228.14749999999975,-666.8321,-2.446500000000121
-0.2920000000000016,-0.11399999999999863,0.5530000000000002,185.34500000000125,-655.4870000000003,-23.564999999999387
-0.25990000000000035,-0.15450000000000016,0.5445999999999999,154.17590000000007,-647.3252,-44.06250000000016
-0.30279999999999885,-0.1739999999999995,0.5212000000000007,161.7847999999998,-649.7743999999999,-62.48999999999952
-0.3457000000000005,-0.19350000000000023,0.49779999999999974,169.39370000000008,-652.2236,-80.91750000000022
-0.3625999999999999,-0.20519999999999983,0.47960000000000036,186.2143999999995,-649.9954000000001,-91.59439999999984
-0.36650000000000005,-0.2130000000000001,0.4639999999999998,207.6410000000003,-645.4285,-98.3960000000001
-0.3696000000000001,-0.21800000000000042,0.45,229.73559999999944,-639.6300000000003,-102.83680000000032
-0.3656999999999999,-0.19849999999999968,0.45,257.6752000000005,-623.0549999999997,-86.62059999999971
-0.36180000000000007,-0.17900000000000035,0.45,285.6147999999995,-606.4800000000004,-70.40440000000028
-0.3810000000000008,-0.1615999999999997,0.43529999999999947,310.57240000000047,-596.2701,-51.79209999999958
-0.41999999999999943,-0.14600000000000024,0.4080000000000004,332.97399999999965,-591.5160000000001,-31.126000000000303
-0.4590000000000009,-0.13039999999999963,0.38069999999999937,355.37560000000053,-586.7618999999999,-10.459899999999518
-0.44860000000000017,-0.11860000000000015,0.3572000000000003,366.9585999999999,-588.5856,-3.7208000000000734
-0.4368999999999997,-0.1068999999999997,0.3337999999999994,378.2569000000003,-590.5824,2.6518000000001676
-0.42680000000000007,-0.08560000000000031,0.3184,390.4223999999999,-598.9887999999999,3.5028000000000628
-0.4190000000000003,-0.050500000000001544,0.31450000000000017,403.8344999999994,-616.6089999999992,-3.58349999999969
-0.4112,-0.015400000000000205,0.31060000000000004,417.24659999999994,-634.2292,-10.669799999999958
-0.38690000000000113,0.0295999999999981,0.30340000000000034,425.2664999999997,-636.3988,-7.532700000000204
-0.3596000000000001,0.07639999999999986,0.29560000000000003,432.306,-635.7592,-2.5368000000000146
-0.3312000000000012,0.11329999999999955,0.2867000000000004,437.3061,-631.8119000000004,4.839499999999489
-0.30000000000000004,0.125,0.275,437.115,-619.4449999999999,18.275
-0.2688000000000011,0.1366999999999996,0.2633000000000004,436.9239,-607.0781000000004,31.71049999999953
-0.24039999999999992,0.13159999999999997,0.26280000000000003,435.708,-598.3316,33.91239999999999
-0.2130999999999989,0.11989999999999953,0.26670000000000016,434.08949999999993,-591.0073999999996,31.701099999999908
-0.19120000000000004,0.10399999999999977,0.27,430.91279999999995,-582.2305999999999,30.053200000000007
-0.19900000000000034,0.0649999999999983,0.27,419.1659999999995,-565.4644999999992,31.50400000000006
-0.20680000000000007,0.025999999999999662,0.27,407.41919999999993,-548.6983999999999,32.95480000000001
-0.20539999999999964,0.0007999999999992735,0.25159999999999855,402.1653,-535.9572999999996,34.34810000000006
-0.19759999999999991,-0.014800000000000181,0.22039999999999965,401.4282,-526.0161999999999,35.701400000000014
-0.19069999999999937,-0.03,0.18960000000000038,400.7867999999999,-516.1435000000002,36.94500000000007
-0.21799999999999842,-0.03,0.1740000000000009,403.7819999999998,-508.87000000000046,34.020000000000174
-0.24529999999999946,-0.03,0.15840000000000032,406.77719999999994,-501.59650000000016,31.09500000000006
-0.25819999999999993,-0.028199999999999933,0.14099999999999965,410.09100000000007,-495.6603999999999,28.587599999999966
-0.2543000000000001,-0.024300000000000068,0.12150000000000034,413.77649999999994,-491.28460000000007,26.567400000000035
-0.2503999999999999,-0.02039999999999992,0.1019999999999996,417.46200000000005,-486.90879999999987,24.547199999999957
-0.21500000000000058,-0.00950000000000017,0.05800000000000069,421.7879999999999,-477.32500000000016,28.92849999999993
-0.1759999999999991,0.002200000000000273,0.011199999999998912,426.1872000000001,-467.1459999999998,34.041400000000124
-0.14220000000000027,-0.0016999999999995907,-0.02259999999999991,434.7333999999998,-460.6694,34.596500000000106
-0.11879999999999938,-0.03680000000000092,-0.030400000000000205,451.57360000000045,-461.59760000000006,26.035999999999778
-0.0954000000000002,-0.0718999999999997,-0.038199999999999935,468.41379999999987,-462.5258,17.475500000000075
0.04200000000000503,-0.00799999999999726,-0.12400000000000316,430.71999999999844,-431.97199999999884,6.664999999999665
0.21359999999999899,0.08559999999999945,-0.23319999999999935,376.6660000000003,-391.97360000000026,-4.820499999999933
0.3211999999999955,0.16080000000000014,-0.28399999999999437,327.13919999999894,-357.64319999999964,-19.803600000000912
0.1808000000000004,0.16469999999999999,-0.10850000000000051,295.15530000000007,-345.27630000000005,-48.33989999999992
0.040399999999995086,0.16860000000000014,0.06700000000000614,263.17139999999887,-332.9093999999996,-76.876200000001
-0.10250000000000004,0.14250000000000002,0.16,218.395,-342.95000000000005,-78.995
-0.24679999999999497,0.0996000000000015,0.20679999999999837,166.45480000000182,-365.5387999999992,-66.32000000000045
-0.37099999999999966,0.059099999999999965,0.24639999999999987,125.91490000000027,-391.1645000000002,-53.43649999999995
-0.2540000000000037,0.04740000000000037,0.1996000000000015,222.1785999999969,-453.232999999998,-38.05100000000049
-0.13699999999999932,0.03569999999999993,0.15279999999999974,318.44230000000056,-515.3015000000004,-22.66549999999991
-0.024000000000003185,0.018000000000000682,0.09400000000000204,342.5360000000013,-522.0760000000013,-15.791999999999964
0.08520000000000096,-0.005400000000000203,0.023799999999999377,298.0681999999996,-476.3211999999996,-17.00490000000001
0.19439999999999716,-0.028799999999999385,-0.04639999999999816,253.60040000000117,-430.56640000000124,-18.21779999999997
0.12229999999999906,-0.05590000000000032,-0.04259999999999991,242.7470999999999,-359.11879999999917,-40.84260000000028
0.040400000000001914,-0.08319999999999937,-0.03480000000000018,233.7108000000002,-286.2824000000017,-64.62479999999945
-0.011500000000000057,-0.10900000000000035,-0.0029999999999989757,230.6745000000001,-233.2909999999997,-88.89000000000037
-0.015400000000000205,-0.13240000000000124,0.06720000000000369,237.23820000000035,-212.0515999999989,-113.92800000000132
-0.019300000000000067,-0.1558000000000004,0.13740000000000122,243.8019000000001,-190.81219999999962,-138.96600000000043
-0.09360000000000496,-0.11519999999999699,0.1724000000000015,298.6760000000036,-195.54720000000057,-126.93519999999889
-0.18330000000000182,-0.06059999999999889,0.19970000000000054,364.1180000000013,-205.96410000000023,-106.79559999999958
-0.2519999999999999,-0.015000000000000291,0.21700000000000016,432.5549999999988,-227.8869999999992,-82.74100000000051
-0.25979999999999964,0.0044999999999990326,0.2053000000000006,509.67749999999614,-283.1772999999973,-47.33290000000175
-0.26759999999999995,0.02399999999999977,0.19360000000000013,586.799999999999,-338.4675999999994,-11.924800000000412
-0.19980000000000475,-0.021299999999996544,0.18190000000000056,642.5492999999979,-363.7608999999994,25.19779999999824
-0.09840000000000089,-0.09539999999999936,0.1702000000000001,688.7993999999995,-375.7221999999999,63.082399999999666
0.005000000000003391,-0.16550000000000126,0.16650000000000148,734.9250000000013,-383.0159999999993,94.06099999999952
0.1219999999999993,-0.20839999999999975,0.2171999999999997,780.2039999999997,-358.57080000000013,78.07880000000009
0.23900000000000374,-0.2513000000000014,0.2679000000000016,825.4830000000014,-334.1255999999992,62.09659999999949
0.2878,-0.1776000000000005,0.2152000000000004,829.1358000000001,-268.4832000000003,61.75639999999997
