0.10949999999999999,0.18130000000000002,-0.6564
0.18,0.28,-0.6
0.127125,0.23770000000000002,-0.596475
0.07424999999999998,0.19540000000000002,-0.59295
0.02252499999999999,0.15597499999999997,-0.5946
-0.023300000000000015,0.1313,-0.6228
-0.06912499999999996,0.10662500000000003,-0.651
-0.09310000000000002,0.09115,-0.6654
-0.07195000000000001,0.094675,-0.6513
-0.05080000000000001,0.0982,-0.6372
-0.019300000000000067,0.10517499999999999,-0.611025
0.022999999999999937,0.11574999999999999,-0.57225
0.06529999999999994,0.126325,-0.533475
0.09839999999999996,0.12080000000000002,-0.5498999999999999
0.12659999999999996,0.10670000000000002,-0.595725
0.15479999999999997,0.09260000000000002,-0.64155
0.07662500000000014,0.029625000000000068,-0.66725
-0.0255999999999999,-0.044399999999999926,-0.6884
-0.1278249999999999,-0.11842499999999993,-0.7095499999999999
-0.10585000000000008,-0.12,-0.6962
-0.08117500000000008,-0.12,-0.6821
-0.05800000000000004,-0.11150000000000017,-0.668
-0.0439,-0.05157500000000001,-0.6539
-0.029800000000000038,0.008349999999999837,-0.6398
-0.024300000000000002,0.057525,-0.624625
-0.03839999999999996,0.08219999999999994,-0.607
-0.0525,0.106875,-0.589375
-0.056700000000000014,0.12165,-0.5915499999999999
-0.04965,0.125175,-0.616225
-0.04260000000000001,0.1287,-0.6408999999999999
-0.048900000000000006,0.08994999999999996,-0.652225
-0.06299999999999997,0.02650000000000012,-0.65575
-0.07710000000000002,-0.03695000000000004,-0.659275
-0.0772,-0.07799999999999993,-0.6544000000000001
-0.073675,-0.11325000000000002,-0.64735
-0.07015000000000002,-0.14849999999999994,-0.6403
-0.12737500000000007,-0.18375000000000002,-0.7041250000000001
-0.1872999999999996,-0.21899999999999978,-0.7710999999999996
-0.24764999999999976,-0.2563749999999998,-0.827025
-0.3110999999999996,-0.3092499999999997,-0.8023500000000001
-0.37454999999999977,-0.3621249999999998,-0.7776750000000001
-0.40700000000000025,-0.38600000000000034,-0.7370000000000005
-0.36117500000000013,-0.33665000000000017,-0.6559250000000003
-0.31535000000000024,-0.2873000000000003,-0.5748500000000005
-0.2837,-0.26315,-0.5662249999999998
-0.26960000000000006,-0.2702,-0.6472999999999995
-0.2555000000000001,-0.27724999999999994,-0.7283749999999993
-0.293,-0.3359,-0.76
-0.3634999999999998,-0.42754999999999976,-0.76
-0.43399999999999966,-0.5191999999999996,-0.76
-0.4908749999999996,-0.5127500000000003,-0.7027750000000006
-0.54375,-0.47750000000000004,-0.62875
-0.5966249999999998,-0.4422500000000001,-0.5547250000000002
-0.4416000000000008,-0.17600000000000138,-0.6192999999999997
-0.2724000000000012,0.10599999999999793,-0.6933249999999995
-0.12770000000000004,0.35334999999999994,-0.7624500000000001
-0.20524999999999985,0.28637500000000016,-0.787125
-0.28279999999999966,0.21940000000000032,-0.8117999999999999
-0.340925,0.13947500000000082,-0.83
-0.34445000000000003,0.02314999999999992,-0.83
-0.347975,-0.09317499999999981,-0.83
-0.31400000000000033,-0.22449999999999942,-0.8374999999999999
-0.22940000000000055,-0.37607499999999905,-0.8551249999999999
-0.1447999999999999,-0.5276500000000002,-0.87275
-0.1514999999999999,-0.5568000000000001,-0.873775
-0.22199999999999975,-0.5004000000000002,-0.8632000000000001
-0.2924999999999996,-0.44400000000000034,-0.8526250000000001
-0.2755499999999999,-0.40349999999999997,-0.9480500000000002
-0.22972500000000004,-0.36825,-1.0784749999999999
-0.18390000000000015,-0.33300000000000013,-1.2088999999999996
-0.27029999999999943,-0.4589999999999992,-1.1716250000000004
-0.3690000000000002,-0.6000000000000003,-1.11875
-0.45670000000000044,-0.7376999999999989,-1.0782499999999988
-0.41440000000000055,-0.8363999999999987,-1.1839999999999988
-0.37210000000000026,-0.9350999999999995,-1.2897499999999995
-0.3697499999999991,-0.9947000000000005,-1.3317500000000013
-0.49312499999999876,-0.9312500000000006,-1.1731250000000017
-0.6164999999999984,-0.8678000000000008,-1.014500000000002
-0.69,-0.7658750000000007,-0.9627499999999996
-0.69,-0.6072500000000012,-1.0684999999999993
-0.69,-0.44862500000000155,-1.174249999999999
-0.6780000000000002,-0.3939999999999997,-1.2499999999999993
-0.65685,-0.4186749999999999,-1.3028749999999998
-0.6357000000000002,-0.44334999999999986,-1.3557499999999998
-0.48065000000000185,-0.527249999999999,-1.529649999999998
-0.2762000000000024,-0.6329999999999988,-1.7481999999999975
-0.07175000000000083,-0.7387499999999996,-1.966749999999999
-0.16969999999999913,-0.9106499999999988,-1.7600500000000017
-0.3036499999999988,-1.0904249999999984,-1.5027250000000023
-0.42820000000000036,-1.2424000000000035,-1.26
-0.3964749999999998,-0.932199999999998,-1.26
-0.3647500000000005,-0.622000000000005,-1.26
-0.3764250000000003,-0.43502500000000044,-1.2475999999999998
-0.5420999999999999,-0.6852999999999998,-1.1912
-0.7077749999999995,-0.9355749999999993,-1.1348000000000003
-0.7816500000000004,-1.1952999999999987,-1.1377999999999995
-0.7076250000000006,-1.4702499999999978,-1.2364999999999993
-0.6336000000000007,-1.7451999999999972,-1.3351999999999988
-0.6057749999999998,-1.8007000000000017,-1.331875000000001
-0.6163499999999998,-1.673800000000002,-1.2437500000000012
-0.6269250000000001,-1.5468999999999997,-1.1556249999999997
-0.675,-1.3599999999999999,-1.1724999999999999
-0.7384499999999998,-1.1485000000000005,-1.2324249999999999
-0.8018999999999997,-0.937000000000001,-1.2923499999999997
-0.8991749999999994,-0.8946250000000001,-1.404549999999999
-1.0013999999999992,-0.8770000000000002,-1.5243999999999989
-1.0982500000000006,-0.8661249999999979,-1.6417499999999994
-1.0489000000000008,-1.0388499999999974,-1.6910999999999992
-0.9995499999999998,-1.2115750000000007,-1.74045
-0.9796,-1.3451,-1.7562
-1.0782999999999998,-1.3204250000000002,-1.6363500000000002
-1.1769999999999996,-1.2957500000000002,-1.5165000000000004
-1.2157750000000005,-1.281275,-1.4731499999999993
-1.1488000000000007,-1.2848,-1.564799999999999
-1.0818250000000007,-1.288325,-1.6564499999999989
-1.0703499999999995,-1.2197000000000018,-1.7258999999999993
-1.1091250000000001,-1.0857499999999995,-1.7752500000000002
-1.1479,-0.9517999999999998,-1.8246000000000002
-1.2642749999999998,-0.8809,-1.7915
-1.4158499999999996,-0.8386000000000001,-1.721
-1.5674249999999992,-0.7963000000000002,-1.6505000000000003
-1.5180000000000007,-1.0539999999999976,-1.625
-1.433400000000001,-1.3641999999999967,-1.6073750000000002
-1.3485500000000015,-1.6715999999999984,-1.5904499999999997
-1.2463249999999997,-1.7844000000000004,-1.6221750000000001
-1.1441,-1.8972000000000002,-1.6539000000000001
-1.09,-1.98125,-1.6681249999999999
-1.2591999999999997,-1.9319000000000002,-1.60115
-1.4283999999999992,-1.8825500000000004,-1.5341750000000003
-1.5723999999999994,-1.7744000000000018,-1.533199999999999
-1.6675749999999991,-1.5523250000000022,-1.6600999999999988
-1.762749999999999,-1.3302500000000026,-1.7869999999999986
-1.808225,-1.214675,-1.8233749999999997
-1.8047,-1.2041,-1.7704999999999997
-1.801175,-1.193525,-1.717625
-1.7812000000000001,-1.1007000000000002,-1.6036500000000002
-1.7530000000000001,-0.9667500000000006,-1.4591250000000007
-1.7248,-0.8328000000000009,-1.3146000000000009
-1.5562000000000018,-1.087874999999997,-1.4479499999999983
-1.3588000000000022,-1.4227499999999962,-1.6382999999999979
-1.1613999999999987,-1.7576250000000022,-1.8286500000000012
-1.3455000000000008,-1.7005,-1.781
-1.5323250000000002,-1.640575,-1.73165
-1.7147499999999967,-1.5718500000000026,-1.69
-1.8733749999999962,-1.4555250000000028,-1.69
-2.031999999999996,-1.339200000000003,-1.69
-2.145625,-1.2240000000000009,-1.7012499999999997
-2.1632499999999997,-1.111200000000001,-1.7364999999999997
-2.180875,-0.9984000000000014,-1.7717499999999995
-2.1101000000000023,-1.0487999999999964,-1.8307999999999987
-1.944425000000003,-1.274399999999996,-1.9153999999999984
-1.7787500000000034,-1.4999999999999956,-1.9999999999999982
-1.7677749999999983,-1.611849999999999,-1.9640250000000021
-1.841799999999998,-1.6611999999999987,-1.8618000000000026
-1.9158249999999994,-1.7105499999999996,-1.7595750000000008
-1.9841499999999994,-1.7086000000000001,-1.7058000000000004
-2.0511249999999994,-1.6945000000000001,-1.6635000000000006
-2.118099999999999,-1.6804000000000001,-1.6212000000000006
-2.0960250000000005,-1.570400000000002,-1.62
-2.0713500000000002,-1.4576000000000022,-1.62
-2.0348000000000024,-1.360475,-1.626174999999999
-1.9220000000000026,-1.364,-1.671999999999999
-1.8092000000000006,-1.367525,-1.7178249999999997
-1.763599999999999,-1.4182999999999986,-1.7479
-1.8763999999999985,-1.5804499999999984,-1.74085
-1.9891999999999983,-1.742599999999998,-1.7338
-2.080874999999999,-1.7666250000000023,-1.6942500000000011
-2.1478499999999987,-1.6291500000000025,-1.6167000000000014
-2.214824999999999,-1.4916750000000027,-1.5391500000000016
-2.2048000000000014,-1.3960000000000017,-1.5583999999999982
-2.1484000000000005,-1.3255000000000003,-1.6359499999999996
-2.0920000000000005,-1.2550000000000006,-1.7134999999999994
-1.9856500000000012,-1.306599999999999,-1.7910499999999991
-1.8658000000000015,-1.3911999999999989,-1.868599999999999
-1.745950000000002,-1.4757999999999987,-1.9461499999999987
-1.7533999999999998,-1.5000999999999995,-1.9232000000000005
-1.7674999999999996,-1.5212499999999995,-1.8950000000000007
-1.785599999999999,-1.525600000000003,-1.8628000000000016
-1.8349499999999996,-1.3987000000000007,-1.7993500000000004
-1.8842999999999996,-1.271800000000001,-1.7359000000000004
-1.9277999999999997,-1.179025,-1.6646500000000009
-1.955999999999999,-1.1755,-1.5730000000000028
-1.9841999999999995,-1.171975,-1.4813500000000013
-1.9751999999999998,-1.2614500000000006,-1.4780500000000003
-1.9188000000000012,-1.469424999999996,-1.5873249999999979
-1.8624,-1.6773999999999996,-1.6965999999999999
-1.8272500000000005,-1.7153750000000019,-1.7293750000000003
-1.8061000000000003,-1.6413500000000005,-1.71175
-1.7849500000000007,-1.567325000000002,-1.6941250000000005
-1.7692,-1.3934000000000024,-1.6495000000000006
-1.7550999999999999,-1.1889499999999986,-1.5966249999999997
-1.7410000000000003,-0.9845000000000033,-1.5437500000000008
-1.697425,-1.0944500000000001,-1.5531000000000001
-1.651600000000001,-1.2283999999999973,-1.5671999999999997
-1.616175,-1.3616999999999997,-1.5774000000000001
-1.6831499999999984,-1.4885999999999968,-1.5492000000000008
-1.7501249999999995,-1.615499999999999,-1.5210000000000004
-1.7856000000000019,-1.6902000000000024,-1.5278999999999967
-1.7292000000000007,-1.612650000000001,-1.6371749999999987
-1.6727999999999996,-1.5350999999999997,-1.7464500000000005
-1.6517999999999995,-1.4251000000000027,-1.8011500000000005
-1.68,-1.27,-1.78
-1.7081999999999993,-1.1149000000000036,-1.7588500000000005
-1.7241,-1.05615,-1.7336
-1.7311499999999997,-1.0667249999999997,-1.7054000000000007
-1.7382,-1.0773,-1.6772000000000002
-1.637624999999999,-1.1850000000000012,-1.6489999999999998
-1.500150000000002,-1.3259999999999978,-1.6208000000000005
-1.3626749999999996,-1.4670000000000005,-1.5926
-1.3468000000000002,-1.438400000000001,-1.5772000000000004
-1.343275,-1.3925750000000001,-1.5631000000000002
-1.3439999999999988,-1.347000000000001,-1.5537499999999989
-1.4003999999999996,-1.3047000000000004,-1.6066249999999997
-1.4567999999999983,-1.2624000000000013,-1.6594999999999984
-1.520624999999999,-1.2151500000000006,-1.7049499999999997
-1.6087500000000006,-1.1516999999999995,-1.7261000000000002
-1.6968749999999986,-1.088250000000001,-1.7472499999999997
-1.6785999999999996,-1.0864000000000003,-1.7796
-1.4988250000000036,-1.178049999999998,-1.828949999999999
-1.3190500000000005,-1.2696999999999998,-1.8782999999999999
-1.2577749999999992,-1.3080250000000002,-1.8249500000000034
-1.2894999999999999,-1.3045,-1.6910000000000012
-1.3212250000000003,-1.300975,-1.5570499999999987
-1.2917500000000006,-1.2847000000000004,-1.5403999999999998
-1.2388749999999997,-1.26355,-1.5686000000000002
-1.1860000000000008,-1.2424000000000004,-1.5967999999999996
-1.21125,-1.3087499999999999,-1.6531250000000002
-1.2464999999999993,-1.3862999999999983,-1.7130499999999986
-1.27965,-1.4542250000000005,-1.7665000000000004
-1.2726000000000002,-1.3379000000000032,-1.696000000000002
-1.2655500000000002,-1.221575000000001,-1.6255000000000008
-1.2539999999999998,-1.13525,-1.5910000000000009
-1.2258000000000004,-1.1599249999999997,-1.6896999999999986
-1.1975999999999998,-1.1846,-1.7884000000000004
-1.1919249999999992,-1.1695250000000015,-1.851325
-1.22365,-1.0884500000000001,-1.85485
-1.2553749999999992,-1.007375000000002,-1.858375
-1.188300000000001,-0.9927999999999997,-1.86
-1.0367249999999983,-1.0351000000000006,-1.86
-0.8851500000000017,-1.0773999999999997,-1.86
-0.8523750000000001,-1.0281249999999995,-1.7733749999999993
-0.8699999999999997,-0.9400000000000014,-1.6500000000000021
-0.887625,-0.8518749999999998,-1.526625
-0.8656000000000006,-0.9070999999999984,-1.51305
-0.8374000000000001,-0.9846499999999998,-1.516575
-0.8124999999999978,-1.0593000000000008,-1.5194000000000005
-0.9006249999999993,-1.0346250000000001,-1.49825
-0.9887500000000009,-1.0099499999999997,-1.4770999999999999
-1.059325,-1.004849999999999,-1.4829499999999984
-1.0558,-1.0824000000000003,-1.6028000000000007
-1.052275,-1.1599499999999985,-1.722649999999998
-0.99875,-1.1524999999999999,-1.78125
-0.8542250000000033,-0.9903500000000036,-1.728375000000001
-0.7097000000000007,-0.8282000000000008,-1.6755000000000002
-0.6381749999999999,-0.7153249999999991,-1.5988999999999987
-0.63465,-0.6483500000000006,-1.5002000000000009
-0.6311249999999999,-0.5813749999999995,-1.4014999999999993
-0.5796000000000011,-0.6367999999999984,-1.3556000000000004
-0.5055749999999998,-0.7496000000000004,-1.33445
-0.43155000000000143,-0.8623999999999978,-1.3133000000000004
-0.47057499999999985,-0.9365249999999999,-1.342725
-0.5304999999999985,-1.0034999999999985,-1.381499999999999
-0.5902749999999997,-1.0695500000000004,-1.42
-0.6290500000000004,-1.0060999999999993,-1.42
-0.6678249999999996,-0.9426500000000008,-1.42
-0.6903999999999996,-0.8785999999999996,-1.4320000000000004
-0.6340000000000009,-0.811625000000001,-1.5024999999999988
-0.5775999999999999,-0.7446499999999998,-1.5730000000000002
-0.5212000000000012,-0.6765000000000014,-1.5965000000000016
-0.4648000000000002,-0.6060000000000002,-1.5260000000000002
-0.4083999999999992,-0.535499999999999,-1.455499999999999
-0.3677500000000002,-0.48075000000000034,-1.4304999999999997
-0.34307499999999974,-0.4419749999999996,-1.45165
-0.3184000000000003,-0.4032000000000005,-1.4727999999999997
-0.36347500000000044,-0.42022500000000024,-1.4404749999999997
-0.44454999999999856,-0.4660499999999992,-1.380550000000001
-0.525625,-0.511875,-1.3206250000000002
-0.41820000000000335,-0.5055000000000004,-1.3244999999999996
-0.2701500000000007,-0.48787500000000006,-1.342125
-0.12209999999999809,-0.4702499999999997,-1.3597500000000002
-0.2589999999999986,-0.5151749999999995,-1.3495750000000002
-0.40000000000000113,-0.5610000000000004,-1.339
-0.5262999999999994,-0.6104999999999989,-1.3237000000000008
-0.5686000000000001,-0.6810000000000003,-1.2813999999999999
-0.6108999999999992,-0.7514999999999986,-1.2391000000000008
-0.6432999999999995,-0.7901000000000014,-1.180300000000004
-0.6538749999999998,-0.7583750000000008,-1.0851250000000023
-0.6644499999999995,-0.7266500000000015,-0.9899500000000044
-0.6365000000000021,-0.6798500000000018,-0.9567499999999989
-0.5660000000000036,-0.6164000000000033,-0.9919999999999982
-0.4955000000000024,-0.5529500000000022,-1.0272499999999989
-0.4924999999999994,-0.48275000000000123,-0.9905000000000013
-0.5277499999999986,-0.4087250000000029,-0.912950000000003
-0.5629999999999992,-0.33470000000000155,-0.8354000000000016
-0.4880750000000044,-0.19005000000000705,-0.930174999999994
-0.38585000000000264,-0.02790000000000417,-1.0676499999999964
-0.28362500000000496,0.13424999999999218,-1.2051249999999933
-0.24940000000000098,0.11280000000000087,-1.2813999999999977
-0.21767500000000042,0.08460000000000037,-1.355424999999999
-0.19584999999999836,0.04695000000000363,-1.4006500000000053
-0.2416749999999992,-0.05527499999999819,-1.2490750000000026
-0.28749999999999815,-0.15749999999999587,-1.0975000000000061
-0.31180000000000063,-0.21565000000000112,-0.9869250000000003
-0.2836000000000013,-0.16630000000000222,-0.9763500000000005
-0.2554000000000008,-0.11695000000000136,-0.9657750000000003
-0.1936000000000051,-0.1427999999999942,-0.9536000000000007
-0.09137500000000327,-0.2591249999999963,-0.9395000000000004
0.01084999999999852,-0.3754499999999983,-0.9254000000000002
0.032600000000001045,-0.4178250000000001,-0.8460500000000044
0.004400000000000549,-0.41430000000000006,-0.7262000000000023
-0.023799999999998815,-0.4107750000000001,-0.6063500000000049
-0.06024999999999907,-0.3302500000000025,-0.643249999999998
-0.0990249999999982,-0.22802500000000475,-0.7243249999999962
-0.1377999999999989,-0.12580000000000297,-0.8053999999999977
-0.16659999999999855,-0.156574999999998,-0.8199749999999995
-0.19479999999999906,-0.1953499999999987,-0.8305499999999997
-0.21962500000000007,-0.2326249999999996,-0.8448749999999993
-0.21610000000000013,-0.25729999999999903,-0.8906999999999982
-0.21257500000000007,-0.2819749999999995,-0.936524999999999
-0.21759999999999877,-0.29525000000000073,-0.9605000000000015
-0.24579999999999927,-0.27762500000000045,-0.9252500000000009
-0.27399999999999863,-0.26000000000000084,-0.8900000000000017
-0.30219999999999914,-0.2881249999999973,-0.8974499999999981
-0.33039999999999964,-0.37624999999999886,-0.9608999999999992
-0.358599999999999,-0.4643749999999969,-1.0243499999999979
-0.3658000000000001,-0.5272999999999992,-1.0395000000000003
-0.3587500000000003,-0.5731249999999981,-1.0218750000000008
-0.3517000000000001,-0.618949999999999,-1.0042500000000003
-0.30987500000000234,-0.5497500000000048,-0.8849750000000068
-0.25700000000000145,-0.4440000000000029,-0.7334000000000042
-0.20412500000000053,-0.33825000000000105,-0.5818250000000014
-0.0635000000000048,-0.14800000000000638,-0.7064999999999952
0.08454999999999785,0.04939999999999714,-0.8545499999999978
0.20800000000000524,0.22790000000000094,-0.983100000000003
0.06700000000000275,0.2032250000000005,-0.9020250000000016
-0.07399999999999407,0.17855000000000104,-0.8209500000000034
-0.17562500000000042,0.1311250000000028,-0.7328750000000026
-0.15800000000000083,0.014800000000005448,-0.6236000000000052
-0.14037500000000053,-0.10152499999999663,-0.5143250000000031
-0.09520000000000094,-0.09750000000000197,-0.44855000000000006
-0.010600000000002857,0.07874999999999405,-0.4450250000000001
0.07399999999999864,0.2549999999999972,-0.44150000000000006
0.13429999999999837,0.39277499999999577,-0.5230249999999944
0.17659999999999912,0.5020499999999977,-0.667549999999997
0.21889999999999818,0.6113249999999952,-0.8120749999999937
0.1416000000000031,0.4710000000000059,-0.8525999999999999
0.021750000000005806,0.2418750000000111,-0.8561249999999998
-0.09809999999999633,0.012750000000007021,-0.8596499999999999
-0.09095000000000028,-0.12747499999999834,-0.8314250000000004
-0.06980000000000075,-0.25789999999999536,-0.7997000000000012
-0.04865000000000038,-0.37077500000000263,-0.7717999999999995
-0.027500000000000857,-0.22625000000000586,-0.7999999999999988
-0.0063500000000004785,-0.08172500000000327,-0.8281999999999994
0.01639999999999872,0.04999999999999605,-0.8388000000000022
0.044599999999999224,0.1381249999999976,-0.7894500000000013
0.07279999999999973,0.22624999999999917,-0.7401000000000004
0.06937500000000171,0.2525000000000023,-0.6935000000000013
0.016500000000000764,0.18200000000000105,-0.6512000000000006
-0.036374999999998034,0.11150000000000262,-0.6089000000000016
-0.03465000000000089,0.0683000000000004,-0.6114499999999992
0.011174999999998082,0.047150000000000886,-0.6502249999999984
0.0569999999999989,0.026000000000000512,-0.6889999999999991
0.07,0.06544999999999959,-0.7580749999999994
0.07,0.12889999999999815,-0.8391499999999976
0.07,0.19234999999999675,-0.9202249999999959
0.011099999999999582,0.18139999999999987,-0.8927999999999998
-0.05587499999999891,0.16025000000000036,-0.8505000000000007
-0.11865000000000123,0.1376000000000022,-0.8091000000000008
-0.08692500000000195,0.08120000000000345,-0.7879500000000014
-0.055200000000000096,0.02480000000000018,-0.7668
-0.023475000000000815,-0.022174999999999726,-0.7557999999999993
0.008249999999998467,-0.03274999999999949,-0.7839999999999986
0.0399750000000003,-0.043325000000000106,-0.8122000000000003
0.0625999999999999,-0.03700000000000046,-0.8209000000000003
0.06964999999999975,-0.0017500000000012506,-0.7962250000000008
0.07669999999999959,0.033499999999997955,-0.7715500000000014
0.07625,0.048125,-0.74125
0.06920000000000016,0.044600000000000084,-0.7060000000000008
0.062150000000000316,0.04107500000000016,-0.6707500000000016
0.04284999999999967,0.027749999999999775,-0.6698000000000002
0.018175000000000233,0.01012500000000017,-0.6838999999999998
-0.006499999999999204,-0.007499999999999432,-0.6979999999999995
-0.003950000000000387,-0.03419999999999845,-0.7120999999999992
0.003100000000000023,-0.06240000000000009,-0.7262000000000001
0.008875000000001021,-0.0876000000000022,-0.7408999999999992
-0.04399999999999778,0.02519999999999528,-0.7831999999999982
-0.0968749999999966,0.13799999999999274,-0.8254999999999972
-0.12700000000000047,0.2241500000000002,-0.8522000000000003
-0.05650000000000205,0.19242500000000093,-0.8099000000000012
0.013999999999996356,0.16070000000000165,-0.7676000000000022
0.0550999999999999,0.11182499999999948,-0.7142749999999995
0.041000000000000224,0.030750000000001318,-0.6402500000000012
0.026900000000000545,-0.05032499999999686,-0.5662250000000029
0.02719999999999914,-0.10439999999999827,-0.5497999999999976
0.041299999999999955,-0.1325999999999999,-0.5885749999999998
0.05539999999999964,-0.16079999999999928,-0.627349999999999
0.036250000000001704,-0.11775000000000378,-0.6589999999999987
0.0009999999999996609,-0.040199999999999264,-0.6872000000000003
-0.034249999999999545,0.037349999999999,-0.7153999999999996
-0.034100000000000255,0.03525000000000063,-0.7317999999999995
