0.0861,0.25170000000000003,-0.01670000000000002
-0.03,0.6,-0.15
-0.0171,0.6516,-0.1242
-0.004200000000000003,0.7031999999999999,-0.0984
-0.0029000000000000007,0.5314999999999999,-0.0639
-0.007199999999999998,0.2520000000000001,-0.02520000000000002
-0.01,-0.0035000000000001696,0.0075000000000000205
-0.01,-0.21420000000000003,0.029000000000000005
-0.010799999999999976,-0.4199,0.050799999999999984
-0.045199999999999955,-0.41559999999999997,0.08519999999999997
-0.07960000000000007,-0.41129999999999994,0.11960000000000008
-0.03299999999999986,-0.2959999999999997,0.08499999999999988
0.048700000000000083,-0.13259999999999983,0.02049999999999993
0.08079999999999998,0.02600000000000008,-0.024800000000000006
0.029199999999999917,0.17650000000000027,-0.037700000000000025
-0.019799999999999998,0.31799999999999995,-0.052600000000000036
-0.015499999999999998,0.27499999999999997,-0.10850000000000001
-0.011200000000000002,0.232,-0.1644
-0.037899999999999885,0.16420000000000023,-0.15520000000000012
-0.07660000000000018,0.08679999999999964,-0.12079999999999984
-0.09829999999999998,0.02129999999999982,-0.1
-0.09399999999999999,-0.026000000000000155,-0.1
-0.09060000000000001,-0.07270000000000011,-0.10060000000000002
-0.09920000000000001,-0.11140000000000008,-0.10920000000000002
-0.1078,-0.15010000000000007,-0.1178
-0.11,-0.1664,-0.09439999999999997
-0.11,-0.17500000000000004,-0.05999999999999986
-0.0973999999999999,-0.16739999999999988,-0.036399999999999974
-0.06729999999999992,-0.13729999999999992,-0.027799999999999978
-0.04120000000000003,-0.10519999999999989,-0.02080000000000002
-0.05410000000000002,-0.05359999999999992,-0.029400000000000013
-0.06700000000000002,-0.0019999999999999567,-0.038000000000000006
-0.08320000000000001,0.006699999999999999,-0.10600000000000001
-0.10039999999999999,0.0024000000000000024,-0.19199999999999995
-0.16509999999999986,-0.04369999999999988,-0.25329999999999997
-0.2897999999999998,-0.14259999999999984,-0.28339999999999993
-0.3995000000000001,-0.23849999999999952,-0.31099999999999994
-0.3952,-0.3116000000000007,-0.3196000000000001
-0.39089999999999997,-0.38470000000000065,-0.3282000000000001
-0.29479999999999906,-0.2775999999999988,-0.25519999999999926
-0.1743999999999991,-0.12279999999999888,-0.16059999999999933
-0.08999999999999972,-0.007999999999999563,-0.1180000000000001
-0.04699999999999975,0.0608000000000004,-0.1352000000000001
-0.020200000000000384,0.10319999999999938,-0.15900000000000034
-0.09330000000000034,-0.017200000000000548,-0.2235000000000003
-0.16640000000000027,-0.13760000000000047,-0.28800000000000026
-0.15899999999999992,-0.22300000000000025,-0.26849999999999985
-0.13319999999999993,-0.3004000000000002,-0.2297999999999999
-0.08219999999999986,-0.30009999999999987,-0.20369999999999996
-0.004799999999999902,-0.2183999999999999,-0.19079999999999997
0.046699999999999936,-0.14019999999999996,-0.18770000000000003
-0.03500000000000068,-0.07999999999999949,-0.23500000000000038
-0.11670000000000062,-0.01979999999999954,-0.28230000000000033
-0.1768000000000004,-0.04240000000000027,-0.3836000000000008
-0.23270000000000035,-0.08110000000000024,-0.49540000000000073
-0.3128000000000006,-0.17920000000000091,-0.5852000000000004
-0.4160000000000005,-0.3340000000000008,-0.6540000000000004
-0.5080000000000002,-0.45679999999999993,-0.6947999999999996
-0.5510000000000002,-0.43959999999999994,-0.6130999999999998
-0.5940000000000001,-0.42239999999999994,-0.5313999999999998
-0.4334999999999979,-0.3163999999999987,-0.46079999999999927
-0.23999999999999966,-0.1959999999999998,-0.3919999999999999
-0.07639999999999872,-0.11469999999999957,-0.3784000000000003
0.06120000000000006,-0.06739999999999999,-0.4128
0.16279999999999972,-0.032700000000000104,-0.45260000000000045
0.12840000000000004,-0.04559999999999999,-0.5127999999999999
0.09399999999999976,-0.05850000000000008,-0.5730000000000004
-0.14179999999999943,-0.24239999999999956,-0.5952
-0.4041000000000014,-0.4488000000000011,-0.6124
-0.5056000000000002,-0.5088000000000003,-0.6032000000000001
-0.4797999999999999,-0.45289999999999975,-0.5730999999999999
-0.416000000000001,-0.39800000000000024,-0.5859999999999993
-0.2267999999999995,-0.3463999999999998,-0.7408000000000005
-0.037599999999998066,-0.29479999999999945,-0.8956000000000016
-0.22670000000000035,-0.43820000000000026,-0.8046999999999999
-0.45460000000000395,-0.6016000000000028,-0.688599999999998
-0.5750000000000001,-0.635,-0.6425000000000001
-0.6180000000000007,-0.5747999999999991,-0.6468
-0.6632,-0.5398999999999999,-0.6763999999999999
-0.7148000000000008,-0.5786000000000006,-0.7796000000000015
-0.7663999999999999,-0.6172999999999998,-0.8827999999999997
-0.7459999999999997,-0.44799999999999757,-0.813999999999999
-0.7202000000000001,-0.2631000000000007,-0.7323000000000003
-0.6397999999999986,-0.2056000000000003,-0.749400000000001
-0.5237000000000006,-0.23139999999999986,-0.8310999999999995
-0.44360000000000016,-0.23439999999999941,-0.9020000000000005
-0.45650000000000013,-0.17849999999999944,-0.9450000000000004
-0.4694000000000001,-0.12259999999999947,-0.9880000000000004
-0.4576999999999999,-0.3127000000000017,-1.0105000000000002
-0.4447999999999999,-0.5148000000000016,-1.0320000000000003
-0.3994999999999995,-0.5251999999999992,-1.0643000000000002
-0.3349999999999996,-0.42199999999999926,-1.1030000000000002
-0.3108000000000004,-0.38380000000000064,-1.0987999999999993
-0.3796000000000004,-0.4956000000000006,-0.9955999999999994
-0.44840000000000035,-0.6074000000000005,-0.8923999999999995
-0.5340000000000004,-0.8788000000000011,-0.9656000000000003
-0.6200000000000003,-1.1540000000000008,-1.0430000000000004
-0.7228000000000003,-1.1631999999999996,-1.0335999999999999
-0.8346000000000002,-1.0298999999999996,-0.9776999999999999
-0.9058,-0.8573999999999996,-0.9358
-0.8929,-0.6036999999999998,-0.9228999999999999
-0.8800000000000006,-0.349999999999999,-0.910000000000004
-0.9144,-0.28980000000000006,-1.1550999999999998
-0.9488000000000005,-0.22959999999999908,-1.4002000000000037
-0.9368000000000001,-0.25929999999999986,-1.4858
-0.9023999999999995,-0.33240000000000103,-1.4944000000000002
-0.9024999999999999,-0.4159999999999997,-1.407000000000001
-0.9670000000000009,-0.5192000000000013,-1.1403999999999965
-1.0302,-0.6262999999999987,-0.8816999999999997
-1.0388000000000002,-0.8972000000000031,-0.9548000000000009
-1.0473999999999999,-1.1680999999999984,-1.0278999999999996
-1.0079999999999993,-1.2770000000000004,-1.0980000000000008
-0.9478000000000004,-1.3156999999999999,-1.1667999999999994
-0.9276000000000004,-1.248799999999998,-1.2308000000000006
-0.9749000000000004,-1.003699999999998,-1.2867000000000004
-1.0224000000000004,-0.7645999999999992,-1.339
-1.0740000000000003,-0.6484999999999992,-1.3175
-1.1256000000000002,-0.5323999999999993,-1.2959999999999998
-1.1958000000000004,-0.5837000000000006,-1.2527999999999997
-1.2732000000000017,-0.6998000000000024,-1.201199999999999
-1.2791999999999997,-0.7580999999999999,-1.1751
-1.1759999999999997,-0.7279999999999999,-1.188
-1.0730999999999997,-0.7174000000000006,-1.2183000000000006
-0.9741999999999982,-0.9668000000000045,-1.4806000000000048
-0.8752999999999999,-1.2162000000000004,-1.7429000000000003
-1.0228000000000002,-1.184,-1.7428
-1.255,-1.055,-1.6525
-1.4296000000000015,-0.952999999999999,-1.4973999999999963
-1.5242,-0.8885000000000001,-1.2523000000000004
-1.61,-0.8343999999999998,-1.0527999999999995
-1.61,-0.8817000000000006,-1.2979000000000034
-1.61,-0.9290000000000006,-1.5430000000000033
-1.5835999999999997,-0.9631000000000003,-1.6066000000000003
-1.5492000000000001,-0.9931999999999999,-1.6152
-1.5813000000000013,-0.9852999999999994,-1.580099999999999
-1.6974000000000014,-0.9293999999999994,-1.4897999999999991
-1.7909999999999993,-0.8865000000000005,-1.4089999999999998
-1.7136000000000007,-0.9423999999999996,-1.4003999999999999
-1.6361999999999994,-0.9983000000000005,-1.3918
-1.5757999999999996,-0.9419999999999993,-1.3934
-1.5198999999999996,-0.8559999999999994,-1.3977
-1.543999999999999,-0.81,-1.443999999999999
-1.6601000000000026,-0.81,-1.5386000000000022
-1.7780000000000007,-0.81,-1.6067999999999996
-1.9070000000000007,-0.81,-1.5121999999999995
-2.0360000000000027,-0.81,-1.417599999999998
-1.979499999999998,-0.8730000000000016,-1.3369999999999984
-1.8805999999999998,-0.9504000000000002,-1.2595999999999998
-1.8194999999999997,-1.0551000000000026,-1.297700000000003
-1.7979999999999994,-1.1884000000000046,-1.4568000000000054
-1.7884000000000009,-1.2986,-1.6040000000000016
-1.8399999999999999,-1.29,-1.69
-1.891599999999999,-1.2814,-1.7759999999999985
-1.9720000000000026,-1.258399999999999,-1.7864
-2.058000000000001,-1.2325999999999997,-1.7821
-2.0846,-1.1298000000000004,-1.6898000000000004
-2.0544999999999995,-0.9534999999999977,-1.5134999999999978
-2.038800000000001,-0.8003999999999986,-1.3772000000000013
-2.0861000000000005,-0.7487999999999994,-1.4159000000000006
-2.1334,-0.6972000000000003,-1.4545999999999997
-2.202900000000001,-0.9379000000000031,-1.6006000000000018
-2.276000000000002,-1.2260000000000078,-1.7640000000000045
-2.2823999999999995,-1.1966999999999972,-1.727299999999998
-2.2308000000000003,-0.8914000000000024,-1.5166000000000017
-2.1755999999999993,-0.6689000000000007,-1.368900000000001
-2.106799999999998,-0.7592000000000021,-1.4592000000000023
-2.0379999999999994,-0.8495000000000006,-1.5495000000000005
-2.0451999999999995,-1.0157999999999983,-1.5068000000000006
-2.0624,-1.192100000000001,-1.4465999999999997
-2.1252000000000018,-1.2507999999999992,-1.4007999999999992
-2.2241000000000004,-1.2164,-1.3663999999999998
-2.3060000000000005,-1.1439999999999961,-1.3550000000000013
-2.3318,-0.9461999999999995,-1.4195000000000002
-2.3576,-0.7483999999999963,-1.484000000000001
-2.4263,-0.8119000000000001,-1.6187000000000002
-2.499400000000001,-0.9022000000000016,-1.7606000000000024
-2.485,-0.8975,-1.71
-2.4075999999999986,-0.8243999999999988,-1.520799999999997
-2.3599,-0.7722,-1.3569
-2.3986000000000005,-0.7808000000000002,-1.2665999999999986
-2.4373,-0.7894,-1.1763000000000001
-2.436,-1.0620000000000038,-1.390000000000003
-2.4317,-1.3543999999999987,-1.626499999999999
-2.4196,-1.3529999999999978,-1.613399999999998
-2.4024,-1.159500000000001,-1.437100000000001
-2.410400000000001,-1.0043999999999995,-1.3075999999999999
-2.483500000000002,-0.9484999999999986,-1.2989999999999997
-2.556600000000001,-0.8925999999999995,-1.2904
-2.4780000000000006,-0.8572000000000003,-1.3268999999999997
-2.391999999999999,-0.8227999999999998,-1.3656000000000001
-2.3627000000000002,-0.8397000000000012,-1.436700000000002
-2.367,-0.8870000000000003,-1.5270000000000006
-2.388200000000001,-0.9317000000000009,-1.5665999999999984
-2.4484000000000004,-0.9704000000000003,-1.4891999999999996
-2.5086000000000013,-1.0091000000000008,-1.4117999999999984
-2.4553999999999996,-0.9595999999999998,-1.3638
-2.399499999999999,-0.907999999999999,-1.3164999999999991
-2.394,-0.9880000000000004,-1.314
-2.4155000000000006,-1.1385000000000027,-1.3355000000000006
-2.4216,-1.2133999999999998,-1.3822
-2.3957999999999995,-1.1316999999999986,-1.4811000000000019
-2.370000000000002,-1.0499999999999994,-1.580000000000002
-2.417300000000001,-1.0327999999999997,-1.640200000000001
-2.4646,-1.0156,-1.7004
-2.4684,-0.9577999999999989,-1.6010999999999975
-2.4511999999999996,-0.8803999999999976,-1.4247999999999947
-2.4249999999999994,-0.857000000000001,-1.2874999999999992
-2.382,-0.9343999999999997,-1.2230000000000003
-2.3395999999999995,-1.0110000000000006,-1.1629000000000014
-2.3223999999999996,-1.0540000000000012,-1.2876000000000034
-2.3051999999999997,-1.0970000000000006,-1.4123000000000012
-2.312,-1.0530000000000006,-1.5399999999999991
-2.3292,-0.9712999999999993,-1.6690000000000011
-2.3416,-0.9119999999999995,-1.7371999999999992
-2.3459,-0.8904999999999998,-1.7027999999999996
-2.349,-0.8727999999999995,-1.6658000000000008
-2.3274999999999992,-0.9330000000000024,-1.5754999999999963
-2.305999999999999,-0.9932000000000014,-1.4851999999999979
-2.2534999999999994,-0.9758999999999998,-1.3266999999999989
-2.1890000000000005,-0.9286000000000005,-1.1418000000000021
-2.1431999999999993,-0.9680000000000064,-1.0997000000000066
-2.1259999999999994,-1.1400000000000035,-1.2760000000000034
-2.1073,-1.2967,-1.4375999999999998
-2.0686000000000004,-1.2494000000000007,-1.4032000000000004
-2.0298999999999987,-1.2020999999999984,-1.368799999999999
-1.9943999999999995,-1.1739999999999995,-1.3632000000000002
-1.96,-1.1524999999999999,-1.3675000000000002
-1.94,-1.1273999999999995,-1.3880000000000008
-1.94,-1.097299999999999,-1.4310000000000014
-1.9416000000000002,-1.063199999999999,-1.4736000000000005
-1.9587999999999999,-0.9901000000000002,-1.5123
-1.9760000000000002,-0.916999999999999,-1.5510000000000006
-1.9502999999999988,-0.9297000000000011,-1.5831000000000008
-1.9115999999999995,-0.9684000000000005,-1.6132000000000002
-1.8881,-0.9615000000000004,-1.5863000000000005
-1.8838,-0.8969999999999994,-1.487399999999999
-1.8785,-0.8509999999999993,-1.4074999999999995
-1.8655999999999995,-0.945600000000004,-1.4720000000000026
-1.8526999999999998,-1.0402000000000025,-1.5365000000000018
-1.7513999999999992,-1.0293999999999996,-1.4887999999999995
-1.6266999999999971,-0.990699999999999,-1.4113999999999982
-1.5900000000000005,-0.9539999999999997,-1.37
-1.6544999999999994,-0.9196000000000004,-1.37
-1.7106,-0.9002000000000003,-1.3790000000000004
-1.7149,-0.9733000000000016,-1.4435000000000013
-1.7192,-1.0464000000000027,-1.5080000000000024
-1.7165,-0.9829999999999981,-1.4674999999999987
-1.7122,-0.8883999999999997,-1.403
-1.6637999999999982,-0.8631000000000009,-1.4309000000000023
-1.5692,-0.9104,-1.5556
-1.4941999999999995,-0.9458000000000004,-1.6467000000000012
-1.52,-0.9199999999999999,-1.565
-1.5458000000000014,-0.8941999999999988,-1.483299999999996
-1.521199999999999,-0.8755999999999995,-1.415999999999998
-1.4867999999999995,-0.8583999999999997,-1.351499999999999
-1.4304000000000001,-0.8829999999999998,-1.3507999999999998
-1.352999999999999,-0.9475000000000009,-1.4110000000000007
-1.2916,-0.9976,-1.4496000000000002
-1.3001999999999998,-0.9847000000000002,-1.3937000000000013
-1.3088000000000002,-0.9717999999999997,-1.3377999999999985
-1.3322000000000012,-0.9403999999999985,-1.348500000000001
-1.3580000000000008,-0.9059999999999991,-1.3700000000000006
-1.3815000000000002,-0.8462999999999993,-1.4076000000000004
-1.4030000000000005,-0.764599999999998,-1.4592000000000012
-1.4109999999999996,-0.7099000000000003,-1.5027000000000001
-1.3680000000000003,-0.7571999999999995,-1.5155999999999998
-1.3250000000000013,-0.8044999999999988,-1.5284999999999997
-1.232599999999998,-0.7073999999999975,-1.4653999999999985
-1.1336999999999964,-0.5912999999999956,-1.3922999999999972
-1.0876,-0.6024000000000024,-1.3624000000000003
-1.0833000000000002,-0.7142000000000005,-1.3667
-1.0729999999999995,-0.8040000000000004,-1.357999999999999
-1.0429,-0.8212,-1.3064
-1.0128000000000004,-0.8383999999999997,-1.2548000000000008
-0.9436999999999975,-0.8478000000000002,-1.3202000000000027
-0.8705999999999987,-0.8564000000000002,-1.3976000000000013
-0.9150000000000043,-0.8499999999999994,-1.3549999999999955
-1.044000000000002,-0.8327999999999997,-1.2259999999999978
-1.1213,-0.7914000000000001,-1.1409999999999998
-1.048199999999999,-0.6795999999999984,-1.1840000000000006
-0.9751000000000002,-0.5678000000000003,-1.2269999999999999
-0.8940000000000016,-0.6199999999999988,-1.3019999999999985
-0.8122999999999977,-0.6845000000000019,-1.3794000000000022
-0.7773999999999999,-0.670999999999997,-1.3059999999999923
-0.7730999999999999,-0.6064999999999983,-1.1339999999999952
-0.7868000000000006,-0.5576,-1.0051999999999999
-0.8469999999999996,-0.5490000000000002,-0.9880000000000001
-0.9072000000000006,-0.5404,-0.9707999999999998
-0.8239000000000007,-0.6793999999999989,-1.1380999999999986
-0.7335999999999963,-0.825600000000006,-1.3144000000000071
-0.7297000000000011,-0.7584999999999954,-1.3070999999999973
-0.7770000000000019,-0.5649999999999923,-1.1909999999999954
-0.8165000000000006,-0.4273999999999998,-1.096999999999999
-0.8380000000000001,-0.41879999999999995,-1.0539999999999998
-0.8595000000000005,-0.4101999999999998,-1.010999999999999
-0.7297999999999994,-0.3385999999999997,-1.0226000000000002
-0.596499999999993,-0.26549999999999613,-1.0355000000000008
-0.4967999999999944,-0.34080000000001065,-1.0736000000000034
-0.41509999999999847,-0.4956000000000028,-1.1252000000000009
-0.3754000000000016,-0.6084000000000008,-1.141799999999998
-0.42269999999999924,-0.6341999999999997,-1.085900000000001
-0.47,-0.66,-1.03
-0.4958000000000004,-0.6298999999999996,-1.0127999999999997
-0.5215999999999992,-0.599800000000001,-0.9956000000000006
-0.49809999999999777,-0.5841999999999996,-0.9319999999999959
-0.450799999999997,-0.5755999999999994,-0.8459999999999945
-0.4230000000000001,-0.5820000000000004,-0.7869999999999999
-0.43160000000000026,-0.616400000000001,-0.7783999999999998
-0.44179999999999836,-0.6455000000000042,-0.7697000000000003
-0.5191999999999996,-0.45200000000000107,-0.7568
-0.5966000000000008,-0.25849999999999795,-0.7438999999999999
-0.6049999999999994,-0.1969999999999999,-0.7369999999999999
-0.583499999999999,-0.19269999999999982,-0.7326999999999998
-0.5203999999999922,-0.19160000000000024,-0.7380000000000012
-0.3870999999999989,-0.19590000000000005,-0.7595000000000002
-0.25639999999999813,-0.19859999999999928,-0.7751999999999976
-0.17899999999999694,-0.16849999999999882,-0.6719999999999959
-0.10160000000000081,-0.13840000000000033,-0.5688000000000011
-0.17300000000000068,-0.21990000000000065,-0.5337999999999999
-0.3020000000000027,-0.3446000000000026,-0.5251999999999999
-0.3272999999999951,-0.4268000000000006,-0.5404000000000019
-0.19399999999999296,-0.4440000000000009,-0.5920000000000027
-0.07930000000000037,-0.4579,-0.6306999999999996
-0.21260000000000248,-0.42779999999999946,-0.4973999999999975
-0.3459000000000046,-0.397699999999999,-0.3640999999999954
-0.4567999999999984,-0.3260000000000014,-0.3076000000000005
-0.5600000000000068,-0.23999999999999433,-0.277499999999998
-0.5155999999999961,-0.15759999999999877,-0.31400000000000206
-0.26619999999999205,-0.08019999999999754,-0.4430000000000041
-0.03799999999999898,-0.012000000000001024,-0.5479999999999939
-0.016500000000000056,-0.033499999999999946,-0.41900000000000037
0.005000000000000284,-0.055000000000000285,-0.2899999999999983
-0.06260000000000274,0.06540000000000473,-0.26
-0.157199999999998,0.22879999999999656,-0.26
-0.20049999999999868,0.2268999999999872,-0.2942000000000047
-0.17899999999999977,0.016199999999997744,-0.3716000000000008
-0.16950000000000215,-0.18150000000000263,-0.41699999999999476
-0.2512000000000034,-0.2804000000000042,-0.21919999999999165
-0.3328999999999993,-0.37929999999999925,-0.021400000000001567
-0.3227999999999997,-0.33539999999999937,-0.04800000000000068
-0.2883999999999992,-0.25369999999999804,-0.13400000000000203
-0.2780000000000007,-0.24800000000000325,-0.23600000000000476
-0.29520000000000096,-0.32970000000000454,-0.3564000000000067
-0.3081999999999999,-0.4108000000000004,-0.4473999999999996
-0.29529999999999973,-0.48820000000000163,-0.3570999999999981
-0.28239999999999954,-0.5656000000000029,-0.26679999999999665
-0.25900000000000034,-0.4015000000000029,-0.2325000000000003
-0.23319999999999994,-0.18219999999999942,-0.21099999999999997
-0.13389999999999674,0.022400000000003473,-0.13279999999999748
0.042400000000006044,0.2116000000000065,0.004800000000004717
0.20610000000000497,0.38470000000000454,0.11369999999999805
0.305,0.475,0.075
0.40390000000000154,0.5653000000000014,0.03629999999999939
0.20039999999999164,0.2595999999999878,-0.034800000000002454
-0.06189999999999515,-0.12309999999999294,-0.11219999999999856
-0.2845999999999995,-0.3869999999999996,-0.13900000000000007
-0.46950000000000247,-0.537500000000002,-0.11749999999999972
-0.5599999999999906,-0.6263999999999947,-0.11600000000000252
-0.2374999999999855,-0.44579999999999187,-0.20200000000000384
0.0849999999999983,-0.26520000000000093,-0.28799999999999953
0.04119999999999889,-0.12159999999999856,-0.18159999999999857
-0.062000000000002733,0.016000000000003636,-0.04399999999999636
-0.1054000000000002,0.14209999999999726,0.031499999999999494
-0.09680000000000007,0.2581999999999991,0.05299999999999984
-0.07469999999999456,0.33199999999999363,0.045699999999991414
-0.0015999999999982556,0.24599999999999794,-0.07040000000000277
0.0715000000000029,0.1599999999999966,-0.1865000000000046
-0.09099999999999792,-0.06659999999999744,-0.1506000000000006
-0.28450000000000103,-0.3117000000000013,-0.09469999999999971
-0.2859999999999968,-0.38639999999999874,-0.036399999999998725
-0.13550000000000437,-0.32620000000000177,0.023799999999998253
0.024000000000010013,-0.20399999999998275,0.0810000000000025
0.213200000000013,0.12280000000002245,0.12830000000000324
0.4024000000000035,0.44960000000000605,0.17560000000000087
0.2327999999999929,0.3902999999999966,0.11369999999999747
0.026400000000003268,0.29140000000000155,0.040600000000001156
-0.08,0.10250000000000004,0.0024999999999999988
-0.11440000000000056,-0.15120000000000403,-0.010400000000000206
-0.13670000000000046,-0.2960000000000059,-0.025499999999999266
-0.1237999999999994,-0.12399999999999184,-0.04700000000000103
-0.11089999999999918,0.04800000000001091,-0.06850000000000137
-0.029999999999998875,0.18800000000000183,-0.10600000000000051
0.0560000000000025,0.325600000000004,-0.14470000000000113
0.07179999999999864,0.33059999999999634,-0.13399999999999807
0.041700000000000154,0.24890000000000043,-0.09100000000000022
0.010399999999999646,0.1767999999999995,-0.04919999999999959
-0.02400000000000091,0.12949999999999875,-0.010499999999998975
-0.05840000000000145,0.082199999999998,0.028200000000001637
0.022000000000005016,0.16200000000000503,0.128400000000006
0.10800000000000069,0.24800000000000072,0.23160000000000083
0.1291999999999996,0.19089999999999663,0.242999999999999
0.11199999999999932,0.04899999999999437,0.19999999999999832
0.10389999999999987,-0.1253999999999974,0.16090000000000032
0.11680000000000007,-0.37480000000000135,0.13079999999999986
0.1297000000000003,-0.6242000000000053,0.10069999999999937
-0.11780000000000934,-0.5333999999999963,0.057999999999998414
-0.37150000000001343,-0.4344999999999948,0.014999999999997727
-0.26679999999999926,-0.36079999999999984,0.04200000000000016
0.029900000000005478,-0.30059999999999887,0.10650000000000119
0.23140000000000016,-0.2529999999999993,0.15140000000000015
