0.12719999999999998,0.23954999999999999,0.089525
0.19,0.53,-0.04
0.09579999999999998,0.38084999999999997,-0.0243
0.0015999999999999626,0.23169999999999996,-0.008599999999999995
-0.03934999999999999,0.10207499999999997,0.0017750000000000023
-0.015799999999999988,-0.00390000000000007,0.005700000000000003
0.007749999999999995,-0.10987499999999997,0.009625
0.024200000000000003,-0.04189999999999999,0.052599999999999994
0.03990000000000002,0.044450000000000114,0.09970000000000007
0.04579999999999999,0.0972,0.1286
0.034024999999999986,0.08934999999999998,0.124675
0.022250000000000006,0.0815,0.12075
0.035875000000000046,0.07047499999999998,0.12635000000000002
0.05550000000000001,0.0587,0.1342
0.064875,0.05205,0.130775
0.04524999999999996,0.05990000000000002,0.09544999999999992
0.02562499999999999,0.06775,0.060124999999999984
-0.005200000000000107,0.05879999999999996,0.04159999999999997
-0.04052500000000003,0.043099999999999986,0.02982499999999999
-0.06544999999999991,0.026749999999999937,0.022600000000000058
-0.037975000000000037,0.007125000000000024,0.03829999999999999
-0.010500000000000027,-0.012499999999999983,0.053999999999999986
0.016974999999999983,-0.017575000000000004,0.07454999999999998
0.044450000000000114,-0.013649999999999985,0.09810000000000009
0.06917499999999996,-0.009449999999999967,0.11862499999999991
0.05740000000000001,-0.0016000000000000007,0.099
0.045625,0.00625,0.079375
0.02565,0.007949999999999999,0.05565
-0.0018250000000000072,0.004024999999999999,0.02817499999999999
-0.02930000000000014,9.999999999998011e-05,0.0006999999999998608
-0.05677500000000002,0.01147500000000001,-0.003825000000000003
-0.08425000000000003,0.02325000000000001,-0.007750000000000003
-0.08659999999999997,0.018274999999999972,-0.008324999999999996
-0.05519999999999982,-0.009200000000000156,-0.004399999999999978
-0.023799999999999953,-0.03667500000000004,-0.0004749999999999943
-0.03725000000000004,-0.03309999999999999,0.031050000000000057
-0.05687499999999995,-0.025250000000000022,0.0663749999999999
-0.07,-0.016099999999999975,0.07829999999999993
-0.07,-0.004324999999999921,0.04297499999999976
-0.07,0.007450000000000028,0.007649999999999916
-0.05154999999999994,0.01615000000000002,-0.00307500000000001
-0.028000000000000046,0.023999999999999987,-0.006999999999999993
-0.008149999999999978,0.01889999999999986,-0.010925000000000011
-0.00030000000000001206,-0.028199999999999933,-0.014849999999999995
0.0075500000000000254,-0.07530000000000014,-0.018775000000000014
-0.019700000000000342,-0.11430000000000028,-0.02
-0.06287500000000015,-0.14962500000000012,-0.02
-0.10880000000000054,-0.18220000000000014,-0.0216500000000001
-0.17160000000000025,-0.19790000000000005,-0.03342500000000005
-0.2344,-0.21359999999999998,-0.0452
-0.26,-0.21534999999999996,-0.0639500000000001
-0.26,-0.20750000000000002,-0.0875
-0.2570249999999997,-0.1971999999999997,-0.11052500000000005
-0.19029999999999997,-0.1344,-0.1223
-0.12357499999999966,-0.07159999999999969,-0.13407500000000008
-0.09585,-0.02829999999999998,-0.1361
-0.10762500000000005,-0.004749999999999872,-0.12824999999999995
-0.11940000000000012,0.01880000000000024,-0.12039999999999991
-0.17587500000000034,-0.08057500000000059,-0.11254999999999996
-0.2347500000000001,-0.18655000000000016,-0.10469999999999999
-0.24480000000000018,-0.24685,-0.1141749999999999
-0.18199999999999988,-0.239,-0.14950000000000008
-0.1191999999999996,-0.23114999999999997,-0.18482500000000024
-0.08989999999999995,-0.16299999999999984,-0.2235000000000001
-0.06634999999999984,-0.08449999999999946,-0.26275000000000026
-0.08840000000000142,-0.02639999999999986,-0.2779999999999995
-0.21399999999999977,-0.01462500000000002,-0.23875000000000007
-0.33960000000000035,-0.002849999999999966,-0.1994999999999999
-0.3075249999999994,-0.04165000000000042,-0.1602499999999997
-0.22509999999999974,-0.09660000000000019,-0.12099999999999987
-0.1319499999999989,-0.14660000000000026,-0.09165000000000006
0.0014999999999992797,-0.17799999999999983,-0.09949999999999995
0.1349499999999999,-0.20939999999999998,-0.10735
0.10979999999999959,-0.25900000000000023,-0.2088000000000006
0.003824999999999093,-0.3178750000000005,-0.3579500000000013
-0.10575000000000184,-0.3686499999999998,-0.49045000000000005
-0.243125,-0.356875,-0.494375
-0.38050000000000067,-0.34509999999999996,-0.4983
-0.43777499999999997,-0.2999499999999994,-0.5
-0.43384999999999996,-0.22929999999999967,-0.5
-0.42985,-0.16270000000000012,-0.49902499999999994
-0.42200000000000004,-0.3039999999999995,-0.4480000000000002
-0.4141499999999999,-0.4453000000000015,-0.39697499999999947
-0.3951999999999998,-0.5385000000000002,-0.3848000000000002
-0.36379999999999996,-0.5777500000000001,-0.41620000000000007
-0.3324000000000001,-0.6169999999999999,-0.44759999999999994
-0.333625,-0.3698750000000019,-0.4608749999999999
-0.33755000000000007,-0.09904999999999822,-0.47265000000000007
-0.34442500000000004,0.05967499999999994,-0.5316250000000002
-0.3562000000000002,0.03219999999999956,-0.6690000000000021
-0.36797499999999994,0.00472500000000018,-0.8063749999999991
-0.3569999999999999,-0.04875000000000042,-0.7357499999999991
-0.34129999999999994,-0.10762500000000016,-0.6219249999999997
-0.33110000000000006,-0.200600000000003,-0.5466000000000004
-0.3350250000000001,-0.3811500000000022,-0.5701500000000003
-0.33895000000000003,-0.5617000000000014,-0.5937000000000001
-0.31124999999999986,-0.601375,-0.6345000000000002
-0.272,-0.5896,-0.6816
-0.2566750000000012,-0.5575249999999984,-0.7149249999999996
-0.34695000000000076,-0.43584999999999896,-0.6874499999999998
-0.43722500000000036,-0.3141749999999995,-0.6599749999999999
-0.5,-0.2675,-0.6775
-0.5471000000000006,-0.26357499999999995,-0.7206750000000006
-0.5829999999999993,-0.2778500000000019,-0.7684000000000009
-0.5044999999999996,-0.47802500000000103,-0.8626000000000005
-0.42599999999999993,-0.6782000000000001,-0.9568000000000001
-0.4346249999999997,-0.776375,-0.9723750000000002
-0.5170500000000008,-0.7881500000000001,-0.9213499999999994
-0.5994750000000004,-0.7999250000000001,-0.8703249999999997
-0.7560000000000002,-0.6049999999999998,-0.8036999999999999
-0.9129999999999996,-0.40875000000000056,-0.7369750000000002
-0.9719999999999993,-0.2719999999999993,-0.743750000000001
-0.9091999999999996,-0.2091999999999996,-0.8418750000000006
-0.8463999999999987,-0.14639999999999875,-0.940000000000002
-0.7518750000000002,-0.3091999999999996,-1.0275499999999997
-0.6537499999999988,-0.49760000000000215,-1.113900000000001
-0.5707499999999995,-0.615875,-1.1411249999999993
-0.5157999999999998,-0.6041,-1.0586999999999998
-0.4608499999999991,-0.5923249999999998,-0.9762749999999986
-0.5665499999999992,-0.5585000000000002,-0.96315
-0.7117750000000012,-0.5192499999999997,-0.967075
-0.8290000000000001,-0.5270000000000006,-0.9870000000000002
-0.8643250000000006,-0.6722250000000025,-1.0537250000000011
-0.8996500000000005,-0.8174500000000019,-1.1204500000000008
-0.8628249999999994,-0.8350249999999997,-1.148325
-0.7960999999999997,-0.7996999999999999,-1.1601
-0.75,-0.749375,-1.1581249999999998
-0.8128000000000009,-0.6198499999999982,-1.083549999999999
-0.8755999999999995,-0.4903250000000011,-1.0089750000000006
-0.9,-0.43759999999999993,-1.054400000000003
-0.9,-0.433675,-1.1760750000000002
-0.9024999999999999,-0.43624999999999964,-1.2939999999999998
-0.9417500000000004,-0.534375000000001,-1.3568000000000007
-0.9810000000000002,-0.6325000000000006,-1.4196000000000004
-1.0324000000000013,-0.7225250000000016,-1.3872249999999975
-1.0952000000000008,-0.8049500000000013,-1.265549999999998
-1.1579999999999995,-0.8873749999999995,-1.1438750000000009
-1.2208000000000003,-0.6999999999999987,-1.3338000000000012
-1.2836,-0.5037499999999996,-1.5339750000000003
-1.268849999999998,-0.42630000000000134,-1.5509999999999962
-1.1471749999999985,-0.5126500000000009,-1.3154999999999972
-1.0255000000000014,-0.5989999999999991,-1.0800000000000025
-1.0613750000000013,-0.7367250000000031,-1.1013750000000013
-1.12025,-0.8819499999999998,-1.16025
-1.1714750000000003,-0.9927500000000005,-1.2216750000000007
-1.2068000000000003,-1.0320000000000003,-1.2884000000000007
-1.2421250000000001,-1.0712500000000003,-1.3551250000000004
-1.332350000000002,-0.9396999999999969,-1.3181499999999988
-1.4383250000000014,-0.7591499999999977,-1.2514249999999991
-1.5073999999999985,-0.5947999999999971,-1.2243000000000028
-1.4524499999999998,-0.48489999999999955,-1.3302750000000003
-1.3975,-0.375,-1.43625
-1.3826749999999999,-0.4523500000000023,-1.5609500000000018
-1.3865999999999998,-0.6172000000000015,-1.6944000000000012
-1.3815999999999984,-0.7605250000000001,-1.7727249999999937
-1.3187999999999986,-0.7644500000000001,-1.4940499999999948
-1.2560000000000002,-0.768375,-1.2153750000000012
-1.3243000000000016,-0.8436000000000012,-1.1046000000000002
-1.485225000000001,-0.9692000000000007,-1.1124500000000002
-1.6368499999999997,-1.08955,-1.1258500000000002
-1.5544249999999986,-1.077775,-1.2789250000000023
-1.4720000000000004,-1.066,-1.4319999999999988
-1.4319250000000001,-1.0118749999999976,-1.5234750000000008
-1.43585,-0.9137499999999981,-1.5509500000000005
-1.4397749999999998,-0.815625000000002,-1.5784249999999995
-1.532500000000001,-0.8211000000000002,-1.650300000000001
-1.6306250000000007,-0.832875,-1.7248750000000006
-1.7148,-0.84775,-1.7064499999999996
-1.7775999999999998,-0.867375,-1.5455250000000003
-1.8403999999999998,-0.8869999999999999,-1.384600000000001
-1.9331250000000026,-0.9498500000000019,-1.4032250000000013
-2.0312499999999987,-1.020499999999999,-1.4542499999999994
-2.077674999999999,-1.0417999999999985,-1.4512249999999978
-2.003099999999999,-0.9475999999999988,-1.3216999999999983
-1.9285249999999994,-0.8533999999999992,-1.1921749999999989
-1.8568999999999996,-0.7208499999999993,-1.2072000000000003
-1.78625,-0.575625,-1.27
-1.7316000000000003,-0.4415999999999971,-1.358400000000006
-1.73945,-0.3513250000000008,-1.5467999999999984
-1.7472999999999999,-0.26105000000000117,-1.7351999999999976
-1.8066500000000016,-0.42570000000000563,-1.8077250000000002
-1.8930000000000011,-0.7240000000000043,-1.8195000000000003
-1.980625000000001,-0.99,-1.8100249999999982
-2.0787500000000008,-0.99,-1.625549999999999
-2.1768750000000003,-0.99,-1.4410749999999999
-2.233200000000001,-0.9966000000000004,-1.3335999999999986
-2.25675,-1.008375,-1.2865000000000004
-2.2778499999999955,-1.018499999999997,-1.241050000000002
-2.1090749999999963,-0.9007499999999976,-1.3234750000000017
-1.9402999999999972,-0.7829999999999981,-1.4059000000000013
-1.8700750000000006,-0.7327750000000003,-1.5248250000000019
-1.9132500000000003,-0.7602500000000002,-1.6857500000000012
-1.9564250000000016,-0.7877250000000011,-1.8466750000000063
-2.0463999999999998,-0.7792,-1.7736000000000003
-2.1405999999999996,-0.7674250000000001,-1.6794000000000007
-2.2449500000000033,-0.7687000000000006,-1.6011499999999987
-2.3666250000000026,-0.7922500000000005,-1.5501249999999989
-2.488300000000002,-0.8158000000000004,-1.4990999999999992
-2.4293749999999985,-0.7941999999999996,-1.4416249999999993
-2.331249999999999,-0.7627999999999997,-1.3827499999999995
-2.280425,-0.7184999999999997,-1.3421500000000002
-2.355,-0.64,-1.35
-2.4295750000000025,-0.5614999999999976,-1.3578500000000004
-2.4414499999999997,-0.5571000000000007,-1.3742500000000006
-2.429675,-0.5806499999999997,-1.3938749999999998
-2.414399999999999,-0.6,-1.4057999999999995
-2.3829999999999996,-0.6,-1.3822499999999998
-2.3515999999999995,-0.6,-1.3586999999999998
-2.2855499999999993,-0.7237500000000011,-1.4168250000000007
-2.1992,-0.9200000000000004,-1.5228000000000002
-2.1213000000000006,-1.1091000000000037,-1.6177249999999992
-2.137,-1.2189999999999992,-1.5902500000000004
-2.1527,-1.3288999999999986,-1.5627750000000005
-2.183100000000001,-1.2875999999999963,-1.472299999999997
-2.2262750000000007,-1.1148999999999971,-1.3270749999999976
-2.2694500000000004,-0.9421999999999979,-1.1818499999999983
-2.3513750000000004,-0.928375,-1.2497500000000006
-2.4338,-0.9166,-1.3204000000000002
-2.454124999999998,-0.8306499999999937,-1.3530999999999995
-2.3952500000000003,-0.650100000000001,-1.3374000000000001
-2.3363749999999985,-0.4695499999999953,-1.3216999999999997
-2.33,-0.5445000000000023,-1.516000000000005
-2.33,-0.6504750000000018,-1.7358000000000038
-2.3421500000000006,-0.7497000000000011,-1.8462499999999986
-2.3774750000000004,-0.8360500000000007,-1.748124999999999
-2.412800000000001,-0.9224000000000034,-1.649999999999996
-2.42625,-0.9056249999999999,-1.526875
-2.4341,-0.8624500000000002,-1.3973500000000005
-2.431224999999999,-0.8007499999999967,-1.3390000000000044
-2.3958999999999993,-0.6829999999999973,-1.4960000000000035
-2.3605749999999994,-0.5652499999999978,-1.653000000000003
-2.3445,-0.579500000000001,-1.661499999999999
-2.33665,-0.6501500000000007,-1.6065499999999995
-2.3245999999999998,-0.7280000000000006,-1.5534
-2.289275,-0.8457500000000002,-1.510225
-2.2539499999999992,-0.9635000000000039,-1.4670499999999986
-2.2590000000000012,-1.0004999999999995,-1.4452499999999997
-2.2903999999999995,-0.9848000000000001,-1.4374
-2.3188749999999994,-0.9650499999999982,-1.4338250000000012
-2.29925,-0.8786999999999986,-1.5005500000000012
-2.279625,-0.792349999999999,-1.5672750000000009
-2.268,-0.7399999999999999,-1.5739999999999996
-2.264075,-0.7203749999999999,-1.522975
-2.2601499999999994,-0.7007499999999993,-1.471949999999998
-2.210925,-0.7415249999999998,-1.451125
-2.1598999999999986,-0.7847000000000012,-1.4314999999999993
-2.1218749999999993,-0.8213750000000006,-1.4362500000000007
-2.1022499999999997,-0.8488500000000005,-1.4755000000000007
-2.0826249999999997,-0.8763250000000004,-1.5147500000000005
-2.0664,-0.8391999999999996,-1.5506000000000004
-2.0507,-0.7920999999999998,-1.5859250000000003
-2.06625,-0.7525,-1.6087500000000001
-2.1486749999999994,-0.7289500000000001,-1.6048250000000002
-2.2311000000000023,-0.7053999999999994,-1.6009
-2.1743749999999977,-0.6939499999999998,-1.5515999999999985
-2.0762500000000017,-0.6861000000000002,-1.488800000000001
-1.9912500000000009,-0.6896249999999992,-1.4531249999999987
-1.9519999999999982,-0.732800000000002,-1.5120000000000027
-1.9127499999999997,-0.7759750000000003,-1.5708750000000005
-1.8522999999999998,-0.7635,-1.5979500000000002
-1.7816500000000002,-0.7242500000000001,-1.609725
-1.7225,-0.6865000000000001,-1.62
-1.7421250000000004,-0.6590249999999993,-1.62
-1.7617500000000004,-0.6315499999999994,-1.62
-1.8086750000000011,-0.6245500000000002,-1.6063499999999997
-1.8754000000000008,-0.6324000000000001,-1.5827999999999998
-1.9401249999999999,-0.640125,-1.5587499999999999
-1.94405,-0.6440500000000001,-1.5194999999999985
-1.947975,-0.6479750000000002,-1.4802499999999985
-1.887299999999996,-0.6538000000000003,-1.4809000000000012
-1.7577750000000014,-0.66165,-1.5240749999999996
-1.628250000000002,-0.6694999999999999,-1.5672499999999994
-1.5979499999999989,-0.7288000000000033,-1.5111999999999965
-1.5743999999999998,-0.7916000000000007,-1.448399999999999
-1.5416999999999996,-0.8223749999999999,-1.4023749999999997
-1.4945999999999997,-0.80275,-1.38275
-1.4475,-0.7831250000000001,-1.3631250000000001
-1.4234999999999993,-0.7932000000000005,-1.4260000000000026
-1.4038749999999993,-0.8089000000000004,-1.5045000000000022
-1.3876999999999997,-0.8073499999999989,-1.5312499999999978
-1.3798499999999998,-0.7641749999999992,-1.4331249999999982
-1.3720000000000003,-0.7210000000000009,-1.3350000000000022
-1.3290499999999976,-0.7041499999999996,-1.3597250000000032
-1.2740999999999978,-0.6962999999999996,-1.4264500000000029
-1.244725,-0.6853499999999999,-1.4768999999999999
-1.3192999999999997,-0.6618,-1.4612
-1.3938749999999993,-0.6382500000000002,-1.4455
-1.42,-0.6172499999999995,-1.4042999999999985
-1.42,-0.5976249999999996,-1.349349999999999
-1.4051999999999976,-0.5820000000000003,-1.3024000000000004
-1.2599749999999983,-0.6016250000000002,-1.3259500000000004
-1.114749999999999,-0.6212500000000002,-1.3495000000000004
-1.0826250000000024,-0.63,-1.3926250000000024
-1.141500000000002,-0.63,-1.451500000000002
-1.2000250000000001,-0.6299249999999996,-1.5097249999999987
-1.20395,-0.6181499999999996,-1.466549999999999
-1.2078749999999998,-0.6063750000000001,-1.4233750000000005
-1.1721999999999955,-0.565799999999996,-1.3711999999999966
-1.089774999999996,-0.4912249999999963,-1.308399999999997
-1.0073499999999993,-0.41664999999999935,-1.2455999999999994
-1.017875,-0.4386000000000001,-1.2972000000000001
-1.0375,-0.47,-1.3599999999999999
-1.0229249999999976,-0.4800249999999991,-1.390024999999999
-0.9483499999999979,-0.45254999999999923,-1.3625499999999993
-0.8737749999999983,-0.42507499999999937,-1.3350749999999993
-0.8375999999999995,-0.4071999999999997,-1.2307999999999977
-0.8101249999999997,-0.3914999999999998,-1.1091249999999984
-0.766899999999996,-0.3957500000000027,-1.0410000000000037
-0.6805499999999963,-0.4546250000000025,-1.1195000000000033
-0.5941999999999967,-0.5135000000000023,-1.1980000000000028
-0.5897749999999999,-0.5836749999999998,-1.194575
-0.6172499999999997,-0.6582499999999994,-1.1592500000000001
-0.6494500000000034,-0.7227000000000009,-1.1259499999999985
-0.7044000000000011,-0.7384000000000003,-1.1023999999999994
-0.7593500000000009,-0.7541000000000002,-1.0788499999999996
-0.7309999999999991,-0.7354999999999996,-1.023449999999999
-0.6524999999999994,-0.6962499999999997,-0.9488749999999995
-0.5791,-0.6470999999999996,-0.8754999999999998
-0.5673249999999996,-0.47832499999999417,-0.8166249999999979
-0.5555499999999997,-0.3095499999999949,-0.7577499999999981
-0.5375499999999994,-0.26320000000000165,-0.7860250000000027
-0.5140000000000003,-0.32599999999999907,-0.8919999999999985
-0.49045000000000044,-0.3887999999999988,-0.9979749999999981
-0.5477500000000028,-0.2937499999999952,-0.8767999999999938
-0.6066250000000005,-0.19562499999999916,-0.751199999999999
-0.5855999999999949,-0.13149999999999923,-0.7276000000000045
-0.46,-0.111875,-0.8375
-0.3344000000000051,-0.09225000000000079,-0.9473999999999955
-0.40340000000000603,-0.18382500000000673,-0.9113499999999964
-0.4976000000000022,-0.28980000000000244,-0.8563999999999987
-0.5719249999999995,-0.33747500000000114,-0.780250000000002
-0.6072500000000005,-0.27074999999999905,-0.6624999999999983
-0.6425749999999991,-0.20402500000000173,-0.5447500000000031
-0.5972999999999996,-0.3109000000000009,-0.6068000000000007
-0.5305749999999975,-0.46397500000000574,-0.7167000000000042
-0.4781,-0.57905,-0.7905000000000002
-0.4702499999999998,-0.5751249999999999,-0.7512499999999989
-0.4624000000000001,-0.5712,-0.7120000000000004
-0.4300249999999991,-0.5318499999999988,-0.5909999999999969
-0.38684999999999775,-0.4768999999999971,-0.4339999999999918
-0.32182499999999775,-0.38514999999999655,-0.27757499999999824
-0.12950000000000556,-0.0790000000000089,-0.12450000000000444
0.06282500000000057,0.22715000000000085,0.02857500000000044
0.10474999999999797,0.36880000000000107,-0.0392500000000075
0.045875000000000346,0.4001999999999998,-0.2551249999999987
-0.014400000000002272,0.41219999999999085,-0.4577999999999989
-0.10074999999999876,0.06287500000000507,-0.41462500000000063
-0.18710000000000152,-0.2864500000000061,-0.3714499999999992
-0.2062999999999977,-0.4441999999999985,-0.30654999999999577
-0.1591999999999996,-0.4127999999999997,-0.22019999999999923
-0.11209999999999809,-0.38139999999999874,-0.1338499999999965
-0.23374999999999999,-0.3425,-0.235
-0.36327499999999474,-0.30325000000000163,-0.34489999999999554
-0.47360000000000524,-0.30720000000000425,-0.40359999999999896
-0.5560250000000019,-0.37392500000000156,-0.38789999999999963
-0.6384499999999986,-0.4406499999999989,-0.37220000000000025
-0.5926249999999991,-0.3453749999999982,-0.3058749999999989
-0.5259000000000017,-0.22370000000000317,-0.23130000000000195
-0.4873500000000001,-0.10937499999999943,-0.15672499999999956
-0.5109000000000009,-0.011249999999996305,-0.0821499999999972
-0.53445,0.08687499999999972,-0.007575000000000215
-0.4199999999999955,0.06799999999999842,0.05800000000000183
-0.26300000000000184,0.013050000000000644,0.12079999999999928
-0.10939999999999714,-0.056350000000002454,0.15129999999999827
0.03190000000000737,-0.17802500000000634,0.06494999999999551
0.17320000000000163,-0.2997000000000014,-0.021400000000000998
0.015249999999986663,-0.3058749999999978,0.013000000000004092
-0.29090000000000094,-0.25484999999999985,0.10720000000000028
-0.5557249999999988,-0.21332500000000093,0.17907499999999688
-0.5203999999999976,-0.24080000000000185,0.088799999999994
-0.4850749999999991,-0.26827500000000076,-0.0014750000000023494
-0.3417500000000032,-0.16075000000000306,-0.05799999999999955
-0.11802499999999608,0.04727500000000359,-0.08940000000000055
0.10200000000000387,0.2513000000000025,-0.1183999999999969
0.1805000000000007,0.30232500000000045,-0.05559999999999946
0.25900000000000317,0.35335000000000205,0.007200000000002545
0.21187499999999995,0.28625,0.05875000000000001
0.027399999999994096,0.08999999999999375,0.09800000000000125
-0.15707500000001176,-0.1062500000000125,0.1372500000000025
-0.11159999999999855,-0.09079999999999927,0.048749999999997726
-0.04879999999999655,-0.059399999999998274,-0.0493750000000054
-0.014500000000000172,-0.02049999999999927,-0.08749999999999913
-0.026274999999999694,0.030524999999998664,-0.02862500000000153
-0.03805000000000092,0.08155000000000398,0.030250000000004607
0.012400000000002354,0.06707499999999895,0.0334499999999997
0.07519999999999982,0.03960000000000008,0.025600000000000022
0.09074999999999703,-0.00025000000000205413,0.030125000000001026
-0.011299999999998839,-0.07089999999999919,0.06544999999999959
-0.11335000000000209,-0.14155000000000142,0.10077500000000071
-0.11969999999999859,-0.17450000000000102,0.15350000000000308
-0.0922249999999997,-0.19412500000000021,0.21237500000000067
-0.05724999999999711,-0.20549999999999896,0.27650000000000374
0.009475000000000192,-0.18194999999999992,0.36285000000000023
0.07620000000000232,-0.15839999999999918,0.449200000000003
0.10505000000000053,-0.13989999999999894,0.4597999999999979
0.11290000000000021,-0.12419999999999959,0.42839999999999917
0.10950000000000162,-0.1264999999999975,0.393625000000001
-0.00040000000000189884,-0.299200000000003,0.32689999999999886
-0.11030000000000541,-0.47190000000000853,0.2601749999999967
-0.11914999999999937,-0.4768999999999989,0.2429000000000002
