0.07819999999999996,0.3984,-0.060500000000000005
-0.07,0.57,-0.08
0.02749999999999997,0.5037,-0.029300000000000007
0.12499999999999994,0.4374,0.021399999999999978
0.1494,0.33030000000000004,0.04490000000000001
0.07920000000000006,0.17040000000000016,0.033200000000000014
0.008999999999999968,0.010499999999999928,0.021499999999999995
-0.057799999999999976,-0.07119999999999999,-0.034399999999999986
-0.12410000000000002,-0.1414,-0.09680000000000001
-0.1568000000000001,-0.16960000000000014,-0.14
-0.11390000000000003,-0.10330000000000004,-0.14
-0.07099999999999997,-0.03699999999999994,-0.14
-0.0687,0.011899999999999994,-0.1052
-0.08039999999999999,0.05479999999999997,-0.058400000000000035
-0.09350000000000001,0.08299999999999996,-0.02420000000000002
-0.113,0.044,-0.0476
-0.13250000000000003,0.0049999999999999455,-0.07100000000000004
-0.14959999999999998,-0.012399999999999994,-0.09919999999999995
-0.16519999999999999,-0.0163,-0.1304
-0.18099999999999997,-0.020999999999999984,-0.16199999999999998
-0.2005,-0.04050000000000001,-0.201
-0.22000000000000003,-0.06000000000000004,-0.24000000000000007
-0.2319,-0.07379999999999999,-0.23720000000000008
-0.2358,-0.0816,-0.1904
-0.2397,-0.08940000000000001,-0.14359999999999995
-0.22920000000000001,-0.1511999999999999,-0.10760000000000006
-0.2175,-0.2175,-0.07250000000000001
-0.22820000000000007,-0.2572,-0.05700000000000003
-0.27890000000000015,-0.24939999999999998,-0.07650000000000007
-0.3296,-0.24159999999999998,-0.096
-0.35860000000000003,-0.1903999999999999,-0.12790000000000004
-0.38200000000000006,-0.12799999999999984,-0.1630000000000001
-0.3793000000000001,-0.07460000000000001,-0.20259999999999997
-0.2896000000000003,-0.05120000000000008,-0.2571999999999998
-0.1998999999999998,-0.02779999999999994,-0.31180000000000013
-0.1934,-0.06419999999999995,-0.36119999999999997
-0.22850000000000004,-0.13050000000000006,-0.40800000000000003
-0.2643999999999999,-0.18640000000000007,-0.4412000000000002
-0.3073000000000002,-0.15129999999999988,-0.3553999999999997
-0.3502,-0.11619999999999998,-0.26959999999999995
-0.36369999999999997,-0.09159999999999997,-0.20689999999999992
-0.352,-0.07599999999999994,-0.16399999999999984
-0.3403,-0.06039999999999992,-0.12109999999999978
-0.1614000000000005,-0.006800000000000139,-0.21879999999999974
0.021899999999999795,0.04779999999999994,-0.3201999999999999
0.06279999999999997,0.030399999999999955,-0.41200000000000003
-0.10099999999999879,-0.09049999999999914,-0.48999999999999944
-0.26480000000000053,-0.21140000000000042,-0.5680000000000002
-0.4087999999999994,-0.2827999999999997,-0.5997999999999999
-0.5491999999999996,-0.34519999999999984,-0.6232
-0.6478,-0.39659999999999995,-0.6103000000000002
-0.64,-0.42000000000000004,-0.505
-0.6322,-0.44340000000000007,-0.39969999999999983
-0.4283999999999992,-0.3071999999999994,-0.4652000000000004
-0.1476000000000013,-0.10830000000000095,-0.5977999999999993
0.07319999999999938,0.04379999999999942,-0.7039999999999997
-0.03599999999999978,-0.06149999999999978,-0.665
-0.14519999999999997,-0.16679999999999995,-0.626
-0.2912000000000002,-0.24910000000000007,-0.6560000000000001
-0.46280000000000043,-0.3154000000000002,-0.7340000000000002
-0.6270999999999995,-0.37769999999999965,-0.8095
-0.5139999999999993,-0.2879999999999995,-0.7899999999999999
-0.40090000000000026,-0.1983000000000002,-0.7705000000000001
-0.32560000000000006,-0.17879999999999996,-0.7978
-0.2944,-0.24120000000000003,-0.8797
-0.2632000000000002,-0.3035999999999996,-0.9615999999999995
-0.3090000000000002,-0.4815000000000007,-0.8404999999999995
-0.3636000000000003,-0.672600000000001,-0.6961999999999993
-0.41169999999999995,-0.7831000000000001,-0.6571999999999996
-0.4468,-0.7324,-0.8287999999999998
-0.4819,-0.6817,-1.0004000000000002
-0.6730000000000005,-0.652,-1.007
-0.9108999999999987,-0.6286000000000002,-0.9641000000000003
-1.057600000000001,-0.5812000000000006,-0.9212000000000002
-0.8508999999999988,-0.44079999999999914,-0.8782999999999997
-0.6441999999999983,-0.30039999999999895,-0.8353999999999996
-0.5925,-0.3175,-0.9149999999999999
-0.6276,-0.4228000000000002,-1.0632000000000001
-0.6621000000000001,-0.5233000000000001,-1.2024000000000001
-0.6894000000000001,-0.5662000000000003,-1.2336
-0.7166999999999999,-0.6090999999999999,-1.2648
-0.7840000000000007,-0.5419999999999987,-1.221999999999999
-0.8893000000000009,-0.3703999999999985,-1.108899999999999
-0.994600000000001,-0.19879999999999826,-0.9957999999999988
-0.9593000000000003,-0.15300000000000025,-0.9567000000000002
-0.9164000000000002,-0.1140000000000002,-0.9216000000000002
-0.8600000000000003,-0.2114999999999988,-0.9764999999999993
-0.7820000000000001,-0.5273999999999993,-1.1753999999999996
-0.704,-0.8432999999999998,-1.3742999999999999
-0.7316,-1.0504000000000002,-1.3428
-0.7823000000000001,-1.2337000000000005,-1.2608999999999997
-0.8219999999999998,-1.2950000000000044,-1.1760000000000013
-0.8298,-1.0024999999999986,-1.0823999999999996
-0.8376,-0.7099999999999981,-0.9887999999999993
-0.9102000000000008,-0.5848999999999995,-1.0167000000000006
-1.0115999999999992,-0.5342000000000005,-1.0985999999999991
-1.084500000000001,-0.4735000000000009,-1.1934999999999987
-0.9636000000000008,-0.3448000000000008,-1.376799999999999
-0.8426999999999983,-0.2160999999999982,-1.5601000000000025
-0.8735999999999996,-0.3095999999999992,-1.596
-1.0217999999999998,-0.5747999999999995,-1.518
-1.17,-0.84,-1.44
-1.2129,-0.9570000000000001,-1.2176999999999996
-1.2558,-1.0740000000000003,-0.9953999999999994
-1.2766,-1.066899999999999,-0.9567000000000008
-1.2688,-0.899199999999999,-1.155600000000001
-1.2610000000000001,-0.7315000000000018,-1.3544999999999978
-1.3415999999999992,-0.618200000000001,-1.4547999999999992
-1.435200000000001,-0.5128999999999989,-1.5406000000000009
-1.4543999999999984,-0.39559999999999834,-1.5555999999999983
-1.306200000000001,-0.25130000000000075,-1.4113000000000007
-1.1580000000000006,-0.10700000000000054,-1.2670000000000006
-1.1751,-0.3570999999999992,-1.3459999999999996
-1.2492,-0.7431999999999997,-1.5019999999999998
-1.3128,-1.0705,-1.5991999999999997
-1.3284,-1.1290000000000002,-1.4275999999999995
-1.344,-1.1875000000000002,-1.2559999999999993
-1.455600000000001,-1.1163999999999992,-1.2068
-1.627199999999998,-0.9643000000000017,-1.2340999999999998
-1.7885999999999997,-0.8151999999999993,-1.2646000000000006
-1.7612999999999999,-0.7215999999999991,-1.354300000000001
-1.7339999999999998,-0.6279999999999989,-1.444000000000001
-1.6839000000000004,-0.5762,-1.5013999999999998
-1.6098000000000003,-0.5684,-1.5248
-1.5357000000000003,-0.5606000000000001,-1.5482
-1.5948,-0.9019999999999995,-1.6219999999999999
-1.665,-1.2725,-1.7
-1.7086,-1.4567999999999999,-1.6519999999999997
-1.7046999999999999,-1.3085999999999995,-1.3789999999999991
-1.7008,-1.1604000000000019,-1.1060000000000039
-1.6627999999999998,-0.8943999999999982,-1.0252
-1.6159999999999997,-0.5979999999999979,-0.9939999999999998
-1.5682999999999996,-0.40510000000000135,-1.079800000000004
-1.5175999999999994,-0.5572000000000016,-1.555600000000005
-1.4668999999999994,-0.7093000000000018,-2.0314000000000054
-1.582599999999999,-0.8067999999999996,-2.0990000000000006
-1.7814999999999992,-0.8769999999999997,-1.9625000000000006
-1.9644,-0.9396,-1.8144000000000005
-2.0073,-0.9357,-1.5648000000000002
-2.0502,-0.9318000000000001,-1.3151999999999997
-2.0909999999999997,-0.9237,-1.2105
-2.13,-0.912,-1.23
-2.169000000000001,-0.9002999999999998,-1.2495000000000005
-2.071200000000001,-0.8050000000000012,-1.4665999999999975
-1.9698000000000009,-0.707500000000001,-1.6888999999999978
-1.9195999999999998,-0.7027999999999989,-1.7880000000000007
-1.9429999999999998,-0.831499999999999,-1.7100000000000006
-1.9664000000000004,-0.9602000000000016,-1.6319999999999992
-1.9600999999999997,-0.9073999999999988,-1.5044999999999982
-1.9483999999999997,-0.8215999999999987,-1.3679999999999979
-1.953199999999999,-0.7512000000000006,-1.2952999999999983
-2.0,-0.72,-1.385
-2.0468,-0.6888,-1.4747000000000001
-2.1020000000000003,-0.6912,-1.5504000000000002
-2.1605000000000003,-0.7068000000000001,-1.6206000000000003
-2.2015999999999996,-0.7218,-1.6764
-2.1469999999999994,-0.7335,-1.6529999999999998
-2.0923999999999996,-0.7452000000000001,-1.6296
-2.0906999999999996,-0.7867999999999995,-1.6177000000000001
-2.1258,-0.8491999999999996,-1.6138000000000001
-2.1624999999999996,-0.9101,-1.6062000000000007
-2.26,-0.914,-1.4580000000000006
-2.3575,-0.9179,-1.3098000000000003
-2.401,-0.9001999999999993,-1.2245999999999997
-2.3814999999999995,-0.8572999999999993,-1.2128999999999996
-2.3619999999999997,-0.8143999999999991,-1.2011999999999998
-2.3565,-0.8589999999999992,-1.2174999999999996
-2.3526000000000002,-0.9135999999999993,-1.2369999999999997
-2.2863000000000024,-0.9279000000000007,-1.2655999999999994
-2.095200000000002,-0.8616000000000007,-1.3123999999999996
-1.9041000000000017,-0.7953000000000006,-1.3591999999999997
-1.9439999999999993,-0.783,-1.459999999999999
-2.0531999999999995,-0.7869,-1.5769999999999993
-2.1376,-0.7804000000000002,-1.6356000000000006
-2.1259,-0.7336000000000001,-1.4679000000000004
-2.1142,-0.6868000000000001,-1.3002000000000002
-2.15,-0.7575000000000001,-1.365
-2.2124,-0.8940000000000002,-1.5600000000000003
-2.2745,-1.0206,-1.7324999999999997
-2.333,-1.0284,-1.6349999999999996
-2.3915,-1.0362,-1.5374999999999994
-2.4060000000000006,-0.9920000000000028,-1.4640000000000015
-2.3787,-0.8983999999999992,-1.4132999999999996
-2.3514,-0.8047999999999991,-1.3625999999999996
-2.2944999999999993,-0.8370000000000005,-1.4488000000000012
-2.2359999999999993,-0.8760000000000006,-1.5424000000000013
-2.2150000000000007,-0.8789999999999992,-1.6330000000000013
-2.2540000000000004,-0.8243999999999991,-1.7188000000000014
-2.2930000000000006,-0.769799999999999,-1.8046000000000015
-2.3127999999999997,-0.7727999999999997,-1.768800000000001
-2.3284,-0.7883999999999998,-1.706400000000001
-2.3439999999999994,-0.8029999999999998,-1.6320000000000014
-2.3595999999999995,-0.8146999999999999,-1.5228000000000013
-2.3751999999999995,-0.8263999999999998,-1.413600000000001
-2.3773,-0.7651999999999974,-1.4043000000000008
-2.3733999999999997,-0.6715999999999974,-1.439400000000001
-2.3610000000000007,-0.5969999999999995,-1.4834999999999992
-2.2908000000000004,-0.6515999999999996,-1.5887999999999993
-2.2206,-0.7061999999999997,-1.6940999999999995
-2.1394,-0.7695999999999998,-1.7004000000000001
-2.0497,-0.8397999999999999,-1.6302
-1.96,-0.91,-1.56
-1.9561,-0.8983,-1.4703
-1.9522,-0.8865999999999999,-1.3805999999999998
-1.9738000000000002,-0.8936000000000002,-1.3606000000000003
-2.0284000000000004,-0.9248000000000002,-1.4308000000000005
-2.083,-0.9560000000000002,-1.5010000000000006
-2.0491999999999995,-0.868199999999999,-1.5168000000000001
-2.0023999999999993,-0.7628999999999989,-1.5246000000000002
-1.9651999999999998,-0.6936000000000001,-1.5275999999999998
-1.9495999999999998,-0.7053000000000001,-1.5197999999999998
-1.9340000000000004,-0.7169999999999997,-1.5120000000000002
-1.9386999999999996,-0.7779999999999984,-1.4665000000000012
-1.9503999999999997,-0.8559999999999985,-1.4080000000000013
-1.9586000000000001,-0.9116000000000009,-1.3614
-1.9507999999999999,-0.8647999999999991,-1.3692000000000002
-1.9429999999999998,-0.8179999999999991,-1.377
-1.9207999999999992,-0.7591999999999985,-1.4544000000000028
-1.8895999999999993,-0.6928999999999984,-1.575300000000003
-1.8602,-0.6304,-1.6907999999999999
-1.8641,-0.6382,-1.7064
-1.868,-0.6459999999999999,-1.7219999999999998
-1.8605000000000003,-0.6519,-1.629300000000001
-1.8410000000000002,-0.6558,-1.422600000000001
-1.8215000000000001,-0.6597000000000001,-1.2159000000000006
-1.7264000000000002,-0.7031999999999999,-1.2144
-1.625,-0.75,-1.23
-1.5712000000000002,-0.8136000000000001,-1.3058000000000003
-1.6024,-0.9072000000000003,-1.4891000000000005
-1.6336,-1.0008000000000004,-1.6724000000000008
-1.6368999999999998,-0.883599999999999,-1.582899999999999
-1.6329999999999998,-0.7119999999999987,-1.422999999999999
-1.6309,-0.5854000000000001,-1.325200000000001
-1.6348,-0.6088000000000002,-1.4344000000000012
-1.6386999999999998,-0.6321999999999994,-1.5435999999999974
-1.554200000000003,-0.6062000000000012,-1.5176000000000023
-1.4255000000000029,-0.5555000000000011,-1.4240000000000022
-1.3104,-0.5212000000000018,-1.3408000000000002
-1.3143,-0.630400000000002,-1.3486000000000002
-1.3182,-0.7396000000000021,-1.3564000000000003
-1.3136999999999999,-0.7984000000000003,-1.3747000000000007
-1.3019999999999998,-0.8140000000000003,-1.4020000000000006
-1.2903000000000002,-0.8295999999999998,-1.4292999999999996
-1.4039999999999986,-0.7160000000000013,-1.4262
-1.5209999999999988,-0.5990000000000012,-1.4223
-1.5788000000000002,-0.5012000000000006,-1.3800000000000008
-1.5515000000000003,-0.4310000000000005,-1.2825000000000006
-1.5242000000000002,-0.3608000000000004,-1.1850000000000005
-1.4243000000000006,-0.47209999999999935,-1.325099999999999
-1.3112000000000004,-0.6163999999999996,-1.5083999999999993
-1.2135,-0.7178,-1.6103
-1.155,-0.71,-1.505
-1.0965,-0.7021999999999999,-1.3997
-1.0548,-0.6691999999999998,-1.2523999999999995
-1.0196999999999998,-0.6262999999999997,-1.0885999999999993
-0.9990000000000003,-0.5972000000000003,-0.9782000000000011
-1.0575000000000003,-0.6440000000000003,-1.1615000000000013
-1.1159999999999983,-0.6907999999999986,-1.3447999999999949
-1.1560999999999992,-0.7237999999999993,-1.3901000000000012
-1.1834000000000002,-0.7472000000000003,-1.3393999999999995
-1.2099,-0.7683999999999992,-1.2894999999999999
-1.206,-0.7059999999999991,-1.2699999999999998
-1.2021,-0.643599999999999,-1.2504999999999997
-1.1423999999999979,-0.5595999999999981,-1.2436
-1.0175999999999976,-0.4503999999999979,-1.2514
-0.8927999999999975,-0.3411999999999978,-1.2592
-0.8344999999999989,-0.43850000000000267,-1.3125000000000013
-0.7837999999999988,-0.5594000000000028,-1.3710000000000013
-0.7434999999999995,-0.64,-1.3943999999999988
-0.7240000000000002,-0.64,-1.3476000000000004
-0.7045000000000001,-0.64,-1.3008000000000004
-0.7839999999999991,-0.5770000000000006,-1.2150000000000007
-0.8931999999999993,-0.4951000000000005,-1.1175000000000006
-0.9632000000000003,-0.4284,-1.044
-0.8813000000000002,-0.42060000000000003,-1.0635
-0.7994000000000001,-0.4128,-1.083
-0.7525,-0.445,-1.135
-0.7252,-0.4996000000000001,-1.2052
-0.7009,-0.5445999999999999,-1.2543999999999995
-0.7126,-0.4743999999999997,-1.0515999999999992
-0.7243,-0.4041999999999996,-0.8487999999999988
-0.6399999999999988,-0.3619999999999999,-0.8460000000000014
-0.46449999999999847,-0.3463999999999999,-1.0332000000000017
-0.2889999999999918,-0.33079999999999926,-1.2204000000000088
-0.40949999999999664,-0.4335999999999973,-1.2263000000000002
-0.5459999999999968,-0.5427999999999975,-1.2224000000000002
-0.6749999999999974,-0.5455000000000036,-1.149500000000004
-0.7919999999999976,-0.3778000000000034,-0.9662000000000037
-0.9089999999999978,-0.21010000000000317,-0.7829000000000035
-0.8692000000000013,-0.23759999999999876,-0.8875999999999971
-0.7951000000000013,-0.30779999999999885,-1.0552999999999972
-0.6990000000000023,-0.3839999999999986,-1.1760000000000002
-0.5390999999999962,-0.47760000000000213,-1.1603999999999997
-0.37919999999999604,-0.5712000000000023,-1.1447999999999996
-0.38130000000000197,-0.5378999999999976,-1.0319999999999958
-0.4554000000000021,-0.4481999999999975,-0.8759999999999957
-0.5270000000000016,-0.365499999999999,-0.7470000000000016
-0.5816000000000017,-0.3303999999999989,-0.8016000000000016
-0.6362000000000018,-0.2952999999999989,-0.8562000000000017
-0.6621999999999999,-0.3349999999999962,-0.908599999999998
-0.6660999999999999,-0.43249999999999633,-0.959299999999998
-0.67,-0.53,-1.01
-0.5802999999999999,-0.4363999999999999,-0.9632
-0.49059999999999976,-0.3427999999999997,-0.9163999999999999
-0.4110999999999997,-0.27129999999999976,-0.8763999999999998
-0.3447999999999996,-0.22839999999999974,-0.8451999999999998
-0.2784999999999995,-0.1854999999999997,-0.8139999999999998
-0.43320000000000164,-0.2412000000000006,-0.8202000000000002
-0.620400000000002,-0.3114000000000007,-0.8319000000000001
-0.7704000000000008,-0.3696000000000004,-0.8087999999999989
-0.8367000000000009,-0.4008000000000004,-0.7073999999999987
-0.903000000000001,-0.43200000000000044,-0.6059999999999985
-0.6473999999999941,-0.3384999999999978,-0.4842999999999979
-0.2807999999999936,-0.2019999999999976,-0.35559999999999775
0.03749999999999831,-0.07320000000000162,-0.2758999999999975
0.13499999999999845,0.020399999999998503,-0.4201999999999977
0.2324999999999986,0.11399999999999863,-0.5644999999999979
0.049200000000004684,0.008400000000003016,-0.6032000000000004
-0.3095999999999958,-0.22169999999999734,-0.5759000000000003
-0.6539999999999992,-0.44339999999999935,-0.5470000000000006
-0.7319999999999993,-0.5096999999999994,-0.48850000000000054
-0.8099999999999994,-0.5759999999999995,-0.43000000000000044
-0.7018000000000018,-0.5511000000000007,-0.4189999999999998
-0.39760000000000134,-0.4302000000000005,-0.45799999999999985
-0.0934000000000009,-0.30930000000000035,-0.4969999999999999
-0.0052000000000000934,-0.19920000000000013,-0.5396
0.065,-0.09,-0.5825
0.04139999999999272,-0.017199999999999705,-0.5889999999999977
-0.1497000000000145,-0.009399999999999409,-0.5304999999999955
-0.3408000000000078,-0.0015999999999996818,-0.47199999999999764
-0.4172000000000003,-0.06200000000000047,-0.3793999999999994
-0.46399999999999864,-0.13999999999999774,-0.27800000000000297
-0.43339999999999745,-0.17569999999999908,-0.21710000000000065
-0.1448000000000076,-0.07040000000000277,-0.29119999999999807
0.14380000000000337,0.034900000000001236,-0.3653000000000009
0.1880000000000018,0.08039999999999964,-0.2938000000000034
0.10999999999999885,0.09600000000000022,-0.14949999999999788
0.03640000000000071,0.12279999999999747,-0.025999999999998802
0.001299999999999378,0.24760000000000218,-0.08450000000000102
-0.033799999999999386,0.3723999999999978,-0.142999999999999
-0.09410000000000165,0.28299999999999437,-0.19310000000000088
-0.17599999999999882,0.01000000000000395,-0.2359999999999994
-0.2579000000000019,-0.2630000000000064,-0.27890000000000104
-0.2827999999999997,-0.3611999999999989,-0.24200000000000046
-0.30620000000000064,-0.4548000000000025,-0.202999999999999
-0.28000000000000086,-0.417200000000002,-0.20879999999999937
-0.18250000000000427,-0.19100000000000994,-0.2789999999999969
-0.08500000000000058,0.035199999999998684,-0.34919999999999957
-0.2085999999999933,-0.05869999999999381,-0.29070000000000334
-0.3723999999999995,-0.21079999999999954,-0.20880000000000024
-0.4339000000000075,-0.2837000000000049,-0.15329999999999955
-0.23500000000000001,-0.155,-0.16499999999999998
-0.03610000000000696,-0.0263000000000045,-0.17669999999999958
-0.010800000000000115,0.12200000000000044,-0.11279999999999973
-0.053700000000001746,0.27800000000000635,-0.01919999999999618
-0.08099999999999966,0.38599999999999907,0.05819999999999993
-0.02249999999999744,0.22999999999999318,0.046499999999999486
0.03600000000000051,0.07399999999999862,0.034799999999999894
0.09220000000000254,0.012300000000000182,-0.009100000000003106
0.14680000000000065,0.016200000000000048,-0.07540000000000079
0.19490000000000468,0.019400000000000542,-0.13810000000000172
-0.003999999999988402,-0.003999999999998637,-0.06400000000000432
-0.20289999999999592,-0.027399999999999522,0.010099999999998492
-0.2685999999999984,0.024800000000002487,0.06620000000000062
-0.17890000000000156,0.16519999999999754,0.10129999999999939
-0.08919999999999817,0.30560000000000287,0.13640000000000074
-0.06600000000000023,0.24300000000000127,0.09450000000000074
-0.05039999999999964,0.157199999999998,0.04379999999999882
-0.024400000000000546,0.09610000000000014,0.048999999999998656
0.02240000000000123,0.0843999999999997,0.16600000000000306
0.0691999999999996,0.07270000000000011,0.282999999999999
0.02299999999999784,-0.002000000000002722,0.23799999999999727
-0.05109999999999957,-0.09559999999999946,0.14440000000000056
-0.11400000000000063,-0.16599999999999937,0.06279999999999888
-0.13349999999999995,-0.14650000000000007,0.02770000000000011
-0.1530000000000007,-0.1269999999999993,-0.007400000000001227
-0.095,-0.035,-0.025
0.00639999999999645,0.09759999999999537,-0.032799999999999725
0.10150000000000006,0.2254000000000002,-0.04150000000000006
0.12099999999999937,0.29559999999999775,-0.060999999999999374
0.14050000000000012,0.36580000000000046,-0.08050000000000011
0.08000000000000396,0.3320000000000039,-0.060000000000001705
-0.056500000000001216,0.19939999999999886,-0.0014999999999994879
-0.19299999999999642,0.06680000000000348,0.05699999999999846
-0.10379999999999884,0.08590000000000031,0.13030000000000086
-0.0024000000000023725,0.11319999999999937,0.20439999999999828
0.07200000000000045,0.14500000000000057,0.24399999999999977
0.10320000000000165,0.18400000000000205,0.2283999999999992
0.13440000000000055,0.2230000000000007,0.2127999999999997
0.09839999999999718,0.2492000000000013,0.23240000000000152
0.047699999999998965,0.27260000000000045,0.2597000000000006
-0.00799999999999898,0.2520000000000022,0.2710000000000005
-0.07819999999999652,0.10380000000000736,0.23590000000000175
-0.1483999999999992,-0.04439999999999827,0.20080000000000042
-0.16190000000000054,-0.1061999999999989,0.2034999999999991
-0.1502000000000001,-0.1295999999999998,0.2229999999999998
-0.12399999999999639,-0.14499999999999885,0.23449999999999874
0.0007999999999992735,-0.10600000000000023,0.19160000000000024
0.125600000000004,-0.06699999999999875,0.1486999999999986
0.20859999999999984,-0.010400000000000187,0.09480000000000019
