-0.02999999999999997,0.04999999999999999,-0.24
-0.3,0.2,-0.15
-0.12374999999999994,0.37625000000000003,-0.09375
0.05250000000000002,0.5525,-0.0375
0.16625,0.62625,-0.0024999999999999988
0.15500000000000003,0.495,-0.01
0.14375000000000002,0.36375,-0.0175
0.09999999999999999,0.12250000000000005,-0.0025000000000000022
0.039999999999999994,-0.17374999999999996,0.02375
-0.02,-0.47,0.05
-0.0875,-0.56375,0.0575
-0.155,-0.6575,0.065
-0.17000000000000023,-0.6450000000000005,0.05875000000000008
-0.08000000000000002,-0.42,0.025000000000000005
0.009999999999999787,-0.1950000000000005,-0.00874999999999992
0.0675,-0.022499999999999964,-0.02
0.1087499999999999,0.12374999999999967,-0.02
0.15,0.27,-0.02
0.11249999999999999,0.19874999999999998,-0.02375
0.0750000000000001,0.12750000000000017,-0.02749999999999999
0.03125000000000003,0.03500000000000003,-0.039999999999999994
-0.024999999999999994,-0.1,-0.07
-0.08125,-0.23500000000000001,-0.1
-0.12499999999999983,-0.2750000000000001,-0.10250000000000005
-0.1625,-0.2675,-0.09125
-0.2,-0.26,-0.08
-0.14375000000000002,-0.14,-0.065
-0.08750000000000027,-0.020000000000000573,-0.05000000000000007
-0.045000000000000005,0.07125,-0.04
-0.03,0.105,-0.04
-0.015000000000000072,0.13874999999999985,-0.04
-0.039999999999999786,0.07750000000000054,-0.044999999999999964
-0.08499999999999999,-0.03125,-0.0525
-0.13,-0.14,-0.06
-0.1749999999999998,-0.3087499999999992,-0.08999999999999986
-0.22,-0.4775,-0.12000000000000001
-0.25375,-0.5787500000000001,-0.12375000000000023
-0.26499999999999996,-0.5450000000000002,-0.07500000000000023
-0.27625,-0.5112500000000002,-0.02625000000000023
-0.24750000000000025,-0.4200000000000006,-0.052499999999999714
-0.19875,-0.3,-0.11624999999999999
-0.15,-0.18,-0.18
-0.22499999999999998,-0.17625,-0.18
-0.3,-0.17250000000000001,-0.18
-0.3599999999999997,-0.18874999999999947,-0.17500000000000013
-0.3899999999999997,-0.2449999999999995,-0.16000000000000014
-0.42,-0.30125,-0.14500000000000002
-0.33749999999999997,-0.18500000000000003,-0.1075
-0.19874999999999998,0.017499999999999988,-0.058750000000000004
-0.06,0.22,-0.01
0.022499999999999992,0.16,-0.1375
0.10500000000000001,0.1,-0.265
0.0525000000000031,-0.008749999999997982,-0.3225000000000008
-0.2699999999999969,-0.21499999999999803,-0.24000000000000077
-0.5924999999999999,-0.42125,-0.1575
-0.6849999999999999,-0.585,-0.060000000000000026
-0.6625,-0.7275,0.044999999999999984
-0.64,-0.87,0.15
-0.4,-0.57375,-0.03749999999999998
-0.16000000000000228,-0.2775000000000028,-0.2249999999999982
-0.006249999999999825,-0.06750000000000035,-0.38374999999999904
-0.024999999999999824,-0.030000000000000356,-0.484999999999999
-0.043749999999999824,0.007499999999999644,-0.586249999999999
-0.18000000000000005,-0.06,-0.5575
-0.375,-0.18,-0.46375
-0.57,-0.3,-0.37
-0.5287499999999999,-0.18000000000000002,-0.23125
-0.4875000000000004,-0.060000000000001136,-0.09250000000000132
-0.43375000000000075,-0.046249999999998126,-0.05499999999999844
-0.355,-0.245,-0.22
-0.2762500000000008,-0.4437499999999981,-0.38499999999999845
-0.2425000000000001,-0.579999999999999,-0.4774999999999995
-0.23125,-0.685,-0.53375
-0.2200000000000001,-0.789999999999999,-0.5899999999999994
-0.2125,-0.7825,-0.5525
-0.20500000000000007,-0.7750000000000001,-0.5150000000000003
-0.2275,-0.765,-0.51875
-0.3099999999999992,-0.7500000000000001,-0.6049999999999992
-0.39249999999999996,-0.735,-0.6912499999999999
-0.44,-0.74,-0.71
-0.4699999999999997,-0.7549999999999999,-0.6950000000000002
-0.5,-0.77,-0.68
-0.5749999999999993,-0.5900000000000016,-0.5487500000000013
-0.6499999999999999,-0.41,-0.41750000000000004
-0.6499999999999999,-0.27375,-0.4049999999999999
-0.5,-0.22499999999999998,-0.63
-0.35,-0.17625,-0.855
-0.28750000000000037,-0.27499999999999675,-0.8850000000000013
-0.26875,-0.4475,-0.8175
-0.25000000000000033,-0.6199999999999968,-0.7500000000000013
-0.445,-0.9275,-0.68625
-0.64,-1.2349999999999999,-0.6224999999999999
-0.7462500000000001,-1.3125,-0.57375
-0.675,-0.9299999999999999,-0.5549999999999999
-0.6037500000000013,-0.5475000000000072,-0.5362500000000003
-0.5725,-0.4775,-0.6950000000000001
-0.5612500000000002,-0.5637499999999984,-0.9424999999999952
-0.55,-0.65,-1.19
-0.6212499999999986,-0.65,-1.141250000000001
-0.6925,-0.65,-1.0925
-0.7625,-0.67,-1.04
-0.8300000000000001,-0.73,-0.98
-0.8975000000000001,-0.79,-0.92
-0.8725000000000014,-0.9624999999999957,-0.9974999999999973
-0.80125,-1.19125,-1.14375
-0.7300000000000013,-1.4199999999999955,-1.2899999999999974
-0.8799999999999999,-1.2925,-1.2
-1.0299999999999998,-1.165,-1.11
-1.12875,-1.06125,-1.0775000000000001
-1.125,-1.0050000000000001,-1.1600000000000001
-1.12125,-0.9487500000000011,-1.2424999999999984
-1.0375,-0.75,-1.2125
-0.9137500000000024,-0.4800000000000051,-1.1262500000000017
-0.79,-0.21,-1.04
-0.7562500000000006,-0.43874999999999564,-1.1524999999999979
-0.7224999999999999,-0.6675,-1.2650000000000001
-0.7374999999999999,-0.9075,-1.35125
-0.8499999999999979,-1.169999999999995,-1.3849999999999993
-0.9625,-1.4325,-1.41875
-1.1349999999999962,-1.482500000000001,-1.3000000000000036
-1.3375,-1.42625,-1.105
-1.5399999999999963,-1.3700000000000012,-0.9100000000000037
-1.5362500000000001,-1.10375,-0.7975
-1.5325000000000002,-0.8375000000000051,-0.6850000000000022
-1.465,-0.7225,-0.7512500000000001
-1.27,-0.9099999999999999,-1.175
-1.0750000000000037,-1.0974999999999964,-1.598749999999992
-1.07,-1.13,-1.6575
-1.1599999999999984,-1.0850000000000009,-1.5337500000000024
-1.25,-1.04,-1.41
-1.3212499999999987,-1.084999999999999,-1.3537500000000011
-1.3925,-1.13,-1.2974999999999999
-1.4475,-1.12875,-1.2475
-1.4699999999999995,-1.0350000000000017,-1.2100000000000006
-1.4925,-0.94125,-1.1724999999999999
-1.5499999999999985,-0.9949999999999977,-1.2774999999999965
-1.625,-1.1225,-1.4537499999999999
-1.7,-1.25,-1.63
-1.7262499999999994,-1.2050000000000007,-1.363750000000005
-1.7524999999999995,-1.1600000000000008,-1.097500000000005
-1.75,-1.2374999999999998,-1.0175
-1.6900000000000013,-1.5599999999999938,-1.3099999999999945
-1.6300000000000012,-1.8824999999999938,-1.6024999999999945
-1.6925000000000001,-1.7974999999999999,-1.6675
-1.81625,-1.50875,-1.61875
-1.9399999999999975,-1.2200000000000055,-1.570000000000001
-2.033749999999998,-0.9500000000000051,-1.360000000000004
-2.1275,-0.6799999999999999,-1.15
-2.1725000000000008,-0.4987500000000001,-1.027499999999999
-2.120000000000001,-0.49500000000000005,-1.079999999999999
-2.0675,-0.49124999999999996,-1.1324999999999998
-1.9474999999999998,-0.7075,-1.275
-1.7937500000000028,-1.033749999999994,-1.4624999999999964
-1.6400000000000028,-1.3599999999999939,-1.6499999999999964
-1.6512499999999999,-1.50625,-1.63875
-1.6624999999999999,-1.6525,-1.6275
-1.7149999999999974,-1.7200000000000017,-1.5937500000000016
-1.8499999999999999,-1.63,-1.5150000000000001
-1.9849999999999999,-1.54,-1.43625
-2.1149999999999975,-1.4250000000000025,-1.3525000000000016
-2.2424999999999975,-1.2975000000000023,-1.2662500000000017
-2.37,-1.17,-1.18
-2.3625000000000003,-1.2,-1.10875
-2.3550000000000004,-1.2299999999999993,-1.0375000000000014
-2.2937500000000033,-1.2637499999999993,-1.0399999999999971
-2.125,-1.3050000000000002,-1.19
-1.9562500000000032,-1.3462499999999993,-1.339999999999997
-1.9874999999999974,-1.2275000000000038,-1.5099999999999967
-2.11875,-1.02875,-1.69
-2.25,-0.83,-1.87
-2.205,-0.91625,-1.63375
-2.16,-1.0025,-1.3975
-2.1275,-1.08375,-1.1925
-2.12,-1.1549999999999974,-1.0500000000000054
-2.1125,-1.22625,-0.9075
-2.1425,-1.4,-0.9675
-2.19125,-1.625,-1.1287500000000001
-2.2399999999999984,-1.8499999999999917,-1.2899999999999938
-2.18,-1.61,-1.3050000000000002
-2.12,-1.37,-1.32
-2.1299999999999946,-1.1600000000000057,-1.3462499999999982
-2.2800000000000002,-1.01,-1.395
-2.43,-0.8600000000000001,-1.44375
-2.48,-0.9225000000000001,-1.4375
-2.48,-1.0912499999999936,-1.4037500000000014
-2.48,-1.26,-1.37
-2.43125,-1.1625,-1.3250000000000002
-2.382500000000002,-1.0650000000000037,-1.2800000000000018
-2.33,-1.0025,-1.22625
-2.27,-1.01,-1.155
-2.21,-1.0175,-1.08375
-2.155000000000002,-1.1399999999999932,-1.167499999999994
-2.1025,-1.32,-1.32875
-2.05,-1.5,-1.49
-2.124999999999997,-1.3762500000000046,-1.467500000000001
-2.199999999999997,-1.2525000000000046,-1.4450000000000007
-2.2512499999999998,-1.1724999999999999,-1.3937499999999998
-2.255,-1.18,-1.285
-2.2587499999999996,-1.1874999999999996,-1.176250000000004
-2.2249999999999996,-1.1575,-1.1624999999999999
-2.1725,-1.1087500000000001,-1.19625
-2.12,-1.06,-1.23
-2.247499999999995,-1.086249999999999,-1.3424999999999958
-2.375,-1.1124999999999998,-1.455
-2.4375,-1.1237499999999998,-1.50625
-2.3700000000000023,-1.1050000000000006,-1.4350000000000027
-2.3024999999999998,-1.0862500000000002,-1.36375
-2.2849999999999997,-1.065,-1.3525
-2.2925,-1.0425,-1.3712499999999999
-2.2999999999999994,-1.020000000000001,-1.3899999999999992
-2.1799999999999997,-1.155,-1.4012499999999999
-2.06,-1.29,-1.4124999999999999
-1.9675000000000014,-1.360000000000002,-1.3975000000000024
-1.93,-1.2999999999999998,-1.33
-1.8924999999999998,-1.24,-1.2625
-1.895,-1.2275,-1.2575
-1.917499999999999,-1.2387499999999996,-1.283749999999999
-1.94,-1.25,-1.31
-1.9437499999999999,-1.21625,-1.3175000000000001
-1.9474999999999998,-1.1825000000000012,-1.3249999999999997
-1.9300000000000022,-1.115000000000005,-1.3187500000000014
-1.87,-0.98,-1.2850000000000001
-1.81,-0.845,-1.25125
-1.7775000000000007,-0.8949999999999947,-1.3199999999999954
-1.75875,-1.0375,-1.44
-1.74,-1.18,-1.56
-1.683750000000002,-1.1425000000000014,-1.4700000000000035
-1.6275000000000022,-1.1050000000000015,-1.3800000000000034
-1.58125,-1.105,-1.32875
-1.5550000000000002,-1.1800000000000002,-1.355
-1.528750000000001,-1.2549999999999972,-1.381249999999999
-1.5225,-1.2850000000000001,-1.395
-1.52625,-1.2925,-1.4024999999999999
-1.5299999999999998,-1.2999999999999998,-1.4099999999999997
-1.608749999999997,-1.0562500000000092,-1.331250000000003
-1.6875,-0.8125,-1.2525
-1.71625,-0.68625,-1.24
-1.6450000000000027,-0.7949999999999959,-1.3599999999999954
-1.57375,-0.9037499999999999,-1.48
-1.495,-0.975,-1.5025
-1.4125,-1.0275,-1.47625
-1.3300000000000032,-1.079999999999998,-1.4500000000000008
-1.35625,-1.1400000000000001,-1.3525
-1.3824999999999998,-1.2,-1.255
-1.4037499999999994,-1.196250000000005,-1.206249999999998
-1.4149999999999996,-1.065000000000005,-1.2549999999999981
-1.42625,-0.93375,-1.30375
-1.4425,-0.9275,-1.34
-1.4612499999999993,-0.9837499999999979,-1.3699999999999988
-1.48,-1.04,-1.4
-1.2774999999999999,-1.025,-1.2875
-1.0750000000000077,-1.0100000000000007,-1.1750000000000043
-0.9999999999999931,-0.9837500000000019,-1.126249999999997
-1.18,-0.935,-1.205
-1.3599999999999999,-0.88625,-1.28375
-1.4299999999999993,-0.8949999999999986,-1.3050000000000004
-1.4449999999999998,-0.9325,-1.2975
-1.46,-0.97,-1.29
-1.3587500000000037,-0.838750000000005,-1.215000000000003
-1.2575000000000038,-0.7075000000000049,-1.140000000000003
-1.1675,-0.66125,-1.11625
-1.1,-0.7849999999999999,-1.195
-1.0325000000000026,-0.9087499999999953,-1.273749999999997
-0.9425,-0.9349999999999999,-1.2775
-0.84125,-0.9125,-1.24375
-0.7400000000000039,-0.8900000000000009,-1.2100000000000013
-0.8299999999999965,-0.8750000000000006,-1.131250000000003
-0.9199999999999999,-0.86,-1.0525
-0.955,-0.8624999999999999,-1.0162499999999999
-0.8800000000000029,-0.8999999999999986,-1.0649999999999982
-0.805,-0.9375,-1.11375
-0.7675000000000001,-0.9025,-1.1875
-0.7487500000000007,-0.8312500000000027,-1.2737499999999968
-0.73,-0.76,-1.36
-0.865,-0.84625,-1.2925
-0.9999999999999949,-0.9324999999999968,-1.2250000000000025
-1.04875,-0.9775,-1.13
-0.9250000000000047,-0.9400000000000014,-0.9800000000000056
-0.8012500000000047,-0.9025000000000014,-0.8300000000000057
-0.865,-0.86,-0.8425
-1.022499999999994,-0.8150000000000017,-0.9362499999999965
-1.179999999999994,-0.7700000000000017,-1.0299999999999965
-1.0187499999999998,-0.75125,-1.03375
-0.8575000000000061,-0.7325000000000007,-1.0374999999999999
-0.715,-0.665,-1.02875
-0.61,-0.5,-0.995
-0.505000000000004,-0.3350000000000063,-0.9612500000000013
-0.47,-0.32,-1.0074999999999998
-0.47,-0.38,-1.09375
-0.47,-0.4399999999999977,-1.1799999999999966
-0.4325,-0.57125,-1.1425
-0.3950000000000014,-0.702499999999995,-1.1050000000000015
-0.387499999999998,-0.7750000000000017,-1.027500000000006
-0.44,-0.73,-0.8700000000000001
-0.492499999999998,-0.6850000000000017,-0.712500000000006
-0.43000000000000455,-0.6400000000000018,-0.7624999999999942
-0.31,-0.5950000000000001,-0.91625
-0.19000000000000455,-0.5500000000000017,-1.0699999999999943
-0.24625000000000002,-0.805,-1.05875
-0.3025,-1.06,-1.0475
-0.4112499999999919,-1.1837500000000052,-0.9087500000000149
-0.625,-1.045,-0.515
-0.8387499999999919,-0.9062500000000052,-0.12125000000001494
-0.682500000000013,-0.6975000000000092,-0.12999999999999207
-0.34125,-0.45375,-0.34
-1.2931877790833824e-14,-0.21000000000000923,-0.549999999999992
-0.01499999999999943,-0.3562499999999944,-0.6737499999999954
-0.03,-0.5025,-0.7975
-0.1299999999999898,-0.5500000000000056,-0.8112500000000078
-0.4,-0.4,-0.605
-0.67,-0.25,-0.39875000000000005
-0.567500000000011,-0.13750000000000356,-0.4374999999999939
-0.27875,-0.04375,-0.59875
0.01,0.05,-0.76
0.04749999999999857,-0.039999999999996594,-0.8162499999999979
0.08499999999999999,-0.13,-0.8725
0.032500000000008744,-0.24249999999999405,-0.8175000000000106
-0.19999999999999118,-0.399999999999994,-0.5400000000000105
-0.4325,-0.5575,-0.2625
-0.405000000000006,-0.6349999999999986,-0.23749999999999616
-0.247500000000006,-0.6724999999999985,-0.33874999999999617
-0.09,-0.71,-0.44
-0.28874999999999246,-0.7137499999999998,-0.4325000000000003
-0.4875,-0.7175,-0.425
-0.64,-0.65625,-0.4
-0.6999999999999977,-0.4650000000000073,-0.3400000000000023
-0.76,-0.27375,-0.28
-0.6425000000000078,-0.16500000000000256,-0.2999999999999977
-0.43625000000000785,-0.09750000000000256,-0.3599999999999977
-0.23,-0.03,-0.42
-0.11000000000000457,0.18374999999999192,-0.2700000000000057
0.009999999999995443,0.3974999999999919,-0.12000000000000569
0.07625,0.525,-0.021249999999999998
0.03500000000000156,0.4800000000000017,-0.024999999999999856
-0.006249999999998437,0.4350000000000017,-0.028749999999999856
-0.0275,0.23000000000000004,-0.0275
-0.038749999999999576,-0.054999999999989224,-0.023750000000000143
-0.05,-0.34,-0.02
-0.11375000000000002,-0.5575,-0.10249999999999998
-0.1774999999999976,-0.7749999999999918,-0.18499999999999686
-0.255,-0.8450000000000002,-0.18875
-0.36,-0.6200000000000001,-0.035
-0.46499999999999997,-0.395,0.11875000000000001
-0.39,-0.2575,0.1275
-0.225,-0.16375,0.06375
-0.0600000000000125,-0.07000000000000711,4.831690603168682e-15
-0.026249999999999996,-0.036250000000000004,-0.06375
0.0075,-0.0025000000000000022,-0.1275
-0.027500000000000024,-0.010000000000000009,-0.135
-0.2,-0.1,-0.030000000000000013
-0.3725,-0.19,0.075
-0.395,-0.20500000000000002,0.05750000000000002
-0.34249999999999997,-0.1825,-0.02124999999999999
-0.290000000000004,-0.1600000000000017,-0.09999999999999404
-0.21125,0.08374999999999999,-0.1
-0.1325,0.3275,-0.1
-0.0425000000000085,0.4450000000000102,-0.10374999999999915
0.07,0.31,-0.115
0.1825,0.175,-0.12625
0.12000000000001138,-0.11499999999997212,-0.13499999999999943
-0.02999999999999997,-0.4825,-0.1425
-0.18,-0.85,-0.15
-0.2925,-0.75625,-0.105
-0.40499999999999997,-0.6625,-0.06
-0.3937500000000196,-0.4937500000000241,-0.06874999999999115
-0.13499999999999998,-0.175,-0.185
0.12375,0.14375,-0.30125
0.1450000000000074,0.25499999999999945,-0.18750000000001737
0.0475,0.2625,0.04124999999999998
-0.05,0.27,0.27
-0.06499999999999886,0.21375000000000427,0.30374999999999747
-0.08,0.1575,0.3375
-0.1,0.14,0.3075
-0.12999999999999773,0.19999999999999546,0.15000000000001193
-0.16,0.26,-0.0075
-0.13,0.15000000000000002,-0.075
-0.06999999999999999,-0.044999999999999984,-0.0975
-0.01,-0.24,-0.12
0.027499999999997166,-0.18000000000000455,-0.09375000000000198
0.065,-0.12,-0.0675
0.04749999999999999,-0.030000000000000027,-0.043750000000000004
-0.07999999999999036,0.11999999999998862,-0.025000000000001424
-0.20750000000000002,0.27,-0.00625
-0.07249999999999995,0.25,-0.04000000000000001
0.19374999999997983,0.14500000000000796,-0.09999999999999545
0.46,0.04,-0.16
0.32499999999999996,0.06625,0.09875
0.19000000000001022,0.09249999999999801,0.3574999999999804
0.07250000000000001,0.09000000000000001,0.52375
-0.009999999999993736,0.03000000000000455,0.5050000000000014
-0.0925,-0.030000000000000002,0.48624999999999996
-0.044999999999999984,-0.15499999999999997,0.41
0.06749999999999147,-0.312499999999988,0.30500000000000793
0.18,-0.47,0.2
-0.007500000000000007,-0.5187499999999999,0.2525
-0.1949999999999858,-0.5674999999999963,0.30499999999999605
-0.26750000000000007,-0.525,0.29000000000000004
-0.11000000000000001,-0.3,0.14
0.047499999999988066,-0.07500000000001705,-0.009999999999988629
0.18000000000000002,-0.04999999999999999,-0.14250000000000002
