32115,0.15,0.14,-0.19,142.29,18.15,9.15
32135,0.01,-0.10,-0.05,86.55,-6.18,11.71
32155,0.11,-0.15,-0.10,38.93,-22.59,-17.44
32176,0.12,-0.13,-0.19,-49.30,90.10,15.00
32195,-0.09,-0.21,0.07,-63.87,51.80,-40.06
32215,-0.04,0.07,0.02,58.26,0.40,49.94
32235,0.01,-0.04,-0.03,-53.51,-22.28,28.72
32255,0.04,-0.04,-0.03,-97.10,6.26,26.83
32276,0.11,-0.05,-0.01,-110.52,56.93,29.09
32295,-0.06,-0.04,0.08,-153.57,39.73,-5.36
32315,0.03,-0.03,0.02,-186.13,38.76,0.86
32335,0.05,-0.07,0.03,-213.93,60.28,-8.53
32355,0.03,-0.08,0.03,-240.46,73.70,-19.57
32376,0.06,-0.11,0.00,-254.85,85.89,-30.91
32395,0.05,-0.08,0.02,-275.09,103.09,-39.69
32415,0.05,-0.08,-0.00,-299.73,119.55,-56.15
32435,0.05,-0.11,0.02,-323.20,145.71,-70.12
32455,0.04,-0.13,0.04,-343.69,166.74,-82.31
32476,-0.02,-0.13,0.02,-345.70,188.70,-86.46
32495,-0.04,-0.14,0.04,-334.54,195.34,-82.31
32515,-0.07,-0.17,0.05,-321.13,210.52,-86.76
32536,-0.11,-0.15,0.07,-289.97,235.04,-96.76
32555,-0.16,-0.12,0.04,-272.77,271.26,-92.62
32576,-0.28,-0.13,0.08,-266.55,289.61,-89.14
32595,-0.31,-0.09,0.10,-263.93,309.00,-95.42
32615,-0.39,-0.10,0.10,-282.77,333.94,-104.08
32635,-0.42,-0.07,0.12,-306.98,358.15,-93.53
32655,-0.35,-0.05,0.16,-311.62,376.01,-97.44
32676,-0.24,-0.02,0.14,-309.05,409.91,-98.47
32696,-0.13,-0.01,0.23,-305.21,435.59,-114.33
32715,-0.07,-0.05,0.33,-292.90,452.23,-143.59
32735,-0.05,-0.14,0.40,-262.35,450.83,-165.85
32755,-0.11,-0.24,0.49,-191.25,469.98,-165.42
32775,-0.28,-0.31,0.56,-94.54,490.40,-129.75
32796,-0.34,-0.24,0.58,-34.60,466.80,-80.85
32815,-0.22,-0.09,0.57,-41.19,468.94,-65.12
32835,-0.18,0.09,0.61,-126.37,495.77,-83.23
32855,-0.21,0.20,0.59,-252.77,522.78,-103.96
32875,-0.32,0.12,0.60,-376.80,544.67,-110.18
32896,-0.36,0.02,0.60,-438.32,569.43,-99.81
32915,-0.35,-0.06,0.63,-426.07,615.46,-77.92
32935,-0.31,-0.13,0.69,-376.98,627.90,-87.98
32955,-0.37,-0.13,0.76,-307.71,630.83,-103.78
32975,-0.42,-0.12,0.84,-242.65,641.56,-100.12
32996,-0.49,-0.12,0.85,-177.29,662.48,-84.14
33015,-0.55,-0.08,0.83,-153.63,684.12,-72.44
33035,-0.59,-0.08,0.95,-168.26,653.76,-60.85
33055,-0.62,-0.07,0.99,-172.96,631.38,-62.07
33075,-0.73,-0.06,0.96,-184.91,630.16,-37.37
33096,-0.70,0.00,0.94,-234.79,630.46,13.05
33115,-0.59,0.06,0.93,-296.92,664.24,6.71
33135,-0.58,0.00,0.93,-364.97,678.57,-34.87
33155,-0.63,-0.10,0.97,-414.42,675.34,-31.22
33175,-0.66,-0.19,0.96,-437.16,685.83,1.95
33196,-0.71,-0.32,1.02,-421.92,692.78,23.72
33215,-0.76,-0.39,1.05,-351.31,661.38,34.88
33235,-0.77,-0.35,1.13,-286.98,648.15,54.52
33255,-0.72,-0.34,1.17,-257.04,636.93,53.05
33275,-0.76,-0.35,1.20,-247.04,613.27,43.05
33296,-0.85,-0.37,1.29,-265.21,581.26,47.75
33315,-0.94,-0.40,1.34,-271.31,552.90,50.61
33335,-0.92,-0.41,1.28,-285.34,593.21,59.45
33355,-0.95,-0.39,1.24,-280.15,610.77,53.72
33375,-0.98,-0.43,1.26,-318.99,548.57,41.83
33396,-0.99,-0.56,1.30,-360.70,485.83,21.65
33415,-1.06,-0.62,1.35,-355.82,494.24,54.09
33435,-1.13,-0.69,1.34,-328.08,481.07,80.86
33455,-1.13,-0.72,1.37,-282.04,485.40,110.31
33475,-1.08,-0.69,1.47,-256.43,464.98,134.21
33496,-1.09,-0.70,1.51,-231.62,445.28,132.75
33515,-1.13,-0.75,1.52,-226.07,428.02,160.25
33535,-1.17,-0.79,1.60,-213.51,424.55,165.37
33555,-1.29,-0.81,1.59,-191.55,417.78,177.63
33575,-1.41,-0.78,1.57,-191.92,429.43,199.03
33595,-1.38,-0.76,1.61,-207.23,426.44,179.94
33616,-1.38,-0.75,1.68,-241.01,406.13,174.15
33635,-1.39,-0.86,1.65,-269.36,347.90,164.03
33655,-1.44,-1.17,1.72,-220.64,281.26,130.43
33675,-1.53,-1.21,1.79,-84.36,222.96,125.06
33695,-1.51,-1.06,1.79,3.57,203.02,140.37
33716,-1.50,-0.97,1.77,-10.88,218.33,127.50
33735,-1.49,-0.98,1.75,-48.69,216.44,108.30
33755,-1.49,-1.07,1.79,-92.29,148.02,70.92
33775,-1.53,-1.12,1.84,-48.63,94.00,73.60
33795,-1.55,-1.18,1.90,-3.51,42.35,29.88
33816,-1.59,-1.15,1.91,2.47,11.99,40.00
33835,-1.74,-1.14,2.01,-16.55,-19.41,46.83
33855,-1.76,-1.17,2.01,-11.68,-12.52,36.22
33875,-1.79,-1.29,2.03,-1.80,-44.11,-8.84
33895,-1.76,-1.26,2.08,66.80,-61.18,-3.23
33916,-1.69,-1.02,2.07,74.85,-51.55,6.53
33935,-1.56,-0.85,1.96,0.58,-46.37,-3.17
33955,-1.49,-0.94,1.84,-56.37,-69.23,-49.75
33975,-1.57,-1.05,1.83,-31.55,-147.28,-92.07
33995,-1.57,-1.09,1.82,29.18,-184.17,-108.84
34016,-1.57,-1.00,1.77,82.59,-201.73,-111.70
34035,-1.56,-0.89,1.66,51.43,-200.57,-118.78
34055,-1.55,-0.82,1.58,-13.32,-224.05,-121.22
34075,-1.53,-0.82,1.53,-39.79,-291.85,-142.44
34095,-1.55,-0.95,1.52,-57.59,-344.72,-181.89
34116,-1.51,-1.01,1.55,28.87,-370.39,-191.40
34135,-1.43,-1.03,1.58,158.14,-402.65,-208.59
34155,-1.42,-0.94,1.52,255.27,-418.80,-194.75
34175,-1.42,-0.80,1.52,308.57,-448.07,-158.17
34195,-1.33,-0.74,1.54,311.07,-465.27,-152.13
34216,-1.26,-0.68,1.56,306.25,-484.23,-140.00
34235,-1.18,-0.64,1.54,247.53,-503.32,-156.34
34255,-1.13,-0.58,1.43,198.02,-507.04,-140.97
34275,-1.11,-0.52,1.44,134.36,-511.49,-124.33
34295,-1.05,-0.66,1.41,75.76,-545.51,-158.29
34316,-1.06,-0.76,1.39,60.52,-551.43,-197.31
34335,-1.00,-0.71,1.46,106.31,-579.84,-203.35
34356,-0.92,-0.49,1.29,156.62,-536.06,-145.73
34375,-0.90,-0.45,1.29,147.16,-608.99,-117.62
34395,-0.92,-0.63,1.32,107.71,-695.15,-149.87
34416,-0.91,-0.69,1.32,117.77,-732.83,-175.73
34435,-0.74,-0.52,1.22,206.98,-700.39,-158.35
34455,-0.71,-0.38,1.16,247.47,-736.73,-122.86
34475,-0.73,-0.43,1.11,162.90,-733.74,-121.09
34495,-0.78,-0.42,1.11,131.25,-752.83,-173.65
34515,-0.74,-0.37,1.08,117.10,-783.32,-174.63
34536,-0.68,-0.43,1.08,87.90,-778.87,-140.79
34555,-0.64,-0.47,1.04,75.95,-728.20,-115.30
34575,-0.58,-0.35,0.85,116.92,-649.60,-102.37
34595,-0.60,-0.29,0.69,120.88,-637.71,-96.95
34615,-0.63,-0.36,0.72,93.99,-700.02,-124.51
34636,-0.52,-0.50,0.84,70.58,-732.04,-161.58
34655,-0.29,-0.51,0.83,122.71,-672.71,-191.70
34675,-0.39,-0.38,0.71,288.81,-560.88,-204.94
34695,-0.65,-0.31,0.56,436.74,-536.30,-163.78
34715,-0.65,-0.31,0.54,475.76,-656.61,-98.53
34736,-0.20,-0.31,0.77,462.10,-772.95,-74.57
34755,0.06,-0.14,0.70,484.60,-622.83,-123.65
34775,-0.24,0.07,0.58,453.20,-466.85,-143.78
34795,-0.52,0.08,0.45,355.52,-474.96,-101.34
34815,-0.41,0.02,0.46,285.88,-558.87,-20.55
34836,-0.10,-0.05,0.34,243.45,-584.66,-13.47
34855,-0.04,-0.07,0.29,255.09,-602.16,-85.06
34875,-0.12,-0.14,0.25,337.71,-542.16,-116.40
34895,-0.28,-0.21,0.26,412.16,-463.62,-76.64
34915,-0.36,-0.32,0.25,458.93,-450.57,-25.55
34936,-0.51,-0.32,0.20,522.53,-470.94,50.37
34955,-0.14,-0.15,0.15,583.32,-446.91,132.69
34975,-0.06,0.04,0.15,576.37,-410.39,158.42
34995,-0.19,0.19,0.03,500.34,-380.33,172.93
35015,-0.24,0.14,0.07,403.81,-403.38,163.24
35036,-0.28,0.10,0.04,270.82,-443.93,185.00
35055,-0.22,-0.06,0.01,161.13,-406.73,175.80
35075,-0.16,-0.13,-0.05,159.91,-323.56,199.15
35095,-0.15,-0.14,-0.05,177.29,-264.66,224.64
35115,-0.23,-0.13,-0.01,290.15,-273.13,216.16
35136,-0.14,-0.09,-0.04,361.49,-268.01,237.81
35155,-0.04,-0.13,-0.04,404.24,-268.87,222.08
35175,-0.04,-0.11,-0.02,463.38,-247.16,216.89
35195,0.04,-0.05,-0.06,477.16,-220.51,227.81
35215,0.05,-0.09,-0.06,504.24,-175.39,171.95
35236,-0.00,-0.00,-0.10,444.73,-161.79,130.86
35255,-0.08,0.05,-0.00,389.18,-143.80,115.19
35275,0.01,-0.06,-0.02,400.34,-168.20,54.39
35295,0.06,-0.06,-0.09,310.70,-87.52,28.17
35315,-0.01,0.02,-0.14,260.52,-82.46,54.64
35335,-0.15,-0.03,-0.08,148.14,-145.15,40.13
35356,0.11,0.02,-0.06,83.14,-171.49,-36.34
35375,0.12,-0.09,0.01,111.49,-76.55,-76.15
35395,0.10,0.00,0.01,138.26,-10.94,-65.73
35415,0.05,-0.08,0.02,188.32,-49.60,-76.22
35435,0.04,-0.18,0.01,215.88,-98.93,-60.36
35456,0.10,-0.28,0.06,264.91,-161.43,-39.81
35475,0.16,-0.35,0.00,481.55,-139.23,-60.00
35495,0.18,-0.28,-0.12,483.14,-66.55,-72.56