-0.448125,-0.38875000000000004,0.215
-0.33,-0.17,0.25
-0.29500000000000004,-0.270625,0.24562499999999998
-0.26,-0.37125,0.24125
-0.278125,-0.4,0.24
-0.3175,-0.4,0.24
-0.325,-0.41500000000000004,0.234375
-0.29000000000000004,-0.45,0.22125
-0.26,-0.47875,0.208125
-0.26,-0.47,0.195
-0.26,-0.46125,0.18187499999999998
-0.28250000000000003,-0.445,0.17625
-0.30874999999999997,-0.42750000000000005,0.17187500000000003
-0.31,-0.4075,0.1675
-0.29250000000000004,-0.38562500000000005,0.16312500000000002
-0.28375,-0.37375,0.16375
-0.296875,-0.386875,0.176875
-0.31,-0.4,0.18999999999999997
-0.305625,-0.413125,0.19437500000000002
-0.30125,-0.42625,0.19875
-0.303125,-0.43,0.20937499999999995
-0.3075,-0.43,0.2225
-0.31375,-0.42625,0.22625
-0.32249999999999995,-0.41750000000000004,0.21750000000000003
-0.330625,-0.409375,0.21
-0.335,-0.405,0.21
-0.33937500000000004,-0.400625,0.21
-0.3325000000000001,-0.4075,0.21374999999999997
-0.32375,-0.41625,0.218125
-0.3175,-0.4225,0.22
-0.31312500000000004,-0.42687499999999995,0.22
-0.31,-0.43,0.2225
-0.31,-0.43,0.23124999999999998
-0.31,-0.43,0.23999999999999996
-0.31,-0.443125,0.244375
-0.31,-0.45625000000000004,0.24875
-0.30374999999999996,-0.44125000000000003,0.25
-0.295,-0.41500000000000004,0.25
-0.291875,-0.39625,0.25
-0.29624999999999996,-0.38750000000000007,0.25
-0.3,-0.38,0.24875
-0.3,-0.38,0.24
-0.3,-0.38,0.23125000000000007
-0.3,-0.38,0.23
-0.3,-0.38,0.23
-0.3074999999999999,-0.38999999999999985,0.22750000000000004
-0.320625,-0.4075,0.22312500000000002
-0.32875,-0.42,0.22125
-0.324375,-0.42,0.22562500000000002
-0.32,-0.42,0.23
-0.324375,-0.40249999999999997,0.234375
-0.32875,-0.385,0.23875
-0.33,-0.370625,0.24
-0.33,-0.3575000000000001,0.24
-0.328125,-0.35562499999999997,0.24
-0.32375,-0.36875,0.24
-0.3212499999999999,-0.38,0.24
-0.33,-0.38,0.24
-0.33875,-0.38,0.24
-0.34374999999999994,-0.38,0.24
-0.34812499999999996,-0.38,0.24
-0.35,-0.385,0.255
-0.35,-0.39374999999999993,0.2812499999999998
-0.3475,-0.395,0.29874999999999996
-0.33875,-0.3775,0.294375
-0.33000000000000007,-0.36000000000000015,0.29000000000000004
-0.33,-0.338125,0.28125
-0.33,-0.31625,0.2725
-0.34562499999999985,-0.31,0.27937499999999993
-0.3675,-0.31,0.2925
-0.37625,-0.31375,0.30374999999999996
-0.36750000000000005,-0.32249999999999995,0.31249999999999994
-0.363125,-0.3325,0.319375
-0.385,-0.35,0.315
-0.406875,-0.3675,0.310625
-0.4175,-0.3775,0.31
-0.42625,-0.38625,0.31
-0.4225000000000002,-0.37500000000000044,0.33999999999999914
-0.409375,-0.34875,0.3925
-0.40875,-0.31125,0.44375
-0.4393749999999995,-0.24562500000000106,0.49187499999999923
-0.47,-0.18,0.54
-0.553125,-0.14937499999999998,0.61
-0.6362499999999986,-0.1187500000000005,0.6799999999999988
-0.6725,-0.14125,0.7437499999999999
-0.69,-0.185,0.8049999999999999
-0.6850000000000005,-0.2287499999999993,0.8418749999999999
-0.65,-0.27249999999999996,0.84625
-0.620625,-0.306875,0.85
-0.6249999999999999,-0.28500000000000036,0.85
-0.629375,-0.263125,0.85
-0.6675,-0.2225,0.86875
-0.7112499999999993,-0.1787500000000007,0.8906249999999997
-0.745,-0.165,0.935
-0.77125,-0.17375,0.9962500000000001
-0.7925,-0.18625,1.05125
-0.80125,-0.208125,1.090625
-0.81,-0.23,1.13
-0.80125,-0.216875,1.0687499999999999
-0.7925,-0.20375000000000001,1.0075
-0.7681250000000001,-0.209375,0.89625
-0.7375,-0.2225,0.7649999999999999
-0.691875000000001,-0.2543749999999991,0.6318750000000022
-0.62625,-0.31125,0.49624999999999997
-0.5618749999999999,-0.37187499999999996,0.36312500000000003
-0.5050000000000009,-0.4549999999999987,0.24500000000000194
-0.448125,-0.5381250000000001,0.12687500000000002
-0.34625,-0.6175,0.03874999999999999
-0.23687500000000178,-0.6962499999999987,-0.04437499999999865
-0.11750000000000002,-0.7575,-0.10250000000000001
0.009374999999999994,-0.8056249999999999,-0.141875
0.10874999999999951,-0.8574999999999989,-0.16375000000000037
0.139375,-0.91875,-0.141875
0.17,-0.98,-0.12
0.10437500000000108,-1.1374999999999975,-0.03250000000000143
0.03875000000000001,-1.2950000000000002,0.055
-0.10187499999999722,-1.4181249999999983,0.11437499999999921
-0.2724999999999972,-1.5274999999999983,0.16249999999999923
-0.4225,-1.57875,0.19187500000000002
-0.545,-1.5525,0.19625
-0.654375,-1.50875,0.19875
-0.685,-1.3599999999999999,0.19
-0.7156249999999995,-1.2112500000000024,0.18125000000000013
-0.6300000000000017,-1.0775000000000021,0.1949999999999997
-0.525,-0.94625,0.2125
-0.435,-0.855,0.2325
-0.35624999999999996,-0.79375,0.254375
-0.2925,-0.7525,0.26625
-0.26625000000000043,-0.7612499999999999,0.2531250000000002
-0.2400000000000004,-0.7699999999999999,0.2400000000000002
-0.25749999999999973,-0.7962499999999996,0.1918750000000008
-0.275,-0.8225,0.14375
-0.23625000000000002,-0.876875,0.13
-0.17500000000000002,-0.9425,0.13
-0.10625000000000129,-1.0118749999999987,0.14124999999999957
-0.02750000000000128,-1.0862499999999988,0.16749999999999957
0.0443749999999995,-1.1531249999999995,0.18750000000000028
0.075,-1.1749999999999998,0.16999999999999998
0.105625,-1.196875,0.1525
0.05375,-1.18875,0.15375
-0.011874999999998935,-1.1756250000000001,0.15812499999999993
-0.04,-1.1774999999999998,0.15750000000000008
-0.04,-1.1906249999999998,0.15312500000000007
-0.042499999999999996,-1.21125,0.145
-0.05125,-1.250625,0.1275
-0.06,-1.29,0.11
-0.06,-1.29875,0.079375
-0.06,-1.3075,0.04875
-0.05375,-1.32875,-0.0006249999999999867
-0.045,-1.355,-0.057499999999999996
-0.030625,-1.375625,-0.106875
-0.008750000000000003,-1.38875,-0.14625
0.011875000000000004,-1.394375,-0.1825
0.024999999999999575,-1.3550000000000013,-0.19999999999999943
0.038125,-1.315625,-0.2175
0.055,-1.2650000000000001,-0.17125
0.07250000000000001,-1.2125,-0.114375
0.11249999999999999,-1.1575,-0.095
0.169375,-1.100625,-0.10375
0.22499999999999828,-1.0487500000000014,-0.13249999999999743
0.2775,-1.009375,-0.21125
0.33,-0.97,-0.29
0.299375,-0.99625,-0.21999999999999997
0.26875,-1.0225,-0.15
0.29125,-1.0675,-0.12687500000000002
0.3349999999999986,-1.1199999999999983,-0.12250000000000014
0.37875,-1.151875,-0.12
0.4225,-1.15625,-0.12
0.4625,-1.1593749999999998,-0.11499999999999999
0.48,-1.1549999999999998,-0.07999999999999999
0.4975,-1.150625,-0.045
0.5337499999999987,-1.176249999999999,-0.03625000000000014
0.573125,-1.206875,-0.031875
0.6,-1.2225,-0.05249999999999999
0.6174999999999999,-1.226875,-0.091875
0.62875,-1.22125,-0.125
0.624375,-1.190625,-0.14250000000000002
0.6200000000000001,-1.1600000000000008,-0.15999999999999945
0.6768749999999981,-1.16,-0.12500000000000114
0.73375,-1.16,-0.09
0.8125,-1.175625,-0.09875
0.8999999999999999,-1.1975,-0.125
0.955625,-1.230625,-0.14750000000000002
0.9687499999999996,-1.2787499999999985,-0.16499999999999942
0.9718750000000018,-1.323749999999999,-0.18062499999999984
0.915,-1.35,-0.185
0.858125,-1.37625,-0.18937500000000002
0.8275,-1.395,-0.175
0.80125,-1.4124999999999999,-0.1575
0.805,-1.3975,-0.1525
0.8312499999999992,-1.3581250000000014,-0.15687499999999985
0.85125,-1.3225,-0.16875
0.855625,-1.2962500000000001,-0.199375
0.86,-1.27,-0.23
0.83375,-1.248125,-0.243125
0.8075,-1.22625,-0.25625000000000003
0.7906250000000005,-1.2356249999999993,-0.22875000000000142
0.7775000000000001,-1.2575,-0.185
0.764375,-1.290625,-0.14875
0.75125,-1.3387499999999999,-0.1225
0.7324999999999999,-1.3812499999999999,-0.100625
0.6799999999999999,-1.39,-0.10500000000000001
0.6275000000000017,-1.3987499999999997,-0.10937499999999986
0.567500000000002,-1.3887500000000004,-0.10625000000000015
0.50625,-1.375625,-0.10187500000000001
0.4825,-1.3450000000000002,-0.10250000000000001
0.486875,-1.30125,-0.106875
0.4975,-1.2575,-0.10375000000000001
0.5237499999999992,-1.2137500000000014,-0.08187500000000071
0.5499999999999992,-1.1700000000000013,-0.060000000000000706
0.545625,-1.130625,-0.046875
0.54125,-1.09125,-0.03375
0.505625,-1.0706250000000002,-0.02375
0.4575,-1.0575,-0.015
0.42812500000000014,-1.0537499999999997,-0.004375000000000424
0.4237500000000001,-1.0624999999999998,0.008749999999999574
0.42062499999999997,-1.074375,0.022500000000000006
0.425,-1.105,0.04
0.429375,-1.1356249999999999,0.057499999999999996
0.42625,-1.1512499999999999,0.07875
0.421875,-1.164375,0.10062499999999999
0.4075000000000007,-1.17,0.11749999999999958
0.385625,-1.17,0.13062500000000002
0.3625,-1.165,0.14375000000000002
0.33625,-1.1475,0.15687500000000001
0.31,-1.13,0.17
0.305625,-1.12125,0.17875000000000002
0.30125000000000013,-1.1125000000000003,0.18749999999999972
0.2968750000000001,-1.0850000000000013,0.18687500000000015
0.2925,-1.05,0.1825
0.29,-1.0281250000000002,0.16875000000000084
0.29,-1.0237500000000002,0.14250000000000085
0.28750000000000053,-1.0256249999999987,0.11812500000000042
0.2700000000000006,-1.0649999999999988,0.10500000000000043
0.25250000000000056,-1.1043749999999988,0.09187500000000043
0.22375,-1.1812500000000001,0.08625
0.193125,-1.264375,0.081875
0.1925,-1.3125,0.0875
0.214375,-1.334375,0.100625
0.23875000000000002,-1.34,0.1075
0.269375,-1.3050000000000002,0.09875
0.3,-1.27,0.09
0.3,-1.2481250000000008,0.06375000000000085
0.3,-1.2262500000000007,0.03750000000000085
0.26562500000000155,-1.2168750000000002,0.04874999999999915
0.21750000000000155,-1.2125000000000001,0.07499999999999915
0.1581250000000024,-1.1893750000000016,0.103124999999999
0.08375,-1.14125,0.13375
0.011249999999999982,-1.095625,0.166875
-0.05,-1.065,0.21500000000000002
-0.11125,-1.034375,0.263125
-0.14625,-1.0375,0.26625
-0.176875,-1.0462500000000001,0.261875
-0.1925,-1.0350000000000001,0.245
-0.19687499999999986,-1.008750000000001,0.21875000000000086
-0.20874999999999902,-0.9887500000000001,0.1887500000000013
-0.239374999999999,-0.9843750000000001,0.14937500000000128
-0.269999999999999,-0.9800000000000001,0.11000000000000128
-0.25250000000000056,-1.0324999999999984,0.09250000000000057
-0.23500000000000057,-1.0849999999999984,0.07500000000000058
-0.2175,-1.1375,0.06375
-0.2,-1.19,0.05500000000000001
-0.180625,-1.2293749999999999,0.07062500000000001
-0.15875,-1.25125,0.11875
-0.135,-1.26875,0.16312500000000002
-0.1,-1.26,0.185
-0.065,-1.25125,0.206875
-0.07124999999999956,-1.220000000000001,0.1912500000000007
-0.08437499999999958,-1.1850000000000012,0.16937500000000072
-0.10999999999999886,-1.1275000000000024,0.1649999999999997
-0.14499999999999888,-1.0531250000000023,0.1737499999999997
-0.161250000000001,-0.9725000000000031,0.17250000000000085
-0.13062500000000002,-0.87625,0.14625
-0.1,-0.78,0.12
-0.11750000000000001,-0.75375,0.124375
-0.135,-0.7275,0.12875
-0.155625,-0.75125,0.14875
-0.1775,-0.7949999999999999,0.175
-0.188125,-0.85,0.21625
-0.18375000000000014,-0.9199999999999977,0.277499999999998
-0.1831249999999993,-0.9806249999999999,0.3362499999999986
-0.2049999999999993,-0.9849999999999999,0.37999999999999856
-0.2268749999999993,-0.9893749999999999,0.4237499999999986
-0.2937499999999976,-0.9450000000000017,0.41875000000000046
-0.3681249999999976,-0.8925000000000017,0.40562500000000046
-0.41000000000000003,-0.8425,0.40750000000000003
-0.4275,-0.794375,0.420625
-0.42000000000000004,-0.7625,0.4325
-0.35000000000000003,-0.77125,0.44125000000000003
-0.28,-0.78,0.45
-0.23625000000000002,-0.784375,0.40625
-0.19250000000000142,-0.7887499999999998,0.3625000000000014
-0.21125,-0.7525000000000001,0.33125
-0.255,-0.7000000000000001,0.305
-0.29875,-0.664375,0.29562499999999997
-0.3425,-0.65125,0.30874999999999997
-0.376875,-0.64375,0.316875
-0.355,-0.6699999999999999,0.29500000000000004
-0.333125,-0.6962499999999999,0.273125
-0.28500000000000003,-0.72625,0.28500000000000003
-0.23249999999999998,-0.756875,0.3025
-0.22,-0.78,0.3125
-0.2375,-0.7975000000000001,0.316875
-0.26875,-0.8037500000000001,0.3225
-0.33437499999999576,-0.7818750000000014,0.33124999999999943
-0.39999999999999575,-0.7600000000000015,0.33999999999999947
-0.413125,-0.738125,0.344375
-0.42625,-0.7162499999999999,0.34875
-0.40812499999999996,-0.6975,0.35
-0.3775,-0.68,0.35
-0.375,-0.685,0.35562499999999997
-0.41,-0.72,0.36875
-0.440625,-0.746875,0.38
-0.445,-0.725,0.38
-0.449375,-0.703125,0.38
-0.47625,-0.6849999999999999,0.365
-0.5068749999999981,-0.6675000000000012,0.34750000000000114
-0.5274999999999992,-0.6575000000000003,0.3350000000000006
-0.540625,-0.6531250000000001,0.32625000000000004
-0.53125,-0.65375,0.32375
-0.46562500000000007,-0.666875,0.336875
-0.4,-0.68,0.35
-0.4,-0.68875,0.328125
-0.4,-0.6975,0.30624999999999997
-0.453125,-0.7,0.30625
-0.5275,-0.7,0.315
-0.585,-0.68875,0.318125
-0.62,-0.6625,0.31375
-0.6487500000000006,-0.6381250000000008,0.3118749999999991
-0.6400000000000006,-0.6250000000000009,0.3249999999999992
-0.6312500000000005,-0.6118750000000008,0.3381249999999992
-0.5775,-0.61,0.35500000000000004
-0.51625,-0.61,0.3725
-0.4475,-0.5875,0.38
-0.373125,-0.548125,0.38
-0.3225,-0.50625,0.37875000000000003
-0.33125000000000004,-0.458125,0.374375
-0.34,-0.41,0.37
-0.405625,-0.375,0.33499999999999996
-0.47125,-0.34,0.3
-0.5275,-0.32375,0.30874999999999997
-0.5799999999999966,-0.31500000000000056,0.3349999999999983
-0.5950000000000023,-0.3137499999999994,0.363124999999998
-0.56,-0.3225,0.39375
-0.5231250000000001,-0.32937500000000003,0.42062499999999997
-0.475,-0.325,0.425
-0.426875,-0.320625,0.429375
-0.42,-0.335,0.4375
-0.42,-0.3525,0.44625000000000004
-0.39249999999999996,-0.385,0.4575
-0.344375,-0.42875,0.470625
-0.31625,-0.4525,0.485
-0.338125,-0.42625,0.5025
-0.35999999999999854,-0.40000000000000174,0.5199999999999989
-0.37749999999999884,-0.338750000000004,0.4543750000000043
-0.3949999999999989,-0.27750000000000397,0.38875000000000426
-0.403125,-0.24125000000000002,0.3575
-0.4075,-0.21500000000000002,0.34
-0.40625,-0.19625,0.32625000000000004
-0.3975,-0.1875,0.3175
-0.39187500000000003,-0.181875,0.30874999999999997
-0.405,-0.195,0.3
-0.41812499999999997,-0.208125,0.29125
-0.435,-0.23249999999999998,0.28625
-0.4525,-0.25875000000000004,0.28187500000000004
-0.4400000000000023,-0.2849999999999983,0.2775000000000003
-0.4050000000000023,-0.3112499999999983,0.2731250000000003
-0.38249999999999945,-0.33499999999999885,0.2712499999999997
-0.39125,-0.3525,0.275625
-0.4,-0.37,0.28
-0.413125,-0.36124999999999996,0.275625
-0.42625,-0.3525,0.27125
-0.433125,-0.33749999999999997,0.2575
-0.4375,-0.32,0.24000000000000002
-0.445625,-0.295,0.2225
-0.45875,-0.26,0.20500000000000002
-0.46749999999999997,-0.2325,0.190625
-0.44999999999999996,-0.25,0.195
-0.4325000000000011,-0.2674999999999989,0.19937499999999972
-0.40000000000000224,-0.2737499999999997,0.18500000000000114
-0.36500000000000227,-0.27812499999999973,0.16750000000000115
-0.31499999999999995,-0.2575,0.125
-0.25375,-0.218125,0.06375
-0.2175,-0.15500000000000003,0.012499999999999997
-0.24375000000000002,-0.032500000000000015,-0.013750000000000002
-0.27,0.09,-0.04
-0.48,-0.10250000000000001,0.12187500000000001
-0.69,-0.295,0.28375
-0.734375,-0.4,0.364375
-0.7124999999999999,-0.47,0.4125
-0.6137500000000131,-0.5681249999999911,0.4624999999999966
-0.4125000000000131,-0.7037499999999912,0.5149999999999966
-0.24312499999999856,-0.7868750000000151,0.5487500000000052
-0.265,-0.5549999999999999,0.47000000000000003
-0.286875,-0.323125,0.39125
-0.20375,-0.37625,0.40625
-0.103125,-0.476875,0.436875
-0.10749999999999998,-0.5775,0.42000000000000004
-0.190625,-0.678125,0.3675
-0.29375,-0.74,0.31000000000000005
