-0.04990000000000003,-0.160375,0.060375
0.06,-0.18,0.08
0.071775,-0.207475,0.13495000000000001
0.08355,-0.23495000000000002,0.1899
0.08289999999999999,-0.258875,0.21289999999999998
0.06719999999999998,-0.2785,0.1972
0.051500000000000004,-0.298125,0.1815
0.028700000000000003,-0.3071,0.1587
0.005149999999999971,-0.31495,0.13514999999999996
-0.00439999999999998,-0.3144,0.12840000000000001
0.011300000000000025,-0.29869999999999997,0.15195000000000003
0.026999999999999993,-0.28300000000000003,0.1755
0.03317500000000001,-0.264125,0.183175
0.0371,-0.24450000000000002,0.1871
0.02769999999999999,-0.22692500000000002,0.1859
-0.019400000000000125,-0.21514999999999998,0.17019999999999996
-0.06650000000000002,-0.203375,0.1545
-0.09400000000000006,-0.18319999999999995,0.15840000000000004
-0.11362500000000002,-0.15965,0.170175
-0.13325000000000006,-0.13674999999999995,0.1845500000000001
-0.15287499999999998,-0.11712500000000003,0.21202499999999996
-0.1725,-0.09750000000000002,0.23949999999999996
-0.20182499999999998,-0.07545000000000002,0.25
-0.23715000000000014,-0.051899999999999905,0.25
-0.2713750000000001,-0.03192500000000012,0.24889999999999993
-0.29100000000000004,-0.059399999999999994,0.2332
-0.310625,-0.08687500000000001,0.2175
-0.33230000000000004,-0.1164,0.20179999999999998
-0.35585,-0.14780000000000001,0.1861
-0.3794000000000001,-0.17920000000000016,0.17039999999999994
-0.368525,-0.2106,0.16235
-0.35674999999999996,-0.24200000000000005,0.1545
-0.32822499999999993,-0.26,0.14665
-0.27719999999999967,-0.26,0.13879999999999995
-0.22617499999999993,-0.26,0.13094999999999998
-0.20619999999999997,-0.23239999999999994,0.14725000000000005
-0.19050000000000003,-0.20100000000000007,0.16687499999999994
-0.18780000000000005,-0.17349999999999996,0.17739999999999997
-0.21135000000000015,-0.15387499999999987,0.16954999999999995
-0.23490000000000005,-0.13424999999999995,0.16169999999999998
-0.26152500000000006,-0.14537500000000006,0.16615000000000002
-0.2889999999999999,-0.16499999999999995,0.174
-0.3025999999999999,-0.18555000000000005,0.18647500000000006
-0.27120000000000005,-0.20909999999999995,0.21394999999999997
-0.2397999999999999,-0.23265000000000008,0.24142500000000008
-0.22729999999999997,-0.20489999999999958,0.26890000000000025
-0.223375,-0.15387499999999982,0.2963750000000001
-0.2343000000000008,-0.10504999999999971,0.32440000000000024
-0.33635000000000037,-0.06972499999999986,0.3558000000000001
-0.43839999999999996,-0.034400000000000014,0.3872
-0.5195250000000002,-0.06417500000000032,0.47440000000000054
-0.58625,-0.13874999999999998,0.6
-0.6501750000000001,-0.2136750000000004,0.7252500000000005
-0.6541,-0.29610000000000003,0.843
-0.6580250000000001,-0.3785250000000004,0.9607500000000007
-0.6522,-0.36149999999999993,1.01025
-0.6365,-0.24374999999999936,0.9906249999999999
-0.6207999999999998,-0.1259999999999988,0.9709999999999998
-0.5715749999999997,0.05507500000000104,0.8433499999999992
-0.52055,0.23955000000000026,0.7098999999999998
-0.4726750000000001,0.37047499999999983,0.5985000000000003
-0.42949999999999994,0.4215000000000001,0.5199999999999998
-0.3863249999999997,0.4725250000000003,0.4414999999999995
-0.4135000000000001,0.3526999999999997,0.3897999999999999
-0.45275000000000026,0.20354999999999898,0.34269999999999967
-0.48360000000000014,0.04239999999999777,0.30279999999999974
-0.49537499999999995,-0.14599999999999969,0.27925000000000005
-0.50715,-0.33440000000000053,0.2556999999999999
-0.46537499999999954,-0.4603250000000008,0.2202499999999997
-0.4064999999999998,-0.5663000000000004,0.18099999999999988
-0.3467999999999995,-0.65,0.13597499999999946
-0.28400000000000036,-0.65,0.06925000000000035
-0.22120000000000006,-0.65,0.0025250000000000446
-0.1661999999999998,-0.65,-0.04340000000000015
-0.11517499999999956,-0.65,-0.07872500000000031
-0.06774999999999974,-0.6509000000000001,-0.11270000000000031
-0.048125,-0.6587500000000001,-0.13625
-0.028499999999999907,-0.6666000000000001,-0.1598000000000001
0.002250000000000363,-0.6722250000000001,-0.16777499999999998
0.041500000000000196,-0.67615,-0.16385
0.08030000000000001,-0.6803750000000001,-0.16037500000000002
0.09599999999999995,-0.7,-0.17999999999999994
0.11170000000000016,-0.7196250000000002,-0.1996250000000002
0.09224999999999965,-0.7540500000000003,-0.19704999999999984
0.03337499999999992,-0.8050750000000001,-0.16957499999999998
-0.02549999999999983,-0.8560999999999999,-0.1421000000000001
-0.08437499999999958,-0.9071249999999996,-0.15812499999999988
-0.14325000000000038,-0.9581500000000003,-0.17775000000000013
-0.17114999999999994,-0.994425,-0.185575
-0.14759999999999962,-1.0062000000000002,-0.17379999999999982
-0.12405000000000015,-1.0179749999999999,-0.16202500000000009
-0.09724999999999981,-1.0395000000000003,-0.11774999999999963
-0.06977499999999992,-1.06305,-0.06672499999999985
-0.05440000000000026,-1.0811000000000002,-0.01899999999999935
-0.07010000000000019,-1.0850250000000001,0.02025000000000049
-0.08580000000000013,-1.08895,0.059500000000000317
-0.11300000000000011,-1.04975,0.041249999999999856
-0.14439999999999997,-0.9948,0.0020000000000000295
-0.16637499999999975,-0.9391249999999992,-0.03072500000000005
-0.14674999999999983,-0.8802499999999995,-0.034650000000000035
-0.1271249999999999,-0.8213749999999997,-0.03857500000000002
-0.1275,-0.77,-0.0050000000000000044
-0.13927500000000015,-0.7228999999999994,0.04995000000000076
-0.15035000000000004,-0.6757999999999996,0.10595000000000063
-0.15427500000000002,-0.6286999999999998,0.17267500000000036
-0.1582,-0.5816,0.23940000000000006
-0.13450000000000017,-0.5260000000000002,0.2296250000000003
-0.08739999999999952,-0.4631999999999994,0.15504999999999924
-0.040299999999999725,-0.40039999999999965,0.08047499999999957
0.04580000000000012,-0.43900000000000006,-0.0019000000000001238
0.13214999999999974,-0.4782499999999999,-0.08432499999999976
0.1764999999999999,-0.5507500000000012,-0.13525000000000012
0.16864999999999994,-0.6645750000000008,-0.14702500000000007
0.16079999999999983,-0.7784000000000023,-0.15880000000000025
0.1212250000000001,-0.8922249999999998,-0.13532500000000006
0.07804999999999951,-1.0060500000000014,-0.10784999999999968
0.05412500000000009,-1.1020000000000005,-0.10237500000000026
0.06590000000000004,-1.1648000000000003,-0.1377000000000001
0.0776750000000002,-1.2276000000000011,-0.1730250000000006
0.13039999999999963,-1.2148,-0.19574999999999987
0.19320000000000048,-1.1833999999999998,-0.21537500000000015
0.2540000000000002,-1.1439999999999997,-0.23900000000000016
0.30895000000000095,-1.0811999999999988,-0.2743250000000006
0.3639000000000007,-1.018399999999999,-0.3096500000000005
0.40775000000000033,-0.9777999999999998,-0.3033499999999998
0.4470000000000002,-0.9463999999999999,-0.2797999999999999
0.481875,-0.919375,-0.26
0.49365000000000014,-0.91545,-0.26
0.5054249999999999,-0.911525,-0.26
0.4691999999999985,-0.9172000000000002,-0.2696000000000004
0.40247499999999997,-0.928975,-0.2853
0.33625000000000027,-0.9419999999999998,-0.3024999999999999
0.2773749999999994,-0.9734000000000003,-0.3417500000000004
0.21849999999999967,-1.0048000000000001,-0.3810000000000002
0.21227500000000082,-1.0220250000000002,-0.4040500000000002
0.2554500000000006,-1.0259500000000001,-0.4119000000000001
0.2986249999999997,-1.029875,-0.4197499999999999
0.4026000000000006,-1.0071999999999999,-0.41619999999999996
0.5085750000000002,-0.9836499999999999,-0.41227499999999995
0.6063000000000014,-0.9766000000000002,-0.3901999999999992
0.692650000000001,-0.9923000000000002,-0.3430999999999994
0.7789999999999991,-1.0079999999999998,-0.2960000000000005
0.7625999999999994,-1.0339750000000005,-0.28314999999999985
0.7312000000000001,-1.06145,-0.27530000000000004
0.684499999999999,-1.0825500000000001,-0.27637500000000026
0.6059999999999993,-1.0904,-0.29600000000000015
0.5274999999999997,-1.0982500000000002,-0.3156250000000001
0.5038999999999999,-1.0908499999999999,-0.32305000000000006
0.4960499999999999,-1.079075,-0.32697500000000007
0.5026000000000015,-1.0654999999999994,-0.3245999999999994
0.5575500000000002,-1.0458749999999999,-0.30104999999999993
0.6125,-1.02625,-0.2775
0.6728000000000008,-1.0066249999999997,-0.2753500000000001
0.7356000000000006,-0.9869999999999998,-0.28320000000000006
0.7952500000000009,-0.9726250000000004,-0.29262500000000047
0.8345000000000008,-0.9922500000000004,-0.31225000000000036
0.8737499999999999,-1.0118749999999999,-0.3318749999999999
0.8876999999999999,-1.0384000000000004,-0.3353999999999999
0.883775,-1.0698000000000003,-0.32754999999999995
0.87835,-1.1012000000000002,-0.32015
0.8351749999999993,-1.1326000000000005,-0.32407500000000006
0.7920000000000004,-1.1639999999999997,-0.32799999999999996
0.7719250000000001,-1.1819250000000001,-0.3203749999999995
0.7758500000000002,-1.18585,-0.30074999999999963
0.779775,-1.1897749999999998,-0.2811250000000004
0.7948000000000002,-1.1640999999999997,-0.2763
0.8105000000000001,-1.1366249999999998,-0.272375
0.8262,-1.11535,-0.27620000000000006
0.8419,-1.1035750000000002,-0.2919
0.8575999999999999,-1.0918,-0.30759999999999993
0.8633250000000001,-1.0966500000000003,-0.32995000000000063
0.86725,-1.1045,-0.35349999999999965
0.87,-1.1041249999999998,-0.3782250000000005
0.87,-1.0844999999999998,-0.40570000000000034
0.87,-1.0648749999999998,-0.43317500000000025
0.86705,-1.05705,-0.4518000000000001
0.863125,-1.053125,-0.46749999999999997
0.8527999999999989,-1.0580000000000014,-0.47519999999999923
0.8174750000000003,-1.0972499999999996,-0.4516500000000002
0.7821500000000005,-1.1364999999999994,-0.4281000000000003
0.7236499999999987,-1.183475000000001,-0.3968249999999993
0.6529999999999989,-1.2345000000000008,-0.3614999999999995
0.5848999999999995,-1.2774499999999998,-0.3308500000000001
0.5377999999999997,-1.2538999999999998,-0.33870000000000006
0.4906999999999999,-1.23035,-0.34654999999999997
0.48320000000000074,-1.1891999999999983,-0.34119999999999945
0.5067499999999998,-1.1342500000000004,-0.3255000000000001
0.5307000000000014,-1.0795499999999991,-0.30979999999999963
0.5856500000000011,-1.0442249999999993,-0.2940999999999997
0.640600000000001,-1.0088999999999995,-0.27839999999999976
0.67,-0.98635,-0.2590499999999997
0.67,-0.9784999999999999,-0.23549999999999982
0.67,-0.9706499999999997,-0.21194999999999908
0.6304000000000001,-0.988,-0.21
0.5872250000000003,-1.007625,-0.21
0.545499999999999,-1.035950000000001,-0.1983999999999992
0.5062499999999992,-1.0791250000000008,-0.16699999999999932
0.46699999999999936,-1.1223000000000007,-0.13559999999999947
0.4212999999999994,-1.1203249999999998,-0.11064999999999969
0.37419999999999964,-1.10855,-0.0870999999999998
0.32817499999999983,-1.0827999999999998,-0.07430000000000007
0.28500000000000003,-1.02,-0.09
0.24182499999999862,-0.9571999999999979,-0.1057000000000005
0.24710000000000065,-0.9057999999999986,-0.11855000000000032
0.27064999999999967,-0.8587000000000006,-0.13032499999999986
0.2970000000000007,-0.8192999999999999,-0.13649999999999965
0.33625000000000055,-0.815375,-0.11687499999999973
0.3755000000000004,-0.81145,-0.0972499999999998
0.38257499999999994,-0.81,-0.09247500000000002
0.37079999999999996,-0.81,-0.09640000000000001
0.3593499999999997,-0.8113000000000006,-0.10195000000000079
0.35150000000000003,-0.827,-0.12549999999999983
0.3436500000000001,-0.8426999999999998,-0.14904999999999974
0.3357999999999999,-0.8689000000000007,-0.16630000000000025
0.3279499999999999,-0.9042250000000005,-0.17807500000000018
0.32009999999999994,-0.9395500000000003,-0.18985000000000013
0.3122499999999999,-0.9710000000000002,-0.19
0.30439999999999995,-1.0024000000000002,-0.19
0.30690000000000056,-1.0182749999999998,-0.18309999999999946
0.32259999999999994,-1.01435,-0.1674000000000001
0.33830000000000043,-1.010425,-0.15169999999999959
0.36100000000000054,-0.9854999999999994,-0.15700000000000017
0.38455000000000045,-0.9580249999999995,-0.16485000000000014
0.39324999999999977,-0.9291999999999996,-0.16324999999999976
0.3736249999999998,-0.8977999999999997,-0.14362499999999984
0.3539999999999992,-0.8663999999999987,-0.1239999999999992
0.303125,-0.863125,-0.12
0.24425000000000024,-0.86705,-0.12
0.1863499999999985,-0.8719500000000002,-0.12780000000000086
0.13139999999999874,-0.8798000000000001,-0.15920000000000073
0.07644999999999896,-0.8876500000000002,-0.1906000000000006
0.04074999999999959,-0.88725,-0.21100000000000024
0.01327499999999972,-0.8833249999999999,-0.22670000000000015
-0.005799999999999833,-0.8818,-0.23459999999999978
0.02167500000000004,-0.893575,-0.19927499999999992
0.049150000000000915,-0.9053500000000004,-0.16394999999999882
0.08612500000000126,-0.9242500000000007,-0.1309999999999991
0.1292999999999995,-0.9477999999999998,-0.09960000000000037
0.1702250000000001,-0.97,-0.0688749999999996
0.17415000000000005,-0.97,-0.04924999999999969
0.17807500000000004,-0.97,-0.029624999999999773
0.19200000000000017,-0.9599999999999999,-0.015999999999999945
0.21555000000000007,-0.940375,-0.008149999999999977
0.2391000000000008,-0.9207499999999994,-0.00029999999999972713
0.25509999999999994,-0.9086750000000001,0.011324999999999932
0.27080000000000043,-0.8968999999999997,0.023100000000000308
0.28,-0.8916250000000001,0.03487500000000025
0.28,-0.8955500000000001,0.046650000000000205
0.28,-0.899475,0.05842500000000015
0.2766,-0.8932,0.07360000000000014
0.272675,-0.88535,0.08930000000000007
0.265,-0.8775,0.1
0.24930000000000008,-0.86965,0.1
0.23359999999999959,-0.8617999999999998,0.1
0.21487499999999954,-0.8721000000000003,0.10605000000000019
0.19525000000000034,-0.8877999999999997,0.11389999999999986
0.1791250000000001,-0.8956250000000004,0.11737500000000026
0.17519999999999983,-0.8759999999999991,0.10559999999999944
0.17127499999999998,-0.8563749999999999,0.09382499999999992
0.18325000000000002,-0.8261499999999999,0.07409999999999997
0.20287499999999994,-0.7908250000000001,0.05055000000000007
0.22399999999999975,-0.7585000000000001,0.02700000000000017
0.2554000000000008,-0.7467249999999998,0.003449999999999419
0.2868000000000006,-0.7349499999999998,-0.02010000000000048
0.2977249999999999,-0.7391000000000002,-0.027724999999999937
0.29379999999999995,-0.7548000000000001,-0.023799999999999953
0.28849999999999965,-0.7718750000000004,-0.02
0.24139999999999817,-0.8307500000000023,-0.02
0.19429999999999836,-0.8896250000000021,-0.02
0.15669999999999917,-0.9333000000000009,-0.03520000000000095
0.12922500000000028,-0.9607749999999997,-0.06659999999999969
0.10175000000000041,-0.9882499999999996,-0.09799999999999955
0.10367500000000021,-1.0083750000000011,-0.1
0.10760000000000006,-1.0280000000000002,-0.1
0.11610000000000013,-1.0461000000000003,-0.09847499999999997
0.13180000000000006,-1.0618,-0.09454999999999998
0.1475,-1.0775000000000001,-0.090625
0.1632000000000005,-1.0833000000000002,-0.060299999999998875
0.17890000000000042,-1.087225,-0.024974999999999026
0.19460000000000038,-1.0819499999999995,0.0034500000000002723
0.2103000000000003,-1.0544749999999996,0.015225000000000221
0.22599999999999967,-1.0270000000000006,0.026999999999999743
0.23585000000000036,-1.002449999999999,-0.0021750000000020087
0.24370000000000033,-0.978899999999999,-0.04535000000000181
0.24379999999999996,-0.96155,-0.08077500000000001
0.2124000000000001,-0.9693999999999999,-0.08469999999999998
0.18100000000000024,-0.97725,-0.08862499999999997
0.16489999999999982,-1.0182500000000014,-0.05939999999999884
0.15704999999999983,-1.0771250000000012,-0.012299999999999048
0.14959999999999993,-1.1291999999999998,0.034400000000000694
0.14567499999999994,-1.1213499999999998,0.0775750000000005
0.14175,-1.1135,0.12075000000000033
0.13347499999999954,-1.079549999999998,0.13782499999999986
0.1216999999999996,-1.0245999999999982,0.13389999999999988
0.10992499999999963,-0.969599999999998,0.12977499999999892
0.0981499999999997,-0.9067999999999984,0.09444999999999908
0.08637500000000017,-0.844000000000001,0.05912500000000051
0.058399999999997475,-0.8081999999999998,0.03819999999999979
0.01129999999999768,-0.8042749999999999,0.034274999999999806
-0.03580000000000041,-0.80035,0.030349999999999964
-0.043575000000000016,-0.8500500000000002,0.0729000000000002
-0.0475,-0.905,0.12
-0.038599999999998996,-0.9699250000000026,0.15997500000000087
-0.007199999999999138,-1.0523500000000021,0.18745000000000075
0.024200000000000728,-1.1347750000000019,0.21492500000000064
0.03320000000000008,-1.1660000000000004,0.2424000000000005
0.03712500000000006,-1.1856250000000002,0.26987500000000036
0.03894999999999982,-1.1842499999999974,0.2889499999999998
0.035024999999999834,-1.1253749999999976,0.28502499999999986
0.03109999999999985,-1.0664999999999978,0.28109999999999985
0.041299999999999955,-1.0019750000000003,0.25175000000000014
0.05699999999999989,-0.9352500000000005,0.2125000000000003
0.06797499999999929,-0.8806750000000002,0.18
0.056199999999999764,-0.8846,0.18
0.04442499999999981,-0.8885250000000001,0.18
0.03509999999999991,-0.9047000000000003,0.2020500000000004
0.027249999999999944,-0.9282500000000001,0.23737500000000028
0.020900000000000033,-0.9457999999999998,0.2697
0.03267500000000041,-0.8908499999999981,0.2657749999999999
0.044450000000000364,-0.8358999999999983,0.2618499999999999
0.07490000000000123,-0.7539749999999973,0.22057499999999808
0.12199999999999933,-0.6480000000000016,0.14600000000000107
0.1690999999999991,-0.542025000000002,0.0714250000000014
0.17770000000000039,-0.5130499999999987,0.04304999999999865
0.18555000000000008,-0.48557499999999976,0.015574999999999763
0.1559999999999968,-0.5108000000000038,0.005100000000000476
0.07750000000000001,-0.605,0.016875
-0.000999999999996816,-0.6991999999999962,0.028649999999999523
-0.06212500000000376,-0.779500000000005,0.0647500000000025
-0.12100000000000137,-0.8580000000000019,0.10400000000000091
-0.15072500000000047,-0.9113249999999999,0.14192499999999938
-0.12324999999999961,-0.9152500000000001,0.17725000000000052
-0.09577500000000072,-0.919175,0.21257499999999907
-0.06829999999999983,-0.8641999999999996,0.21689999999999998
-0.04082499999999896,-0.7935499999999973,0.21297499999999986
-0.016200000000000044,-0.7314500000000002,0.2033500000000001
-0.000499999999999546,-0.696124999999999,0.1758749999999992
0.015199999999999818,-0.6608000000000004,0.14840000000000034
0.02272500000000008,-0.6472749999999999,0.13182499999999978
0.026650000000000205,-0.6433499999999999,0.1200499999999994
0.024824999999999584,-0.6434500000000003,0.10712499999999978
-0.010499999999998975,-0.6669999999999993,0.08750000000000056
-0.0458250000000001,-0.69055,0.06787499999999994
-0.06705000000000041,-0.7141000000000008,0.06940000000000054
-0.07882499999999992,-0.7376499999999998,0.08509999999999991
-0.08759999999999876,-0.7595999999999998,0.10060000000000031
-0.040500000000000674,-0.7517500000000001,0.11237499999999984
0.006600000000000817,-0.7438999999999999,0.1241500000000002
0.026049999999999608,-0.7241999999999984,0.1280249999999998
0.01819999999999993,-0.6927999999999997,0.12409999999999996
0.010349999999999682,-0.6613999999999988,0.12017499999999984
0.01,-0.645,0.12
0.01,-0.6293000000000006,0.12
0.01,-0.6216000000000003,0.12
0.01,-0.6255250000000001,0.12
0.01,-0.62945,0.12
0.0032499999999998867,-0.63,0.10649999999999978
-0.004599999999999795,-0.63,0.09080000000000041
-0.018575000000000154,-0.631225,0.08
-0.046050000000001035,-0.6351500000000001,0.08
-0.07352499999999992,-0.639075,0.08
-0.07699999999999989,-0.6520000000000005,0.10700000000000102
-0.07307500000000006,-0.6676999999999998,0.1423249999999996
-0.06829999999999985,-0.6714999999999992,0.17170000000000019
-0.060449999999999594,-0.632249999999998,0.1795500000000004
-0.05259999999999991,-0.5929999999999995,0.1874000000000001
-0.06050000000000068,-0.548499999999998,0.2083750000000012
-0.07620000000000005,-0.5013999999999998,0.2358500000000001
-0.09617500000000177,-0.46047500000000013,0.2614250000000004
-0.14720000000000338,-0.46440000000000026,0.2732000000000008
-0.19822500000000132,-0.4683250000000001,0.2849750000000003
-0.23799999999999955,-0.46775000000000005,0.2944999999999999
-0.26940000000000053,-0.46382499999999993,0.3023500000000001
-0.3016000000000031,-0.4582999999999967,0.31020000000000036
-0.36440000000000056,-0.39157499999999945,0.31805000000000005
-0.4272000000000026,-0.3248499999999973,0.32590000000000036
-0.39437500000000003,-0.29562499999999997,0.286875
-0.2569999999999956,-0.3074000000000004,0.19659999999999714
-0.11962499999999125,-0.31917500000000076,0.10632499999999426
-0.11,-0.46600000000000363,0.10365000000000009
-0.11,-0.6230000000000087,0.10757500000000021
-0.16100000000000192,-0.6884999999999988,0.15200000000000158
-0.29444999999999655,-0.6060750000000021,0.26189999999999714
-0.42790000000001044,-0.5236499999999935,0.3718000000000086
-0.44017499999999954,-0.45104999999999734,0.4096500000000009
-0.4284,-0.38040000000000024,0.4331999999999999
-0.4053749999999985,-0.35700000000000276,0.4331249999999983
-0.35435000000000055,-0.4511999999999989,0.3742500000000007
-0.30332499999999896,-0.5454000000000019,0.3153749999999988
-0.3393000000000035,-0.6019000000000022,0.30290000000000017
-0.4060250000000008,-0.6450750000000005,0.306825
-0.44874999999999743,-0.6747499999999989,0.31
-0.38987499999999986,-0.6472749999999999,0.31
-0.33099999999999796,-0.619799999999999,0.31
-0.22667499999999138,-0.5594999999999948,0.26707499999999557
-0.09714999999999663,-0.48099999999999793,0.20034999999999825
0.018500000000000228,-0.40625000000000056,0.1414999999999998
0.0027999999999997263,-0.3669999999999993,0.15720000000000028
-0.012900000000000774,-0.32774999999999804,0.17290000000000078
-0.06300000000000067,-0.2712999999999994,0.1477499999999995
