-0.3967,-0.2758,-0.0351
-0.45,-0.53,0.01
-0.38029999999999997,-0.38649999999999995,0.0017999999999999978
-0.3106,-0.243,-0.006400000000000001
-0.3904,-0.1593,0.008400000000000005
-0.5872,-0.12239999999999998,0.041200000000000014
-0.7525,-0.09600000000000003,0.069
-0.6910000000000001,-0.1452,0.06080000000000001
-0.6295,-0.19440000000000002,0.0526
-0.5316,-0.24080000000000001,0.05560000000000001
-0.4167999999999999,-0.28590000000000004,0.06380000000000001
-0.3400000000000001,-0.325,0.07500000000000004
-0.381,-0.3455,0.09549999999999999
-0.422,-0.366,0.11599999999999999
-0.4366,-0.3601,0.1299
-0.44480000000000003,-0.3478,0.1422
-0.447,-0.34,0.147
-0.43879999999999997,-0.34,0.13879999999999998
-0.4306,-0.34,0.13060000000000002
-0.4376,-0.33240000000000003,0.11859999999999998
-0.4458,-0.32420000000000004,0.10630000000000003
-0.454,-0.32,0.1
-0.4622,-0.32,0.1
-0.47019999999999995,-0.31980000000000003,0.1002
-0.4743,-0.3157,0.1043
-0.4784,-0.3116,0.1084
-0.4875,-0.305,0.1075
-0.4998,-0.2968,0.1034
-0.5107,-0.29139999999999994,0.10209999999999997
-0.5148,-0.2996,0.11440000000000002
-0.5189,-0.30779999999999996,0.12669999999999998
-0.526,-0.313,0.1660000000000001
-0.5342,-0.3171,0.2151999999999999
-0.534,-0.31399999999999995,0.25960000000000005
-0.5135,-0.2935,0.2924000000000001
-0.493,-0.273,0.3252
-0.47950000000000004,-0.284,0.34049999999999997
-0.46719999999999995,-0.30040000000000006,0.35280000000000006
-0.4668000000000001,-0.3066,0.36680000000000007
-0.48319999999999996,-0.2984,0.38319999999999993
-0.49959999999999993,-0.2902,0.39959999999999996
-0.47199999999999986,-0.294,0.42000000000000015
-0.4433000000000001,-0.2981,0.44049999999999995
-0.40800000000000014,-0.29340000000000005,0.45659999999999995
-0.3670000000000001,-0.2811,0.4689
-0.33199999999999996,-0.2684,0.4776
-0.3525,-0.25200000000000006,0.453
-0.373,-0.23560000000000003,0.4284
-0.40969999999999995,-0.21920000000000003,0.40650000000000003
-0.4548,-0.2028,0.386
-0.49989999999999996,-0.19269999999999998,0.3727
-0.5449999999999999,-0.20500000000000002,0.385
-0.5901,-0.2173,0.39730000000000004
-0.6288,-0.28400000000000003,0.43200000000000005
-0.6657,-0.3660000000000001,0.47300000000000003
-0.6886,-0.4577999999999992,0.5125999999999997
-0.6845,-0.5685000000000001,0.5495000000000001
-0.6804,-0.6792000000000001,0.5864
-0.6837,-0.6789000000000001,0.5715000000000001
-0.6878,-0.6666000000000001,0.5510000000000002
-0.7166000000000001,-0.6124999999999997,0.5209999999999999
-0.7740000000000001,-0.5099999999999997,0.47999999999999987
-0.8313999999999997,-0.4088000000000002,0.43840000000000034
-0.8887999999999997,-0.3596000000000002,0.3728000000000003
-0.9461999999999997,-0.3104000000000002,0.3072000000000003
-0.9603999999999999,-0.3236000000000003,0.25839999999999985
-0.944,-0.3810000000000003,0.2214999999999998
-0.9197999999999997,-0.4360000000000002,0.18279999999999974
-0.8501000000000002,-0.47699999999999987,0.13360000000000014
-0.7804000000000002,-0.5179999999999999,0.08440000000000013
-0.7078000000000002,-0.5242,0.04680000000000007
-0.6340000000000001,-0.516,0.014000000000000056
-0.5778000000000001,-0.51,-0.007800000000000083
-0.5696,-0.51,0.00040000000000006176
-0.5614,-0.51,0.008599999999999995
-0.6178,-0.5372,0.050799999999999984
-0.6875,-0.57,0.1
-0.7332,-0.5947999999999999,0.1395999999999998
-0.7413999999999998,-0.6070999999999998,0.1641999999999996
-0.7495999999999999,-0.6194,0.1887999999999998
-0.6953999999999999,-0.5614999999999999,0.15489999999999995
-0.6379999999999993,-0.49999999999999933,0.11799999999999962
-0.5847999999999999,-0.43639999999999984,0.07269999999999989
-0.5356000000000003,-0.3708000000000004,0.019400000000000334
-0.48669999999999985,-0.3127000000000001,-0.03030000000000001
-0.44160000000000027,-0.3495999999999998,-0.03439999999999998
-0.39650000000000063,-0.3864999999999995,-0.038499999999999944
-0.3722000000000001,-0.4311999999999998,0.0015999999999996711
-0.35989999999999994,-0.4804000000000002,0.06720000000000026
-0.34680000000000005,-0.5168,0.12079999999999998
-0.3303999999999999,-0.5004,0.12490000000000002
-0.31400000000000006,-0.48400000000000004,0.12899999999999998
-0.31310000000000004,-0.49240000000000006,0.10519999999999982
-0.3172,-0.5087999999999999,0.07240000000000009
-0.34079999999999927,-0.5277999999999997,0.03310000000000059
-0.4063999999999999,-0.5523999999999999,-0.02019999999999989
-0.4720000000000004,-0.5770000000000002,-0.07350000000000037
-0.48,-0.6159999999999999,-0.09799999999999998
-0.48,-0.6570000000000004,-0.11850000000000016
-0.4836,-0.716,-0.11560000000000002
-0.4917999999999999,-0.7979999999999993,-0.08280000000000029
-0.5,-0.88,-0.05
-0.44670000000000043,-0.9209999999999996,-0.05409999999999997
-0.39339999999999997,-0.962,-0.0582
-0.31939999999999913,-0.9869000000000001,-0.08760000000000047
-0.22919999999999988,-0.9992,-0.13680000000000006
-0.14400000000000035,-1.0095,-0.17950000000000002
-0.0947999999999999,-1.0054,-0.1754
-0.04560000000000031,-1.0013,-0.17130000000000004
-0.03,-0.9748000000000006,-0.15040000000000042
-0.03,-0.9378999999999996,-0.12169999999999967
-0.03600000000000008,-0.8949999999999998,-0.10700000000000011
-0.060599999999999876,-0.8335000000000004,-0.13569999999999988
-0.0852000000000001,-0.7719999999999998,-0.16440000000000013
-0.13619999999999977,-0.7336000000000001,-0.20299999999999985
-0.1935999999999993,-0.7008000000000004,-0.2439999999999995
-0.22400000000000006,-0.6785000000000001,-0.2804999999999999
-0.2076000000000002,-0.6744000000000001,-0.3091999999999997
-0.19120000000000004,-0.6703,-0.3378999999999999
-0.1291999999999996,-0.6624,-0.3932000000000004
-0.06360000000000013,-0.6542,-0.4505999999999999
-0.003999999999999629,-0.6680000000000003,-0.4960000000000002
0.04929999999999993,-0.7049,-0.5287999999999999
0.10099999999999981,-0.7423999999999995,-0.5574000000000006
0.12149999999999998,-0.7916,-0.5041000000000001
0.14199999999999982,-0.8407999999999995,-0.4508000000000005
0.12750000000000064,-0.8824999999999994,-0.4150000000000004
0.0906000000000003,-0.9193999999999997,-0.3904000000000002
0.054400000000000545,-0.9479000000000002,-0.37559999999999943
0.021599999999999685,-0.9355999999999999,-0.4084000000000003
-0.011200000000000045,-0.9233,-0.44120000000000004
0.0010000000000002993,-0.9350000000000003,-0.44699999999999995
0.02970000000000006,-0.9555,-0.4429
0.0632000000000005,-0.9724,-0.43879999999999997
0.10830000000000012,-0.9806,-0.4347
0.15339999999999976,-0.9887999999999999,-0.43060000000000004
0.16700000000000004,-0.9864999999999999,-0.39849999999999985
0.17519999999999997,-0.9824,-0.3616000000000002
0.19359999999999955,-0.9783000000000001,-0.3501999999999997
0.22639999999999988,-0.9742,-0.3747999999999999
0.2591999999999996,-0.9701000000000001,-0.3993999999999997
0.2879999999999999,-0.974,-0.412
0.31669999999999965,-0.9781,-0.42429999999999984
0.36959999999999854,-0.9712000000000003,-0.42780000000000007
0.44340000000000046,-0.9547999999999999,-0.42369999999999997
0.5180000000000012,-0.9367999999999994,-0.4228000000000004
0.6000000000000005,-0.9039999999999997,-0.4515000000000002
0.6819999999999998,-0.8712,-0.48019999999999996
0.71,-0.8708000000000001,-0.5143000000000003
0.71,-0.8872,-0.5511999999999999
0.7054999999999998,-0.9081000000000004,-0.5809
0.685,-0.9450000000000001,-0.585
0.6645000000000002,-0.9818999999999997,-0.5891
0.676,-1.006,-0.59
0.6964999999999998,-1.0265,-0.59
0.7239999999999986,-1.0497999999999992,-0.5941999999999996
0.7649999999999997,-1.0784999999999998,-0.6064999999999999
0.8059999999999994,-1.1071999999999997,-0.6187999999999998
0.8136999999999999,-1.1247999999999996,-0.6310999999999998
0.8178,-1.1412,-0.6434000000000001
0.8143,-1.1443,-0.6576
0.8019999999999997,-1.1319999999999997,-0.6740000000000003
0.7892999999999997,-1.1195,-0.6904000000000001
0.7605999999999999,-1.099,-0.7068
0.7319000000000001,-1.0785000000000002,-0.7232
0.72,-1.0628000000000002,-0.7323999999999999
0.72,-1.0504999999999998,-0.7365
0.7230000000000001,-1.0430000000000001,-0.7375999999999999
0.7434999999999999,-1.0635,-0.7212000000000001
0.7639999999999998,-1.0839999999999999,-0.7048000000000001
0.7526000000000005,-1.0871000000000002,-0.6884000000000003
0.7280000000000006,-1.0830000000000002,-0.6720000000000005
0.6957,-1.0822,-0.6578
0.6424000000000005,-1.0904,-0.6496000000000001
0.5890999999999991,-1.0986000000000002,-0.6413999999999999
0.5663999999999998,-1.1136000000000001,-0.6263999999999998
0.55,-1.13,-0.61
0.5352000000000001,-1.1416,-0.5888000000000002
0.5228999999999998,-1.1457,-0.5600999999999995
0.5105999999999999,-1.1498,-0.5313999999999998
0.49829999999999997,-1.0954,-0.5065999999999999
0.4860000000000001,-1.0380000000000005,-0.48200000000000015
0.4737000000000002,-0.9869000000000007,-0.47419999999999984
0.46139999999999987,-0.9417999999999995,-0.48240000000000005
0.4488,-0.8987999999999999,-0.49
0.43240000000000006,-0.8824000000000001,-0.49
0.4160000000000002,-0.8660000000000002,-0.49
0.4151999999999998,-0.8418000000000007,-0.47440000000000054
0.4233999999999997,-0.8131000000000009,-0.44980000000000075
0.43239999999999995,-0.7892,-0.4244000000000001
0.44470000000000026,-0.7850999999999999,-0.39569999999999933
0.4570000000000002,-0.7809999999999999,-0.3669999999999996
0.44759999999999994,-0.8017000000000002,-0.3382999999999998
0.4312,-0.8303999999999999,-0.30960000000000004
0.4070000000000005,-0.8577999999999997,-0.2874000000000001
0.3659999999999994,-0.8824000000000004,-0.2791999999999999
0.32499999999999973,-0.9070000000000003,-0.27099999999999996
0.30920000000000003,-0.9208,-0.2736
0.2969000000000001,-0.9330999999999998,-0.2777
0.29359999999999986,-0.9471999999999997,-0.2782000000000001
0.3017999999999998,-0.9635999999999996,-0.2741000000000001
0.31,-0.98,-0.27
0.32639999999999986,-1.0209999999999997,-0.22900000000000037
0.3427999999999997,-1.0619999999999994,-0.1880000000000007
0.3361999999999997,-1.0731,-0.18380000000000024
0.31159999999999993,-1.0608,-0.20840000000000003
0.28150000000000047,-1.0400000000000007,-0.2354999999999997
0.21179999999999863,-0.9579999999999984,-0.2806000000000009
0.14209999999999923,-0.8759999999999991,-0.32570000000000054
0.10599999999999994,-0.7883999999999998,-0.3456
0.08550000000000012,-0.6982000000000005,-0.35379999999999995
0.08099999999999938,-0.6160000000000008,-0.35500000000000026
0.126099999999999,-0.5586000000000013,-0.33450000000000046
0.17120000000000019,-0.5011999999999998,-0.3139999999999999
0.1997999999999999,-0.5032,-0.2935000000000001
0.22439999999999968,-0.5195999999999998,-0.27300000000000024
0.22500000000000087,-0.5569999999999985,-0.24500000000000086
0.1840000000000012,-0.6307999999999978,-0.2040000000000012
0.14300000000000013,-0.7045999999999998,-0.16300000000000012
0.09439999999999885,-0.7746000000000016,-0.12959999999999922
0.045199999999999255,-0.844300000000001,-0.0967999999999995
0.009999999999999863,-0.8599999999999998,-0.07599999999999994
-0.010499999999999968,-0.8190000000000001,-0.06780000000000001
-0.028600000000000285,-0.7768000000000006,-0.06079999999999984
0.00010000000000047471,-0.7111999999999989,-0.07720000000000027
0.02880000000000024,-0.6455999999999995,-0.09360000000000014
0.057499999999999996,-0.5975,-0.115
0.08619999999999976,-0.5606000000000003,-0.1395999999999998
0.09810000000000116,-0.5348999999999995,-0.15230000000000077
0.02840000000000173,-0.5635999999999993,-0.10720000000000113
-0.0413000000000001,-0.5923,-0.06209999999999994
-0.08999999999999972,-0.6089999999999999,-0.029000000000000203
-0.13099999999999937,-0.6212999999999999,-0.0003000000000004388
-0.15160000000000068,-0.6156000000000011,0.025999999999999523
-0.12289999999999993,-0.5663999999999999,0.04650000000000006
-0.09420000000000016,-0.5172000000000003,0.06699999999999989
-0.06899999999999948,-0.48549999999999943,0.027999999999998984
-0.04439999999999969,-0.45679999999999965,-0.021200000000000614
-0.03680000000000007,-0.43489999999999995,-0.05850000000000009
-0.053199999999999935,-0.42260000000000003,-0.07899999999999992
-0.0695999999999998,-0.4103000000000001,-0.09949999999999976
-0.05799999999999983,-0.42200000000000015,-0.11600000000000024
-0.045699999999999935,-0.4343000000000001,-0.1324000000000001
-0.022400000000000093,-0.46859999999999985,-0.1246000000000001
0.010399999999999635,-0.5218999999999994,-0.09590000000000033
0.04039999999999992,-0.5739999999999992,-0.06560000000000088
0.04449999999999989,-0.6149999999999989,-0.02050000000000126
0.0486,-0.6559999999999999,0.024599999999999934
0.03380000000000024,-0.6753999999999999,0.04809999999999988
0.009200000000000446,-0.6835999999999999,0.06039999999999979
-0.016299999999999246,-0.6855000000000004,0.06280000000000087
-0.044999999999999006,-0.6650000000000007,0.030000000000001137
-0.07369999999999977,-0.6445000000000002,-0.002799999999999727
-0.10239999999999952,-0.6080000000000008,-0.03239999999999952
-0.13109999999999927,-0.5670000000000011,-0.06109999999999928
-0.14720000000000028,-0.5316000000000008,-0.07720000000000027
-0.13899999999999976,-0.5069999999999993,-0.06899999999999977
-0.13079999999999983,-0.4823999999999995,-0.06079999999999984
-0.09669999999999959,-0.45409999999999967,-0.06370000000000005
-0.059799999999999895,-0.4253999999999999,-0.06780000000000001
-0.03429999999999964,-0.40619999999999973,-0.07190000000000013
-0.021999999999999742,-0.39799999999999985,-0.0760000000000001
-0.010200000000000105,-0.391900000000001,-0.0802000000000001
-0.018400000000000034,-0.46980000000000033,-0.08840000000000003
-0.026599999999999964,-0.5476999999999996,-0.09659999999999996
-0.05160000000000081,-0.6304000000000018,-0.08559999999999945
-0.08850000000000051,-0.7165000000000012,-0.060999999999999666
-0.11939999999999998,-0.7954000000000002,-0.03759999999999991
-0.11530000000000001,-0.8322999999999999,-0.021200000000000045
-0.11120000000000005,-0.8691999999999996,-0.004800000000000182
-0.11289999999999992,-0.8481000000000009,-0.002899999999999921
-0.11700000000000002,-0.8029999999999997,-0.007000000000000029
-0.12659999999999996,-0.7458000000000001,-0.019899999999999946
-0.15119999999999975,-0.6556000000000008,-0.05679999999999964
-0.17579999999999954,-0.5654000000000017,-0.09369999999999934
-0.15280000000000085,-0.48880000000000196,-0.12719999999999915
-0.12,-0.41500000000000004,-0.16
-0.08400000000000035,-0.3716,-0.18
-0.043000000000000684,-0.3756999999999999,-0.18
-0.002000000000001023,-0.3797999999999999,-0.18
-0.04679999999999836,-0.4618999999999971,-0.1916999999999996
-0.09599999999999966,-0.5479999999999994,-0.2039999999999999
-0.1640999999999987,-0.6403999999999985,-0.21419999999999986
-0.250199999999998,-0.7387999999999977,-0.22239999999999982
-0.32880000000000054,-0.8285000000000006,-0.2282000000000008
-0.3124000000000007,-0.8080000000000008,-0.203600000000001
-0.29599999999999965,-0.7874999999999996,-0.1789999999999995
-0.21719999999999856,-0.7721999999999999,-0.1491999999999996
-0.1023999999999995,-0.7598999999999999,-0.11639999999999986
-0.002799999999998873,-0.7604000000000016,-0.08599999999999937
0.034100000000000824,-0.8137000000000012,-0.06549999999999954
0.07100000000000051,-0.8670000000000008,-0.044999999999999714
-0.013000000000000678,-0.9172000000000002,-0.005899999999999753
-0.13599999999999968,-0.9663999999999998,0.039199999999999874
-0.23560000000000117,-0.9804999999999986,0.08040000000000078
-0.2848000000000008,-0.918999999999999,0.1132000000000005
-0.33400000000000035,-0.8574999999999996,0.1460000000000002
-0.25720000000000015,-0.7528000000000001,0.15719999999999998
-0.16290000000000093,-0.642100000000001,0.16539999999999994
-0.07939999999999883,-0.5367999999999984,0.1591999999999996
-0.009699999999999417,-0.4383999999999992,0.1345999999999998
0.06,-0.34,0.11
-0.021999999999999326,-0.2990000000000004,0.07720000000000027
-0.10399999999999865,-0.2580000000000007,0.04440000000000054
-0.2273999999999961,-0.27219999999999855,0.04379999999999938
-0.3832000000000002,-0.32960000000000006,0.06840000000000003
-0.5224999999999999,-0.38949999999999946,0.09349999999999979
-0.5429999999999997,-0.4673999999999988,0.12219999999999956
-0.5634999999999994,-0.5452999999999981,0.1508999999999993
-0.5028000000000031,-0.589599999999999,0.16559999999999975
-0.40440000000000054,-0.6182999999999998,0.17379999999999995
-0.3090000000000012,-0.6360000000000002,0.17900000000000005
-0.22290000000000193,-0.6196000000000004,0.17490000000000008
-0.13680000000000261,-0.6032000000000005,0.17080000000000015
-0.11340000000000032,-0.5934000000000003,0.15680000000000066
-0.10520000000000039,-0.5852000000000004,0.14040000000000077
-0.1405000000000015,-0.5694999999999996,0.13300000000000012
-0.2512000000000006,-0.5407999999999998,0.14120000000000005
-0.36189999999999967,-0.5121000000000001,0.14939999999999998
-0.4383999999999992,-0.48340000000000033,0.16139999999999985
-0.5122000000000038,-0.45469999999999855,0.1737000000000006
-0.5319999999999985,-0.4199999999999983,0.19000000000000083
-0.4950999999999988,-0.37899999999999867,0.2105000000000007
-0.4571999999999986,-0.3375999999999988,0.2302000000000001
-0.39979999999999905,-0.2883999999999992,0.23430000000000006
-0.34239999999999954,-0.2391999999999996,0.23840000000000003
-0.3,-0.21,0.24
-0.26720000000000027,-0.19360000000000013,0.24
-0.2427999999999997,-0.17860000000000012,0.23860000000000012
-0.2591999999999996,-0.1704000000000002,0.2304000000000002
-0.27559999999999946,-0.1622000000000003,0.2222000000000003
-0.3130000000000013,-0.13299999999999898,0.21099999999999966
-0.35810000000000086,-0.0960999999999993,0.19869999999999977
-0.40680000000000066,-0.07,0.1924000000000001
-0.46420000000000017,-0.07,0.20060000000000003
-0.5215999999999997,-0.07,0.20879999999999996
-0.5509999999999997,-0.10849999999999937,0.23099999999999965
-0.5755999999999994,-0.153599999999999,0.2555999999999995
-0.5662000000000017,-0.18849999999999936,0.2852999999999989
-0.5088000000000023,-0.20899999999999921,0.32219999999999854
-0.45140000000000274,-0.22949999999999904,0.35909999999999825
-0.4340000000000009,-0.1740000000000032,0.3480000000000007
-0.4175999999999999,-0.11659999999999968,0.33569999999999994
-0.41659999999999997,-0.03720000000000026,0.3146000000000001
-0.42889999999999984,0.06119999999999891,0.2859000000000003
-0.44,0.1535999999999993,0.25920000000000015
-0.44,0.19050000000000153,0.25099999999999967
-0.44,0.2274000000000012,0.2427999999999997
-0.4427000000000001,0.21299999999999897,0.24810000000000032
-0.4468000000000001,0.17199999999999932,0.2604000000000002
-0.4509,0.12379999999999941,0.26639999999999986
-0.455,0.05000000000000001,0.25
-0.4591,-0.023799999999999384,0.23360000000000014
-0.47599999999999965,-0.07199999999999933,0.23
-0.4964999999999995,-0.11299999999999899,0.23
-0.5057999999999996,-0.12459999999999838,0.22579999999999956
-0.49349999999999966,-0.07949999999999875,0.21349999999999966
-0.48119999999999974,-0.034399999999999126,0.20119999999999977
-0.48,0.021800000000000624,0.17779999999999974
-0.48,0.07920000000000016,0.15319999999999995
-0.4894999999999999,0.11949999999999988,0.12480000000000019
-0.5099999999999997,0.1399999999999997,0.09200000000000046
-0.5303999999999996,0.15920000000000073,0.06
-0.5467999999999995,0.126400000000001,0.06
-0.5631999999999994,0.09360000000000128,0.06
-0.543599999999999,0.046399999999998734,0.07680000000000065
-0.4984999999999994,-0.011000000000000787,0.1055000000000004
-0.45339999999999975,-0.056999999999999884,0.13
-0.4083000000000001,-0.03650000000000005,0.13
-0.36320000000000047,-0.016000000000000226,0.13
-0.37609999999999927,0.013199999999999372,0.11260000000000048
-0.412999999999999,0.0459999999999991,0.08800000000000069
-0.4487999999999988,0.07439999999999941,0.08099999999999853
-0.4815999999999986,0.09079999999999927,0.1219999999999982
-0.5143999999999983,0.10719999999999914,0.16299999999999784
-0.48260000000000275,0.09300000000000125,0.156400000000001
-0.4375,0.0725,0.14
-0.38760000000000044,0.0647999999999999,0.1204000000000002
-0.33020000000000094,0.0770999999999998,0.09580000000000041
-0.2727999999999975,0.08940000000000055,0.07119999999999892
-0.16079999999999586,0.10950000000000074,-0.00800000000000295
-0.04599999999999682,0.1300000000000006,-0.09000000000000227
-0.07820000000000332,0.12739999999999954,-0.06909999999999772
-0.2504000000000019,0.10279999999999972,0.049800000000001315
-0.41510000000000014,0.07519999999999981,0.16030000000000003
-0.48479999999999956,0.009600000000000358,0.1644
-0.554499999999999,-0.05599999999999909,0.16849999999999996
-0.5358000000000015,-0.16839999999999694,0.1622000000000003
-0.46610000000000207,-0.30779999999999574,0.1499000000000004
-0.39879999999999827,-0.4240000000000006,0.14800000000000124
-0.3413999999999987,-0.44450000000000045,0.18900000000000092
-0.2839999999999992,-0.46500000000000025,0.23000000000000057
-0.27310000000000006,-0.4203999999999996,0.22449999999999987
-0.2772,-0.35480000000000017,0.20400000000000007
-0.2929999999999996,-0.27620000000000117,0.17700000000000046
-0.33399999999999924,-0.16960000000000208,0.1360000000000008
-0.3749999999999989,-0.06300000000000296,0.09500000000000114
-0.33320000000000194,-0.02840000000000089,0.061200000000001184
-0.27990000000000237,-0.0038000000000010924,0.02840000000000146
-0.2625999999999985,0.02439999999999827,-0.00979999999999763
