-0.586925,0.596225,-0.10415
-0.76,0.56,-0.08
-0.28907500000000014,0.531825,-0.09207499999999999
0.18184999999999993,0.50365,-0.10414999999999999
0.2419250000000004,0.4339750000000001,-0.05605000000000013
-0.0840999999999999,0.32530000000000003,0.04859999999999996
-0.39749999999999996,0.219625,0.14912499999999998
-0.3170000000000001,0.20755,0.12095000000000003
-0.23650000000000004,0.195475,0.09277500000000001
-0.18680000000000002,0.16140000000000004,0.0866
-0.16265,0.10907499999999994,0.09867500000000001
-0.14400000000000007,0.05949999999999999,0.11150000000000002
-0.20840000000000003,0.051449999999999996,0.13565000000000002
-0.2727999999999999,0.043400000000000015,0.15979999999999997
-0.2907,0.04,0.15837500000000002
-0.2746,0.04,0.13825
-0.262625,0.04299999999999998,0.11812500000000001
-0.29079999999999995,0.07519999999999996,0.09800000000000003
-0.318975,0.10740000000000002,0.077875
-0.33490000000000003,0.14940000000000012,0.06509999999999999
-0.34295000000000003,0.1977000000000001,0.05704999999999999
-0.3505,0.24450000000000005,0.051500000000000025
-0.354525,0.28072500000000006,0.06357500000000002
-0.35855,0.31695000000000007,0.07565000000000001
-0.3780249999999999,0.32485,0.08514999999999998
-0.4061999999999999,0.3168,0.09319999999999998
-0.430625,0.304375,0.100625
-0.43465,0.26815,0.10465
-0.438675,0.23192500000000002,0.108675
-0.4454,0.20380000000000004,0.11539999999999999
-0.45345,0.17965000000000003,0.12344999999999999
-0.4570000000000001,0.16149999999999998,0.13075
-0.4409,0.16954999999999998,0.134775
-0.4248,0.17759999999999998,0.1388
-0.428475,0.18,0.137175
-0.44055,0.18,0.13315
-0.456125,0.18175,0.13262500000000002
-0.4843,0.1898,0.14470000000000002
-0.512475,0.19785,0.156775
-0.5318,0.18819999999999995,0.16590000000000005
-0.5478999999999999,0.1721000000000001,0.17394999999999997
-0.56,0.1529999999999999,0.18500000000000005
-0.56,0.12482499999999991,0.20512500000000006
-0.56,0.09664999999999992,0.22525000000000006
-0.550775,0.06539999999999992,0.23922500000000005
-0.5387,0.03319999999999993,0.2513
-0.5367500000000001,0.007749999999999984,0.261125
-0.5608999999999998,-0.00029999999999994094,0.26515
-0.5850499999999997,-0.008349999999999937,0.269175
-0.6059999999999999,0.0027999999999998686,0.2508000000000002
-0.6261249999999998,0.01889999999999986,0.2266500000000002
-0.64875,0.035,0.22125
-0.676925,0.05109999999999999,0.25747499999999995
-0.7051,0.0672,0.29369999999999996
-0.7365999999999999,0.05005000000000003,0.33324999999999994
-0.7687999999999999,0.025900000000000034,0.37349999999999994
-0.7762500000000001,0.015499999999999972,0.404125
-0.7360000000000001,0.03159999999999997,0.41619999999999996
-0.6957500000000001,0.047699999999999965,0.42827499999999996
-0.65205,0.11554999999999978,0.45069999999999993
-0.6077750000000001,0.19202499999999975,0.47484999999999994
-0.583,0.25649999999999984,0.5034999999999998
-0.59105,0.3007749999999998,0.5397249999999998
-0.5991,0.3450499999999998,0.5759499999999999
-0.6893749999999995,0.3106750000000002,0.590725
-0.7899999999999995,0.2664000000000002,0.6027999999999999
-0.8646250000000001,0.20912499999999973,0.5774999999999997
-0.90085,0.13264999999999977,0.4969999999999997
-0.9370750000000001,0.05617499999999979,0.41649999999999976
-0.8659999999999998,0.03149999999999995,0.3396999999999998
-0.7854999999999999,0.011374999999999958,0.2632249999999998
-0.7049999999999998,0.005250000000000022,0.1919999999999999
-0.6244999999999999,0.017325000000000014,0.1275999999999999
-0.5439999999999999,0.029400000000000013,0.06319999999999992
-0.48262499999999997,0.033825,0.00644999999999997
-0.42225,0.03785,-0.049900000000000014
-0.343125,0.015625,-0.10250000000000001
-0.24250000000000005,-0.036699999999999976,-0.1508
-0.14187500000000008,-0.08902499999999997,-0.19909999999999997
-0.06890000000000074,-0.20454999999999882,-0.15655000000000044
0.0035499999999998935,-0.3212749999999998,-0.11227500000000007
0.021999999999999742,-0.4140000000000005,-0.07799999999999982
-0.014224999999999925,-0.4824249999999999,-0.05385000000000005
-0.05095000000000047,-0.5509000000000005,-0.030700000000000366
-0.1274249999999998,-0.6233499999999998,-0.08704999999999985
-0.20390000000000041,-0.6958000000000004,-0.14340000000000033
-0.25062499999999993,-0.8086249999999995,-0.21037499999999973
-0.2707500000000001,-0.9575500000000008,-0.2868500000000004
-0.29034999999999994,-1.1054249999999994,-0.359825
-0.2984,-1.2302000000000006,-0.35579999999999995
-0.3064500000000001,-1.3549750000000016,-0.35177499999999995
-0.30774999999999997,-1.42125,-0.3184999999999998
-0.30372499999999997,-1.4413750000000003,-0.26214999999999933
-0.294900000000001,-1.4564000000000006,-0.20880000000000024
-0.22647500000000043,-1.4081000000000004,-0.1927000000000001
-0.15805000000000108,-1.3598000000000008,-0.17660000000000026
-0.10625000000000029,-1.2972500000000005,-0.17
-0.06600000000000066,-1.2248000000000012,-0.17
-0.035949999999999566,-1.1553250000000004,-0.16405000000000045
-0.09229999999999905,-1.1110500000000008,-0.10770000000000096
-0.14864999999999953,-1.0667750000000005,-0.05135000000000048
-0.21250000000000002,-1.0050000000000001,-0.0025000000000000022
-0.28092499999999937,-0.9325500000000007,0.0417749999999996
-0.34,-0.8513000000000002,0.08329999999999999
-0.34,-0.7144500000000014,0.10744999999999977
-0.34,-0.5776000000000002,0.13159999999999997
-0.32687500000000025,-0.41712500000000186,0.1163750000000004
-0.30675,-0.24405000000000038,0.08015000000000008
-0.28190000000000054,-0.09055000000000063,0.04460000000000036
-0.23360000000000014,-0.03420000000000017,0.012400000000000092
-0.18530000000000058,0.022149999999999323,-0.01979999999999961
-0.14250000000000015,-0.009499999999999731,-0.03824999999999996
-0.10225000000000052,-0.08194999999999908,-0.05032499999999984
-0.06440000000000012,-0.1647999999999995,-0.06079999999999998
-0.03622500000000038,-0.28957499999999836,-0.06482499999999995
-0.00805000000000014,-0.4143499999999994,-0.06884999999999998
0.023000000000000118,-0.5391250000000004,-0.07
0.05519999999999982,-0.6638999999999993,-0.07
0.08277500000000004,-0.7849750000000003,-0.06537499999999995
0.09484999999999992,-0.8936499999999994,-0.04525000000000013
0.10692500000000002,-1.0023250000000004,-0.02512499999999996
0.06800000000000041,-1.0809999999999995,-0.014000000000000058
0.011649999999999924,-1.1494250000000001,-0.005949999999999989
-0.04049999999999969,-1.1926500000000002,-0.0041999999999998774
-0.08075000000000003,-1.164475,-0.020300000000000012
-0.12099999999999966,-1.1363,-0.03639999999999986
-0.05187500000000178,-1.0518750000000017,-0.06812499999999937
0.04874999999999907,-0.9512500000000009,-0.10434999999999967
0.1387999999999988,-0.8529750000000017,-0.14644999999999897
0.20319999999999938,-0.760400000000001,-0.20279999999999945
0.2675999999999988,-0.6678250000000018,-0.25914999999999894
0.2637499999999999,-0.5947499999999996,-0.2895000000000002
0.24362500000000042,-0.5263250000000014,-0.31364999999999954
0.2287,-0.4760999999999999,-0.3221999999999999
0.2246750000000001,-0.46402500000000024,-0.29805000000000054
0.22064999999999999,-0.45194999999999996,-0.27389999999999987
0.23687499999999959,-0.5006249999999988,-0.22612500000000113
0.2570000000000001,-0.5610000000000003,-0.17379999999999976
0.2600250000000006,-0.6242249999999985,-0.13287500000000046
0.2318499999999999,-0.6926500000000003,-0.11274999999999992
0.20367500000000066,-0.7610749999999985,-0.09262500000000046
0.16499999999999987,-0.8085000000000002,-0.09700000000000003
0.12475000000000024,-0.8527749999999997,-0.10504999999999995
0.10620000000000004,-0.87845,-0.11310000000000002
0.12229999999999991,-0.874425,-0.12114999999999995
0.13840000000000005,-0.8704,-0.1292
0.15087499999999993,-0.8373750000000003,-0.11550000000000012
0.16295000000000004,-0.8011499999999999,-0.09939999999999997
0.19009999999999963,-0.7565500000000005,-0.10507499999999971
0.23840000000000003,-0.7001999999999999,-0.14130000000000004
0.28669999999999957,-0.6438500000000005,-0.17752499999999968
0.33125,-0.62875,-0.2475
0.3755249999999996,-0.6166750000000001,-0.31994999999999935
0.42879999999999996,-0.6262,-0.3636
0.4931999999999994,-0.6624249999999996,-0.3716499999999999
0.5576,-0.6986499999999999,-0.3797
0.6219999999999993,-0.7697499999999993,-0.3683750000000001
0.6863999999999999,-0.8421999999999998,-0.3563
0.7026750000000004,-0.9127249999999992,-0.3326750000000004
0.6664500000000001,-0.9811499999999999,-0.2964500000000001
0.6302249999999998,-1.0495750000000004,-0.2602249999999998
0.5619999999999991,-1.0780000000000005,-0.21999999999999945
0.4935750000000009,-1.1061749999999997,-0.17975000000000052
0.46,-1.1015500000000003,-0.18049999999999983
0.46,-1.0653249999999999,-0.22075000000000017
0.4607000000000004,-1.0293999999999996,-0.26090000000000046
0.4888749999999996,-1.0052500000000004,-0.2971249999999995
0.5170499999999999,-0.9811000000000001,-0.33334999999999976
0.5321750000000001,-0.9482499999999998,-0.3391249999999999
0.5362000000000001,-0.9079999999999995,-0.31899999999999973
0.540225,-0.8688750000000003,-0.29977500000000007
0.54425,-0.8487500000000001,-0.29575
0.5482750000000001,-0.828625,-0.29172499999999996
0.55,-0.8246,-0.2784999999999998
0.55,-0.8326499999999998,-0.25837500000000035
0.5510499999999999,-0.8403499999999999,-0.24034999999999995
0.563125,-0.844375,-0.244375
0.5752,-0.8484,-0.24840000000000004
0.5921249999999996,-0.85,-0.2621249999999996
0.6122500000000005,-0.85,-0.2822500000000005
0.627625,-0.85285,-0.30237499999999995
0.6074999999999998,-0.8770000000000002,-0.3225000000000001
0.5873750000000003,-0.9011499999999996,-0.34262499999999957
0.5697999999999996,-0.9253000000000006,-0.3397999999999996
0.5537000000000001,-0.9494499999999999,-0.32370000000000004
0.5429999999999995,-0.9694,-0.30880000000000024
0.5631249999999995,-0.9653750000000001,-0.3007500000000002
0.5832499999999997,-0.96135,-0.29270000000000007
0.5605750000000002,-0.9653499999999999,-0.29
0.5163000000000013,-0.9733999999999997,-0.29
0.47274999999999945,-0.9829000000000002,-0.28419999999999956
0.43250000000000055,-0.9989999999999998,-0.25200000000000045
0.3922500000000002,-1.0151,-0.21980000000000016
0.38279999999999986,-1.0144000000000002,-0.19320000000000076
0.38682500000000003,-1.0063499999999999,-0.16904999999999973
0.3874500000000002,-0.9974500000000002,-0.1525499999999998
0.37537500000000007,-0.9853750000000001,-0.1646249999999999
0.3633000000000004,-0.9733000000000004,-0.17669999999999958
0.3512249999999999,-0.9465999999999997,-0.1887750000000001
0.33915000000000023,-0.9144000000000005,-0.20084999999999978
0.33389999999999986,-0.8831750000000003,-0.2129249999999999
0.35,-0.855,-0.22499999999999998
0.36610000000000015,-0.8268249999999997,-0.2370750000000001
0.3760999999999999,-0.8139000000000002,-0.24
0.38414999999999994,-0.8058500000000001,-0.24
0.38230000000000003,-0.8011,-0.2433
0.3541249999999998,-0.8051250000000001,-0.2553750000000001
0.3259500000000006,-0.8091499999999999,-0.2674499999999998
0.3136500000000001,-0.8322249999999998,-0.2509500000000003
0.30560000000000004,-0.8603999999999999,-0.22680000000000006
0.3073500000000001,-0.8849000000000001,-0.21
0.33149999999999946,-0.9009999999999997,-0.21
0.3556499999999997,-0.9170999999999998,-0.21
0.36,-0.9134000000000001,-0.1902000000000001
0.36,-0.90535,-0.1660499999999999
0.35055000000000064,-0.90135,-0.15
0.3223750000000004,-0.9053749999999999,-0.15
0.29420000000000013,-0.9094,-0.15
0.24889999999999984,-0.913425,-0.153425
0.20060000000000117,-0.91745,-0.1574499999999999
0.15967499999999946,-0.9126249999999997,-0.15852499999999992
0.1315000000000002,-0.8925000000000002,-0.15450000000000003
0.10332499999999997,-0.872375,-0.150475
0.1,-0.8309500000000012,-0.12870000000000062
0.1,-0.7866749999999992,-0.10454999999999956
0.12079999999999956,-0.7424000000000004,-0.09639999999999986
0.173125,-0.698125,-0.1125
0.2254499999999986,-0.6538500000000013,-0.12859999999999958
0.2557250000000005,-0.6463249999999999,-0.12632499999999994
0.2838999999999997,-0.6423000000000001,-0.12230000000000003
0.28965,-0.6537999999999999,-0.10965000000000003
0.26549999999999985,-0.6860000000000002,-0.08549999999999983
0.24134999999999962,-0.7182000000000005,-0.06134999999999962
0.22100000000000022,-0.7465999999999997,-0.05240000000000009
0.20087500000000005,-0.774775,-0.04435000000000002
0.19185000000000002,-0.7863,-0.041850000000000026
0.19587500000000008,-0.7782499999999999,-0.04587500000000006
0.19989999999999997,-0.7702000000000001,-0.04989999999999995
0.19607500000000003,-0.7503750000000001,-0.061774999999999955
0.19205,-0.7302499999999998,-0.07385000000000005
0.18802499999999994,-0.7160499999999999,-0.08197500000000005
0.18400000000000005,-0.7080000000000001,-0.08599999999999994
0.18007499999999993,-0.6998250000000001,-0.08995000000000004
0.19215000000000002,-0.6716499999999999,-0.08189999999999997
0.20422500000000013,-0.6434749999999997,-0.07384999999999992
0.20790000000000006,-0.6132000000000005,-0.07
0.20387500000000003,-0.5810000000000003,-0.07
0.19804999999999995,-0.55015,-0.07030000000000002
0.14572500000000133,-0.554175,-0.0783499999999998
0.0934000000000009,-0.5582,-0.08639999999999987
0.06777500000000004,-0.5733499999999998,-0.08555000000000007
0.06375000000000014,-0.5974999999999991,-0.07750000000000029
0.06495000000000062,-0.619725,-0.07
0.13739999999999866,-0.6157,-0.07
0.2098499999999993,-0.6116750000000001,-0.07
0.2634999999999985,-0.5747500000000022,-0.08174999999999927
0.3037500000000003,-0.5143749999999996,-0.10187500000000015
0.33480000000000104,-0.4580000000000004,-0.12319999999999937
0.2824750000000006,-0.43787500000000024,-0.15539999999999965
0.230150000000002,-0.41775000000000073,-0.18759999999999877
0.16049999999999953,-0.44960000000000033,-0.19504999999999997
0.07999999999999885,-0.5140000000000009,-0.1869999999999999
0.007900000000000205,-0.5783999999999991,-0.1789500000000001
-0.00819999999999936,-0.6427999999999974,-0.17090000000000033
-0.024300000000000068,-0.7072000000000003,-0.16284999999999997
-0.019599999999999798,-0.7378000000000001,-0.16260000000000005
-0.003500000000000227,-0.7498749999999998,-0.16662499999999994
0.004800000000001317,-0.7515500000000022,-0.166100000000001
-0.027400000000000098,-0.6992249999999999,-0.14194999999999994
-0.05960000000000037,-0.6468999999999994,-0.11779999999999972
-0.1054249999999992,-0.583675000000001,-0.09092500000000045
-0.15774999999999778,-0.5152500000000029,-0.0627500000000012
-0.19302499999999995,-0.45535,-0.03689999999999998
-0.15679999999999966,-0.4311999999999998,-0.020799999999999843
-0.12057500000000061,-0.4070500000000004,-0.0047000000000002725
-0.06155000000000299,-0.4,0.0
0.006875000000000006,-0.4,0.0
0.06090000000000003,-0.4072000000000003,0.0027000000000001016
0.06492499999999993,-0.4393999999999994,0.014774999999999778
0.06894999999999982,-0.4715999999999985,0.026849999999999454
0.031325000000000075,-0.5097499999999999,0.03892499999999998
-0.021000000000000366,-0.5500000000000003,0.05100000000000009
-0.08254999999999826,-0.5861499999999995,0.052825000000000545
-0.17109999999999903,-0.6102999999999997,0.02465000000000031
-0.25964999999999977,-0.63445,-0.0035249999999999214
-0.3017000000000002,-0.6213999999999998,-0.006899999999999977
-0.3298749999999994,-0.5972500000000005,-0.0028750000000000854
-0.3258500000000011,-0.5662000000000006,0.013799999999999382
-0.24132499999999737,-0.5178999999999985,0.0621000000000015
-0.15679999999999966,-0.4695999999999998,0.1104000000000002
-0.09485000000000128,-0.4277500000000009,0.1296749999999997
-0.0385000000000008,-0.38750000000000057,0.14174999999999982
-0.011475000000001068,-0.3612750000000001,0.13597499999999868
-0.0477000000000001,-0.3653,0.09169999999999986
-0.08392499999999913,-0.3693249999999999,0.047425000000001064
-0.1703999999999985,-0.37669999999999987,0.026600000000000252
-0.26700000000000274,-0.38475000000000026,0.010499999999999546
-0.3272,-0.3872,0.019600000000000076
-0.3191500000000002,-0.3791500000000002,0.07594999999999857
-0.31110000000000015,-0.37110000000000015,0.13229999999999906
-0.20922499999999686,-0.34914999999999935,0.1817000000000013
-0.0925,-0.325,0.23
-0.015424999999999895,-0.30847499999999994,0.24322499999999964
-0.003350000000000221,-0.30445000000000005,0.19895000000000082
0.008725000000000307,-0.3004249999999999,0.15467499999999887
-0.08359999999999984,-0.3,0.11760000000000004
-0.18825000000000075,-0.3,0.08137499999999974
-0.2994999999999976,-0.29835000000000006,0.08309999999999888
-0.4202499999999944,-0.29432500000000017,0.13944999999999738
-0.5409999999999997,-0.2903,0.19579999999999986
-0.5835250000000003,-0.34960000000000035,0.27450000000000047
-0.6197499999999992,-0.41399999999999865,0.3549999999999983
-0.6204750000000021,-0.4553249999999994,0.3893500000000012
-0.5762000000000003,-0.4673999999999999,0.36520000000000014
-0.5319249999999999,-0.47947500000000004,0.3410499999999999
-0.5223000000000002,-0.38375000000000226,0.255300000000002
-0.5142500000000004,-0.28312500000000496,0.1667500000000044
-0.5081,-0.18630000000000052,0.0934000000000003
-0.5040749999999999,-0.09372499999999974,0.03704999999999983
-0.50005,-0.0011499999999989542,-0.019300000000000636
-0.5437249999999978,0.027824999999998573,0.01577499999999816
-0.5880000000000012,0.0560000000000008,0.05200000000000103
-0.5938000000000011,0.04367500000000178,0.10442499999999769
-0.5616000000000009,-0.008649999999998666,0.17284999999999826
-0.5303749999999997,-0.06022499999999979,0.23970000000000027
-0.5504999999999999,-0.07229999999999989,0.22360000000000013
-0.5706249999999999,-0.08437499999999999,0.20750000000000002
-0.5627999999999997,-0.10075000000000017,0.15914999999999938
-0.5306000000000017,-0.12087499999999893,0.0826750000000041
-0.5032000000000016,-0.13859999999999928,0.007399999999998685
-0.5675999999999977,-0.11042500000000105,-0.04492499999999808
-0.6319999999999982,-0.08225000000000081,-0.09724999999999852
-0.6827499999999992,-0.047250000000000805,-0.11545000000000016
-0.7229999999999995,-0.007000000000000457,-0.10740000000000009
-0.758375,0.03259999999999991,-0.09772500000000009
-0.7382499999999999,0.06480000000000019,-0.06954999999999983
-0.7181250000000011,0.09699999999999818,-0.04137500000000159
-0.6787999999999987,0.09559999999999946,0.03480000000000244
-0.6264749999999983,0.07144999999999925,0.14347500000000335
-0.5750500000000014,0.04685000000000088,0.26204999999999384
-0.530775000000001,0.01867500000000064,0.45927499999999555
-0.4865000000000006,-0.0094999999999996,0.6564999999999972
-0.5735249999999991,0.025449999999999612,0.8107999999999993
-0.7385500000000005,0.09790000000000021,0.9396000000000004
-0.867925000000005,0.18414999999999,1.0385000000000049
-0.7833999999999983,0.35320000000000334,0.9579999999999984
-0.6988749999999977,0.5222500000000048,0.8774999999999977
-0.6143500000000028,0.6780499999999949,0.751950000000005
-0.5298250000000022,0.8269749999999961,0.6030250000000038
-0.46139999999999987,0.9381000000000012,0.45060000000000283
-0.4694499999999999,0.8696750000000005,0.2815500000000014
-0.4775,0.80125,0.11249999999999999
-0.524399999999996,0.6523500000000115,-0.0010499999999944998
-0.5888000000000011,0.46719999999999684,-0.0896000000000015
-0.6449500000000006,0.30102499999999766,-0.15257499999999907
-0.6690999999999991,0.2084500000000034,-0.11635000000000134
-0.6932499999999993,0.11587500000000261,-0.08012500000000103
-0.6332999999999953,0.06099999999999795,-0.046799999999998364
-0.540725000000001,0.02075000000000045,-0.014600000000000364
-0.4605000000000001,-0.015699999999999936,0.009050000000000011
-0.42024999999999973,-0.03985000000000014,0.005024999999999977
-0.37999999999999945,-0.06400000000000035,0.0009999999999999432
-0.4002500000000009,-0.07302500000000009,0.003025000000000091
-0.4404999999999984,-0.07704999999999984,0.007049999999999841
-0.461400000000001,-0.06602500000000162,0.013224999999999626
-0.42919999999999847,-0.013699999999997492,0.02530000000000058
-0.39700000000000046,0.038624999999999264,0.03737499999999983
-0.37740000000000007,0.08779999999999974,0.04314999999999998
-0.36129999999999995,0.13610000000000014,0.047175000000000016
-0.35119999999999973,0.17479999999999907,0.04040000000000191
-0.35522500000000007,0.19090000000000032,0.008199999999999368
-0.3592499999999998,0.20699999999999932,-0.023999999999998634
-0.34690000000000054,0.21,-0.04309999999999946
-0.3308000000000004,0.21,-0.05919999999999959
-0.29482500000000134,0.19675000000000067,-0.07264999999999987
-0.21835000000000065,0.15650000000000033,-0.08069999999999994
-0.141875,0.11625,-0.08875
-0.18099999999999627,0.12019999999999925,-0.07300000000000126
-0.24137500000000106,0.13227500000000023,-0.05287499999999966
-0.31045000000000217,0.17190000000000227,-0.03564999999999969
-0.3949749999999969,0.26044999999999674,-0.023575000000000443
-0.4794999999999976,0.3489999999999975,-0.011500000000000342
-0.3913000000000022,0.3881999999999994,0.025249999999999204
-0.2786000000000013,0.42039999999999966,0.06549999999999954
-0.24307499999999976,0.37227500000000047,0.11362499999999984
-0.3275999999999945,0.19920000000001126,0.17399999999999607
-0.4121250000000012,0.026124999999997553,0.23437500000000083
-0.41269999999999984,-0.070300000000002,0.2582500000000004
-0.40465000000000034,-0.1588499999999965,0.2783749999999992
-0.3745000000000019,-0.2303999999999985,0.26450000000000184
-0.3141250000000014,-0.2786999999999989,0.20412500000000136
-0.25375000000000086,-0.32699999999999935,0.14375000000000088
-0.2877499999999998,-0.31112500000000015,0.13622500000000004
-0.32799999999999724,-0.29100000000000137,0.1322000000000003
-0.3627750000000003,-0.24897499999999928,0.12452499999999987
-0.3909500000000005,-0.18054999999999866,0.11244999999999977
-0.4191249999999988,-0.1121250000000029,0.10037500000000052
-0.36540000000000195,-0.032000000000002735,0.061000000000001366
-0.3090499999999975,0.04850000000000363,0.020749999999998183
-0.2897499999999997,0.19919999999999616,-0.027299999999999047
