0.146125,0.432375,0.672375
0.1,0.54,0.78
0.14100000000000001,0.463125,0.764625
0.17824999999999996,0.38775,0.75
0.14237499999999997,0.341625,0.75
0.10649999999999998,0.3,0.7474999999999999
0.07062500000000001,0.3,0.7218749999999999
0.03474999999999999,0.29924999999999996,0.6985
-0.0011250000000000218,0.29412499999999997,0.68825
-0.026999999999999982,0.288,0.675
-0.011625000000000005,0.27775,0.649375
-0.0012499999999999994,0.27125,0.63125
-0.006375000000000002,0.27637500000000004,0.636375
-0.01,0.29500000000000004,0.643
-0.01,0.34625000000000006,0.65325
-0.018750000000000037,0.39225000000000004,0.6565
-0.044375,0.42812500000000003,0.64625
-0.08800000000000015,0.43199999999999994,0.646
-0.1597499999999998,0.38587500000000013,0.6613749999999999
-0.2,0.3217500000000001,0.6745
-0.2,0.23462499999999986,0.68475
-0.21000000000000002,0.15500000000000003,0.7075
-0.23049999999999995,0.0832500000000001,0.7433749999999999
-0.22624999999999998,0.06375000000000003,0.782
-0.20062500000000003,0.08937499999999998,0.823
-0.20800000000000005,0.14800000000000013,0.831
-0.2387499999999999,0.22999999999999973,0.815625
-0.2857500000000001,0.2535,0.81
-0.342125,0.24325,0.81
-0.353,0.21900000000000003,0.8135
-0.34275,0.18824999999999995,0.8186249999999999
-0.32875,0.195,0.8274999999999999
-0.313375,0.21549999999999997,0.83775
-0.33400000000000013,0.23200000000000007,0.8720000000000002
-0.3647500000000001,0.24737500000000004,0.9130000000000001
-0.4039999999999998,0.23725000000000007,0.9412499999999999
-0.445,0.221875,0.9668749999999999
-0.4725,0.18400000000000005,0.9834999999999999
-0.49812499999999993,0.14300000000000013,0.998875
-0.5,0.0782499999999998,1.0285000000000002
-0.5,0.011624999999999908,1.05925
-0.46499999999999997,0.035,1.08
-0.43024999999999997,0.06224999999999986,1.0995000000000001
-0.4405,0.15449999999999975,1.0790000000000002
-0.4473750000000002,0.2448749999999997,1.0562500000000004
-0.4115,0.3115000000000001,1.005
-0.37312500000000004,0.36624999999999996,0.9562499999999999
-0.3167500000000001,0.3355,0.9255
-0.2770000000000002,0.30474999999999985,0.9008750000000001
-0.3180000000000001,0.2739999999999999,0.906
-0.35112499999999996,0.2263750000000006,0.9167499999999998
-0.35624999999999996,0.11875000000000074,0.9474999999999998
-0.36825000000000013,0.005624999999999297,0.9865000000000004
-0.39900000000000013,-0.12250000000000053,1.0480000000000003
-0.42325,-0.21,1.1062500000000002
-0.4335,-0.21,1.1575
-0.393125,-0.21562499999999998,1.18625
-0.2650000000000002,-0.23099999999999998,1.176
-0.17724999999999988,-0.25275000000000014,1.1976250000000002
-0.1464999999999999,-0.2835000000000001,1.26425
-0.1608750000000001,-0.31900000000000006,1.3522500000000002
-0.2275,-0.36,1.465
-0.28100000000000025,-0.4141250000000004,1.5593750000000004
-0.3219999999999999,-0.48074999999999984,1.6362499999999998
-0.29974999999999985,-0.5330000000000001,1.6872500000000001
-0.22799999999999943,-0.5740000000000003,1.7180000000000002
-0.184375,-0.55875,1.751875
-0.15874999999999986,-0.5074999999999997,1.7877500000000002
-0.1972499999999998,-0.4630000000000001,1.82025
-0.2689999999999992,-0.42200000000000043,1.8509999999999998
-0.26462499999999967,-0.4281250000000002,1.870875
-0.22875,-0.45375,1.88625
-0.18124999999999972,-0.48712500000000025,1.901625
-0.13000000000000014,-0.5229999999999999,1.9169999999999998
-0.16537500000000016,-0.50525,1.940625
-0.2217499999999997,-0.47450000000000014,1.9662499999999998
-0.243125,-0.46125,1.97
-0.2585000000000001,-0.45099999999999996,1.97
-0.25075000000000003,-0.4823749999999999,1.97
-0.24049999999999996,-0.5182500000000001,1.97
-0.2692499999999998,-0.5297499999999999,1.97
-0.3,-0.54,1.97
-0.28974999999999995,-0.5143749999999999,1.9546249999999998
-0.28,-0.49024999999999996,1.93925
-0.28,-0.495375,1.9238749999999998
-0.2755000000000003,-0.5015,1.9109999999999998
-0.229375,-0.516875,1.92125
-0.19224999999999987,-0.5315,1.9344999999999997
-0.20762500000000017,-0.5417500000000002,1.9652500000000004
-0.22100000000000003,-0.5429999999999999,1.991
-0.22612499999999996,-0.5071250000000002,1.996125
-0.2225,-0.475,1.99625
-0.19175000000000025,-0.4545000000000002,1.9808750000000002
-0.15950000000000011,-0.4415,1.9729999999999999
-0.1236249999999999,-0.44662500000000005,1.98325
-0.08949999999999975,-0.46400000000000036,1.997
-0.058750000000000004,-0.505,2.0175
-0.04800000000000011,-0.5540000000000004,2.036
-0.06849999999999995,-0.6154999999999998,2.0513749999999997
-0.08674999999999983,-0.65,2.0555000000000003
-0.10212500000000013,-0.65,2.04525
-0.10250000000000022,-0.6450000000000001,2.0325
-0.08712499999999991,-0.6347499999999999,2.0171249999999996
-0.06349999999999965,-0.6244999999999998,2.0017499999999995
-0.03274999999999992,-0.61425,1.986375
-0.026000000000000086,-0.5919999999999997,1.974
-0.036250000000000004,-0.56125,1.9637499999999999
-0.053000000000000116,-0.5662500000000001,1.96
-0.07349999999999966,-0.5918749999999996,1.96
-0.07299999999999997,-0.6385000000000001,1.9565
-0.06274999999999992,-0.6948750000000005,1.9513749999999999
-0.05625,-0.725,1.93875
-0.051124999999999976,-0.7455000000000002,1.9233749999999998
-0.05,-0.758,1.94
-0.05,-0.7682500000000001,1.965625
-0.05425000000000004,-0.7572499999999999,1.98275
-0.059375,-0.741875,1.998125
-0.05099999999999994,-0.7535000000000001,2.0
-0.04075000000000003,-0.768875,2.0
-0.03049999999999997,-0.7842500000000001,2.019
-0.020250000000000056,-0.7996249999999999,2.0395
-0.045000000000000005,-0.79,2.04
-0.07062500000000015,-0.7810000000000002,2.040375
-0.09624999999999993,-0.8219999999999998,2.0557499999999997
-0.12149999999999977,-0.8626249999999995,2.070375
-0.14199999999999988,-0.8984999999999999,2.0755
-0.153125,-0.935,2.078125
-0.0967499999999997,-0.9760000000000002,2.06275
-0.04737500000000026,-1.0152499999999995,2.055249999999999
-0.031999999999999744,-1.0460000000000005,2.0860000000000003
-0.01887500000000003,-1.0677500000000002,2.1167499999999997
-0.01375,-1.0575,2.1475
-0.011374999999999887,-1.05,2.1727499999999997
-0.016500000000000056,-1.05,2.1830000000000003
-0.024875000000000258,-1.0418749999999997,2.2030000000000007
-0.04024999999999992,-1.01625,2.2439999999999998
-0.051875000000000004,-0.994375,2.28125
-0.056999999999999884,-0.9790000000000003,2.3119999999999994
-0.053624999999999826,-0.9763750000000001,2.3470000000000004
-0.03824999999999974,-0.9917500000000002,2.388000000000001
-0.020500000000000115,-1.0213749999999997,2.417125
0.0,-1.0675000000000001,2.4325
0.01,-1.09525,2.437375
0.01,-1.1055000000000001,2.4322500000000002
0.004250000000000113,-1.1186249999999998,2.432875
-0.005999999999999943,-1.134,2.438
-0.01,-1.1524999999999999,2.443125
-0.01,-1.173,2.4482500000000003
-0.016750000000000112,-1.183375,2.4567500000000004
-0.026999999999999885,-1.1885,2.467
-0.015500000000000113,-1.186375,2.466375
0.005,-1.18125,2.46125
-0.00937500000000014,-1.1761249999999999,2.46
-0.03500000000000028,-1.1709999999999998,2.46
-0.04,-1.165875,2.4476250000000004
-0.04,-1.16075,2.4322500000000002
-0.026875000000000003,-1.155625,2.408125
-0.011499999999999915,-1.1504999999999999,2.3825
0.008500000000000226,-1.163875,2.38925
0.028999999999999772,-1.1792499999999997,2.3994999999999997
0.005625000000000144,-1.175125,2.3805
-0.02,-1.17,2.36
-0.014874999999999972,-1.1648749999999999,2.3446249999999997
-0.011250000000000288,-1.1597499999999998,2.3289999999999997
-0.036874999999999714,-1.154625,2.3085000000000004
-0.059500000000000025,-1.1519999999999997,2.29
-0.054375,-1.1724999999999999,2.29
-0.04774999999999992,-1.1915,2.29
-0.03237500000000026,-1.2017499999999999,2.29
-0.025999999999999662,-1.2080000000000002,2.295
-0.05674999999999983,-1.19775,2.3206249999999997
-0.08125,-1.1937499999999999,2.3425
-0.08637500000000002,-1.209125,2.35275
-0.09299999999999983,-1.217,2.3629999999999995
-0.10324999999999988,-1.20675,2.3732499999999996
-0.11,-1.20175,2.3835
-0.11,-1.206875,2.39375
-0.10599999999999994,-1.214,2.406
-0.09575000000000017,-1.2242499999999998,2.421375
-0.07875000000000029,-1.2277500000000001,2.43
-0.053125000000000144,-1.222625,2.43
-0.035,-1.2075,2.4325
-0.024749999999999946,-1.1818749999999998,2.437625
-0.022749999999999916,-1.17,2.4345000000000003
-0.02787499999999994,-1.17,2.4242500000000002
-0.03,-1.1520000000000001,2.414
-0.03,-1.12125,2.40375
-0.03650000000000006,-1.097,2.3935
-0.04674999999999983,-1.0765000000000005,2.38325
-0.057000000000000176,-1.063,2.3765
-0.06724999999999995,-1.05275,2.371375
-0.05500000000000001,-1.0462500000000001,2.35875
-0.034500000000000454,-1.041125,2.3433750000000004
-0.025999999999999943,-1.04,2.3239999999999994
-0.020874999999999914,-1.04,2.3034999999999997
-0.028499999999999942,-1.0612499999999998,2.29575
-0.03875,-1.086875,2.290625
-0.04449999999999989,-1.09,2.281
-0.04962500000000006,-1.09,2.27075
-0.06425000000000025,-1.08525,2.26525
-0.07962500000000035,-1.080125,2.2601249999999995
-0.07500000000000015,-1.0650000000000004,2.2649999999999997
-0.06962500000000035,-1.0496250000000005,2.2701249999999997
-0.05424999999999983,-1.03425,2.2752499999999998
-0.040375000000000084,-1.0207500000000003,2.279625
-0.04550000000000012,-1.0310000000000004,2.2744999999999997
-0.050624999999999865,-1.0393750000000002,2.2712499999999998
-0.05575000000000003,-1.03425,2.2815000000000003
-0.06437500000000028,-1.0282499999999999,2.29175
-0.09000000000000043,-1.0179999999999998,2.302
-0.10437500000000086,-1.0066250000000005,2.3077500000000004
-0.07875,-0.99125,2.2975
-0.06,-0.97725,2.291375
-0.06,-0.9669999999999999,2.2965
-0.06325000000000017,-0.96,2.3
-0.07349999999999966,-0.96,2.3
-0.065,-0.9618749999999999,2.2981249999999998
-0.02399999999999977,-0.967,2.293
0.012750000000000337,-0.9785000000000003,2.287875
0.04350000000000051,-0.9990000000000003,2.2827499999999996
0.04575000000000102,-1.0123749999999998,2.2728750000000004
0.015,-1.0175,2.2575
-0.005250000000000057,-1.01475,2.247375
-0.015500000000000114,-1.0045,2.2422500000000003
-0.02575000000000017,-0.9884999999999996,2.24
-0.03599999999999994,-0.9680000000000001,2.24
-0.055625,-0.9568749999999999,2.24
-0.08125000000000014,-0.9517499999999999,2.24
-0.09675000000000011,-0.9466249999999999,2.2265
-0.10700000000000016,-0.9414999999999999,2.206
-0.09912500000000009,-0.9327500000000001,2.1855
-0.08375,-0.9225,2.165
-0.07224999999999994,-0.9083749999999999,2.1445
-0.06199999999999988,-0.8929999999999998,2.1239999999999997
-0.07237499999999983,-0.894125,2.124125
-0.08774999999999991,-0.89925,2.12925
-0.094375,-0.9087500000000001,2.125625
-0.09950000000000003,-0.9190000000000002,2.1205000000000003
-0.11850000000000024,-0.9014999999999997,2.1385000000000005
-0.1389999999999998,-0.8810000000000002,2.159
-0.09125000000000029,-0.8605000000000002,2.16975
-0.04,-0.84,2.18
-0.03487499999999997,-0.8810000000000002,2.16975
-0.03,-0.9205000000000001,2.1597500000000003
-0.03,-0.9307499999999999,2.1546250000000002
-0.03149999999999992,-0.9345000000000002,2.1505
-0.046875,-0.8781249999999999,2.155625
-0.06600000000000023,-0.8277499999999999,2.16075
-0.10700000000000046,-0.8123749999999998,2.165875
-0.14299999999999985,-0.8139999999999993,2.169
-0.15837500000000035,-0.8857500000000016,2.163875
-0.16,-0.94375,2.16125
-0.11899999999999863,-0.9591250000000004,2.1663750000000004
-0.07649999999999949,-0.9564999999999995,2.17
-0.03037500000000051,-0.9103750000000005,2.17
-0.017499999999998295,-0.869500000000001,2.17175
-0.06875,-0.83875,2.176875
-0.10600000000000051,-0.8159999999999996,2.169999999999999
-0.12137499999999932,-0.8057500000000005,2.144375000000001
-0.13,-0.8067499999999999,2.1255
-0.13,-0.8221250000000003,2.1152499999999996
-0.135,-0.83,2.12
-0.14525000000000035,-0.83,2.1405000000000007
-0.14450000000000046,-0.8272500000000002,2.1445000000000003
-0.13425000000000012,-0.822125,2.13425
-0.13300000000000012,-0.8109999999999996,2.105999999999999
-0.138125,-0.795625,2.065
-0.14975000000000052,-0.7607499999999985,2.0304999999999986
-0.16512499999999933,-0.7146250000000021,1.9997500000000012
-0.18399999999999977,-0.6615000000000006,1.9760000000000002
-0.20450000000000046,-0.6051249999999987,1.9554999999999996
-0.22125,-0.57125,1.9125
-0.2366250000000005,-0.5456249999999991,1.8612499999999983
-0.20800000000000182,-0.555999999999999,1.8220000000000016
-0.16700000000000045,-0.5764999999999998,1.7861250000000004
-0.18125000000000058,-0.5629999999999995,1.745999999999999
-0.206875,-0.5425,1.705
-0.24600000000000136,-0.5039999999999987,1.7
-0.28699999999999815,-0.46300000000000185,1.7
-0.28050000000000014,-0.4457500000000002,1.7142499999999998
-0.27024999999999977,-0.4303749999999997,1.7296250000000004
-0.26,-0.425,1.75
-0.2501249999999999,-0.4198750000000001,1.770125
-0.2552500000000001,-0.4147499999999999,1.77525
-0.25962500000000005,-0.4085000000000002,1.779625
-0.2544999999999999,-0.3879999999999995,1.7745
-0.25125,-0.365625,1.773125
-0.2614999999999998,-0.32975000000000076,1.7987499999999994
-0.27787500000000054,-0.2938749999999996,1.820875
-0.3239999999999995,-0.2580000000000004,1.826
-0.3577499999999998,-0.22324999999999934,1.83
-0.34750000000000003,-0.1925,1.83
-0.34137499999999993,-0.16862500000000014,1.8341249999999998
-0.34650000000000003,-0.16349999999999995,1.8495000000000004
-0.3597499999999996,-0.1567500000000001,1.861625
-0.3905000000000007,-0.14649999999999977,1.8667500000000001
-0.39125,-0.13062500000000002,1.8531250000000001
-0.34000000000000113,-0.10500000000000057,1.807000000000001
-0.2951249999999996,-0.06237499999999926,1.7566249999999994
-0.25925000000000037,0.004249999999999261,1.7002500000000005
-0.24712500000000034,0.061375000000001026,1.648624999999999
-0.2625,0.10750000000000001,1.6025
-0.28312499999999946,0.12737500000000013,1.561625000000001
-0.3087500000000003,0.12224999999999994,1.5257499999999997
-0.2855000000000007,0.09125000000000057,1.4697500000000008
-0.22399999999999864,0.03999999999999886,1.3979999999999986
-0.19687500000000002,-0.0049999999999999975,1.35125
-0.19175000000000011,-0.04599999999999909,1.3205000000000007
-0.20350000000000024,-0.05662499999999994,1.2964999999999998
-0.22399999999999978,-0.05150000000000006,1.2760000000000002
-0.2553750000000008,-0.028249999999999317,1.2591249999999996
-0.29125,0.0024999999999999996,1.24375
-0.29225000000000023,0.01,1.2128750000000008
-0.2819999999999999,0.01,1.1769999999999996
-0.26762500000000017,-0.00649999999999977,1.16175
-0.25224999999999964,-0.027000000000000454,1.1514999999999997
-0.228125,-0.056249999999999994,1.1325
-0.20250000000000057,-0.08699999999999931,1.1120000000000005
-0.19537499999999994,-0.06687499999999971,1.11
-0.19025000000000006,-0.041250000000000286,1.11
-0.20462500000000033,0.01850000000000137,1.1148750000000003
-0.22,0.08,1.12
-0.1892500000000007,0.10562499999999944,1.1046250000000004
-0.16150000000000034,0.1294999999999999,1.0902500000000002
-0.19224999999999967,0.11925000000000012,1.095375
-0.22100000000000022,0.11300000000000068,1.1020000000000005
-0.23124999999999998,0.14375000000000002,1.1225
-0.2392500000000001,0.1752499999999992,1.1422499999999995
-0.23412499999999994,0.2111250000000004,1.1576250000000001
-0.22800000000000012,0.25199999999999934,1.169
-0.21775000000000033,0.31349999999999795,1.163875
-0.20249999999999999,0.36124999999999996,1.155
-0.17175000000000068,0.3663749999999999,1.1345000000000005
-0.13349999999999937,0.35349999999999937,1.1155
-0.07712500000000062,0.29712500000000064,1.1001250000000002
-0.029500000000001022,0.24425000000000155,1.079500000000001
0.0012500000000000011,0.198125,1.04875
0.01400000000000034,0.16200000000000048,1.0240000000000005
-0.0013750000000001712,0.1414999999999998,1.0086249999999999
-0.021249999999999714,0.12325000000000018,0.9865000000000004
-0.046874999999999147,0.10787500000000051,0.955750000000001
-0.07,0.10500000000000001,0.9325
-0.09049999999999955,0.11524999999999977,0.9171250000000003
-0.0807499999999996,0.13650000000000034,0.8934999999999996
-0.0448750000000004,0.16724999999999965,0.8627500000000003
-0.012000000000001024,0.1590000000000012,0.8380000000000006
0.01875,0.123125,0.8175
0.033249999999999884,0.0872500000000008,0.8132499999999999
0.038375000000000055,0.0513749999999996,0.8183750000000001
0.036499999999999776,0.032999999999999544,0.8235000000000002
0.03137500000000017,0.022750000000000343,0.8286249999999998
0.04875,0.02375,0.83
0.07437499999999943,0.028874999999999887,0.83
0.08,0.01799999999999983,0.8059999999999996
0.08,0.0026250000000001706,0.7752500000000003
0.046000000000001366,0.1317499999999947,0.77
0.005,0.290625,0.77
0.04499999999999887,0.35499999999999887,0.7250000000000012
0.09625000000000057,0.40625000000000056,0.6737499999999995
0.052500000000000574,0.3482500000000007,0.67475
0.0012500000000017055,0.28162500000000223,0.6798749999999999
0.025,0.255,0.665
0.050624999999999434,0.23124999999999887,0.65
0.07625000000000029,0.2825000000000006,0.65
0.10374999999999944,0.33187499999999975,0.6496250000000001
0.1549999999999983,0.35749999999999915,0.6445000000000002
0.2,0.385,0.64
0.2,0.4259999999999991,0.64
0.1982499999999999,0.45474999999999965,0.6373749999999998
0.1880000000000001,0.4240000000000004,0.6220000000000002
0.1844999999999993,0.39437500000000086,0.6066250000000005
0.205,0.36875,0.5912499999999999
0.21862499999999982,0.35550000000000065,0.5772499999999996
0.21349999999999994,0.3760000000000002,0.567
0.21487499999999982,0.3737500000000006,0.5648749999999999
0.23024999999999948,0.3225000000000017,0.5802499999999995
0.24375,0.28625,0.5825
0.25400000000000034,0.2759999999999997,0.5619999999999994
0.26424999999999954,0.28274999999999867,0.5521249999999999
0.2744999999999999,0.31349999999999967,0.55725
0.28,0.32762500000000017,0.5576250000000003
0.28,0.3225,0.5525
0.27474999999999966,0.3121249999999995,0.5473749999999998
0.26450000000000046,0.2967500000000007,0.5422500000000002
0.2657499999999999,0.30437499999999973,0.54
0.27600000000000025,0.33000000000000057,0.54
0.258125,0.349375,0.52125
0.2222499999999988,0.3647500000000005,0.490499999999999
0.24037499999999795,0.34975000000000134,0.4563750000000016
0.2864999999999995,0.31900000000000034,0.4205000000000004
0.2709999999999991,0.2701249999999987,0.475250000000002
0.23,0.21375,0.5675
0.16962500000000147,0.1728750000000008,0.6287499999999988
0.10300000000000295,0.1370000000000016,0.6799999999999977
0.09412499999999994,0.10112500000000041,0.7188749999999996
0.09925000000000012,0.0652499999999992,0.7547500000000008
0.16562500000000002,0.0775,0.69875
0.24250000000000255,0.09800000000000068,0.6269999999999976
0.2638750000000002,0.17862500000000098,0.5829999999999995
0.2792500000000007,0.26575000000000387,0.5419999999999983
