482.6359500000001,98.41600000000003,-207.32425
103.3,-65.44,-141.19
84.0017,43.87935000000002,-134.21415
-19.288200000000046,127.72600000000001,-73.33279999999996
-207.84230000000002,185.71400000000003,42.27080000000002
-221.371,-28.429200000000037,12.674399999999995
-241.48425000000003,-121.07549999999999,8.257500000000004
-269.8731,-84.46059999999999,31.333000000000006
-272.65145,-44.21044999999998,28.4443
-241.13159999999996,-25.9144,35.13040000000001
-173.05554999999998,-31.347450000000002,52.56670000000001
-120.35199999999998,-20.21849999999999,61.839000000000006
-81.27414999999995,-6.5149499999999705,67.07990000000001
-56.941799999999986,9.62460000000001,68.0508
-73.32185000000004,10.11,62.45559999999999
-114.00350000000005,4.117699999999989,57.6395
-181.06875000000014,-8.736750000000027,53.94875
-249.61880000000005,-45.86000000000003,49.24679999999999
-323.93645000000015,-73.16780000000003,45.04214999999999
-404.99330000000003,-87.77120000000002,41.4711
-489.4220000000002,-83.35634999999999,42.39585
-558.917,-80.788,46.38600000000001
-610.0488500000001,-81.5594,53.84730000000002
-625.1447,-104.91630000000002,69.83250000000001
-626.02555,-121.00245000000001,78.41475
-611.5884,-126.3956,77.11800000000001
-609.31375,-141.23874999999998,78.6025
-612.8896000000001,-163.2465000000001,85.25300000000006
-623.0242000000001,-193.7367500000001,98.35350000000003
-659.8126000000001,-199.7742,107.10160000000002
-703.1069500000003,-203.19895000000002,109.17544999999997
-752.4965000000002,-205.50650000000002,102.77149999999997
-789.1002000000002,-221.65770000000006,94.37494999999998
-813.4112,-244.53160000000005,82.01119999999997
-822.24905,-275.10165,64.41529999999999
-800.2879999999999,-311.9974000000002,42.7994999999999
-775.6352499999999,-344.2495000000001,29.976
-751.1034,-369.1072000000001,30.1356
-714.9192499999999,-383.934,50.33280000000001
-670.9239999999998,-389.28529999999995,75.26310000000014
-617.1919999999999,-382.22965,104.21055000000011
-586.1519999999999,-360.318,133.42200000000005
-570.1048000000001,-335.74755,157.16595
-572.9775999999999,-309.5930999999998,172.6139000000001
-617.5837000000001,-276.4711999999999,180.44585
-666.7486000000001,-240.80319999999992,181.86199999999997
-715.36675,-202.44599999999997,174.68
-737.1812,-164.19500000000002,167.6455
-740.1634499999997,-117.23394999999911,163.72545000000002
-718.3448,-56.24679999999984,164.7828
-607.6412499999999,26.20985000000011,189.91290000000004
-466.685,110.43,224.54
-295.6869000000002,192.7037999999999,269.46739999999994
-147.47119999999882,252.06180000000046,286.5664000000001
-16.60584999999928,292.4182000000001,300.19715000000014
90.2397000000006,305.95760000000007,314.8737000000001
162.7635000000003,273.2554999999998,299.1212499999999
225.25920000000016,259.4516000000001,237.40999999999963
279.50990000000064,291.9302000000004,102.74749999999834
252.47289999999953,306.06050000000016,60.533299999999706
161.1890499999982,292.57054999999946,59.21995000000045
-22.863000000001573,234.1369999999995,104.5530000000004
-225.65609999999933,144.80360000000033,122.87904999999996
-406.70540000000085,54.49079999999951,120.94149999999982
-540.3571000000006,-27.330800000000384,89.71974999999986
-581.3288000000001,-83.92440000000018,119.10680000000013
-569.2964999999999,-120.53275000000001,171.31275000000016
-487.5945999999999,-127.30910000000002,245.91910000000004
-365.88829999999865,-174.68925000000058,263.6435000000001
-209.2217999999981,-235.80620000000067,266.4309999999999
2.121850000001629,-308.4308500000006,261.80924999999996
327.6180000000022,-485.2145000000013,308.02400000000034
620.1794000000009,-914.6675000000046,386.0564500000006
793.8508000000007,-1827.3800000000035,508.43640000000045
634.0421499999994,-1804.8561499999994,451.46229999999974
402.89409999999964,-1591.7344999999998,556.1102000000008
176.26874999999998,-1411.81875,1096.5025
848.1170000000084,-537.0471999999902,514.882799999992
1389.6932000000006,307.4941999999989,-190.11229999999898
1172.2647999999986,723.2788000000028,-589.1522000000027
656.4829499999905,559.2089999999951,-342.34544999999343
194.71599999999927,226.6079999999983,3.9580000000008795
27.089449999997708,-170.23740000000544,216.71810000000292
189.99740000000043,-151.42499999999978,195.11219999999986
363.9029,-41.56529999999917,99.20964999999856
361.38919999999996,32.55560000000072,-31.881800000001284
-9.359500000003948,40.92549999999992,-135.76775000000083
-464.4133000000031,37.02100000000007,-115.24679999999768
-884.7398500000025,46.264500000000055,198.15440000000189
-1208.5232000000015,162.1080000000007,269.8232
-1471.1590000000024,294.5581500000014,228.23914999999772
-1644.9900000000005,392.9715000000002,67.70149999999965
-1516.5108499999974,441.4865000000004,-7.0371500000005724
-1265.4940000000001,469.519,-59.22479999999997
-921.5559999999969,481.5222500000001,-117.98420000000053
-600.1395999999943,484.6923,-220.2109000000021
-319.47774999999683,486.8000000000001,-320.1345000000009
-133.76319999999905,493.45000000000005,-376.6196000000003
-44.9228000000004,518.5779499999998,-455.5519499999994
6.902500000000089,536.7779999999999,-540.7990000000002
40.3187500000004,517.7589999999998,-623.724500000001
40.53,492.645,-672.53
21.5929999999996,478.5480500000002,-697.3197499999999
-22.163999999999888,503.93109999999996,-683.4545
-22.4797999999999,497.1985499999999,-640.6119499999996
0.7652000000008172,458.1003999999982,-580.5391999999986
51.28525000000022,351.6604999999995,-497.49399999999963
147.61050000000154,233.8035999999983,-429.50649999999916
254.33190000000013,107.19284999999975,-373.58964999999995
341.433600000001,-34.80460000000158,-339.6945999999996
386.6846500000006,-131.76495000000165,-239.64069999999742
411.38300000000004,-194.78900000000004,-117.83199999999901
418.84430000000015,-198.6859000000001,-5.633199999997981
383.1055999999997,-199.77,63.864800000000315
320.7350999999985,-210.14040000000074,100.67099999999968
222.56779999999756,-257.7012000000012,79.25799999999947
93.26424999999819,-302.65900000000056,19.787999999999037
-29.28720000000112,-325.4803999999987,-41.0910000000002
-79.81390000000052,-269.1947999999994,-50.16825000000009
37.17210000000367,-177.26439999999792,-9.961299999998808
210.28900000000093,-95.16515000000011,33.951999999999835
330.92000000000206,-109.72200000000024,12.139999999999628
332.52494999999976,-121.18660000000006,3.6223499999999857
277.7593000000005,-121.85720000000026,1.4739999999999964
201.6899499999998,-83.5797999999999,2.006000000000001
208.95420000000053,-6.147199999998861,-19.233800000000368
253.07375,73.36250000000001,-41.65375
295.9729000000004,86.46300000000012,-27.256499999999864
262.88250000000016,28.260450000000233,18.098949999999853
186.51079999999922,-45.65639999999997,59.2171999999997
72.85564999999815,-41.48019999999993,16.1983499999993
-35.50750000000046,-40.049,-23.639000000000163
-134.1478500000009,-42.08210000000017,-53.39569999999985
-198.38020000000012,-54.41120000000002,-42.21039999999998
-215.12214999999992,-37.62394999999965,-32.5113999999999
-200.77479999999892,-15.851500000000527,-14.98919999999876
-148.02699999999956,-41.55375000000022,45.712000000000515
-102.51719999999926,-100.20760000000135,89.88680000000065
-53.64109999999764,-183.5541500000034,128.10120000000143
32.928600000001325,-308.7271000000019,179.59880000000078
131.91320000000263,-407.11275000000205,265.8181000000026
245.011000000002,-491.17600000000107,370.34600000000137
400.76065000000347,-574.3409000000019,474.5914000000023
536.4508000000013,-622.4780000000003,561.1982000000007
663.4553500000028,-648.1755000000002,644.9644500000024
804.1228000000011,-654.094,769.525600000001
833.6399999999994,-693.056250000001,888.8550000000021
783.7345999999992,-746.4413000000002,994.5947000000002
627.4196999999978,-772.7553500000004,1032.3866500000006
303.94899999999893,-852.5942000000003,1042.5467999999998
-106.6847500000041,-959.711850000001,1045.5125500000006
-446.7325000000001,-1039.9175,1109.3725
-674.0164500000016,-1091.9073000000003,1138.5675
-800.6343999999979,-1143.9588000000033,1142.6607999999997
-687.8703499999968,-1320.755700000005,1115.9011999999993
-458.1538000000015,-1367.025,1136.8901999999998
-135.60449999999798,-1321.1272499999993,1182.1299999999999
345.0176000000065,-1188.812199999998,1184.5240000000001
636.9988000000039,-1113.274099999999,1189.6558000000002
773.430899999995,-1078.4708,1189.8615999999981
617.0694500000001,-1080.0934,1133.2568
383.10399999999754,-1150.544000000001,1066.7479999999994
99.84554999999528,-1249.622299999999,1002.2552000000003
-163.84690000000722,-1192.0465999999985,1016.9384000000003
-287.16820000000104,-1130.2522999999976,1025.0409000000002
-272.6271999999985,-1064.1734,1031.9350000000002
164.53050000000562,-983.967749999999,1072.0012500000005
587.3713000000091,-813.9450999999948,1057.323199999999
933.4931499999877,-597.408399999999,1006.0684999999992
540.6975999999922,-567.4035999999994,977.2739999999994
89.28579999999624,-555.16655,914.0450999999993
-381.9120000000033,-551.601999999999,825.3214999999984
-572.1286000000009,-495.7685999999997,731.0444499999995
-490.29559999999583,-417.7583999999986,667.0761999999994
-201.05624999999196,-319.8341999999966,617.6432499999961
134.60250000000403,-176.69959999999827,455.28349999999807
235.63875000000002,-130.81,287.37
147.94799999999807,-160.56520000000035,113.2807999999981
-53.58025000000379,-197.2266500000007,-90.19590000000383
-191.82370000000248,-179.7607999999983,-253.6238000000037
-271.3258500000004,-112.89260000000093,-381.2071999999997
-201.7069999999997,66.41800000000077,-438.3440000000002
-128.25564999999898,235.2640500000022,-465.8099500000001
-53.02289999999892,395.0099000000034,-468.3677999999998
-6.758849999998493,544.1893500000049,-459.8956999999997
-12.035999999999966,659.5432,-468.47679999999997
-60.815250000000376,744.5135000000004,-491.9905000000003
-105.3769000000008,785.3046000000007,-527.9138000000006
-138.0780000000006,803.71295,-572.8896000000015
-158.23159999999814,803.3746000000009,-625.7080000000018
-107.74479999999983,828.7975500000001,-676.5140000000002
-65.73499999999956,834.9074999999999,-723.9075000000006
-31.474199999999353,824.7562500000008,-767.6405500000004
-2.400399999999701,863.1600000000004,-785.8416000000002
-23.982950000002816,863.8000499999986,-813.9752000000016
-92.54129999999907,830.6970999999993,-850.7167000000001
-160.45775000000117,881.7092500000008,-847.8372499999999
-219.93880000000027,930.7698000000003,-853.043
-271.4663500000024,977.8374500000011,-865.9151000000002
-337.4809000000016,1008.0883000000008,-870.5834000000001
-372.1595500000001,1011.2711499999997,-874.307
-375.97,987.79,-877.1
-431.5174500000017,952.3920499999989,-898.0275500000007
-482.9234000000009,932.3060999999999,-919.2752000000004
-530.1251000000024,927.7641499999997,-940.847800000001
-548.4319999999999,939.6429999999999,-949.4183999999999
-529.8567499999986,957.4540000000006,-943.8017499999995
-472.9260999999992,981.3408000000004,-923.4460999999997
-502.94015000000144,992.0817500000005,-927.3713000000002
-552.2144000000022,1008.4972000000007,-940.7808000000008
-620.8224500000014,1031.2468500000004,-964.0159000000004
-674.9615000000005,995.9709999999997,-1012.7765000000004
-727.7334499999998,976.2180500000001,-1021.7904000000001
-779.3574000000013,975.2005999999999,-985.986799999999
-539.5445499999962,904.6908499999988,-916.398099999999
-282.4550999999991,785.6037999999994,-816.1784999999995
-15.929750000002278,613.3555000000015,-682.0812500000011
226.87080000000537,461.8623999999967,-459.363199999995
352.7347999999999,344.4524999999992,-244.23049999999796
341.66919999999953,266.3149999999968,-42.136999999991716
183.84875000000227,125.92210000000196,-6.648450000000379
-13.464000000004035,67.37100000000076,5.965999999999904
-250.39020000000122,111.97255000000023,0.3267999999999711
-401.42220000000526,173.05490000000222,-21.364800000000812
-456.60989999999856,216.43540000000047,-25.53134999999955
-397.5711999999993,236.46520000000024,-6.598799999999773
-191.12,228.4075,16.3025
33.216200000007234,256.14780000000235,45.82330000000116
268.4799000000044,332.50310000000144,83.57535000000071
330.0320000000024,408.8956000000038,103.74420000000094
319.2970000000005,448.74525000000006,118.55564999999996
228.98999999999768,439.8674999999998,127.92550000000024
68.19169999999772,386.6974499999992,100.05709999999958
-96.94040000000726,345.10519999999906,75.22039999999927
-260.15135000000527,324.3837999999993,58.71509999999947
-358.4156000000019,342.79390000000046,81.67680000000055
-403.70824999999985,343.9889999999998,94.16099999999994
-382.18219999999917,315.7663999999989,86.7395999999997
-246.843549999996,290.4598999999993,91.45450000000015
-75.02939999999677,278.26760000000013,110.94050000000061
133.6343000000007,284.8378,150.27525000000014
315.2620000000061,265.68599999999924,207.97000000000205
467.3972000000025,215.13029999999793,257.02460000000076
579.4364000000012,121.37859999999904,290.0352000000003
692.7072500000047,55.02069999999741,311.3243000000008
783.7213999999992,2.6210000000004854,336.79839999999956
839.8407500000009,-33.05625000000061,370.9395000000006
1283.0532000000026,132.291300000001,378.2061
1492.2234999999912,264.7290000000014,453.9868500000069
1245.973999999994,303.16600000000096,645.4204000000046
920.638349999996,105.96499999999725,776.4936500000015
429.61,-81.4925,747.545
-318.515000000023,-199.28395000000364,466.6622999999913
-919.3026000000109,-237.82420000000053,189.1435999999948
-1339.4583500000072,-256.54745000000025,11.205699999999599
-1486.9752999999994,-261.2091,3.132600000000042
-1425.9512499999976,-90.63949999999491,25.741500000000702
-1138.5579999999914,115.760000000003,-0.9192000000016662
-508.104749999972,337.0387500000098,-123.33240000000544
160.3333000000219,493.80490000000475,-150.72660000000036
685.7784500000051,574.9518999999992,-163.3441500000003
937.9930000000021,537.4059999999997,-177.90100000000012
900.8201999999965,500.9222999999986,-268.9080000000041
746.2734999999923,464.33449999999897,-385.1691000000038
466.6077499999957,427.19424999999944,-523.6021500000022
80.8499999999986,485.42200000000025,-393.8847999999994
-242.68850000000558,535.1634999999999,-177.98374999999024
-405.6534000000036,533.3413999999999,108.13250000000636
-469.7728000000005,533.7504,210.38280000000066
-493.4781999999992,537.4726000000004,252.7171999999998
-475.0643499999995,547.0020500000003,247.57009999999985
-434.7879999999992,539.0909999999998,365.76600000000246
-325.40169999999875,554.7501500000003,553.8934500000014
-80.93439999999123,627.3748000000027,834.41040000001
361.0954000000116,466.64134999999493,1024.173950000004
856.6653000000283,198.98129999997883,1069.4775999999877
1373.98875,-189.02624999999998,845.0799999999999
1568.5920000000037,-298.0158000000014,695.6883999999959
1619.779599999998,-297.36704999999813,593.1095999999993
1516.784399999995,-195.62869999999498,556.6143999999982
1277.98479999999,-67.89469999999496,567.7502500000008
1070.5659999999987,46.852000000001794,580.6539999999998
1012.8306999999992,116.71690000000096,570.7587999999998
1039.0156000000022,236.67740000000592,628.0835000000034
1089.4429000000018,399.19215000000764,722.0185500000046
1146.779200000001,633.5182000000049,862.9254000000029
1280.0147500000014,863.975000000002,968.6520000000008
1438.0672000000068,1092.913600000009,1014.0334999999968
1607.5624000000046,1320.6362000000063,932.0057499999978
1677.3684000000007,1539.2276000000033,844.7415999999987
1713.297350000001,1731.4707000000062,769.3409999999982
1733.4535000000008,1861.9570000000047,728.5099999999986
1762.6170000000006,1949.3584000000017,680.0775999999988
1801.4618000000005,2003.95,644.2596
1859.3234500000024,2003.95,648.3959000000002
1891.4097000000006,2003.95,508.8294999999947
1912.5770000000002,2003.95,320.57324999999656
1925.1055999999999,2003.95,118.27359999999896
1826.3776499999951,2003.95,-20.40615000000426
1662.185999999994,2003.95,-123.48460000000138
1410.0179999999862,2003.95,-181.59230000000318
1158.12,1986.97,-226.65
925.3669499999946,1947.9872499999974,-269.0611000000015
750.3588999999968,1859.3094999999985,-316.50220000000087
645.828949999996,1761.241599999995,-375.0511000000031
567.9515999999974,1667.8911999999973,-427.9412000000009
497.8007499999952,1599.6089999999954,-450.9302500000016
442.8888999999972,1562.4270999999985,-441.5645999999988
396.1506499999999,1539.7175,-417.02289999999994
358.3986000000004,1528.0800000000002,-380.56760000000037
344.7510499999999,1527.62175,-346.6003499999993
346.8445000000002,1539.4425000000003,-319.0884999999999
372.26745000000096,1579.1762500000016,-310.56984999999963
386.42000000000024,1649.7356000000023,-331.4704000000009
390.88114999999914,1737.249200000006,-370.7725500000038
376.1646999999993,1842.957600000005,-435.403900000003
319.4202499999975,1890.7112500000007,-503.7165000000024
222.8065999999881,1886.2847999999926,-565.434800000002
39.72544999999812,1773.1150999999988,-596.9026000000003
-148.28129999999967,1653.6098000000002,-547.4646000000001
-326.9970500000039,1515.745699999994,-457.5445999999966
-461.2140000000023,1316.1259999999966,-340.47799999999796
-571.0742500000005,1079.9293999999986,-211.6747999999993
-645.972999999999,839.113199999993,-82.95989999999611
-620.1044999999993,644.0287999999953,24.61715000000258
-499.4575999999911,403.62059999998576,19.296399999996954
-333.55374999999236,154.2262499999914,-40.4000000000033
-154.60889999998685,-46.73010000001477,-117.64640000000567
6.408949999996352,-186.42979999999733,-136.40710000000018
154.38280000000086,-294.44800000000066,-122.73839999999973
280.6928999999993,-386.9827499999995,-84.3812000000002
351.95900000000114,-490.4660000000028,-42.29349999999887
393.7994500000003,-596.0165500000012,-3.4926499999998004
420.68540000000115,-686.4366000000041,11.064200000000648
431.6982000000001,-778.948150000003,9.560999999999694
428.8597999999979,-881.8239000000094,-0.7554000000009324
395.72949999999827,-1031.7747500000078,-15.478500000000757
306.1515999999953,-1226.7992000000086,-62.84960000000252
186.23635000000198,-1471.5121999999942,-150.8861499999967
58.469899999998034,-1858.3028000000058,-366.7651000000033
139.87320000000065,-1992.08,-554.5300000000005
364.2920000000139,-1992.08,-647.4729999999877
771.883800000009,-1992.08,-288.65894999999205
634.0893999999955,-1992.08,-73.65839999999861
214.32049999998677,-1992.08,44.19860000000027
-108.93600000000939,-1992.08,50.76880000000019
-216.8407499999992,-1992.08,111.19075000000544
-196.80809999999713,-1992.08,202.66480000000456
-136.35295000000042,-1992.08,298.23859999999934
-27.135799999996692,-1992.08,366.61320000000126
106.46795000000128,-1992.08,419.04425000000066
212.3825,-1992.08,470.9475
208.39674999999784,-1992.08,530.2626500000019
136.64519999999843,-1992.08,597.1748000000017
53.48029999999588,-1992.08,686.9897000000044
-5.482300000001651,-1992.08,751.4051000000018
-26.87949999998935,-1992.08,788.0779999999961
128.82360000000878,-1992.08,730.7815999999967
332.0210500000104,-1992.08,577.8930499999905
557.0818999999984,-1977.6152000000013,369.1765000000016
708.8149500000031,-1840.1995999999972,207.54824999999667
773.912,-1648.0479999999982,97.84799999999935
759.0888999999913,-1424.291049999993,28.360399999999377
536.353799999994,-1243.524099999995,12.506799999999567
263.4260499999822,-1062.8321999999896,-38.63215000000437
-38.52040000001148,-879.5455999999904,-111.70260000000235
-287.1240000000085,-669.5784999999928,-162.71475000000174
-510.8534000000134,-531.7652999999943,-204.97530000000233
-706.6373000000043,-451.18179999999944,-238.70370000000042
-787.0091999999999,-441.0472,-246.24479999999997
-839.0181500000009,-418.06899999999905,-189.533249999997
-855.8999999999971,-384.5429999999992,-86.16899999999825
-694.4379999999923,-336.1708999999977,16.254300000004896
-523.6355999999936,-317.96320000000014,67.89060000000049
-347.24359999999626,-319.72334999999913,81.42000000000031
-190.35679999999144,-284.8972999999981,94.72000000000072
-38.206249999993645,-245.94999999999817,66.10624999999739
109.34280000000976,-204.51119999999776,4.730399999995086
242.22310000000817,-173.94114999999812,-62.09545000000411
364.2735000000008,-133.95829999999967,-78.83439999999985
472.01015,-89.9986499999999,-56.24120000000006
477.52300000000014,-109.5430000000005,-44.483999999999696
440.951349999999,-71.57794999999882,10.898000000001247
361.6089999999888,4.704299999994959,101.51380000000344
109.10849999999179,-108.47205000000366,178.9597000000025
9.41360000000061,-172.78200000000047,197.86239999999935
32.01424999999176,-190.7797499999945,167.93749999999946
-128.8027000000132,-83.04309999999117,157.76299999999918
-248.8585500000023,14.153600000002413,155.40205000000012
-334.25939999999684,100.66339999999894,157.11660000000236
-449.9494500000004,139.34645000000012,70.22104999999969
-486.50099999999884,97.38249999999609,63.22700000000222
-453.6700500000031,-14.644050000000185,125.41774999999637
-500.6656000000005,-17.48360000000003,69.45799999999943
-480.8311999999966,-14.623749999999667,13.943299999997741
-398.0691999999897,-6.630500000000145,-41.214200000004226
-253.7109999999975,-8.658750000000035,-100.013500000001
-56.3229999999881,-1.707599999999255,-135.1352000000006
191.49305000001675,14.33410000000653,-148.0010500000049
404.6987000000051,97.33940000000199,-210.6507000000015
