139.42725,85.425875,-8.344249999999988
23.45,23.82,184.43
-41.02450000000001,32.55175,68.97612499999998
-113.40625000000003,29.349499999999995,5.284999999999997
-193.999375,13.754250000000004,-4.652499999999997
-245.336,5.887500000000001,5.345499999999999
-249.656875,6.288125000000001,14.564375
-201.95025000000004,15.781749999999995,22.481249999999996
-133.67787499999997,24.733500000000003,32.419000000000004
-81.558,23.656000000000006,40.260999999999996
-49.93025000000003,10.48550000000001,45.474875
-38.45875000000001,-9.959999999999972,36.62000000000001
-32.894375,-23.341124999999998,26.538625000000003
-33.457499999999996,-26.938499999999998,15.958500000000011
-52.175124999999966,-17.238500000000016,7.577250000000014
-71.2335,-9.018749999999997,-3.710000000000008
-88.68375,-4.414375,-19.345
-115.21199999999999,-4.16,-37.39199999999999
-161.71449999999993,-2.1196250000000063,-50.52162499999999
-237.21299999999988,3.3327499999999914,-55.775249999999986
-330.6948749999998,9.431374999999987,-62.456499999999984
-424.6749999999997,12.350000000000007,-61.68500000000004
-515.68925,9.885500000000002,-48.31575000000001
-588.5737499999999,15.798749999999993,-47.4585
-659.3809999999996,29.012249999999902,-51.50487499999996
-731.4079999999998,53.00799999999995,-60.91899999999998
-749.384375,56.151875000000004,-63.67875
-743.8377500000001,51.70525000000004,-54.7997500000001
-711.236125,39.70737500000001,-25.59012500000003
-672.095,44.40750000000001,9.88400000000004
-626.1103750000002,44.42687500000004,43.68787499999994
-568.4662500000001,27.30125,71.24125
-494.04137500000024,6.633500000000069,77.687
-415.4700000000001,-8.334,80.856
-336.33437500000036,-8.21475,87.79899999999996
-298.4270000000001,-6.205500000000005,84.56750000000001
-291.8525,-7.839375,77.11687500000001
-337.29999999999984,-19.95649999999996,65.72850000000004
-423.7474999999999,-48.23274999999997,58.993625
-520.4764999999996,-75.49674999999995,54.14225000000001
-612.4182499999994,-86.76587499999991,50.74362500000002
-661.7349999999998,-115.16999999999982,44.515000000000036
-693.5830000000001,-142.68200000000002,41.15125000000002
-714.3059999999999,-150.314,49.43249999999999
-734.7657499999999,-143.68175000000005,64.28524999999992
-760.2235,-136.85799999999998,82.82149999999994
-803.0806249999998,-146.87499999999994,105.88312499999988
-853.3857499999999,-156.89199999999997,121.30199999999996
-896.96325,-161.25912500000013,130.44250000000002
-903.6279999999999,-144.0540000000001,127.13000000000001
-847.5731250000002,-124.98500000000004,124.663875
-757.7962500000001,-100.3075,125.57499999999999
-639.6393749999997,-54.9792499999999,139.4345
-494.122500000001,1.4324999999996066,164.9804999999998
-337.7578750000006,61.36924999999978,195.83924999999988
-191.52425000000034,112.9514999999999,225.69149999999996
-86.18375,148.639375,232.49625
-7.611999999999895,173.073,231.56900000000005
38.683499999999704,180.18162499999994,253.82237499999988
34.62500000000014,212.5819999999998,277.5079999999999
0.9338750000000928,267.8292499999998,286.48287500000015
-42.572500000000005,380.33500000000004,193.52749999999997
-139.27899999999892,416.70150000000007,87.69800000000097
-283.6892499999983,385.6215000000013,-17.506249999999746
-549.2126249999989,187.67975000000084,-56.69312499999983
-789.5159999999995,11.838000000000335,-50.172000000000075
-991.58875,-132.664375,-9.988749999999996
-985.5335,-115.53875000000015,65.39049999999936
-892.972750000001,-43.92675000000071,127.70324999999966
-732.7620000000011,59.41099999999992,176.70950000000002
-495.87850000000304,77.70924999999977,176.305375
-233.38250000000002,22.38000000000001,175.605
43.52225000000038,-84.61087500000005,175.33825000000002
233.30199999999877,-111.83299999999983,186.08399999999992
333.9611249999999,-160.6311249999997,218.13749999999976
360.90799999999996,-227.76699999999983,267.3052499999999
388.9449999999997,-307.18749999999915,303.2193749999996
578.5349999999971,-586.191999999996,181.7805000000023
896.9563750000032,-1030.3401250000015,-69.11012500000209
413.93425000000724,-795.5567500000035,254.18324999999513
487.7297499999921,-555.7750000000032,490.19912499999805
1097.7199999999934,-311.1800000000026,642.1699999999984
62.64324999999775,-299.82475,622.136
-168.59474999999742,-244.49699999999956,460.1712499999986
434.9228749999974,-143.50550000000044,150.81687500000132
-286.3634999999984,-162.32849999999996,25.874000000000258
-751.5174999999999,-185.6275,-34.3725
-901.2689999999986,-211.35899999999978,-26.13100000000007
-810.8296250000006,-99.56262500000075,-82.14312499999963
-641.6410000000011,15.484999999999516,-129.51799999999986
-388.6786250000006,127.94437499999977,-163.41149999999993
-328.5100000000005,140.9412499999999,-59.23000000000121
-338.9729999999993,139.27637500000012,0.7298750000000727
-426.47599999999943,126.27150000000009,-7.796499999999945
-552.3276249999981,135.29824999999983,-101.3256249999985
-638.6352499999996,149.17599999999976,-182.42274999999933
-664.8106249999997,167.3549999999998,-236.22437499999944
-533.7080000000012,198.63199999999972,-259.6299999999998
-368.1044999999992,235.25812500000018,-300.02150000000034
-174.89300000000082,277.95624999999984,-371.1209999999997
-15.674249999998679,245.67762499999964,-447.09087500000066
114.25250000000001,208.5225,-510.05499999999995
203.00762499999922,179.11412500000026,-550.5337499999996
191.2354999999999,148.65349999999987,-563.7
151.93212500000027,117.55537500000014,-564.5400000000001
90.73700000000079,85.6030000000004,-550.7600000000001
100.810625,74.39562500000001,-515.5825
120.0127499999999,57.892000000000294,-478.76775000000026
132.3286249999998,23.919000000000583,-446.16612500000053
156.99199999999988,-12.198999999999845,-393.37950000000023
232.29099999999775,-39.06362499999992,-334.8555000000008
409.46999999999997,-45.40375,-272.925
526.8037499999991,-94.84599999999949,-191.30050000000074
611.0960000000002,-170.7740000000005,-122.24199999999988
651.1639999999999,-284.7703749999995,-92.83362500000013
589.6970000000011,-346.6237499999994,-89.32349999999997
458.326875,-356.1975,-78.704375
217.23650000000208,-267.9260000000007,-32.892500000000396
120.90175000000093,-221.4437500000006,11.97637499999923
75.74750000000009,-200.19849999999994,47.383499999999955
55.14375000000027,-215.18424999999982,57.201749999999876
87.135,-223.03500000000003,34.61
119.18637500000018,-207.5020000000007,16.852624999999748
98.82775000000035,-127.15400000000139,46.38024999999949
177.03674999999953,-83.25150000000014,61.40474999999996
242.03500000000133,-74.65599999999914,49.27200000000112
141.00375,-141.9925,-37.86
32.29650000000096,-140.34475000000026,-57.366250000000065
-39.70737499999966,-91.59487499999946,-32.419999999999604
39.997999999999664,33.027999999999466,60.3299999999996
105.87924999999922,17.550375000000983,127.58699999999928
154.82375,-85.93624999999997,174.66500000000002
156.64562499999997,-307.3503749999981,182.37649999999994
187.27649999999923,-410.1714999999992,216.2149999999992
252.33087499999928,-443.6895000000002,277.1321249999994
419.16824999999784,-412.18100000000044,410.1157499999983
633.0893749999949,-446.69562499999853,566.8424999999963
848.4629999999993,-528.1169999999986,721.1519999999994
935.8003749999986,-682.3933749999974,793.1789999999987
867.906500000004,-689.730250000002,856.2639999999985
703.8384999999981,-633.7401250000006,913.2477500000003
477.82,-701.2025,962.975
240.9362500000021,-808.9083749999988,1012.5537499999996
-2.834000000001083,-924.5589999999999,1059.9522500000003
-248.96599999999896,-911.3885,1090.977125
-198.41800000000316,-1025.5379999999973,1076.2940000000006
-11.11187499999994,-1203.473125,1045.99
-380.0117499999968,-1191.63425,1153.6859999999992
-479.59912500000155,-1170.9836250000005,1220.8146249999993
-373.77150000000125,-1140.909,1259.9824999999998
-92.89137500000362,-1071.9957500000007,1309.3056249999993
99.85999999999731,-1047.6249999999998,1349.9849999999992
215.9845000000003,-1057.6888749999998,1387.0352499999992
181.0840000000006,-1072.5089999999998,1474.0479999999984
176.7059999999999,-1087.887375,1469.5295000000003
184.2070000000043,-1106.7274999999988,1390.3052500000006
-149.5075,-1202.06125,1337.7093750000001
-268.03500000000224,-1161.6650000000047,1243.008500000004
-192.7018749999993,-1003.8121250000002,1111.8761249999998
-27.441250000004253,-1039.9647499999992,1041.1807500000018
108.16662499999862,-1016.1908750000011,989.2942500000004
215.2199999999977,-934.7100000000017,955.5200000000007
136.20362500000067,-927.2370000000001,883.4930000000006
150.50450000000046,-874.6604999999995,783.3859999999994
261.71174999999954,-775.2457500000004,654.1190000000005
221.2869999999996,-660.809499999999,633.4084999999999
136.4212500000028,-559.8031250000018,597.7325000000012
5.0475000000011265,-474.1617500000007,542.9570000000004
-179.6913749999968,-421.1731250000009,438.5011250000018
-288.46899999999994,-349.8000000000004,338.4090000000004
-302.93137499999983,-254.6650000000012,245.94387500000119
-100.0875,-59.192499999999995,102.06625
47.616999999998235,105.52324999999648,-27.278124999996805
106.39399999999898,222.26899999999802,-133.64249999999817
39.97600000000197,300.88049999999805,-236.71774999999735
-51.899749999998534,367.9969999999993,-331.64574999999894
-165.24687499999757,423.3024999999988,-415.4718749999982
-178.97599999999997,506.8859999999992,-479.68399999999946
-186.21850000000006,583.3797500000003,-532.6655000000002
-199.38899999999995,644.5814999999998,-571.6469999999998
-161.37062499999962,735.1582500000007,-605.0413750000002
-127.94250000000032,815.2599999999987,-634.2174999999995
-112.87062500000013,871.8904999999995,-657.6103749999999
-170.38099999999883,903.7729999999995,-684.6774999999996
-232.8374999999998,926.5884999999998,-709.6271249999999
-284.37999999999937,939.9179999999998,-729.7869999999998
-293.49875000000003,968.721875,-735.125
-276.7740000000016,996.3504999999993,-746.0472499999992
-224.4630000000009,1016.3447499999996,-772.9513749999995
-209.3760000000002,1041.2009999999993,-796.3684999999994
-238.27237499999865,1059.6801249999999,-821.1463749999996
-344.18624999999776,1062.54875,-850.3162499999994
-368.40012499999995,1071.67925,-888.3656249999997
-368.9920000000002,1094.983999999999,-920.1139999999998
-358.89550000000025,1147.6991249999987,-932.5159999999997
-366.0820000000001,1171.6390000000001,-937.8410000000001
-354.82625,1194.078125,-957.994375
-285.3830000000006,1231.8074999999997,-1020.4084999999994
-242.28737500000062,1268.2248749999994,-1041.66375
-198.85674999999887,1293.8965,-1040.0522499999995
-133.01087500000227,1290.7032500000003,-1008.298625000001
-119.63499999999999,1278.395,-978.65
-144.44662499999924,1258.7953750000001,-953.1435000000001
-234.28824999999844,1225.8757500000006,-938.2770000000003
-363.6904999999963,1082.5227500000046,-910.6331250000009
-518.9850000000017,910.0719999999989,-897.1690000000004
-714.22375,773.65,-947.82375
-847.8264999999991,604.3295000000015,-908.8365000000006
-954.2062499999984,429.50137500000255,-831.1037500000016
-1049.5399999999975,283.22800000000376,-740.5400000000024
-997.747874999999,164.16812499999907,-646.4473749999992
-816.95375,88.36250000000001,-522.4675
-355.02562500000397,147.9477499999995,-276.5342500000021
148.887499999991,204.86899999999906,-101.85850000000242
626.1936249999936,240.37225000000163,16.15937499999986
876.4927499999915,177.31550000000217,21.691249999999812
826.299375,136.426875,-15.056875000000005
615.3970000000022,117.94399999999962,-64.25700000000002
369.78837500000424,161.36424999999926,-61.189625000000056
149.31425000000533,206.24224999999882,-62.5762499999999
-43.36437499999647,243.3231250000007,-66.02487499999998
-145.6875,223.8125,-66.66749999999999
-173.35637500000016,251.3103749999995,-33.41087500000046
-147.49875000000156,304.99349999999936,21.086749999998972
-56.76937500000234,340.6227499999991,81.03637499999846
18.788000000000558,350.83599999999996,126.8140000000003
83.64625000000001,343.768125,161.565
141.3764999999995,330.9222500000001,179.74399999999983
97.95375000000197,322.1180000000001,181.97350000000014
-18.755499999996516,316.11800000000017,172.28650000000044
-153.84587499999537,309.33400000000023,155.2801250000006
-239.245,324.47625,155.35500000000002
-280.98887500000046,352.5848750000003,167.85537499999998
-230.08900000000088,316.63100000000065,169.18699999999998
-114.66775000000433,288.96750000000054,178.2579999999996
54.66249999999377,269.9132499999991,194.64849999999865
237.04874999999998,295.439375,234.35875000000001
388.3654999999989,263.2610000000007,279.76349999999957
509.60075,180.10187500000092,329.36787499999997
509.1105,125.08125000000142,332.9652499999999
519.4270000000001,129.82512500000053,351.9762500000003
540.15,192.12,385.83
434.4348750000009,204.1973749999999,318.28812500000055
236.70900000000503,210.60674999999998,234.49625000000174
-56.56649999999245,211.13012499999996,133.82937500000259
-68.63899999999977,260.9234999999983,143.5389999999996
-55.41,260.214375,160.67125
-19.900000000000304,201.8812500000005,183.73949999999982
-62.71962499999921,121.4715000000014,136.40862500000085
-108.53899999999882,63.26000000000077,97.82200000000063
-154.27137499999844,32.91750000000104,73.13725000000085
-178.235,53.650000000000006,9.89
-162.64350000000056,114.10037499999908,-66.69949999999922
-97.16200000000113,222.35949999999815,-157.67399999999844
25.722999999996716,352.5461249999966,-154.94212500000026
143.21525000000088,454.52300000000054,-114.57749999999929
246.50562499999558,514.2274999999975,-31.963750000003547
246.0800000000001,406.8860000000011,-6.026000000000172
161.5265000000034,331.89025,44.21387499999834
-34.75899999999494,332.6985,140.4817499999975
-275.1774999999916,283.24612500000194,316.9903749999936
-464.95,294.2375,442.4625
-561.860499999995,415.5478749999937,466.82262499999877
-435.22250000000275,540.6072499999979,439.0072500000006
-199.98650000000947,645.9641249999983,490.72337499999463
168.70799999998735,715.0429999999976,698.9669999999928
764.25875,662.12125,899.04875
1305.157999999997,520.5032500000024,1010.5055000000006
1661.3709999999937,248.59337500000467,952.4572500000011
1709.7215000000003,207.08399999999986,837.5280000000032
1655.0863749999987,242.60712500000085,697.8123749999985
1515.716250000006,341.45874999999575,530.2462500000072
1272.9150000000022,443.2236249999991,416.89237500000087
998.7180000000048,579.9359999999963,351.9879999999997
707.5426250000075,795.8977499999945,369.9682499999995
598.2272500000021,1059.9704999999904,372.99125000000004
581.140625,1321.1525,406.73
677.037499999995,1543.0899999999885,528.2059999999938
1019.7492499999928,1786.8394999999957,566.9286249999998
1397.4385000000048,1977.4625000000005,553.3344999999985
1671.3292499999907,2002.3062499999992,461.47225000000316
1782.625,2008.4,401.96000000000004
1795.7268750000012,2008.4,360.0058750000002
1669.2887500000022,2008.4,339.7267500000004
1553.936375000003,2008.4,327.5596250000002
1465.5569999999998,2008.4,322.03800000000007
1455.7387500000004,2008.4,329.2724999999997
1542.369249999999,2008.4,357.7632499999997
1640.5107500000001,2008.4,367.26975000000164
1637.238,2008.4,272.25400000000246
1453.705875000009,2008.4,124.05537500000585
1159.875,2008.4,-55.84625
726.9445000000223,2008.4,-273.1793749999888
281.09450000000777,2008.4,-419.52949999999805
-148.14487500000547,2008.4,-504.06274999999914
-466.35024999998905,2008.4,-450.2545000000019
-638.33875,1988.68625,-356.59000000000003
-708.0380000000007,1942.675000000001,-244.4710000000009
-625.3447500000015,1805.7693750000024,-143.84387500000173
-487.1677500000044,1710.0717500000019,-42.59200000000261
-316.6411249999985,1647.133,58.30375000000083
-137.2825000000077,1648.1399999999999,154.56499999999585
26.80949999999868,1580.028500000001,190.3125
163.94150000000002,1460.6985000000034,189.85074999999995
162.36475000000013,1268.295250000013,193.0373749999998
33.00800000000734,1123.620000000004,226.78799999999814
-188.82500000000005,1008.86375,279.41499999999996
-493.41599999999744,880.643500000001,320.7019999999996
-741.1297499999876,707.5081250000123,303.17812500000355
-942.0219999999969,503.71400000000483,241.28950000000242
-1063.815999999996,314.8220000000065,147.2078750000032
-1157.94625,134.68624999999997,59.64
-1225.9555,-38.12362499999861,-20.114374999999725
-1212.0960000000007,-200.72099999999025,-52.87499999999803
-1106.0237500000046,-324.1248749999977,-65.67637500000009
-918.5472499999972,-413.4605000000004,-62.62425000000012
-601.269375,-461.17375000000004,-76.516875
-274.15650000001733,-533.3169999999951,-111.24149999999725
60.3428749999955,-627.1357499999986,-164.3252499999993
322.3152499999932,-713.8304999999978,-204.88349999999895
531.7456250000014,-775.3545000000004,-237.80750000000023
690.5799999999932,-812.6399999999984,-263.3799999999989
775.7774999999956,-820.3978749999997,-261.1540000000001
829.9797499999996,-846.9017499999992,-261.20949999999993
851.9946250000004,-892.8726250000008,-263.63425000000007
832.0389999999999,-966.5075000000006,-272.87750000000005
797.4418750000021,-1028.286874999998,-292.80812499999865
747.3502500000004,-1076.1922499999996,-324.56174999999973
733.9148750000003,-1080.530875,-348.7673749999996
719.9399999999997,-1092.2690000000005,-368.27300000000025
703.5762500000005,-1115.0126249999992,-382.4571249999995
660.6937500000018,-1180.2874999999972,-395.9099999999994
606.8390000000005,-1280.9639999999988,-421.46874999999966
540.7480000000011,-1424.4879999999976,-462.8749999999993
527.9200000000006,-1773.615999999975,-449.04600000000124
573.9367499999958,-1987.64,-438.32
696.744375,-1987.64,-438.32
710.01,-1987.64,-314.51600000000116
666.9696249999971,-1987.64,-218.43762499999912
555.5172500000028,-1987.64,-184.25925000000086
550.7783749999996,-1987.64,-89.5801250000035
444.84749999999997,-1987.64,49.454999999999984
149.4718750000025,-1987.64,248.93374999999827
-140.53899999998265,-1987.64,364.6177499999938
-310.9573750000011,-1987.64,409.6075000000015
-268.8290000000015,-1987.64,350.910000000002
-184.884375,-1987.64,341.49875
-86.68825000000575,-1987.64,401.54549999999085
24.76412499999808,-1987.64,579.612249999997
138.73549999999705,-1987.64,675.9544999999979
279.4191250000017,-1987.64,707.6743749999994
475.5787499999916,-1987.64,637.9462500000029
529.0751249999989,-1987.64,566.6486250000037
539.5180000000001,-1915.0060000000042,504.4860000000007
527.1226250000003,-1674.4058750000063,464.292125000001
403.19099999999867,-1402.8464999999976,416.0657499999996
249.15500000000668,-1141.026875000009,355.5581250000037
92.85800000000134,-924.4225000000018,269.2675000000007
-128.43424999999584,-771.3476250000023,122.41987500000282
-348.02775000000275,-640.6554999999979,-34.61975000000234
-509.89637499999446,-520.5177500000042,-170.67737499999535
-573.3799999999986,-427.5150000000036,-235.35999999999822
-587.6180000000003,-351.39600000000047,-263.13237500000014
-548.7160000000007,-300.0920000000009,-248.70975000000024
-512.3148750000025,-290.07924999999966,-206.64587500000357
-434.58950000000766,-292.6105000000002,-166.61299999999997
-212.605625,-287.356875,-167.42125000000001
30.45874999999785,-253.8075000000004,-200.83824999999962
282.63225000000654,-220.38162500000024,-243.23862500000072
537.8139999999935,-230.07399999999976,-270.7919999999993
693.0217499999961,-167.4915000000032,-268.44937500000054
820.80625,-104.3475,-240.64125
1016.5683749999982,-173.1812499999994,-158.9218750000007
909.597500000015,-136.4315000000052,-29.97500000000909
659.8392500000064,-77.720624999998,107.71074999999817
410.9115000000086,-155.39874999999734,179.08849999999757
353.71375,-167.74937500000001,188.36312500000003
376.76700000000415,-137.02700000000434,176.02299999999764
296.5846250000014,-53.00212500000144,221.75537499999922
202.6110000000026,33.61099999999773,263.025249999999
105.33787499999941,106.11912499999974,297.3896250000001
37.02750000000293,76.43250000000128,302.76249999999976
2.901000000000691,41.383375000001976,283.5380000000018
-7.33475000000025,3.8485000000005414,247.9007500000008
7.286624999999623,-27.69974999999919,200.47237500000122
29.34800000000023,-20.175999999999718,158.38799999999966
56.65,12.50875,117.481875
87.38999999999842,40.585499999998554,54.21975000000326
67.73562500000095,60.81537499999975,41.782124999999596
10.447999999998629,70.66299999999916,61.76449999999958
-69.74099999999726,21.545250000001687,37.04662500000085
-201.28625,-6.2875,-12.323750000000004
-360.5061250000018,-19.635499999997748,-78.08374999999877
-324.7510000000006,-63.54599999999925,-101.99999999999959
-203.12687500001326,-92.00674999999893,-125.09699999999846
-11.80450000000539,-104.03200000000278,-146.07100000000054
144.69125,-22.995,-130.1975
290.0885000000046,4.495499999999305,-102.92449999999872
422.79825000000017,-13.732750000001559,-67.21437499999907
411.0455000000008,76.75149999999378,-122.03624999999624
