69.390575,-39.84675,8.004725000000004
27.77,-54.0,28.6
-4.665575000000004,-26.507624999999997,33.029675
-37.10115,0.9847499999999982,37.45935
-58.295425,13.635175,38.8262
-72.1439,16.5869,38.1916
-80.45975000000001,20.65425,37.369749999999996
-67.9097,28.9291,35.8417
-55.359649999999995,37.203950000000006,34.31365
-42.8708,43.4898,35.315200000000004
-30.39589999999999,49.322275000000005,36.893350000000005
-21.69925,53.851,38.0235
-18.238175,56.5731,38.53285
-14.948399999999998,59.2202,39.0306
-18.639099999999992,58.81105,39.05565
-22.329800000000006,58.4019,39.0807
-32.774625,52.663999999999994,39.0585
-47.20759999999999,43.7796,39.0084
-61.81315000000001,36.042775,37.947224999999996
-76.98510000000002,32.07234999999999,33.56764999999999
-92.15704999999997,28.10192500000001,29.18807500000001
-111.57799999999999,19.60600000000001,23.100500000000004
-131.8184,10.237299999999998,16.683525
-148.64000000000001,-1.4994000000000192,8.83464999999999
-161.16499999999996,-16.21209999999997,-0.8137749999999802
-173.4484,-30.973599999999983,-10.588999999999988
-180.93,-46.705,-22.884375000000002
-188.41159999999996,-62.436399999999956,-35.17974999999996
-197.50912499999998,-81.74299999999997,-53.739899999999956
-207.46650000000002,-102.95200000000007,-75.63360000000007
-220.39195,-125.621925,-99.807375
-241.87650000000002,-152.50475000000003,-130.55625000000003
-263.3610499999999,-179.38757499999994,-161.30512499999992
-285.10839999999996,-220.75679999999994,-185.80079999999995
-306.8977250000001,-264.4398250000002,-209.29770000000008
-331.7212499999999,-303.6183499999999,-230.31029999999993
-360.00687500000004,-337.65712500000006,-248.48825000000005
-389.6662000000001,-371.3683000000001,-266.5051000000001
-437.06914999999975,-400.84797499999985,-282.4410749999999
-484.47209999999984,-430.3276499999999,-298.37704999999994
-539.9517249999998,-455.5698249999999,-323.3049999999999
-599.2909999999998,-478.787,-352.5299999999999
-660.0708249999999,-495.9635,-382.82307499999996
-724.52865,-497.71700000000004,-415.84315
-788.9864750000002,-499.4705,-448.86322500000006
-854.1658000000002,-498.85970000000003,-466.8317
-919.4377499999996,-497.945375,-482.8678749999999
-974.2485499999998,-490.80520000000007,-493.94304999999997
-1018.2154749999999,-477.2114000000001,-499.875725
-1055.0600000000002,-464.02720000000005,-505.5888
-1024.686875,-454.70860000000005,-509.2294
-994.31375,-445.39000000000004,-512.87
-933.3539,-438.408475,-513.6558
-859.3228000000005,-432.4257,-513.2216
-771.7958249999996,-432.74015,-511.4512
-653.5723500000005,-447.3776999999999,-506.6416
-535.3488750000004,-462.0152499999999,-501.832
-421.2293999999993,-478.4616000000001,-497.36819999999994
-307.5149250000002,-495.08644999999996,-492.938525
-239.15685000000002,-518.84285,-494.35470000000004
-213.51817499999999,-549.316175,-501.27685
-196.28850000000006,-579.951,-508.36400000000003
-240.86497499999973,-611.7728499999998,-516.6638999999999
-285.4414499999998,-643.5946999999999,-524.9638
-348.07717500000035,-662.2457,-528.35715
-417.5783999999998,-675.8896,-529.8851999999999
-471.21487499999995,-683.589375,-531.04475
-492.54495000000014,-679.18475,-531.4539
-513.8750249999999,-674.780125,-531.8630499999999
-480.96780000000024,-667.3335000000001,-520.7594000000001
-444.23615000000024,-659.672375,-508.84395000000006
-396.99249999999984,-639.9219999999999,-496.1185
-340.7552500000003,-609.8286,-482.70005000000003
-287.99380000000014,-582.8234,-468.30180000000007
-255.9423249999998,-574.218725,-448.06557499999985
-223.89085000000006,-565.61405,-427.82935000000003
-224.6925,-575.95,-386.555625
-236.53279999999992,-592.6499999999999,-338.21330000000034
-259.40757500000007,-599.01615,-288.3679499999999
-302.48104999999975,-586.4661000000001,-235.77130000000028
-345.55452499999944,-573.9160500000002,-183.17465000000067
-375.0399999999999,-545.6580000000001,-155.48200000000008
-403.93100000000015,-516.7127249999999,-128.87889999999985
-422.6371,-482.13685000000004,-111.61940000000001
-433.43364999999994,-443.1882750000003,-101.61610000000009
-443.64500000000004,-407.60319999999996,-92.1756
-450.95124999999996,-388.71550000000013,-85.52900000000005
-458.25750000000005,-369.8277999999999,-78.88239999999999
-459.310475,-354.7327,-73.71285000000003
-458.52139999999997,-340.75479999999993,-68.97839999999998
-468.9100999999999,-325.34680000000003,-68.46022499999998
-497.7509999999997,-307.5780000000002,-74.90224999999992
-526.5919,-289.80920000000003,-81.344275
-592.5869999999994,-281.4417000000001,-89.58619999999993
-659.26175,-273.246175,-97.86105
-707.5002499999997,-257.5928500000001,-111.04814999999991
-742.7581250000001,-236.68862499999992,-127.69387500000006
-771.1816,-219.5316,-144.53079999999994
-770.7724499999999,-218.183075,-162.1743499999998
-770.3633,-216.83455,-179.81789999999995
-771.739675,-207.4162499999999,-189.32850000000005
-773.5725,-195.935,-196.76
-774.1490749999999,-189.70319999999998,-203.59017499999996
-772.85065,-191.3064,-209.52285
-771.51915,-192.93064999999999,-215.417575
-764.6972000000001,-198.04919999999993,-215.0126
-757.87525,-203.16774999999998,-214.60762499999998
-752.77965,-205.4252,-216.56395
-748.784175,-205.8594,-220.025025
-744.7392,-207.98289999999992,-224.15029999999996
-740.5141,-216.25357499999998,-230.69252500000002
-736.289,-224.52424999999994,-237.23474999999996
-736.5951749999999,-240.14840000000004,-239.995775
-737.8936,-257.3828000000002,-241.92880000000002
-732.9688749999999,-269.81227500000006,-242.81279999999998
-719.6297500000001,-275.74495,-242.2784
-706.0192500000003,-281.612875,-241.86749999999995
-683.6162,-285.3829,-245.458
-661.2131500000002,-289.1529249999999,-249.0485
-638.6325499999999,-295.24699999999996,-247.9856
-615.9497749999998,-302.67850000000004,-244.24479999999997
-598.9920000000001,-310.098,-240.24699999999999
-600.2111,-317.47940000000006,-235.43322499999994
-601.4302,-324.8607999999999,-230.61945000000006
-607.61955,-330.652425,-226.390825
-614.7253999999999,-336.1509,-222.27010000000004
-619.039375,-339.64875,-216.945625
-619.92865,-340.6925,-210.14454999999995
-621.1128999999999,-341.82422499999996,-203.0091250000002
-627.4756,-344.50039999999996,-190.00400000000008
-633.8383,-347.176575,-176.99887499999994
-636.49675,-340.77775,-167.81350000000003
-637.235725,-329.67642499999994,-160.60744999999997
-638.1958,-318.1130999999998,-155.48810000000003
-639.7739499999999,-305.2582750000001,-156.202025
-641.3521,-292.40344999999996,-156.91594999999998
-640.0157499999999,-282.3543749999999,-156.72
-638.2372,-272.73100000000017,-156.386
-640.0215499999999,-263.9272500000001,-154.77812500000002
-645.7746999999999,-256.0365000000001,-151.75125000000006
-651.307825,-248.44475,-149.276875
-654.2345,-244.39499999999998,-153.34750000000003
-657.161175,-240.34525000000008,-157.41812499999995
-655.5535000000001,-236.85410000000002,-159.2686
-651.83775,-233.62265,-160.08689999999999
-644.3012000000001,-228.72200000000004,-162.00799999999995
-627.29225,-219.68312499999996,-166.663125
-610.2832999999998,-210.64424999999986,-171.31825000000006
-594.3248000000002,-203.06185000000008,-177.13557499999993
-578.4932,-195.65540000000001,-183.0933
-555.4468250000002,-189.72842500000004,-186.34315
-525.09875,-185.29874999999998,-186.8525
-495.3783999999997,-181.99362500000007,-186.74772499999995
-471.19680000000034,-188.6109999999999,-181.22420000000008
-447.01520000000016,-195.22837499999994,-175.70067500000005
-423.8926499999999,-197.67444999999998,-167.92924999999997
-401.20987500000047,-198.38837499999997,-159.22437500000018
-380.41340000000014,-202.67729999999986,-150.2179000000001
-363.78855,-214.87247499999998,-140.54442500000002
-347.1637000000004,-227.06764999999967,-130.87095000000025
-327.5553500000003,-227.902575,-124.1350750000001
-307.6740000000001,-227.698,-117.66800000000003
-288.74747499999995,-233.71392500000002,-114.66352499999999
-270.69894999999974,-245.44985000000014,-114.84305
-253.39907500000012,-256.7342749999999,-115.00945
-241.30410000000003,-264.8797,-115.08460000000001
-229.20912499999991,-273.02512500000006,-115.15975
-221.6373000000001,-278.43774999999994,-116.70499999999997
-215.73385000000005,-282.84237499999995,-118.79249999999999
-215.4206,-285.4718,-120.5216
-226.18792499999975,-284.58252500000003,-121.54029999999999
-236.95524999999984,-283.69325,-122.559
-231.85772500000002,-283.32599999999996,-122.38057500000001
-225.74969999999996,-282.99199999999996,-122.1259
-207.7525249999996,-282.36907499999995,-122.35580000000002
-179.82595000000026,-281.50485,-122.9904
-151.140625,-280.60999999999996,-124.53625
-118.14559999999969,-279.54119999999995,-131.25800000000007
-85.15057500000049,-278.4724,-137.97974999999988
-66.17935000000008,-272.94635000000005,-144.49044999999995
-51.77142499999994,-265.969925,-150.93247500000004
-41.955000000000034,-261.0065,-154.57400000000004
-40.32675000000002,-259.632925,-153.2213
-38.6985,-258.25935,-151.8686
-30.75905000000021,-254.82095000000007,-146.69215000000014
-22.584400000000134,-251.30560000000006,-141.37320000000008
-6.548500000000146,-241.3920000000001,-137.77612500000004
15.44540000000006,-226.62919999999997,-135.48405
36.83392500000023,-210.88474999999977,-132.68374999999995
55.341699999999776,-190.46900000000025,-127.46500000000006
73.84947499999996,-170.05325000000005,-122.24625000000002
76.14624999999998,-146.48499999999984,-113.64099999999993
73.82912500000005,-122.01950000000043,-104.07190000000017
69.35680000000008,-98.1876000000002,-92.41320000000013
61.415949999999995,-75.37539999999997,-77.39154999999998
53.47510000000019,-52.56320000000053,-62.36990000000034
49.88200000000005,-36.32212500000022,-42.79837500000026
46.341600000000014,-20.160700000000066,-23.17170000000008
53.592200000000076,-5.429824999999923,-3.4682999999998927
68.25480000000022,8.318450000000208,16.287800000000296
84.74395000000058,21.900900000000316,35.807125000000454
108.65,34.81,54.365
132.55605000000023,47.719100000000125,72.92287500000018
154.2745499999997,62.21944999999978,92.17419999999971
175.45432499999987,77.11167499999992,111.5962999999999
189.89700000000002,89.81600000000003,132.3359000000001
194.53124999999991,99.33499999999981,154.99362499999953
199.131,108.83329999999991,177.53459999999984
200.8845,116.62384999999999,190.44369999999998
202.63799999999995,124.4143999999998,203.35279999999966
211.50622499999977,133.82204999999982,210.48102499999996
224.7952499999999,144.23449999999994,214.01725
238.20267500000003,154.51745000000003,216.39260000000002
252.02610000000016,164.34540000000013,214.68919999999997
265.84952499999986,174.17334999999989,212.9858
275.4881,187.95499999999996,211.23755
284.24725000000007,202.5675000000001,209.479875
289.6368,215.7849999999998,209.01819999999998
290.58035,227.1618749999999,210.26652499999997
291.7414,238.22975,211.4307
298.7386999999998,241.00612499999994,210.33685000000003
305.73599999999993,243.78249999999997,209.24300000000002
319.32717499999995,240.31007500000004,209.9093
336.61585000000014,233.33364999999995,211.5626
354.9530999999996,228.38262499999996,212.33542500000004
376.51280000000054,229.65600000000003,210.40239999999994
398.0725,230.929375,208.469375
416.8206000000002,231.27265,201.94264999999993
435.0736999999997,231.452175,194.60717500000013
446.4222,227.19330000000005,187.27360000000004
449.50335,217.62002499999997,179.9423
451.9565000000001,208.13225000000017,172.35350000000025
444.55005000000006,199.9868250000001,160.72195000000013
437.14360000000005,191.84140000000002,149.09040000000002
434.15217500000006,180.34377500000036,139.5706250000002
433.38815,167.1549500000002,131.11625000000015
433.94037499999996,153.7332500000001,123.06125000000004
438.0611,139.68019999999996,116.08899999999997
442.18182500000006,125.62714999999983,109.11674999999991
452.24840000000023,116.29354999999981,105.23239999999993
463.17019999999997,107.63877500000002,101.79220000000001
472.62800000000004,95.5939999999999,95.80599999999994
480.4937000000001,79.86259999999974,87.05102499999985
489.30930000000046,65.07024999999989,78.0310999999997
508.50594999999936,60.540375000000154,66.11565000000039
527.7025999999995,56.01050000000011,54.20020000000028
547.7387499999998,55.70399999999998,42.61825000000016
568.1545,57.307199999999995,31.187100000000047
586.030825,63.9745500000001,22.07977499999998
597.7917999999997,82.83719999999964,18.568600000000067
609.5527749999999,101.69984999999983,15.057425000000032
610.75,121.0425,21.15
610.75,140.4395500000002,28.331000000000067
607.7028999999999,153.88310000000016,36.16300000000016
601.6449749999998,161.4440250000002,44.63825000000024
596.5117999999999,168.85149999999982,52.38404999999995
599.0334999999999,174.98874999999987,54.091624999999965
601.5551999999999,181.12599999999992,55.79919999999998
614.379325,198.70807499999995,55.727725
631.3590500000001,220.90655000000018,54.938649999999996
646.4241499999998,241.72304999999972,58.148424999999804
657.3709999999999,259.5669999999999,69.95949999999992
668.31785,277.41095000000007,81.77057500000004
655.1559999999998,287.58185000000014,92.66535000000013
639.9589999999996,297.10502500000024,103.48277500000023
628.2071999999997,298.01519999999977,111.18940000000015
619.5482500000002,291.1932500000002,116.10337499999987
614.8806499999996,286.91669999999976,120.39365000000001
636.5196749999998,299.4166499999999,120.573175
658.1587000000001,311.9166,120.7527
684.8807000000004,326.08320000000015,121.454975
713.4210000000006,340.8460000000003,122.34425000000002
740.969499999999,355.47912499999944,121.93107500000012
766.6039999999992,369.86199999999957,119.00440000000009
792.2384999999995,384.2448749999997,116.07772500000006
812.0704499999998,394.5829499999999,111.51180000000005
831.5718750000001,404.690625,106.8525
848.3362999999997,413.8161999999998,99.29060000000024
862.8694749999997,422.14114999999987,89.36245000000015
877.8985999999999,433.81489999999985,81.44344999999998
895.6173000000001,463.6494500000001,84.42022500000002
913.3360000000002,493.4840000000004,87.39700000000003
928.0733750000004,522.0231500000007,95.21565000000021
941.8717499999996,550.154299999999,104.55929999999967
960.4311749999993,573.1248499999996,112.03329999999988
987.2638999999996,587.1277999999998,116.25839999999992
1014.0966249999998,601.1307499999998,120.48349999999996
1044.4852500000002,614.3399000000001,112.97979999999998
1074.9836249999994,627.5245499999997,105.11410000000016
1091.8716,639.1011999999998,94.52680000000015
1098.69355,649.4886,81.92665000000004
1104.578,661.9520000000001,68.70924999999988
1106.1812,683.8958000000003,52.67307499999974
1107.7844000000002,705.8396000000006,36.636899999999585
1094.2702000000006,714.1037249999999,17.843175000000635
1076.6016000000004,718.6085499999999,-1.7083499999995482
1074.5004999999996,702.8805000000007,-24.07437499999964
1096.8283999999999,655.4024000000002,-50.85699999999989
1119.1563,607.9242999999997,-77.63962500000014
1158.3871499999993,553.893350000001,-34.55285000000083
1197.7198249999997,499.8229250000005,8.954824999999587
1210.3125,501.02750000000003,91.34750000000003
1204.9893749999999,539.2663250000004,199.79312500000106
1196.4379499999995,582.7862000000013,301.8280500000015
1175.2581749999995,646.9643000000019,378.7858250000022
1154.0784000000006,711.1423999999981,455.7435999999977
1112.4630000000025,758.9989999999976,482.83912499999917
1066.0036000000005,802.9867999999994,498.11544999999984
986.0964499999958,823.0885249999995,511.02335000000033
858.6837999999989,809.2650999999998,520.5674000000001
732.5643749999971,796.7011500000029,529.4899999999988
677.1412500000022,852.9884999999978,504.4400000000011
621.7181249999998,909.2758500000001,479.38999999999993
565.8062000000011,957.968599999999,443.5136000000009
509.5981749999988,1002.0607750000008,401.07889999999907
453.44240000000013,1028.08585,359.4431500000001
397.46400000000153,992.7778750000009,320.51962500000104
341.48560000000293,957.4699000000018,281.596100000002
326.03960000000006,869.3766750000008,235.2117500000004
318.7584000000003,770.6504500000033,187.32450000000156
331.08500000000043,698.3885499999997,147.9837249999997
368.6599999999995,660.2040000000005,119.6480000000004
402.1139250000024,621.0632500000023,91.96555000000049
341.3718499999997,560.0664999999997,79.21509999999994
280.6297750000012,499.06975000000114,66.46465000000025
251.02139999999972,433.0212999999983,84.15130000000084
238.42125000000001,364.213125,118.465625
220.8073500000008,302.74760000000094,153.14534999999913
188.2715750000016,263.13520000000193,188.91257499999824
155.73580000000018,223.52280000000022,224.6797999999998
139.89885000000038,223.29974999999982,241.87489999999957
126.86449999999982,229.68750000000009,255.9530000000002
110.68470000000022,221.43947500000027,258.90460000000013
90.8284000000007,196.0847000000009,248.85120000000038
72.22472499999999,171.08879999999985,238.18207499999986
71.38555000000001,151.1824000000003,218.78085000000033
70.54637499999997,131.27599999999947,199.3796249999995
86.30000000000007,115.58639999999997,180.18559999999997
110.20187499999948,101.96755000000029,161.09332500000042
132.01534999999924,90.16455000000032,143.93650000000054
148.33542499999996,83.13802500000001,131.87075000000002
164.65549999999956,76.11150000000019,119.80500000000033
160.8512749999999,65.36587499999982,108.47792499999981
154.30905000000004,54.11425000000009,97.25135000000009
136.94927500000094,46.033775000000155,87.87562500000024
108.10419999999968,41.32019999999995,80.46499999999992
77.73887500000062,36.18625000000013,73.0866250000001
31.968349999998622,26.79249999999972,66.03504999999979
-13.80217500000025,17.39874999999995,58.98347499999996
-40.22969999999965,12.497100000000056,49.29870000000021
-58.152974999999216,9.570425000000128,38.45622500000047
-66.35749999999999,11.16375,27.33875
-51.82015000000035,23.3338749999997,15.577775000000287
-37.282799999999725,35.50400000000023,3.816799999999776
-12.873825000000139,39.01804999999999,-0.8547249999999789
12.581149999999235,41.61489999999992,-4.775049999999883
31.98624999999926,44.21174999999986,-4.730125000000211
45.55499999999985,46.80859999999997,-0.8599000000000423
58.333350000000216,49.53275000000012,2.772350000000058
64.95490000000005,53.24850000000003,4.550900000000015
71.5764499999999,56.964249999999936,6.329449999999971
69.24900000000024,60.589999999999854,8.42299999999991
63.416524999999986,64.18050000000001,10.639925000000007
54.547900000000325,70.70049999999972,13.18489999999993
39.32584999999967,83.35075000000028,16.41635000000007
24.103800000000042,96.00099999999996,19.64779999999999
20.196750000000083,108.98449999999964,31.291874999999663
17.165700000000157,121.99379999999933,43.587249999999365
19.970824999999934,123.48427500000007,52.26032499999995
27.89079999999974,114.87960000000028,57.75879999999982
36.50767500000014,106.53079999999991,63.42575000000007
49.48774999999982,99.78400000000009,70.14749999999991
62.46782499999951,93.03720000000025,76.86924999999974
71.76510000000005,91.9448,79.1673
79.78527499999984,92.81319999999998,79.93132499999999
85.80735000000006,97.53425000000028,80.34155
88.074375,109.495625,80.08687499999999
90.34139999999995,121.45699999999971,79.8322
77.74987500000066,140.74429999999904,79.48212500000001
64.41075000000008,160.4001999999999,79.12725
53.210625000000285,160.67490000000046,75.83590000000017
43.71249999999987,145.5279999999998,70.20799999999991
34.54850000000008,129.84987500000022,65.55614999999999
27.11700000000026,111.41725000000066,65.96529999999998
19.685499999999937,92.98462499999985,66.37445
14.750000000000068,94.59359999999988,59.28920000000015
10.574999999999886,102.30900000000021,49.92049999999975
11.767650000000028,100.96929999999995,41.14699999999998
22.050674999999774,84.29435000000036,33.38150000000017
32.333699999999524,67.61940000000077,25.61600000000036
53.25247499999995,46.69422500000006,21.77880000000001
74.43224999999943,25.664750000000573,18.0380000000001
93.46832500000029,4.829274999999662,13.586674999999918
110.95739999999986,-15.866199999999829,8.622600000000041
124.83187500000007,-34.558299999999676,4.366875000000038
122.84874999999998,-44.461400000000104,3.2187499999999876
120.86562500000002,-54.364499999999865,2.0706250000000157
116.50649999999985,-49.03479999999972,-0.6021000000000925
111.51737499999997,-39.66609999999995,-3.679075000000017
111.62840000000038,-31.706499999999714,-8.04635000000031
