57.89160000000001,2.180600000000002,-42.8946
171.07,28.35,-54.62
133.03719999999998,20.1344,-52.711
95.0044,11.918800000000001,-50.802
34.68080000000002,12.2722,-42.2924
-30.33559999999998,14.429599999999999,-32.3932
-64.731,12.546000000000001,-31.508999999999997
-82.7952,8.507200000000001,-35.43279999999999
-83.16480000000001,5.487000000000002,-36.8508
-64.23120000000002,3.578000000000001,-35.535199999999996
-46.12640000000002,1.0642000000000023,-34.4576
-29.91600000000001,-2.831999999999997,-33.924
-15.392200000000003,-7.160199999999993,-33.5548
-12.112400000000003,-14.368399999999994,-34.2816
-8.832600000000003,-21.576599999999992,-35.0084
-27.953199999999978,-25.189999999999998,-35.392
-48.09199999999998,-28.639999999999997,-35.760000000000005
-62.91719999999998,-35.80159999999999,-37.1324
-76.2664,-43.994200000000006,-38.7838
-84.85279999999999,-52.645999999999994,-41.82119999999999
-90.37739999999998,-61.592999999999975,-45.74959999999999
-92.94,-68.05199999999999,-51.07999999999999
-91.652,-71.27659999999999,-58.232999999999976
-92.60919999999999,-73.0888,-66.53439999999998
-99.92779999999998,-70.89920000000001,-78.08959999999996
-107.63199999999998,-69.42439999999999,-90.26199999999997
-119.38499999999999,-75.45500000000001,-108.91499999999999
-131.13799999999998,-81.48559999999999,-127.56799999999996
-152.341,-88.4906,-142.8148
-174.44399999999996,-95.58839999999998,-157.73719999999997
-197.21,-109.5678,-174.0468
-220.20999999999995,-125.97599999999997,-190.84599999999998
-238.439,-142.7326,-207.6478
-252.998,-159.75719999999995,-224.45159999999996
-273.515,-174.6308,-239.333
-303.30000000000007,-186.15840000000003,-251.224
-336.81100000000015,-199.36300000000006,-263.024
-383.73559999999986,-218.60479999999995,-274.4964
-430.42139999999995,-237.91379999999998,-285.8518
-471.85359999999974,-258.70119999999986,-294.63319999999993
-513.2858000000002,-279.4886,-303.4146
-546.4459999999999,-291.784,-309.048
-578.3654,-302.8056,-314.20919999999995
-611.1039999999998,-297.5552000000001,-309.24240000000003
-644.201,-285.1858,-299.8446
-672.4691999999999,-277.5588,-293.13960000000003
-696.3109999999999,-274.279,-288.903
-719.0887999999999,-272.4616,-289.7207999999999
-739.8716000000001,-273.3862,-300.0156
-760.0351999999999,-275.39399999999995,-311.31999999999994
-777.2575999999999,-282.54699999999997,-327.41999999999996
-794.48,-289.7,-343.52
-824.3800000000001,-279.65819999999997,-329.7752
-854.2799999999999,-269.61640000000006,-316.03040000000004
-883.2983999999999,-255.88860000000003,-299.2532
-912.1311999999999,-241.3848,-281.83759999999995
-938.129,-231.603,-261.03499999999997
-962.6147999999998,-224.33960000000005,-238.4260000000001
-970.7084,-208.91860000000008,-216.30100000000004
-960.9196000000001,-184.59840000000003,-194.704
-940.6994000000003,-159.48580000000018,-176.04280000000008
-896.6360000000002,-132.56200000000013,-164.09200000000004
-850.5637999999998,-106.06179999999989,-153.05979999999997
-791.0996,-82.38560000000003,-148.1516
-731.6353999999999,-58.70939999999998,-143.2434
-686.8232000000003,-52.55840000000003,-152.85079999999994
-642.6770000000001,-47.204000000000015,-163.11799999999997
-613.0820000000001,-48.343999999999994,-182.86759999999995
-587.5290000000002,-51.287999999999975,-205.25119999999984
-572.8008,-70.72680000000008,-240.6940000000001
-565.0314,-100.76940000000013,-284.5320000000002
-556.53,-136.46800000000027,-326.1880000000002
-547.0770000000001,-179.51939999999968,-365.00739999999973
-543.6096,-219.67399999999984,-396.66399999999993
-557.1013999999999,-251.6209999999999,-408.02599999999995
-571.0831999999999,-284.12199999999996,-417.5316
-590.21,-322.44,-407.54499999999996
-609.3367999999997,-360.75799999999947,-397.5584000000001
-632.4872,-396.5602000000001,-381.5279999999999
-656.0208000000001,-432.12280000000015,-364.9219999999999
-660.9563999999999,-450.6276000000001,-352.71219999999994
-659.328,-463.1119999999999,-342.0540000000001
-648.8882000000001,-468.8078,-327.0512000000001
-631.6704000000001,-469.2816,-308.7064000000001
-616.042,-465.6424,-286.2468
-602.8860000000002,-455.60520000000014,-257.38640000000044
-593.1510000000001,-444.847,-228.51999999999992
-595.7316000000001,-431.49319999999994,-199.63199999999986
-597.7878,-418.0125999999999,-170.6571999999998
-588.3072000000001,-401.74240000000015,-139.77280000000022
-578.8266000000001,-385.4722000000001,-108.88840000000015
-559.1500000000001,-347.03400000000016,-82.83600000000007
-537.9440000000001,-305.27060000000006,-57.50840000000003
-516.3668000000004,-264.6592000000006,-35.5184000000003
-494.62719999999996,-224.5517999999999,-14.988599999999948
-484.1436,-196.51639999999992,0.9476000000000511
-483.978,-179.54699999999988,12.673000000000073
-484.6012,-164.90880000000007,23.61759999999993
-486.7034,-154.64160000000004,33.09819999999995
-489.97679999999997,-143.26240000000007,43.76919999999994
-498.81339999999994,-126.60120000000003,60.09459999999997
-507.65,-109.94,76.42
-512.1948,-94.62659999999997,93.97820000000004
-516.7396,-79.31319999999995,111.53640000000007
-518.6168,-64.11379999999991,125.38580000000007
-519.9324,-48.93840000000012,138.4543999999999
-509.3050000000001,-44.31699999999999,134.5130000000001
-492.30800000000005,-45.3244,121.49960000000006
-467.4240000000001,-45.300000000000004,103.89920000000005
-433.93600000000004,-44.150000000000006,81.29480000000001
-408.57360000000006,-37.580600000000274,61.74520000000017
-401.784,-18.623999999999942,49.177999999999955
-399.4175999999997,-0.9766000000000936,38.707199999999965
-426.53919999999977,7.942799999999922,42.21239999999997
-453.6608000000002,16.862200000000076,45.717600000000026
-483.01319999999987,13.62880000000002,51.02239999999997
-512.4670000000003,9.842999999999952,56.40900000000006
-524.6192,-5.797599999999978,55.888000000000005
-531.9654,-24.731200000000012,53.726
-521.8480000000003,-34.10279999999996,39.0676000000003
-500.5039999999999,-37.32740000000001,16.375799999999902
-474.0860000000003,-40.855999999999966,-5.387999999999813
-441.0718000000003,-44.77979999999997,-25.94539999999985
-416.8824,-49.01200000000005,-42.64000000000006
-417.6966,-54.11799999999998,-48.38999999999998
-420.02559999999994,-60.18239999999997,-53.030400000000014
-438.2599999999997,-76.30999999999975,-46.02000000000011
-456.49440000000004,-92.43760000000003,-39.009599999999985
-472.70019999999977,-99.37139999999994,-46.2875999999999
-488.71279999999985,-105.42959999999995,-54.926399999999916
-484.7027999999999,-112.50440000000006,-71.36140000000015
-473.6260000000001,-119.93799999999996,-90.54799999999989
-463.46699999999987,-119.93559999999994,-100.91800000000003
-454.014,-114.21320000000001,-104.50599999999999
-450.7188,-107.4702,-102.2116
-457.0023999999999,-99.13960000000012,-90.76680000000016
-458.59,-89.89499999999997,-80.18799999999997
-443.27200000000016,-77.36000000000014,-72.72680000000008
-427.27980000000025,-65.13700000000006,-65.70599999999997
-396.45519999999976,-59.777999999999956,-68.37400000000002
-365.6306000000002,-54.419000000000025,-71.04199999999999
-328.46599999999955,-47.42799999999991,-72.73000000000002
-290.35040000000004,-40.192200000000014,-74.271
-258.24120000000045,-34.86680000000007,-72.61200000000004
-228.75979999999993,-30.377199999999988,-69.553
-214.5568,-23.504400000000103,-68.52919999999999
-214.359,-14.447000000000223,-69.37099999999998
-210.05560000000008,-10.002399999999968,-70.43679999999999
-198.05419999999987,-14.20680000000004,-71.92260000000002
-185.89600000000004,-18.61679999999998,-73.4092
-172.99299999999982,-24.003400000000074,-74.89960000000002
-160.09,-29.39,-76.39
-164.77279999999993,-37.52279999999989,-64.15860000000016
-169.4555999999999,-45.65559999999978,-51.92720000000033
-177.6837999999999,-47.2106,-38.70020000000013
-186.65840000000006,-47.3808,-25.2635999999999
-191.337,-42.62800000000004,-15.304000000000052
-193.72440000000003,-35.249599999999916,-7.19879999999991
-192.22000000000003,-29.13400000000001,0.11439999999998385
-186.4699999999999,-24.39599999999993,6.563600000000096
-180.6346,-18.51279999999999,12.612400000000006
-174.60400000000007,-10.012000000000105,17.74599999999994
-168.65380000000016,-2.155600000000092,22.396599999999964
-163.23960000000005,1.4047999999999692,23.827199999999987
-157.82539999999995,4.9652000000000305,25.257800000000014
-155.17440000000002,1.1776000000000213,21.91440000000002
-152.64899999999997,-2.9440000000000506,18.353999999999953
-147.906,-0.6144000000000052,14.768400000000003
-142.54700000000008,3.507199999999939,11.175800000000052
-145.74479999999974,4.8288000000000135,8.23560000000007
-154.4433999999999,4.350400000000006,5.714800000000028
-159.15200000000002,3.3359999999999896,4.508000000000003
-158.6736,1.624800000000013,5.009399999999996
-160.6912000000001,-0.04200000000001536,6.631600000000049
-169.78079999999997,-1.5829999999999944,11.429399999999983
-177.8628,-3.0632000000000117,15.695199999999982
-175.365,-3.9050000000000002,14.375
-172.86720000000005,-4.746799999999989,13.054800000000018
-162.3810000000003,-8.944399999999877,11.27680000000005
-151.1340000000001,-13.461599999999956,9.45520000000002
-142.66479999999993,-18.101200000000034,5.661599999999966
-135.17600000000004,-22.78399999999997,1.1720000000000277
-124.54639999999985,-27.087200000000045,-1.7472000000000194
-111.50080000000003,-31.09839999999999,-3.4583999999999957
-102.63840000000003,-34.022399999999976,-3.9510000000000227
-100.28320000000006,-35.25519999999996,-2.548000000000042
-98.56799999999998,-36.226,-1.8219999999999792
-99.1568,-36.2536,-3.533200000000009
-99.15420000000012,-36.2874,-5.060200000000021
-86.14079999999989,-36.4576,-2.5347999999999784
-73.12740000000007,-36.6278,-0.00940000000001251
-58.06199999999981,-37.038000000000004,3.6640000000000477
-42.688800000000015,-37.484199999999994,7.509599999999995
-20.451600000000376,-39.51439999999996,10.004799999999971
4.788599999999283,-42.23759999999992,11.909199999999945
28.31999999999975,-43.24720000000001,16.02639999999993
50.28500000000014,-42.686,22.17200000000004
69.93639999999988,-41.49120000000002,27.46639999999997
85.24980000000015,-39.108399999999975,31.164800000000035
99.81199999999997,-36.01760000000002,35.24479999999998
110.80599999999981,-29.56380000000011,41.1373999999999
121.8,-23.11,47.03
128.1663999999999,-14.779400000000113,51.96579999999993
134.5328,-6.448799999999969,56.901600000000016
138.18979999999996,-1.154400000000047,57.7372
141.27640000000002,3.5008000000000346,57.7096
145.93499999999997,6.673999999999985,56.29000000000001
151.43200000000007,9.056800000000027,54.12799999999998
157.292,11.091999999999997,53.523599999999995
163.54799999999992,12.747999999999974,54.61839999999999
170.43539999999976,12.824800000000106,54.68000000000007
178.7659999999999,9.292000000000044,52.38000000000003
187.98220000000006,6.512800000000011,49.30479999999996
203.10239999999988,8.75759999999998,41.06160000000007
218.2226000000001,11.00240000000002,32.81839999999993
229.93279999999993,18.505199999999963,26.207600000000035
241.48800000000014,26.247000000000096,19.670999999999918
245.1412,30.320399999999996,13.728400000000008
246.59939999999997,33.37479999999996,7.950800000000086
244.60800000000012,30.627600000000186,0.19080000000025876
240.39899999999992,24.150799999999872,-8.843600000000178
240.92200000000005,22.196000000000023,-21.0840000000001
247.59659999999997,26.11979999999997,-37.492199999999876
254.57239999999985,29.61999999999995,-50.775599999999905
262.4016,31.919999999999995,-55.20539999999998
267.67200000000037,34.59079999999989,-59.03040000000004
246.07500000000067,41.1549999999998,-56.50500000000008
224.4779999999996,47.719200000000114,-53.979599999999955
208.07639999999995,50.52020000000001,-44.25959999999996
192.16960000000017,52.96279999999998,-33.854400000000105
185.59580000000008,53.7224,-32.59179999999995
182.31599999999992,53.888000000000005,-34.55600000000005
202.4336000000004,52.16859999999997,-47.07880000000023
240.5491999999999,48.99920000000001,-67.72359999999995
282.75979999999925,47.1474,-78.62140000000008
331.34040000000005,47.3452,-74.35719999999999
366.0250000000002,46.14000000000008,-67.02600000000022
350.6840000000004,39.884000000000164,-48.65360000000047
335.86599999999993,33.37559999999973,-30.244599999999572
332.554,21.314399999999893,-11.030399999999831
329.242,9.25320000000006,8.183799999999906
342.9339999999997,-0.8079999999998186,21.589999999999765
359.1766,-10.569199999999988,34.124999999999986
375.67199999999974,-14.240799999999984,39.36719999999997
392.27799999999957,-15.248199999999972,41.41879999999994
410.0528000000004,-3.45159999999953,40.100799999999914
428.8990000000001,20.082000000000146,35.693999999999974
442.6348,43.79959999999982,27.59120000000011
446.7885999999999,67.86219999999949,12.558400000000317
453.06879999999995,88.90079999999998,-3.5335999999999217
469.44939999999974,95.57539999999989,-24.656799999999635
485.8299999999995,102.24999999999979,-45.77999999999935
505.7158000000003,108.2806000000001,-59.998600000000245
525.6016000000001,114.31120000000003,-74.21720000000005
522.7786,115.5006,-74.99900000000002
515.1748000000001,115.6708,-72.95200000000004
495.4449999999993,105.61399999999962,-66.09299999999976
469.2480000000005,90.10280000000031,-56.667600000000185
440.2746000000001,77.34160000000003,-50.23420000000001
408.2723999999995,67.58039999999986,-47.064799999999956
385.5578,61.1834,-44.724199999999996
384.072,62.475999999999985,-44.278000000000006
384.7443999999996,64.49999999999983,-43.8678
399.80480000000034,71.40000000000015,-43.6976
414.86520000000013,78.30000000000005,-43.5274
432.5567999999999,74.20000000000002,-32.73560000000006
450.36799999999965,69.60000000000008,-21.46100000000021
471.6928,66.1196,-5.333600000000022
493.9935999999997,62.950200000000045,12.14179999999974
524.520799999999,59.18160000000012,24.904799999999724
560.3364000000007,55.02779999999992,34.63840000000019
607.0440000000004,58.47400000000008,43.09200000000004
667.9111999999996,71.8001999999999,49.88159999999995
723.3999999999992,89.31079999999939,56.52359999999987
763.6499999999999,118.6771999999999,62.74739999999998
801.5803999999997,145.32400000000004,69.31279999999984
815.1549999999995,143.41500000000008,79.46499999999969
828.7296000000002,141.50599999999997,89.61720000000018
839.0282000000003,130.8399999999996,110.09300000000074
849.0147999999999,119.34000000000012,131.5519999999998
864.723599999999,104.98060000000083,152.76279999999886
882.4520000000005,89.61199999999963,173.8860000000005
896.8653999999998,85.9875999999999,190.25119999999976
908.7288,91.39719999999998,202.95639999999997
920.0990000000002,105.2938000000004,217.16460000000023
930.7019999999997,132.39239999999918,233.7107999999995
935.3410000000002,159.45299999999966,248.1599999999999
918.5095999999999,186.37680000000012,255.06000000000006
901.6977999999996,212.18860000000004,261.2977999999998
885.3172000000003,213.53639999999996,252.96720000000022
868.9366,214.8842,244.63660000000004
879.0439999999993,222.66799999999958,216.74600000000152
893.1246000000003,231.41720000000026,185.92139999999907
915.4387999999996,269.6511999999992,170.08240000000015
941.3552000000001,320.78480000000013,160.7996
928.038799999999,365.9328000000008,165.53520000000037
878.7590000000013,405.593999999999,183.12099999999958
820.7768000000005,427.6360000000001,204.2491999999998
746.4776000000039,416.64200000000056,232.01939999999857
680.6943999999993,401.7695999999991,256.07680000000016
655.3622000000005,368.4748000000006,262.4983999999999
630.03,335.18,268.92
665.3166000000006,296.30539999999934,258.98859999999985
700.603199999999,257.43080000000106,249.05720000000028
754.1031999999994,241.8654000000001,259.84339999999986
811.4375999999969,231.20720000000057,274.9911999999992
831.197,237.01300000000035,311.9430000000012
830.9164,251.5995999999997,360.523599999999
808.5280000000001,277.5997999999999,404.2487999999999
762.0219999999993,316.05120000000056,442.6772000000006
708.097400000002,363.237199999998,465.2436000000004
637.2160000000009,430.3879999999992,451.55400000000014
568.9032000000029,492.4021999999984,432.87420000000293
517.7143999999989,520.1724000000006,380.92639999999886
466.52560000000113,547.9425999999994,328.97860000000117
468.9156,538.5768,282.02480000000025
473.7410000000001,527.5229999999999,235.2979999999994
498.4096000000009,499.52399999999903,204.39679999999922
528.5901999999995,466.8180000000005,177.8916000000004
537.8212,435.7527999999999,167.758
533.5845999999999,405.7423999999994,168.149
515.142000000001,382.9880000000003,171.14999999999984
478.2316000000003,369.66640000000007,177.54399999999995
409.53560000000823,349.79520000000196,177.49280000000095
250.78039999999567,311.36679999999893,159.1801999999995
108.47879999999947,274.56520000000035,143.5791999999998
138.94,254.84499999999997,156.45
169.40120000000053,235.12479999999965,169.32080000000022
174.63299999999992,186.2902000000014,156.9706000000004
177.46199999999996,134.6828000000005,142.21840000000014
203.8665999999981,113.48500000000057,128.33660000000074
238.59200000000087,103.01999999999974,114.76199999999966
269.47979999999944,92.97100000000019,104.38800000000015
297.4155999999999,83.24200000000002,96.47600000000001
310.33759999999984,74.8503999999999,89.0589999999999
299.9048000000003,68.53920000000019,82.41200000000019
285.5270000000004,61.953000000000095,75.04600000000012
256.94720000000166,54.37680000000043,65.09160000000057
228.49659999999943,46.91179999999989,55.1857999999998
202.8884000000006,41.893200000000114,46.349200000000195
177.28020000000012,36.87460000000002,37.51260000000004
164.10799999999986,43.2920000000001,33.43199999999996
152.80119999999968,51.42480000000024,30.0647999999999
137.22560000000027,58.5847999999999,25.392000000000078
119.78240000000103,65.31919999999961,20.148000000000312
100.7719999999996,70.71920000000009,14.872799999999895
80.3250000000005,74.8959999999999,9.569000000000132
61.25240000000012,74.84880000000007,4.940400000000025
44.756799999999835,66.88159999999992,1.5777999999999668
29.866799999999802,59.07599999999981,-1.3176000000000183
22.603400000000125,52.03800000000012,-1.9937999999999882
15.34,45.0,-2.67
13.68399999999997,46.40300000000002,-0.5907999999999638
12.028000000000045,47.80599999999996,1.4883999999999435
16.48999999999994,44.20440000000004,3.8411999999999757
22.239999999999686,39.549200000000255,6.251599999999868
22.44899999999993,33.95799999999985,7.969000000000033
19.702800000000053,27.86760000000012,9.316799999999972
5.565000000000069,29.639999999999976,15.464999999999971
-21.00000000000039,39.99000000000015,26.850000000000172
-41.998599999999755,54.97539999999924,34.957599999999985
-50.273999999999894,80.55599999999968,35.57399999999999
-54.68540000000121,106.18459999999853,36.45799999999985
-33.33679999999952,132.13320000000058,39.126000000000055
-11.988200000000475,158.08179999999942,41.79399999999994
8.0931999999999,112.23120000000024,37.562800000000024
28.117000000000246,63.11699999999939,33.017999999999944
41.97759999999961,13.650000000001597,36.06919999999984
54.12619999999982,-35.91499999999927,41.230399999999925
44.67280000000139,-57.52759999999979,51.88799999999915
21.332399999999538,-61.17080000000007,66.07900000000028
-4.103999999999303,-54.98600000000047,69.97800000000024
-32.265199999999794,-36.02480000000014,60.49740000000007
-54.11800000000004,-27.498800000000216,51.80039999999994
-58.09700000000011,-48.53920000000058,45.32359999999982
-61.12040000000012,-69.36679999999967,38.92960000000009
-54.11,-87.96000000000001,33.405
-47.09959999999988,-106.55320000000032,27.880399999999902
-46.565599999999996,-113.70139999999984,30.650799999999904
-46.6484,-119.75959999999995,34.21119999999996
-55.64940000000009,-119.08239999999998,26.806599999999918
-67.7980000000003,-116.02799999999992,15.531999999999723
-74.98059999999994,-111.55920000000012,7.871400000000097
-78.3432,-106.00240000000002,2.9908000000000126
-77.22919999999988,-108.63560000000024,-0.24460000000000992
-69.15160000000024,-124.00879999999954,-0.9207999999999799
-56.129000000000374,-134.88700000000006,-2.9619999999999127
-25.30440000000175,-129.5832000000003,-9.917199999999603
5.46180000000065,-124.7076000000001,-16.573600000000003
34.94319999999934,-129.2523999999999,-16.656399999999998
64.42459999999986,-133.79719999999998,-16.7392
115.14600000000067,-136.002,-36.554000000000286
169.05339999999828,-137.85579999999993,-59.32859999999927
259.6263999999984,-113.34480000000053,-77.20719999999977
366.2405999999937,-77.29920000000214,-92.94379999999907
401.1019999999994,-68.56320000000032,-100.90920000000001
370.19000000000074,-84.86099999999959,-101.75099999999998
321.8748000000006,-79.34280000000032,-95.44080000000014
240.9285999999992,-32.919599999999534,-75.7205999999998
154.13760000000397,2.712400000000539,-57.00600000000048
