-8.2264,170.78589999999997,55.89529999999999
8.28,-0.28,-95.91
10.8885,24.912,-99.2893
13.497,50.104,-102.6686
11.2798,54.2466,-102.6244
8.3564,55.3088,-102.0792
4.2395,63.007,-101.044
-0.28660000000000263,72.9804,-99.8408
-5.4681,74.7468,-99.20309999999999
-11.056399999999996,71.4192,-98.9164
-16.435400000000005,68.09389999999999,-97.8316
-21.596000000000004,64.771,-95.914
-28.1557,59.4166,-95.36319999999999
-37.18440000000001,50.47719999999999,-97.2244
-46.74220000000001,39.51159999999999,-99.3947
-58.031600000000005,21.9148,-102.5766
-69.56800000000003,4.918499999999984,-105.365
-83.1792,-7.033599999999987,-104.848
-96.7904,-18.985700000000005,-104.33099999999999
-114.97860000000003,-26.899000000000015,-102.4708
-133.2663,-34.7245,-100.5814
-151.842,-43.08200000000001,-103.908
-170.46810000000005,-51.532600000000016,-108.1474
-184.12,-62.47539999999999,-115.58279999999999
-195.87,-74.37110000000001,-124.2402
-203.36960000000002,-86.24720000000003,-136.71960000000004
-207.985,-98.11,-151.7925
-211.6456,-111.10140000000001,-167.36260000000001
-214.2212,-125.37530000000004,-183.49770000000004
-219.0032,-138.13559999999998,-197.1256
-228.0601,-147.9633,-205.8958
-238.50700000000006,-156.054,-214.82400000000004
-254.0969,-157.7178,-224.3368
-269.6356,-159.03040000000001,-234.38399999999996
-284.62390000000005,-156.5676,-250.17600000000004
-299.61220000000003,-154.1048,-265.968
-301.92400000000004,-149.3605,-281.895
-303.67240000000004,-144.51479999999998,-297.8280000000001
-288.7756,-138.76819999999998,-306.98670000000004
-270.4644,-132.8368,-314.75579999999997
-257.44309999999996,-134.24790000000002,-314.69399999999996
-246.666,-138.774,-311.31
-237.8005,-143.319,-309.0141
-230.35099999999997,-147.87800000000001,-307.5242
-229.9176,-149.4907,-308.8651
-238.17079999999999,-147.4556,-313.7108
-246.01300000000003,-142.63049999999996,-320.55750000000006
-252.97840000000002,-131.85339999999997,-331.67300000000006
-256.9576,-120.4679,-341.4502
-248.32839999999996,-106.51359999999994,-345.57680000000005
-239.7634,-93.10049999999998,-348.6774
-232.14,-87.625,-336.73
-224.51659999999995,-82.14949999999997,-324.78259999999995
-237.04520000000005,-99.47920000000005,-306.76759999999996
-250.94780000000003,-118.36380000000001,-288.33889999999997
-266.0740000000001,-138.2250000000001,-270.5599999999999
-281.49000000000007,-158.31750000000005,-252.93499999999995
-297.59080000000006,-180.7876,-239.56279999999998
-314.01260000000013,-204.37220000000013,-228.18409999999994
-331.8774000000001,-230.6842000000001,-229.39460000000003
-350.9077,-259.1991,-240.7733
-370.4620000000001,-282.80000000000007,-261.6140000000002
-390.72370000000006,-299.76700000000005,-295.22840000000014
-400.41679999999997,-307.7362,-332.25880000000006
-385.1981999999999,-294.4962999999999,-377.3412000000003
-365.0923999999998,-282.0268,-421.0380000000001
-321.16149999999993,-273.313,-457.9800000000001
-277.9449999999998,-266.39080000000024,-494.4170000000002
-250.8024999999999,-299.77960000000013,-519.4915000000001
-223.65999999999994,-333.1684000000001,-544.5660000000001
-187.73689999999948,-374.9981000000006,-558.3659000000002
-150.99700000000013,-417.6129999999999,-571.117
-128.5169000000001,-435.70429999999993,-567.9655
-109.89079999999987,-447.1676000000001,-560.516
-105.53400000000002,-442.54499999999996,-535.0151999999998
-108.54200000000002,-429.61999999999995,-500.1975999999999
-121.275,-411.8325,-464.55499999999995
-142.56599999999995,-389.7660000000001,-428.18640000000005
-165.01789999999988,-376.8043,-391.52900000000017
-189.1806000000002,-377.2602,-354.4459999999997
-207.34900000000002,-376.9491,-316.51409999999976
-209.84,-374.632,-276.36199999999985
-211.8151,-368.7581999999996,-236.78599999999943
-210.8422,-342.5604000000001,-200.50200000000007
-210.01069999999996,-316.2493000000002,-164.24610000000015
-215.68360000000004,-284.7263999999997,-129.2827999999997
-221.35650000000004,-253.2034999999998,-94.31949999999978
-231.94760000000005,-221.24379999999988,-57.71819999999986
-243.12420000000003,-189.23209999999997,-20.921899999999955
-265.342,-162.95160000000004,17.25679999999995
-290.9334999999999,-138.4223000000001,55.85789999999985
-315.3370000000002,-116.55999999999983,88.99300000000027
-339.06730000000016,-96.20899999999986,119.0307000000002
-352.78720000000004,-80.33879999999995,140.56280000000004
-356.91380000000004,-68.7626999999998,153.9437000000002
-354.8394,-53.79360000000001,165.9656
-342.77450000000005,-33.35800000000006,175.79799999999997
-331.0383999999999,-15.02359999999988,185.48280000000008
-320.26129999999995,-2.8176999999999115,194.73710000000008
-310.158,8.993400000000044,203.70280000000002
-304.659,18.10670000000002,210.6964
-299.16,27.22,217.69
-297.49620000000004,36.33329999999998,216.8017
-295.8324,45.446600000000096,215.9134
-300.06850000000003,55.68740000000008,212.97509999999997
-305.16800000000006,66.09320000000005,209.7368
-320.70450000000034,62.30299999999984,202.78499999999985
-339.81940000000003,53.645599999999995,194.56
-352.0584,48.633500000000005,185.5201
-360.0296000000001,45.883999999999965,175.9743999999999
-370.59289999999993,39.78110000000006,167.41310000000004
-383.8610000000001,30.17899999999994,159.87899999999996
-400.9949000000001,24.350900000000003,155.0173
-424.9508,25.1828,154.8716
-444.4803,26.014699999999998,153.6732
-449.52340000000004,26.84660000000001,149.02959999999993
-454.41149999999993,26.74250000000005,143.06000000000012
-457.99760000000003,18.775999999999947,125.95199999999988
-461.5837000000001,10.809499999999847,108.84399999999967
-458.0398,1.858599999999985,96.33599999999998
-454.34090000000003,-7.113699999999994,83.92800000000001
-446.2299999999999,-11.938000000000049,78.10399999999994
-437.34700000000004,-16.03639999999998,73.43220000000002
-428.6475999999999,-13.729199999999967,74.95860000000003
-420.01839999999993,-8.972799999999976,78.85490000000003
-408.04599999999994,-7.901200000000003,83.79560000000002
-393.805,-9.33,89.44500000000001
-379.40119999999985,-12.050200000000054,95.40020000000008
-364.8124000000001,-16.23789999999998,101.70289999999997
-349.20919999999984,-18.51199999999999,107.13840000000003
-331.64059999999967,-17.07849999999997,110.89370000000007
-312.61499999999995,-14.406999999999977,114.185
-288.19849999999997,-7.154899999999996,115.7595
-264.3651999999998,0.05560000000009069,117.06839999999998
-246.80130000000008,6.818899999999971,115.52210000000001
-229.23739999999987,13.582200000000057,113.97579999999998
-218.00499999999994,18.149500000000025,120.60600000000004
-207.05399999999995,22.619200000000014,127.59960000000002
-207.3077,25.950100000000003,142.6545
-209.85980000000006,29.04740000000009,159.36300000000048
-204.98690000000005,27.89760000000001,176.57309999999993
-196.96400000000006,24.94600000000002,193.9959999999999
-184.31329999999966,22.026799999999938,205.39520000000016
-168.23460000000017,19.131600000000034,212.33239999999992
-153.03999999999976,19.539700000000078,214.40179999999992
-138.9399999999998,24.037600000000065,210.44439999999994
-126.94299999999991,27.649000000000022,205.92149999999992
-119.43239999999993,29.369200000000017,200.19219999999996
-113.84330000000001,31.857100000000045,195.7184
-116.36720000000001,37.586400000000026,196.5456
-118.43719999999999,43.010600000000004,197.36589999999998
-113.85,43.96,198.08499999999998
-109.26280000000001,44.9094,198.8041
-98.21200000000005,47.27559999999999,198.9292
-86.72049999999973,49.738400000000055,199.0138
-75.9700000000001,51.646399999999986,192.86640000000008
-65.39499999999981,53.42300000000004,185.24299999999985
-64.32400000000005,52.879599999999975,175.64839999999984
-67.70800000000004,51.24869999999998,165.12979999999988
-75.76680000000013,44.90659999999989,157.13319999999993
-87.6014000000001,34.75929999999991,151.17359999999996
-100.37600000000009,26.453999999999965,144.63999999999996
-114.41960000000006,20.63539999999998,137.33149999999998
-125.09900000000009,14.38979999999977,130.04119999999978
-127.8485,7.137700000000009,122.7938
-128.96920000000003,0.08160000000002299,116.9648
-122.14949999999983,-6.019000000000147,118.05050000000003
-115.88459999999995,-12.60399999999985,119.6119999999999
-122.10270000000011,-30.08800000000034,131.87900000000025
-128.3208000000001,-47.5720000000003,144.1460000000002
-133.07260000000005,-43.97309999999992,152.2162000000001
-137.68800000000005,-38.41299999999993,159.8960000000001
-120.93589999999978,-25.430699999999852,151.66949999999989
-98.40879999999983,-10.44239999999989,139.1439999999999
-84.19899999999996,1.5420000000000496,126.56579999999994
-74.28199999999998,11.976000000000024,113.96039999999996
-78.71000000000001,17.7575,102.9525
-95.76159999999996,19.444799999999994,93.35040000000002
-107.72880000000012,22.211300000000108,82.13899999999965
-112.20319999999997,26.56819999999997,68.5560000000001
-116.61260000000009,29.45869999999998,54.62329999999969
-120.85200000000007,28.51399999999998,39.775999999999726
-125.00180000000005,26.497599999999874,25.163899999999792
-128.63960000000003,18.357199999999892,11.895799999999824
-132.29820000000004,10.29059999999995,-1.3138000000001142
-136.91360000000003,5.618799999999961,-11.832400000000089
-141.52900000000002,0.9469999999999719,-22.351000000000063
-140.07539999999992,-9.407400000000374,-33.30220000000037
-137.89929999999998,-20.438300000000012,-44.30490000000002
-135.2804,-26.443599999999996,-53.20159999999999
-132.52619999999993,-30.91330000000012,-61.45480000000022
-129.94000000000003,-31.67200000000001,-66.89399999999998
-127.44899999999996,-30.32779999999997,-70.73860000000009
-124.95559999999996,-31.088400000000053,-74.68160000000007
-122.45989999999996,-33.866100000000046,-78.71890000000006
-116.34439999999984,-33.86819999999993,-82.00020000000002
-104.39699999999985,-29.398499999999945,-84.06350000000002
-92.29479999999988,-27.13800000000004,-83.70519999999992
-79.74109999999992,-31.32100000000003,-76.28389999999995
-68.5812,-34.885999999999996,-68.18579999999994
-66.9456,-34.227999999999994,-55.46289999999997
-65.31,-33.57,-42.74
-49.60729999999957,-31.16359999999993,-33.71129999999975
-33.90460000000007,-28.75720000000001,-24.682600000000043
-15.823899999999579,-28.273699999999995,-18.056499999999858
2.6048000000003784,-28.071599999999997,-11.78199999999987
17.425000000000246,-28.384000000000007,-8.363499999999956
31.008000000000216,-28.872800000000005,-5.924199999999962
41.26760000000011,-28.334999999999983,-2.5510999999999475
49.46440000000009,-27.159999999999986,1.4016000000000428
47.8424999999999,-25.129399999999976,6.140900000000046
35.97499999999957,-22.205999999999893,11.701000000000201
27.643499999999992,-19.002099999999984,17.40560000000002
25.551999999999996,-15.303199999999997,23.36520000000001
22.67619999999984,-11.330399999999859,29.5272000000002
17.233600000000017,-6.461200000000018,36.351599999999976
12.153500000000012,-1.5945000000000285,42.516999999999996
10.118399999999955,3.2512000000001056,43.14680000000001
8.08329999999996,8.096900000000094,43.77660000000001
7.842200000000003,4.354400000000052,41.51760000000003
7.640099999999998,0.42519999999994296,39.19579999999997
3.001999999999934,-2.2320000000000295,33.14199999999992
-2.412399999999889,-4.66659999999995,26.435100000000137
-5.382200000000015,-3.969799999999986,19.170599999999943
-7.41730000000001,-2.0756999999999906,11.692899999999963
-10.47720000000001,-6.9100000000000215,2.7451999999999757
-14.232500000000114,-16.310000000000283,-7.200000000000301
-17.558799999999994,-27.21259999999997,-14.971599999999988
-20.397599999999986,-39.82269999999994,-20.273199999999974
-25.567600000000223,-51.525600000000225,-25.57480000000012
-35.2543000000002,-61.4708000000002,-30.876400000000107
-44.00199999999994,-71.0679999999999,-36.22699999999993
-49.27540000000008,-79.37760000000013,-41.75890000000008
-53.19719999999986,-87.67520000000012,-46.827600000000004
-42.58930000000021,-95.84379999999985,-46.9169
-31.981399999999592,-104.01240000000031,-47.0062
-14.326499999999893,-104.855,-45.93899999999999
3.6416000000000652,-105.372,-44.8204
30.739600000000912,-101.20509999999983,-45.722000000000044
59.710399999999964,-96.0774,-47.038
81.13739999999994,-95.9789,-50.39009999999998
99.36400000000044,-98.01400000000004,-54.6060000000001
109.83890000000011,-96.1799999999999,-56.3649
114.57179999999995,-91.48000000000005,-56.3038
115.28109999999992,-85.34569999999987,-56.207
111.00879999999994,-77.43559999999988,-56.065999999999995
105.60250000000013,-70.61300000000008,-56.92999999999994
97.77699999999993,-66.11039999999996,-59.93800000000003
92.08720000000002,-61.98759999999998,-63.363600000000034
95.41480000000001,-59.46839999999999,-68.55240000000002
99.03670000000025,-56.906899999999894,-74.27160000000043
106.975,-53.725,-87.77
114.91329999999998,-50.54310000000001,-101.26839999999996
119.2304000000001,-49.455599999999976,-108.35160000000016
123.30060000000009,-48.51089999999998,-114.99740000000016
123.10340000000001,-46.68460000000002,-117.82419999999998
121.89549999999998,-44.64949999999996,-119.74650000000004
118.97559999999994,-50.476800000000146,-122.42720000000004
115.25320000000006,-59.98959999999983,-125.46339999999995
119.35940000000043,-70.9610000000005,-131.38560000000032
129.7887000000001,-83.1105000000001,-139.63880000000006
145.90200000000016,-90.75000000000001,-146.54000000000002
169.6887000000008,-92.30100000000006,-151.61600000000018
190.5312,-94.0214,-156.61360000000002
204.43379999999996,-96.1411,-161.4264
216.04760000000002,-98.76800000000014,-165.20079999999996
216.5035,-103.86750000000012,-163.91299999999995
216.31440000000012,-109.03539999999994,-162.7274
201.6127999999997,-115.74230000000013,-163.84130000000002
186.91119999999975,-122.4492000000001,-164.95520000000002
166.04770000000033,-126.24499999999995,-162.16900000000004
144.61099999999976,-129.77000000000004,-159.01999999999995
117.53549999999973,-127.11229999999996,-149.8214999999999
88.9359999999998,-122.78359999999998,-138.98799999999994
59.61729999999986,-116.56699999999996,-124.62049999999994
29.927399999999928,-109.37599999999999,-108.42899999999996
9.55,-102.61,-98.03
-2.6324000000007075,-96.21799999999963,-92.72839999999968
-1.0607000000001037,-88.72590000000004,-88.49270000000001
20.78019999999984,-79.61260000000006,-85.82780000000002
43.96660000000136,-70.96729999999963,-83.49569999999993
70.67199999999968,-63.546000000000085,-82.03400000000002
96.36239999999972,-57.60519999999996,-80.40570000000004
116.25280000000086,-60.12440000000011,-77.82539999999989
135.87060000000028,-62.52109999999987,-75.07009999999956
142.94879999999984,-59.28280000000007,-64.26480000000024
150.02700000000027,-56.044499999999886,-53.45949999999961
139.7171999999996,-50.3743999999998,-46.54759999999978
127.33740000000036,-44.41480000000018,-40.09920000000019
121.01639999999988,-33.03359999999962,-32.48799999999977
116.54669999999989,-19.995799999999655,-24.52149999999979
113.84999999999997,-7.431999999999702,-19.095999999999904
112.15799999999996,4.863200000000268,-15.110399999999913
112.42680000000004,11.669600000000031,-9.238399999999851
114.57470000000004,13.215900000000026,-1.55859999999987
114.80379999999997,13.467999999999973,7.152600000000149
111.94149999999996,11.634999999999977,17.525500000000125
111.39760000000007,14.368000000000151,28.110800000000108
117.61570000000005,30.418500000000115,39.31560000000008
124.60240000000007,46.46840000000008,49.41220000000001
136.84120000000004,62.514200000000045,51.93610000000001
149.08,78.56,54.46
170.74229999999994,102.05999999999995,53.285000000000004
192.40459999999987,125.55999999999989,52.11000000000001
212.29570000000103,142.98790000000088,54.33390000000014
231.9275999999998,159.52719999999985,57.05519999999997
242.7009999999999,172.81849999999986,67.24549999999985
250.43720000000036,184.99620000000056,79.99660000000058
260.1570000000005,193.9926000000003,90.82210000000042
271.1079999999998,201.01439999999985,100.45239999999981
290.4724000000011,206.90000000000018,105.69430000000003
318.616000000001,211.60000000000016,106.35700000000003
349.671699999999,215.99909999999988,103.84580000000021
385.86640000000114,219.86720000000014,95.73359999999974
415.4204000000002,221.42199999999983,87.27929999999972
423.2412000000002,215.40599999999984,77.70539999999974
428.8124999999997,209.37449999999984,69.29050000000004
415.4879999999997,203.21279999999987,70.61120000000003
402.1634999999997,197.05109999999988,71.93190000000001
387.43599999999975,184.6333999999998,75.07420000000005
372.6779999999998,172.07969999999983,78.25610000000005
374.9200000000001,160.67399999999986,79.046
380.13700000000006,149.4691999999999,79.4173
404.0098000000002,142.16079999999997,76.92919999999998
435.01570000000015,136.3422,73.34779999999999
471.0784000000025,140.47760000000068,70.58399999999986
510.57250000000005,151.3675,68.375
547.0855999999999,162.05719999999997,67.9656
580.2112000000018,172.51940000000056,69.60120000000009
606.4599999999998,182.9895999999999,72.03519999999997
619.3849999999998,193.4752999999999,76.01609999999997
628.3099999999997,204.56000000000063,81.7720000000006
622.4349999999997,217.86100000000062,94.09540000000057
614.6748000000005,229.83720000000005,107.12879999999966
586.6486999999988,227.5717999999999,127.79470000000086
558.6225999999989,225.3063999999999,148.4606000000008
529.7145000000006,210.5580000000004,166.89899999999957
500.767199999999,195.25479999999948,185.23840000000064
477.2447999999993,184.28059999999968,204.2213000000006
454.83519999999936,174.19439999999972,223.33620000000056
432.1219999999994,171.4309,242.6128000000005
409.27999999999946,171.774,261.9580000000005
389.2702999999996,170.0434999999999,278.0767000000003
371.3585999999996,166.77699999999993,291.80540000000025
365.3308000000001,168.2859000000001,297.1970999999999
374.01640000000015,175.7072000000001,292.26679999999993
381.45700000000005,177.55899999999986,283.0659999999998
386.24160000000006,167.5291999999999,264.7547999999998
386.8123999999999,157.1096999999999,247.38679999999988
369.5915999999999,145.04479999999992,234.00119999999993
350.8794999999999,133.33839999999998,221.2156
310.295,126.89,217.23000000000002
269.71049999999764,120.44159999999962,213.24439999999979
225.7512000000002,113.96680000000003,211.54240000000001
181.56180000000032,107.49020000000004,209.9961
140.15019999999794,97.95459999999947,208.05459999999988
99.39649999999803,87.69449999999951,206.0194999999999
74.31320000000025,71.75440000000027,199.06920000000014
56.57539999999923,53.15179999999919,189.8148999999996
50.18660000000011,27.87759999999875,179.43219999999954
52.96429999999994,-2.785199999999328,168.13810000000026
61.622000000000604,-27.998000000000648,159.05399999999977
78.21770000000056,-45.8533000000006,152.9533999999998
93.51420000000039,-56.66519999999982,150.07000000000014
105.74830000000036,-50.87479999999983,154.77000000000012
117.0808000000002,-43.709199999999626,159.14760000000007
124.01800000000017,-29.839499999999664,161.95350000000005
131.18320000000026,-15.67579999999954,164.4667999999999
143.47840000000022,5.102900000000403,160.39659999999992
155.77360000000022,25.88160000000035,156.32639999999992
164.21170000000012,43.80080000000025,150.6049999999999
172.29100000000008,61.45400000000021,144.7299999999999
182.7420000000001,87.27310000000027,141.926
193.83400000000077,115.2992000000019,139.95199999999986
209.9170000000001,136.2201000000001,139.1281
228.57600000000005,153.47380000000004,138.8978
244.94750000000087,164.56750000000036,135.86249999999967
259.306,170.2404,130.3588
270.8943,171.40840000000003,125.90960000000001
278.4002000000004,165.9375999999997,123.01439999999985
283.4022999999999,161.4963999999999,121.26060000000007
281.85600000000005,159.74800000000002,122.49199999999999
280.98380000000014,156.81309999999954,124.54730000000032
283.96360000000016,147.09819999999957,131.3106000000003
287.2098999999997,137.54180000000005,137.99349999999995
302.7152000000006,135.2763999999999,140.97800000000012
318.2205000000006,133.01099999999994,143.96250000000012
332.13820000000044,124.7563999999997,141.8187999999999
345.86690000000044,115.78879999999971,139.0645999999999
351.69000000000005,122.99600000000035,141.3396000000001
355.0975000000001,135.1455000000003,145.1513000000001
350.6239999999998,145.70500000000024,148.63300000000007
341.6845999999998,155.36350000000022,151.92770000000007
339.29960000000005,161.90440000000007,154.77120000000005
343.1959000000001,165.45760000000007,157.18230000000003
356.34600000000046,166.76079999999996,158.724
384.40500000000037,164.439,158.865
366.8183999999986,180.8924000000007,159.4968
216.0987999999989,252.10680000000053,161.56010000000003
77.93239999999975,317.19760000000014,167.18320000000017
