142.89999999999998,-200.098,-119.2065
-10.33,-126.75,-117.76
-58.92250000000001,-60.650999999999996,-102.404
-106.34500000000001,-8.351000000000003,-89.474
-148.50250000000003,-18.146500000000007,-87.461
-166.122,-29.172000000000004,-91.558
-140.8,-42.35,-106.3475
-108.91399999999993,-48.175000000000004,-120.29400000000001
-71.55800000000002,-47.8725,-133.53799999999998
-49.36999999999999,-49.106,-140.078
-32.87,-50.9155,-144.104
-32.83,-44.555,-142.735
-35.71100000000002,-34.91149999999996,-140.695
-51.34200000000001,-0.6079999999999686,-137.34
-61.987,34.072000000000024,-136.436
-59.336000000000006,69.75599999999996,-142.06799999999998
-48.224999999999994,102.1175,-146.42
-26.96199999999997,130.49200000000005,-149.236
7.551999999999971,135.4305,-152.885
49.63800000000003,126.97699999999999,-157.01
84.45650000000006,104.17299999999994,-166.184
117.66,78.18,-176.48
125.40400000000001,56.515499999999975,-173.631
123.41699999999989,38.504,-165.99499999999995
77.64049999999997,36.931,-136.8175
15.387999999999806,35.284,-115.42199999999998
-75.69750000000029,33.50749999999999,-107.64499999999997
-153.22600000000008,37.83900000000001,-97.61499999999998
-219.45699999999997,47.26049999999999,-85.7075
-249.00799999999998,44.56200000000002,-73.72800000000002
-264.8040000000001,37.31849999999996,-61.72149999999994
-258.225,25.595,-45.445
-249.8225,12.642499999999977,-29.680999999999994
-245.56,-8.120000000000053,-23.311999999999983
-246.46649999999997,-31.177499999999924,-25.402999999999935
-261.157,-60.35499999999996,-50.05399999999997
-281.35,-90.39999999999999,-86.38
-308.146,-121.48600000000003,-136.71600000000007
-338.24950000000007,-140.32550000000003,-171.49450000000007
-370.2430000000001,-152.16700000000003,-197.3830000000001
-401.854,-152.727,-199.678
-433.38,-150.78,-196.73
-444.0445,-150.68099999999998,-194.71699999999998
-450.98299999999995,-153.24000000000004,-194.424
-441.1544999999999,-167.76000000000005,-201.87100000000004
-420.9119999999998,-187.40200000000016,-209.91400000000004
-382.445,-216.0075,-219.0
-344.16099999999994,-240.17000000000002,-225.746
-306.02949999999987,-260.63000000000005,-230.542
-292.89799999999997,-270.454,-234.87400000000002
-289.1415,-276.28950000000003,-239.032
-311.45500000000015,-266.1749999999999,-239.41
-338.0370000000004,-255.338,-240.03500000000005
-381.2340000000001,-253.226,-246.91000000000003
-419.0249999999999,-255.64099999999996,-254.89199999999997
-442.3999999999999,-270.128,-265.826
-456.9625,-281.995,-276.9725
-460.95,-290.718,-288.374
-465.9875,-301.6775,-307.11850000000004
-471.62500000000006,-313.91500000000013,-330.05900000000025
-478.41,-328.1865000000001,-355.82550000000015
-485.45,-342.91,-382.22
-492.42400000000004,-324.33099999999985,-382.957
-500.36800000000005,-301.8309999999999,-382.73
-512.6770000000001,-261.68649999999957,-378.16499999999996
-513.1679999999999,-235.24999999999997,-378.24800000000005
-492.9775,-232.8025,-386.465
-451.95500000000027,-238.29599999999994,-384.09200000000004
-393.5724999999998,-250.40700000000004,-372.89399999999995
-329.5020000000002,-255.878,-356.64400000000006
-263.29849999999965,-258.85900000000004,-338.4994999999999
-206.45499999999998,-256.905,-318.89
-153.66349999999983,-254.17099999999996,-297.5034999999997
-132.03199999999995,-248.572,-259.8119999999999
-119.11850000000011,-240.31949999999983,-221.10349999999957
-129.45300000000006,-224.99099999999993,-179.6829999999998
-144.6475,-198.23,-141.2975
-165.67400000000015,-157.7499999999997,-106.55399999999973
-178.97600000000003,-108.88399999999986,-66.41349999999989
-187.86399999999998,-55.22600000000014,-23.189000000000114
-190.3305,-27.802999999999887,15.540000000000191
-191.37,-6.21,53.27
-183.18600000000004,11.13149999999991,82.07899999999985
-180.08700000000005,28.417000000000044,112.2420000000001
-199.87049999999996,45.450499999999955,148.4979999999999
-219.0340000000001,56.620000000000005,178.93400000000008
-237.1125,57.527499999999996,199.185
-249.64700000000008,59.82400000000003,211.33600000000004
-257.5615,63.278000000000006,216.73700000000002
-273.06000000000023,73.58800000000014,226.82200000000012
-291.40249999999986,86.4689999999999,238.6634999999999
-292.555,85.9,247.60500000000002
-292.50300000000004,83.74249999999996,255.78700000000003
-297.596,79.14999999999999,259.274
-295.4199999999998,73.1474999999999,259.7609999999999
-273.8599999999999,63.38499999999995,252.24799999999996
-251.44500000000002,55.9125,243.745
-228.00399999999982,51.18799999999996,234.05399999999992
-216.34050000000005,49.298500000000004,225.98350000000008
-211.40699999999995,49.028999999999996,218.8389999999999
-215.17649999999995,47.27900000000002,211.09150000000005
-220.88000000000017,45.19999999999998,203.2099999999999
-235.1634999999999,43.62150000000001,194.82800000000006
-247.32000000000005,39.14699999999973,186.73199999999989
-249.905,21.640500000000046,179.92300000000003
-249.952,3.4879999999999036,173.33399999999997
-245.5575,-15.794999999999998,167.13
-248.18899999999996,-23.29700000000001,160.14000000000004
-256.67550000000006,-20.981499999999993,152.49499999999998
-271.52599999999995,-11.862000000000032,149.434
-288.7630000000001,-0.19099999999993977,148.09199999999998
-304.29499999999996,3.34,144.495
-320.05850000000015,5.919500000000009,140.712
-339.84200000000004,7.124000000000003,137.324
-351.8059999999999,5.310499999999898,135.82000000000005
-342.91799999999995,-4.551000000000051,139.34
-339.03,-13.0375,148.3475
-341.14200000000005,-19.87400000000014,163.94000000000034
-348.3360000000002,-26.5880000000001,177.9120000000002
-358.4340000000001,-33.23200000000006,190.95800000000014
-359.9415,-30.18749999999997,202.77100000000007
-359.54,-24.99,214.31
-352.42850000000004,-10.970500000000072,218.402
-342.9389999999997,3.268000000000235,221.725
-322.7484999999998,18.492000000000157,221.5875
-302.9379999999999,30.168000000000028,220.16
-283.79249999999996,35.635,216.47500000000002
-264.8449999999996,36.05299999999992,208.43399999999977
-246.0625000000002,32.263500000000036,196.76300000000015
-247.5480000000001,37.18200000000009,195.43200000000004
-256.634,45.36600000000004,197.97850000000003
-277.37,66.475,200.59
-297.6765,87.38899999999997,203.39649999999997
-302.03799999999995,93.42799999999994,208.08799999999997
-303.7459999999999,97.02349999999997,209.69849999999994
-298.378,94.10299999999998,203.09299999999996
-281.685,91.78,199.97750000000002
-251.40200000000016,90.174,201.04999999999998
-225.68649999999963,83.76249999999986,192.37149999999977
-202.58099999999976,74.6049999999999,178.12099999999987
-179.6104999999999,68.66049999999997,157.0079999999999
-156.67,63.43,134.37
-142.38650000000007,62.9625,126.15300000000005
-130.748,62.24399999999997,119.30799999999999
-131.012,60.39600000000003,118.63700000000001
-136.6080000000001,55.70799999999995,117.82
-151.535,46.05,116.7475
-154.64199999999985,32.22199999999964,111.24699999999982
-147.89900000000006,14.919000000000178,102.0565000000001
-124.7919999999997,-2.6080000000001853,83.72199999999977
-95.54849999999985,-20.21900000000009,61.95849999999989
-83.00999999999999,-42.335,48.06
-73.30099999999999,-63.57899999999996,35.30150000000005
-75.18200000000003,-71.59800000000013,26.077999999999857
-77.63750000000005,-75.74699999999994,15.838999999999865
-81.62500000000001,-69.57599999999996,2.891999999999933
-90.8125,-60.019999999999996,-5.22
-106.23999999999991,-46.40200000000007,-7.529999999999987
-127.06800000000037,-34.152499999999826,-4.3169999999999
-150.98200000000026,-22.68499999999988,2.052000000000066
-165.9770000000001,-7.590499999999919,7.080000000000024
-178.99,8.31,11.81
-188.10900000000018,17.59950000000019,25.054000000000276
-195.546,23.08400000000012,35.76800000000001
-195.41400000000002,11.44599999999988,35.096999999999994
-190.73199999999994,0.2839999999999474,37.268000000000036
-178.0875,-10.045,44.412499999999994
-163.8530000000001,-21.837999999999933,52.08799999999996
-148.29350000000017,-34.850999999999864,60.20599999999992
-134.51399999999987,-46.35200000000011,68.08000000000008
-121.40199999999993,-57.28600000000006,75.86250000000004
-109.875,-59.894999999999996,89.86
-99.02450000000003,-60.516000000000055,103.45499999999998
-93.35399999999991,-49.58199999999983,106.81000000000006
-84.2004999999998,-37.486999999999846,108.33499999999997
-65.7589999999999,-22.29599999999992,104.97999999999999
-55.6225,-9.285,103.09
-55.452,1.1100000000002148,102.958
-59.551500000000104,3.867999999999975,100.07149999999993
-66.0909999999999,2.262000000000025,95.61100000000006
-69.36350000000002,-4.123000000000038,85.25099999999993
-71.91,-11.57,73.58
-76.5410000000001,-21.73400000000021,57.580499999999674
-78.59799999999984,-31.257000000000104,41.72799999999977
-69.07200000000014,-37.8954999999999,26.537000000000237
-55.827999999999896,-45.80200000000005,13.089999999999948
-36.0775,-55.9275,2.6950000000000007
-26.349999999999973,-63.65900000000012,-6.512000000000169
-24.975000000000016,-69.39549999999994,-14.728999999999914
-23.599999999999987,-71.084,-26.554000000000137
-22.224999999999994,-71.2545,-39.73200000000007
-14.875,-70.535,-54.47
-7.296000000000021,-70.02249999999998,-68.86349999999996
-3.4019999999999393,-72.47000000000004,-78.25200000000015
-0.9000000000000123,-74.4705,-85.60200000000002
-2.109999999999975,-75.27899999999998,-87.51599999999996
-2.2975,-76.5875,-88.1925
-1.2579999999999785,-78.49600000000004,-87.38399999999999
0.31700000000002904,-77.56949999999996,-80.21949999999984
2.197999999999971,-75.02300000000004,-69.42300000000016
4.515500000000012,-68.82699999999997,-57.14149999999993
6.930000000000225,-61.81999999999995,-44.52999999999972
15.680499999999954,-59.774000000000015,-33.56300000000006
25.546999999999844,-56.75800000000008,-23.95000000000004
40.435500000000154,-49.376999999999924,-20.429999999999964
54.31400000000038,-44.509999999999984,-16.66599999999987
66.42500000000001,-44.0425,-12.475000000000001
68.36300000000004,-39.45600000000004,-5.905000000000044
61.823499999999896,-31.436999999999877,2.6475000000001327
60.064,-25.689999999999948,4.075999999999987
60.097,-20.794999999999977,2.832999999999994
56.135000000000005,-20.380000000000003,3.055
51.486999999999846,-20.089999999999925,3.393500000000001
43.974000000000075,-16.570000000000036,3.4319999999999995
39.498500000000035,-12.719999999999951,4.6855000000000455
43.12300000000002,-7.989999999999975,9.179000000000023
45.74000000000004,-3.7174999999999034,12.895000000000072
47.14799999999999,0.0059999999999806874,15.677999999999987
53.99849999999989,7.099999999999907,16.966499999999996
63.9590000000001,16.120000000000093,17.401000000000003
75.45400000000036,22.17450000000017,11.989999999999792
87.29,27.57,5.28
86.08550000000001,30.726999999999986,0.3520000000000256
84.0329999999999,31.943999999999885,-5.381000000000144
78.16449999999979,24.430999999999727,-14.736500000000339
69.73399999999994,18.027999999999977,-22.214000000000024
56.82000000000001,13.567499999999999,-26.405
56.053000000000196,13.898000000000089,-33.653000000000205
65.4084999999999,18.220999999999954,-43.448499999999896
70.47200000000004,19.524,-51.04400000000007
73.92600000000002,19.6945,-57.81450000000004
68.08499999999982,20.80500000000003,-61.69500000000009
61.79249999999997,21.317999999999866,-65.74350000000017
60.27999999999994,14.915999999999734,-74.36200000000035
58.71349999999998,10.635000000000014,-82.07450000000006
57.00299999999995,12.010000000000042,-87.37100000000017
58.1275,12.469999999999999,-94.95500000000001
62.65400000000009,11.831999999999987,-105.28400000000022
77.96050000000088,3.7039999999994873,-120.03350000000071
99.42700000000022,-8.704000000000129,-137.30900000000017
111.69999999999979,-19.932999999999772,-135.20750000000012
121.93,-30.9,-128.8
104.08799999999962,-24.024999999999856,-117.73399999999978
90.43499999999995,-18.75399999999998,-107.29000000000008
95.63250000000005,-20.701000000000022,-99.64499999999992
105.67200000000057,-17.353999999999612,-99.79200000000043
124.185,-4.7425,-113.575
142.8990000000004,1.3920000000000152,-125.0330000000002
161.78049999999982,2.1289999999999925,-134.5534999999999
146.0259999999997,-2.058000000000063,-118.12599999999973
117.2830000000006,-8.091499999999876,-91.96800000000054
87.02,-5.745000000000001,-60.84
61.46750000000048,-3.228000000000086,-31.00199999999976
84.54000000000094,-7.3860000000001715,-19.03399999999951
117.80200000000062,-12.121500000000065,-8.390499999999927
178.23599999999874,-18.39699999999987,-1.279000000000147
225.91,-21.1025,9.017500000000002
258.2720000000007,-19.523999999999965,23.13600000000029
284.0399999999998,-20.678999999999974,34.03449999999991
306.04000000000025,-23.39600000000003,43.093000000000096
307.6504999999999,-18.37299999999979,46.85050000000008
304.73,-11.63,49.43
296.51299999999986,-6.734999999999898,54.3965000000001
288.98500000000007,0.8429999999997975,58.64899999999999
284.55749999999995,20.494500000000205,59.68850000000001
287.70399999999967,36.17199999999982,55.66600000000027
304.105,44.894999999999996,42.785
306.6939999999998,51.29300000000009,31.184999999999782
297.7729999999996,55.75350000000018,20.652499999999566
287.24399999999986,55.725999999999985,7.2679999999998515
276.1119999999997,54.015499999999946,-7.186000000000448
282.935,39.769999999999996,-22.25
290.6295,24.994500000000233,-37.261999999999574
289.084,17.45400000000008,-51.143999999999856
284.0824999999998,11.237999999999973,-63.974500000000106
269.86499999999955,8.553999999999917,-74.00100000000032
255.60000000000002,4.254999999999999,-83.4175
241.2779999999997,-1.982000000000129,-92.10200000000019
235.174,-14.046499999999842,-99.35849999999994
233.76599999999996,-29.441000000000162,-105.79900000000006
247.39699999999965,-34.24249999999995,-109.35949999999994
264.37,-36.69,-112.28
281.60700000000037,-27.537999999999812,-111.33949999999997
295.106,-17.27500000000016,-108.93600000000009
291.784,-2.012499999999842,-99.94899999999991
281.4379999999993,8.566000000000074,-91.64399999999978
258.8,10.9475,-84.5325
248.92999999999998,10.308000000000098,-74.93400000000037
249.7,7.151000000000033,-63.26300000000012
256.2780000000001,6.706000000000006,-50.34799999999986
265.0340000000003,7.278000000000018,-36.966499999999584
273.695,10.655000000000001,-18.740000000000002
282.8315000000003,14.309000000000076,0.10550000000041848
296.8180000000006,17.92800000000015,20.296000000000834
314.4810000000003,22.838500000000085,38.127000000000116
341.9479999999994,31.192999999999827,49.66599999999976
367.7825,45.0325,59.465
391.65800000000047,65.45400000000042,67.17600000000016
417.5004999999997,80.71299999999987,72.39149999999997
444.46700000000027,93.02200000000013,76.18100000000004
462.1275000000005,107.93650000000048,80.38450000000014
477.72,123.43,84.68
479.5955000000001,135.03500000000025,95.17400000000022
476.71000000000026,140.95000000000022,105.13199999999992
452.39999999999975,121.25999999999979,112.67800000000008
433.01399999999967,106.26799999999979,122.59000000000044
422.245,99.4975,136.6425
414.3889999999999,95.83499999999998,145.2050000000001
408.9604999999998,94.76249999999996,149.19250000000017
410.77200000000005,93.68599999999999,143.9399999999999
415.2984999999999,92.60800000000003,135.2225000000002
429.125,92.575,118.09
442.7870000000001,92.55149999999998,99.9844999999996
445.504,91.57800000000002,80.56400000000019
449.1165000000001,87.9524999999999,64.42849999999993
455.1170000000002,77.25499999999967,57.05299999999977
446.1799999999986,72.36500000000011,57.3750000000005
419.3179999999995,74.44400000000005,66.9340000000002
401.82550000000015,61.22100000000023,85.11349999999976
389.6869999999999,39.25399999999977,108.21900000000024
392.6639999999999,32.074000000000076,123.44949999999973
399.0,28.18,136.93
420.59850000000046,46.35750000000037,132.1999999999999
442.904000000001,70.078000000002,125.32399999999933
468.39100000000025,118.7420000000005,108.79099999999983
488.45199999999977,166.95399999999904,91.77000000000037
499.0175,214.375,73.895
494.43599999999964,245.71600000000038,66.61300000000003
477.2320000000002,263.6569999999998,68.15849999999998
452.7599999999997,252.84199999999979,70.62800000000003
425.56249999999915,231.24349999999933,73.44400000000009
398.85,202.88,76.045
372.64349999999956,175.58649999999977,79.93000000000035
351.0120000000002,165.7580000000001,96.86999999999982
327.7709999999997,159.67050000000006,116.45150000000027
300.23800000000057,163.55899999999994,143.07699999999946
288.69500000000005,168.0125,165.76999999999998
296.34000000000015,173.1440000000001,183.74400000000037
325.60450000000174,177.14500000000012,185.20149999999967
367.22300000000047,180.50000000000006,177.22099999999992
416.9100000000016,188.24700000000027,164.49299999999957
468.39,196.97,150.71
505.0474999999988,195.05600000000007,155.40699999999987
534.954,186.55100000000039,161.87799999999984
534.481,148.38649999999961,176.33200000000016
521.5459999999989,117.1479999999994,196.84600000000097
486.8025,98.03,227.965
445.656999999999,97.1520000000003,254.8780000000005
399.1764999999981,111.47400000000059,278.28600000000097
364.9879999999997,140.69600000000037,278.2819999999999
335.4090000000006,175.50549999999927,269.49850000000015
332.32500000000005,214.95,245.70999999999998
334.85650000000066,253.20250000000044,221.11949999999965
367.0480000000013,274.9000000000009,203.51399999999927
399.1765000000003,277.69299999999953,189.31949999999995
431.13700000000097,230.07399999999853,184.22099999999983
442.7325,201.01999999999998,186.425
429.89000000000044,194.2440000000002,197.39199999999965
414.07950000000017,177.63300000000024,193.99500000000012
396.5729999999998,155.4019999999998,182.38999999999987
357.7724999999987,145.7889999999998,161.5149999999993
314.24,138.98,138.58
289.72649999999953,102.35549999999924,131.60049999999987
264.8709999999989,67.62799999999892,127.13400000000028
238.47649999999973,41.43699999999973,133.97600000000008
217.43599999999964,20.0619999999996,139.70800000000014
205.7650000000006,7.115000000000668,143.4974999999998
191.9190000000005,5.219999999999773,141.12500000000023
176.26050000000018,12.534999999999924,133.61750000000006
162.47799999999987,23.47800000000013,123.71399999999988
149.3989999999996,35.78150000000038,112.91199999999967
154.43,46.230000000000004,101.475
161.67100000000025,55.80100000000006,89.41299999999963
172.90200000000047,58.45200000000011,71.73599999999927
178.77500000000035,59.28200000000017,56.027000000000434
170.36000000000018,55.256000000000085,45.566000000000216
157.35500000000002,50.1175,36.917500000000004
138.84199999999964,43.64399999999986,30.443999999999868
107.2914999999984,36.638499999999695,26.87199999999992
68.2909999999996,29.328999999999926,24.95799999999998
7.690499999997975,68.17150000000152,25.352500000000028
-57.71,117.27,26.26
-105.32899999999853,123.20449999999981,23.27350000000009
-144.45499999999998,120.56600000000043,24.988999999999763
-145.3625,79.34899999999956,47.863500000000236
-143.4999999999998,49.741999999999706,54.94399999999936
-136.78999999999965,40.45249999999952,34.38499999999894
-128.3279999999998,34.63999999999994,10.972999999999466
-118.4059999999996,31.724999999999877,-14.816500000001067
-88.99200000000152,32.31799999999992,-28.72599999999961
-52.268500000000756,34.22649999999996,-38.1804999999998
-18.224999999999998,-12.490000000000002,-43.555
16.720500000000968,-63.23650000000087,-48.173500000000026
63.36600000000193,-105.65800000000175,-49.31200000000005
107.06850000000222,-145.48300000000205,-52.537000000000546
142.9230000000011,-178.38400000000104,-61.32600000000028
172.815,-207.23000000000002,-73.75750000000001
195.55199999999928,-231.20999999999927,-90.55999999999948
228.6384999999996,-249.46749999999986,-100.61799999999994
267.6390000000004,-264.45500000000015,-106.82200000000007
